#Creator: wheelEventBuffer
#Creation time: Mon May 20 09:05:02 2019
#Time	Angular velocity
#[s]	[rad/s]
0.413050	0.723926
0.801568	1.006173
1.089966	1.223266
1.331392	1.411799
1.543110	1.579102
1.733724	1.733350
1.908206	1.881419
2.069512	2.024692
2.219912	2.164198
2.360974	2.298468
2.494198	2.426390
2.620728	2.547843
2.741568	2.659572
2.857628	2.760335
2.969716	2.849982
3.078438	2.933546
3.184168	3.011842
3.287230	3.087318
3.387856	3.159285
3.486238	3.229035
3.582536	3.297291
3.676884	3.363878
3.769364	3.431709
3.860036	3.498822
3.948964	3.567964
4.036158	3.638377
4.121664	3.711448
4.205476	3.785325
4.287664	3.862202
4.368196	3.939696
4.447210	4.014302
4.524774	4.089125
4.600970	4.159838
4.675918	4.225297
4.749750	4.286055
4.822578	4.343896
4.894462	4.397895
4.965488	4.449722
5.035708	4.499044
5.105174	4.546839
5.173916	4.593778
5.241974	4.638954
5.309352	4.686706
5.376044	4.734452
5.442048	4.785074
5.507340	4.837685
5.571908	4.894056
5.635720	4.951289
5.698806	5.010834
5.761128	5.070029
5.822748	5.126955
5.883686	5.186029
5.943948	5.242104
6.003590	5.294224
6.062672	5.341210
6.121254	5.385895
6.179366	5.427206
6.237042	5.467443
6.294304	5.505771
6.351168	5.543661
6.407650	5.580887
6.463762	5.617008
6.519504	5.655229
6.574868	5.693354
6.629846	5.734926
6.684412	5.779236
6.738552	5.826828
6.792238	5.874991
6.845496	5.925297
6.898282	5.975791
6.950642	6.024609
7.002578	6.075171
7.054096	6.122769
7.105222	6.167241
7.155994	6.208190
7.206436	6.249687
7.256558	6.286706
7.306390	6.322893
7.355948	6.356154
7.405252	6.387688
7.454308	6.420848
7.503130	6.448790
7.551724	6.481520
7.600070	6.514043
7.648162	6.550717
7.695970	6.590293
7.743488	6.633711
7.790694	6.674583
7.837610	6.720272
7.884196	6.764842
7.930496	6.806466
7.976504	6.851295
8.022218	6.894901
8.067652	6.935083
8.112836	6.970474
8.157790	7.007791
8.202518	7.040457
8.247036	7.073429
8.291362	7.102855
8.335510	7.129613
8.379486	7.157552
8.423306	7.181440
8.466966	7.210118
8.510450	7.238693
8.553754	7.269849
8.596852	7.307729
8.639736	7.345318
8.682392	7.382602
8.724832	7.424476
8.767022	7.465762
8.809002	7.501773
8.850768	7.543564
8.892314	7.581795
8.933656	7.616351
8.974820	7.647127
9.015826	7.677401
9.056664	7.707538
9.097350	7.736770
9.137892	7.762002
9.178306	7.784698
9.218606	7.807527
9.258796	7.825419
9.298858	7.856339
9.338772	7.886316
9.378548	7.911737
9.418174	7.941336
9.457640	7.979256
9.496918	8.016312
9.536026	8.053301
9.574938	8.089799
9.613688	8.125369
9.652264	8.164646
9.690664	8.199167
9.728902	8.233117
9.766986	8.263870
9.804934	8.295291
9.842744	8.322982
9.880428	8.350858
9.917996	8.374454
9.955460	8.397286
9.992826	8.417987
10.030104	8.436977
10.067290	8.459696
10.104376	8.482080
10.141356	8.508728
10.178210	8.537865
10.214932	8.572812
10.251502	8.606160
10.287940	8.641194
10.324216	8.676036
10.360360	8.707779
10.396366	8.744621
10.432226	8.778341
10.467948	8.809850
10.503550	8.838602
10.539036	8.869044
10.574410	8.894153
10.609682	8.918898
10.644862	8.942254
10.679956	8.961640
10.714972	8.982138
10.749920	8.997058
10.784798	9.017718
10.819594	9.038474
10.854304	9.063507
10.888908	9.091835
10.923406	9.122460
10.957780	9.153825
10.992040	9.188630
11.026164	9.222077
11.060176	9.251407
11.094074	9.284764
11.127858	9.316704
11.161520	9.347196
11.195086	9.371734
11.228562	9.399212
11.261942	9.423459
11.295240	9.446694
11.328460	9.468332
11.361606	9.487777
11.394690	9.504425
11.427718	9.518824
11.460690	9.537318
11.493596	9.556466
11.526430	9.579779
11.559174	9.606729
11.591826	9.637379
11.624368	9.667629
11.656816	9.699866
11.689146	9.731113
11.721386	9.758924
11.753524	9.791774
11.785562	9.823002
11.817498	9.850106
11.849352	9.874875
11.881124	9.901641
11.912814	9.926670
11.944424	9.949936
11.975972	9.968247
12.007460	9.985991
12.038894	10.001250
12.070288	10.014002
12.101630	10.033191
12.132914	10.049881
12.164140	10.071790
12.195290	10.097039
12.226362	10.125677
12.257338	10.155135
12.288234	10.185426
12.319024	10.217226
12.349732	10.243878
12.380358	10.274029
12.410894	10.304358
12.441342	10.330788
12.471718	10.353258
12.502024	10.379940
12.532256	10.404003
12.562424	10.424717
12.592534	10.442736
12.622594	10.460121
12.652608	10.473372
12.682586	10.485957
12.712526	10.501379
12.742416	10.517552
12.772256	10.538721
12.802030	10.562105
12.831734	10.592018
12.861354	10.617793
12.890904	10.648745
12.920358	10.679151
12.949744	10.703164
12.979056	10.733882
13.008290	10.761090
13.037448	10.787695
13.066540	10.808480
13.095574	10.833825
13.124542	10.856288
13.153452	10.877338
13.182314	10.893934
13.211132	10.909823
13.239910	10.922720
13.268660	10.932602
13.297374	10.948605
13.326048	10.963123
13.354676	10.984590
13.383246	11.006140
13.411758	11.032423
13.440210	11.050273
13.468636	11.061167
13.497036	11.059609
13.525472	11.040177
13.553964	11.016947
13.582520	10.987663
13.611146	10.959299
13.639850	10.929560
13.668634	10.902251
13.697496	10.867554
13.726458	10.828597
13.755526	10.787695
13.784706	10.744161
13.813998	10.704623
13.843408	10.661031
13.872930	10.622820
13.902562	10.580603
13.932310	10.541550
13.962156	10.506999
13.992100	10.477564
14.022120	10.448988
14.052228	10.424717
14.082398	10.396428
14.112666	10.363504
14.143024	10.334186
14.173472	10.305034
14.204004	10.272685
14.234638	10.236535
14.265386	10.201301
14.296238	10.163020
14.327214	10.123067
14.358312	10.081486
14.389540	10.038320
14.420906	9.994250
14.452414	9.947415
14.484066	9.904763
14.515854	9.859998
14.547780	9.820546
14.579824	9.784455
14.611984	9.754681
14.644240	9.722079
14.676610	9.692086
14.709070	9.660494
14.741650	9.625567
14.774340	9.596165
14.807136	9.564613
14.840040	9.529796
14.873076	9.490070
14.906248	9.452379
14.939558	9.411038
14.973014	9.370057
15.006624	9.325000
15.040400	9.278183
15.074344	9.231290
15.108472	9.181111
15.142776	9.135192
15.177254	9.087627
15.211902	9.046282
15.246704	9.006343
15.281654	8.972390
15.316734	8.936149
15.351964	8.902722
15.387310	8.869544
15.422808	8.831148
15.458450	8.798008
15.494236	8.762671
15.530166	8.724223
15.566262	8.682270
15.602540	8.639769
15.638996	8.594858
15.675648	8.549017
15.712500	8.501360
15.749560	8.452867
15.786842	8.401328
15.824356	8.347308
15.862106	8.297920
15.900074	8.249114
15.938266	8.203449
15.976658	8.160405
16.015250	8.121588
16.054022	8.081891
16.092990	8.045464
16.132122	8.007322
16.171458	7.966711
16.210986	7.929710
16.250708	7.890673
16.290626	7.849272
16.330774	7.801323
16.371168	7.755104
16.411810	7.705270
16.452714	7.655326
16.493898	7.603080
16.535368	7.548276
16.577142	7.492827
16.619234	7.435370
16.661642	7.380868
16.704364	7.326134
16.747396	7.274900
16.790720	7.226704
16.834330	7.182097
16.878202	7.137388
16.922358	7.094834
16.966764	7.052152
17.011458	7.006541
17.056440	6.963367
17.101706	6.919198
17.147270	6.870774
17.193174	6.817396
17.239444	6.763968
17.286090	6.706786
17.333138	6.648873
17.380610	6.588082
17.428520	6.526764
17.476892	6.463384
17.525744	6.398616
17.575088	6.336411
17.624908	6.274401
17.675220	6.215068
17.725994	6.158295
17.777234	6.105159
17.828912	6.051766
17.881056	6.000674
17.933622	5.949761
17.986668	5.895940
18.040194	5.844389
18.094208	5.790314
18.148742	5.732206
18.203858	5.668698
18.259612	5.603383
18.316036	5.533506
18.373180	5.463069
18.431084	5.389776
18.489790	5.314105
18.549346	5.237384
18.609794	5.158270
18.671162	5.081674
18.733460	5.004608
18.796714	4.929844
18.860918	4.856231
18.926086	4.786532
18.992198	4.716681
19.059304	4.649115
19.127366	4.581718
19.196472	4.511579
19.266664	4.442172
19.337998	4.369149
19.410576	4.290387
19.484566	4.204262
19.560148	4.113217
19.637468	4.016047
19.716712	3.916124
19.798046	3.812705
19.881658	3.705757
19.967748	3.596310
20.056552	3.483382
20.148300	3.369506
20.243240	3.252772
20.341668	3.135635
20.443856	3.017281
20.550146	2.899379
20.660864	2.780023
20.776504	2.660067
20.897514	2.537799
21.024722	2.409603
21.159214	2.273485
21.302600	2.123243
21.457462	1.953387
21.628064	1.757377
21.822080	1.525178
22.056548	1.233187
22.400612	0.809197
23.051508	0.328386
23.705972	0.710864
24.097508	1.085539
24.363894	1.342446
24.584436	1.545481
24.778636	1.714282
24.955362	1.857699
25.119512	1.982277
25.274032	2.093223
25.420716	2.196580
25.560696	2.295815
25.694776	2.395164
25.823290	2.496894
25.946672	2.599752
26.065206	2.704632
26.179232	2.809760
26.289070	2.914820
26.395066	3.017281
26.497548	3.117835
26.596832	3.214300
26.693222	3.307636
26.786978	3.397345
26.878312	3.484464
26.967436	3.568775
27.054584	3.645216
27.139960	3.716542
27.223788	3.780952
27.306272	3.839264
27.387550	3.893410
27.467684	3.948212
27.546710	4.001417
27.624714	4.055447
27.701622	4.113324
27.777458	4.172545
27.852178	4.236236
27.925774	4.301902
27.998240	4.369392
28.069594	4.437278
28.139860	4.506143
28.209068	4.573448
28.277278	4.639502
28.344542	4.703124
28.410914	4.764320
28.476450	4.824609
28.541222	4.878704
28.605284	4.930309
28.668710	4.976702
28.731582	5.018679
28.793948	5.057948
28.855812	5.098829
28.917184	5.137183
28.978114	5.176629
29.038540	5.219806
29.098474	5.264416
29.157868	5.313027
29.216720	5.363826
29.274994	5.418034
29.332698	5.471633
29.389824	5.527664
29.446384	5.581680
29.502404	5.635144
29.557902	5.686964
29.612906	5.737021
29.667440	5.785622
29.721544	5.829423
29.775242	5.872136
29.828568	5.910805
29.881572	5.945032
29.934280	5.977382
29.986688	6.011697
30.038796	6.044314
30.090642	6.076582
30.142180	6.112524
30.193426	6.149134
30.244342	6.189842
30.294916	6.233814
30.345122	6.280673
30.394960	6.326968
30.444424	6.376538
30.493508	6.424262
30.542232	6.471373
30.590614	6.516475
30.638666	6.559744
30.686410	6.601371
30.733870	6.639318
30.781056	6.676569
30.827994	6.709364
30.874724	6.738723
30.921252	6.766591
30.967576	6.796748
31.013696	6.824802
31.059640	6.852789
31.105374	6.883721
31.150910	6.915847
31.196210	6.951964
31.241276	6.990638
31.286078	7.032577
31.330620	7.074703
31.374884	7.120241
31.418874	7.163427
31.462600	7.205818
31.506076	7.247376
31.549310	7.286035
31.592318	7.323743
31.635118	7.358394
31.677716	7.391635
31.720132	7.421669
31.762392	7.448062
31.804510	7.471444
31.846480	7.499624
31.888288	7.525133
31.929980	7.549002
31.971514	7.576310
32.012904	7.604552
32.054122	7.637460
32.095160	7.673276
32.135998	7.712079
32.176632	7.750512
32.217058	7.793195
32.257266	7.832833
32.297274	7.872482
32.337084	7.910940
32.376708	7.946559
32.416158	7.981283
32.455450	8.011814
32.494586	8.042168
32.533584	8.069021
32.572470	8.091466
32.611246	8.113617
32.649906	8.138841
32.688444	8.161677
32.726890	8.183788
32.765216	8.208593
32.803432	8.233548
32.841512	8.263870
32.879454	8.296167
32.917238	8.332695
32.954858	8.369100
32.992310	8.408074
33.029588	8.446504
33.066700	8.483912
33.103656	8.519342
33.140462	8.551809
33.177132	8.583117
33.213680	8.610406
33.250104	8.639293
33.286418	8.663117
33.322640	8.684670
33.358778	8.703437
33.394824	8.728101
33.430766	8.749005
33.466644	8.768051
33.502420	8.791114
33.538112	8.814300
33.573694	8.841089
33.609168	8.872049
33.644506	8.906256
33.679714	8.940727
33.714778	8.978544
33.749698	9.014613
33.784482	9.048887
33.819138	9.082373
33.853672	9.112405
33.888096	9.139976
33.922426	9.164506
33.956660	9.189168
33.990808	9.209641
34.024900	9.224243
34.058958	9.228578
34.093012	9.225868
34.127104	9.203705
34.161318	9.167180
34.195664	9.126170
34.230174	9.080797
34.264840	9.042116
34.299654	9.006343
34.334600	8.972903
34.369678	8.939201
34.404878	8.910803
34.440200	8.878568
34.475652	8.843578
34.511252	8.807381
34.546998	8.769519
34.582902	8.731497
34.618976	8.688513
34.655222	8.645475
34.691660	8.598152
34.728308	8.548551
34.765168	8.498600
34.802236	8.452867
34.839508	8.401778
34.877022	8.350414
34.914750	8.300990
34.952706	8.253882
34.990862	8.211597
35.029226	8.167618
35.067784	8.126630
35.106532	8.088133
35.145454	8.055366
35.184540	8.020405
35.223802	7.982906
35.263258	7.942541
35.302914	7.901787
35.342780	7.859877
35.382880	7.811409
35.423218	7.764304
35.463814	7.713594
35.504688	7.660179
35.545852	7.605289
35.587306	7.552632
35.629050	7.496761
35.671120	7.440653
35.713488	7.388158
35.756164	7.335028
35.799134	7.286373
35.842390	7.239360
35.885918	7.194926
35.929710	7.152663
35.973758	7.112825
36.018058	7.070563
36.062624	7.028171
36.107466	6.984111
36.152604	6.937227
36.198054	6.887947
36.243850	6.834006
36.289994	6.782368
36.336516	6.724299
36.383452	6.664388
36.430826	6.600817
36.478640	6.540624
36.526898	6.477244
36.575652	6.413508
36.624860	6.353069
36.674550	6.293002
36.724692	6.236784
36.775292	6.181317
36.826340	6.127546
36.877834	6.073762
36.929776	6.023685
36.982166	5.970340
37.035020	5.917485
37.088356	5.863806
37.142202	5.806581
37.196586	5.747517
37.251564	5.683877
37.307158	5.618816
37.363420	5.549537
37.420420	5.476593
37.478202	5.399781
37.536802	5.324011
37.596234	5.246481
37.656584	5.168453
37.717812	5.092217
37.779958	5.019481
37.842994	4.948013
37.906946	4.877946
37.971810	4.809542
38.037602	4.741168
38.104342	4.674850
38.172062	4.604685
38.240816	4.534762
38.310658	4.463504
38.381648	4.388925
38.453888	4.311347
38.527500	4.227685
38.602600	4.141085
38.679356	4.048131
38.757974	3.948510
38.838660	3.843303
38.921594	3.736522
39.006960	3.626030
39.095018	3.514164
39.185864	3.404340
39.279708	3.294732
39.376686	3.187105
39.477048	3.078423
39.581066	2.966509
39.689088	2.854177
39.801500	2.741403
39.918884	2.619041
40.042018	2.490837
40.171778	2.359580
40.309310	2.220050
40.456320	2.068252
40.615554	1.897922
40.791512	1.701819
40.992678	1.467088
41.239118	1.169147
41.657690	0.665189
42.182002	0.472996
42.704926	0.580615
43.184316	1.019475
43.466962	1.279046
43.697802	1.482597
43.899942	1.650811
44.083184	1.795298
44.252696	1.923275
44.411600	2.040181
44.561830	2.148950
44.704630	2.256405
44.840956	2.359191
44.971644	2.453449
45.097310	2.549332
45.218322	2.646622
45.335034	2.741163
45.447762	2.835117
45.556794	2.930864
45.662288	3.027107
45.764494	3.124843
45.863528	3.221485
45.959700	3.315105
46.053224	3.407293
46.144326	3.493997
46.233258	3.573809
46.320296	3.647670
46.405638	3.717597
46.489436	3.782499
46.571838	3.844243
46.652958	3.902987
46.732868	3.960257
46.811628	4.018307
46.889288	4.073536
46.965876	4.130848
47.041396	4.189349
47.115866	4.248955
47.189284	4.309100
47.261676	4.371459
47.333022	4.434647
47.403358	4.500462
47.472646	4.567065
47.540964	4.630885
47.608344	4.696374
47.674826	4.757250
47.740474	4.814554
47.805382	4.866913
47.869610	4.917498
47.933194	4.964904
47.996188	5.010674
48.058624	5.053392
48.120526	5.096513
48.181910	5.139872
48.242792	5.180898
48.303172	5.225363
48.363044	5.269184
48.422402	5.316083
48.481234	5.363459
48.539538	5.413552
48.597288	5.465160
48.654504	5.519119
48.711140	5.572571
48.767260	5.624248
48.822858	5.678535
48.877944	5.729697
48.932548	5.777748
48.986718	5.821430
49.040492	5.864682
49.093884	5.904140
49.146924	5.942783
49.199634	5.978065
49.252038	6.012157
49.304146	6.045943
49.355974	6.077522
49.407520	6.112286
49.458770	6.146728
49.509722	6.185212
49.560342	6.225907
49.610626	6.270394
49.660546	6.314251
49.710120	6.362590
49.759308	6.409059
49.808160	6.453294
49.856670	6.500295
49.904842	6.544985
49.952694	6.585872
50.000258	6.623920
50.047556	6.661562
50.094594	6.697064
50.141388	6.730927
50.187958	6.761639
50.234320	6.790871
50.280484	6.819764
50.326464	6.845622
50.372256	6.875586
50.417844	6.906117
50.463222	6.940292
50.508366	6.976356
50.553270	7.017183
50.597908	7.056587
50.642310	7.097720
50.686424	7.140632
50.730302	7.181440
50.773920	7.223713
50.817294	7.264806
50.860428	7.301954
50.903348	7.337084
50.946072	7.371170
50.988602	7.402433
51.030952	7.433963
51.073136	7.462215
51.115162	7.488541
51.157046	7.512896
51.198800	7.535602
51.240418	7.561721
51.281890	7.588021
51.323210	7.617829
51.364364	7.648989
51.405366	7.678527
51.446242	7.693948
51.487084	7.697341
51.527938	7.683034
51.568916	7.653088
51.610076	7.615613
51.651436	7.576310
51.693018	7.534879
51.734854	7.485686
51.776972	7.433259
51.819378	7.382602
51.862074	7.334343
51.905068	7.281644
51.948392	7.222716
51.992070	7.162121
52.036112	7.104140
52.080508	7.049304
52.125258	6.991883
52.170368	6.936614
52.215820	6.885532
52.261598	6.840554
52.307678	6.793220
52.354092	6.747407
52.400800	6.701921
52.447840	6.655071
52.495210	6.611096
52.542912	6.562759
52.590976	6.510533
52.639440	6.454355
52.688332	6.398356
52.737664	6.339224
52.787458	6.279920
52.837744	6.216544
52.888546	6.152265
52.939894	6.085292
52.991812	6.017224
53.044310	5.952241
53.097384	5.886439
53.151040	5.823804
53.205264	5.763333
53.260048	5.706591
53.315372	5.649127
53.371266	5.594602
53.427684	5.540728
53.484682	5.483284
53.542274	5.428519
53.600468	5.370427
53.659314	5.308538
53.718884	5.240005
53.779248	5.171176
53.840436	5.098995
53.902514	5.024137
53.965544	4.946299
54.029590	4.866160
54.094702	4.784637
54.160952	4.701435
54.228374	4.619310
54.297008	4.536465
54.366894	4.455654
54.438040	4.376087
54.510478	4.299429
54.584204	4.222798
54.659280	4.148851
54.735684	4.074699
54.813526	3.998565
54.892882	3.922186
54.973850	3.841423
55.056610	3.754024
55.141410	3.658801
55.228514	3.559556
55.318168	3.453286
55.410714	3.341125
55.506508	3.223403
55.605954	3.100786
55.709500	2.973473
55.817696	2.840859
55.931144	2.705424
