#Creator: pendulumviewEventBuffer
#Creation time: Thu Mar  7 10:31:07 2019
#Time A	Pos A	Time B	Pos B
#[s]	[au]	[s]	[au]
0.025	468	0.050	588
0.076	468	0.101	592
0.127	469	0.151	593
0.177	469	0.203	596
0.228	470	0.253	597
0.278	471	0.304	598
0.329	472	0.354	598
0.380	472	0.405	597
0.431	472	0.455	596
0.481	473	0.507	594
0.532	472	0.557	592
0.582	473	0.608	589
0.634	473	0.658	585
0.684	472	0.709	581
0.735	472	0.760	579
0.785	471	0.811	576
0.836	470	0.861	573
0.887	469	0.912	571
0.938	469	0.962	570
0.988	468	1.014	570
1.039	467	1.064	570
1.089	467	1.115	570
1.140	467	1.165	572
1.191	466	1.216	574
1.242	466	1.266	576
1.292	467	1.318	579
1.343	467	1.368	583
1.393	467	1.419	586
1.445	468	1.469	588
1.495	469	1.520	592
1.546	469	1.571	594
1.596	470	1.622	596
1.647	471	1.672	597
1.698	472	1.723	597
1.749	472	1.773	597
1.799	472	1.825	596
1.850	472	1.875	594
1.900	471	1.926	592
1.952	470	1.976	590
2.002	469	2.027	586
2.053	468	2.077	582
2.103	467	2.129	581
2.154	465	2.179	580
2.204	464	2.230	578
2.256	463	2.280	578
2.306	462	2.331	577
2.357	461	2.382	578
2.407	462	2.433	579
2.458	461	2.483	580
2.509	461	2.534	581
2.560	459	2.584	584
2.610	456	2.636	585
2.661	454	2.686	587
2.711	453	2.737	589
2.763	450	2.787	587
2.813	449	2.838	587
2.864	448	2.888	586
2.914	448	2.940	584
2.965	448	2.990	582
3.015	447	3.041	583
3.067	447	3.091	583
3.117	447	3.142	585
3.168	445	3.193	585
3.218	444	3.244	586
3.269	444	3.294	587
3.320	444	3.345	588
3.371	442	3.395	588
3.421	442	3.447	590
3.472	441	3.497	591
3.522	440	3.548	593
3.574	439	3.598	595
3.624	439	3.649	599
3.675	437	3.699	604
3.725	436	3.751	610
3.776	436	3.801	616
3.826	435	3.852	623
3.878	434	3.902	630
3.928	433	3.953	637
3.979	432	4.004	643
4.029	432	4.055	650
4.080	430	4.105	657
4.131	428	4.156	663
4.182	425	4.206	670
4.232	421	4.258	676
4.283	418	4.308	683
4.333	415	4.359	691
4.385	412	4.409	698
4.435	409	4.460	706
4.486	407	4.510	715
4.536	406	4.562	723
4.587	404	4.612	731
4.637	403	4.663	738
4.689	402	4.713	743
4.739	400	4.764	749
4.790	397	4.815	753
4.840	395	4.866	757
4.891	393	4.916	761
4.942	392	4.967	765
4.993	390	5.017	769
5.043	389	5.069	773
5.094	389	5.119	779
5.144	387	5.170	783
5.196	387	5.220	788
5.246	385	5.271	793
5.297	384	5.321	799
5.347	381	5.373	804
5.398	380	5.423	809
5.448	379	5.474	812
5.500	377	5.524	816
5.550	376	5.575	818
5.601	375	5.626	818
5.651	373	5.677	819
5.702	371	5.727	820
5.753	368	5.778	820
5.804	365	5.828	821
5.854	361	5.880	822
5.905	358	5.930	823
5.955	353	5.981	824
6.007	348	6.031	826
6.057	345	6.082	827
6.108	340	6.132	828
6.158	335	6.184	829
6.209	329	6.235	830
6.259	321	6.285	831
6.311	313	6.336	832
6.361	305	6.386	832
6.412	298	6.438	832
6.462	291	6.488	832
6.513	286	6.539	832
6.564	282	6.589	831
6.615	278	6.640	831
6.665	277	6.691	831
6.716	277	6.742	830
6.766	276	6.792	830
6.818	275	6.843	828
6.868	274	6.893	828
6.919	274	6.945	828
6.969	274	6.995	827
7.020	273	7.046	827
7.070	273	7.096	826
7.122	271	7.147	824
7.172	270	7.197	822
7.223	270	7.249	820
7.273	270	7.299	818
7.324	270	7.350	816
7.375	269	7.400	815
7.426	269	7.451	814
7.476	270	7.502	813
7.527	270	7.553	814
7.577	270	7.603	814
7.629	270	7.654	815
7.679	270	7.704	816
7.730	270	7.756	816
7.780	271	7.806	816
7.831	272	7.857	815
7.881	273	7.907	814
7.933	274	7.958	812
7.983	275	8.008	809
8.034	275	8.060	806
8.084	274	8.110	803
8.135	273	8.161	801
8.186	272	8.211	797
8.237	272	8.262	795
8.287	272	8.313	795
8.338	273	8.364	794
8.388	272	8.414	795
8.440	273	8.465	796
8.490	274	8.515	796
8.541	275	8.567	795
8.591	276	8.617	794
8.642	277	8.668	793
8.692	279	8.718	792
8.744	280	8.769	791
8.794	280	8.819	791
8.845	281	8.871	790
8.895	283	8.921	790
8.946	284	8.972	790
8.997	286	9.022	792
9.048	288	9.073	791
9.098	290	9.124	792
9.149	292	9.175	792
9.199	293	9.225	791
9.251	294	9.276	792
9.301	295	9.326	792
9.352	296	9.378	792
9.402	295	9.428	792
9.453	296	9.479	792
9.504	297	9.529	793
9.555	298	9.580	793
9.605	299	9.630	793
9.656	299	9.682	793
9.706	298	9.732	793
9.757	297	9.783	794
9.808	296	9.833	794
9.859	294	9.884	794
9.909	290	9.935	795
9.960	287	9.986	797
10.010	284	10.036	799
10.062	279	10.087	800
10.112	276	10.137	801
10.163	273	10.189	803
10.213	270	10.239	804
10.264	269	10.290	806
10.315	269	10.340	809
10.366	269	10.391	810
10.416	269	10.441	812
10.467	269	10.493	814
10.517	268	10.543	815
10.568	269	10.594	816
10.619	268	10.644	817
10.670	269	10.695	817
10.721	267	10.746	817
10.771	267	10.797	817
10.822	266	10.847	817
10.873	266	10.898	818
10.924	267	10.948	819
10.974	268	11.000	818
11.025	269	11.050	819
11.075	270	11.101	819
11.127	270	11.151	817
11.177	270	11.202	817
11.228	269	11.252	816
11.278	269	11.304	817
11.329	268	11.354	817
11.379	266	11.405	817
11.431	266	11.455	818
11.481	265	11.506	818
11.532	265	11.557	818
11.582	265	11.608	817
11.633	266	11.658	818
11.684	266	11.709	816
11.735	266	11.759	817
11.785	265	11.811	817
11.836	266	11.861	817
11.886	265	11.912	817
11.938	265	11.962	817
11.988	266	12.013	817
12.039	266	12.064	817
12.089	265	12.115	817
12.140	265	12.165	818
12.190	264	12.216	819
12.242	264	12.266	820
12.292	264	12.317	820
12.343	265	12.368	819
12.393	265	12.419	819
12.444	265	12.469	819
12.495	266	12.520	819
12.546	266	12.570	819
12.596	267	12.622	820
12.647	267	12.672	820
12.697	269	12.723	819
12.749	270	12.773	820
12.799	270	12.824	821
12.850	270	12.875	821
12.900	271	12.926	820
12.951	271	12.976	821
13.001	271	13.027	820
13.053	271	13.077	820
13.103	271	13.128	820
13.154	271	13.179	820
13.204	273	13.230	816
13.255	284	13.280	799
13.306	304	13.331	770
13.357	335	13.381	731
13.407	371	13.433	685
13.458	414	13.483	633
13.508	459	13.534	578
13.560	504	13.584	522
13.610	548	13.635	470
13.661	588	13.686	423
13.711	621	13.737	384
13.762	646	13.788	358
13.812	662	13.838	343
13.864	666	13.889	343
13.914	660	13.939	355
13.965	645	13.991	378
14.015	619	14.041	413
14.066	586	14.092	457
14.117	548	14.142	507
14.168	505	14.193	560
14.218	460	14.244	616
14.269	415	14.295	669
14.319	373	14.345	717
14.371	336	14.396	758
14.421	307	14.446	788
14.472	285	14.498	809
14.522	275	14.548	816
14.573	277	14.599	811
14.624	288	14.649	796
14.675	308	14.700	769
14.725	336	14.750	733
14.776	371	14.802	687
14.826	412	14.852	636
14.877	457	14.903	582
14.928	502	14.953	528
14.979	544	15.004	478
15.029	583	15.055	432
15.080	617	15.106	394
15.130	641	15.156	366
15.182	657	15.207	350
15.232	662	15.257	348
15.283	657	15.309	358
15.333	643	15.359	380
15.384	620	15.410	412
15.435	588	15.460	454
15.486	550	15.511	502
15.536	507	15.561	555
15.587	463	15.613	608
15.637	419	15.663	661
15.688	377	15.714	709
15.739	340	15.764	749
15.790	310	15.815	782
15.840	288	15.866	803
15.891	277	15.917	812
15.941	278	15.967	807
15.993	288	16.018	794
16.043	307	16.068	769
16.094	335	16.120	735
16.144	369	16.170	691
16.195	410	16.221	641
16.246	454	16.271	588
16.297	498	16.322	534
16.347	541	16.372	484
16.398	580	16.424	439
16.448	613	16.474	400
16.499	638	16.525	372
16.550	654	16.575	355
16.601	660	16.626	352
16.651	655	16.677	360
16.702	642	16.728	380
16.752	619	16.778	411
16.804	588	16.829	453
16.854	551	16.879	499
16.905	508	16.931	550
16.955	465	16.981	603
17.006	421	17.032	654
17.057	379	17.082	702
17.108	343	17.133	743
17.158	313	17.184	775
17.209	291	17.235	797
17.259	279	17.285	806
17.310	280	17.336	804
17.361	289	17.386	792
17.412	307	17.437	768
17.463	334	17.488	735
17.513	368	17.539	693
17.564	408	17.589	645
17.615	451	17.640	593
17.666	495	17.690	541
17.716	537	17.742	492
17.767	575	17.792	446
17.817	609	17.843	408
17.869	635	17.893	379
17.919	651	17.944	362
17.970	657	17.995	357
18.020	653	18.046	364
18.071	641	18.096	383
18.121	619	18.147	412
18.173	589	18.197	451
18.223	552	18.248	496
18.274	511	18.299	545
18.324	468	18.350	597
18.375	424	18.400	648
18.426	383	18.451	695
18.477	346	18.501	736
18.527	316	18.553	768
18.578	293	18.603	791
18.628	281	18.654	802
18.680	282	18.704	800
18.730	290	18.755	789
18.781	307	18.806	767
18.831	333	18.857	735
18.882	366	18.907	695
18.932	405	18.958	649
18.984	448	19.008	598
19.034	491	19.059	547
19.085	534	19.110	498
19.135	572	19.161	453
19.186	606	19.211	415
19.237	631	19.262	386
19.288	649	19.312	367
19.338	655	19.364	362
19.389	653	19.414	368
19.439	640	19.465	384
19.491	619	19.515	413
19.541	590	19.566	451
19.592	554	19.617	493
19.642	513	19.668	543
19.693	470	19.718	593
19.744	427	19.769	642
19.795	386	19.819	688
19.845	350	19.870	729
19.896	319	19.921	762
19.946	296	19.972	785
19.997	283	20.022	796
20.048	282	20.073	796
20.099	290	20.123	786
20.149	307	20.175	765
20.200	332	20.225	735
20.250	364	20.276	697
20.302	403	20.326	651
20.352	445	20.377	603
20.403	487	20.428	551
20.453	530	20.479	504
20.504	568	20.530	460
20.555	601	20.580	422
20.606	627	20.631	392
20.656	646	20.681	374
20.707	653	20.733	367
20.757	651	20.783	372
20.808	640	20.834	388
20.859	619	20.884	414
20.910	590	20.935	449
20.960	555	20.986	491
21.011	515	21.037	539
21.061	473	21.087	587
21.113	430	21.138	636
21.163	389	21.188	683
21.214	352	21.240	723
21.264	322	21.290	756
21.315	298	21.341	779
21.366	285	21.391	791
21.417	283	21.442	792
21.467	290	21.492	783
21.518	305	21.544	764
21.568	330	21.594	734
21.619	361	21.645	697
21.670	399	21.695	654
21.721	441	21.746	607
21.771	484	21.797	557
21.822	525	21.848	509
21.872	564	21.898	466
21.924	598	21.949	428
21.974	624	21.999	399
22.025	642	22.051	380
22.075	651	22.101	372
22.126	649	22.152	376
22.177	639	22.202	390
22.228	619	22.253	415
22.278	591	22.304	450
22.329	557	22.355	490
22.379	517	22.405	536
22.430	475	22.456	585
22.481	433	22.506	632
22.532	391	22.557	677
22.582	354	22.608	717
22.633	323	22.659	750
22.683	300	22.709	773
22.735	286	22.760	786
22.785	283	22.810	787
22.836	289	22.862	779
22.886	304	22.912	762
22.937	328	22.963	734
22.988	358	23.013	698
23.039	396	23.064	655
23.089	437	23.115	609
23.140	479	23.166	561
23.190	521	23.216	514
23.241	560	23.267	471
23.292	594	23.317	434
23.343	621	23.368	405
23.393	640	23.419	385
23.444	648	23.470	377
23.494	647	23.520	380
23.546	638	23.571	393
23.596	619	23.621	417
23.647	591	23.673	450
23.697	558	23.723	489
23.748	519	23.774	534
23.799	477	23.824	581
23.850	435	23.875	628
23.900	394	23.926	672
23.951	357	23.977	712
24.001	326	24.027	745
24.052	301	24.078	768
24.103	286	24.128	781
24.154	283	24.179	783
24.204	288	24.230	776
24.255	303	24.281	759
24.305	325	24.331	733
24.357	355	24.382	699
24.407	391	24.432	657
24.458	432	24.484	611
24.508	474	24.534	565
24.559	515	24.585	519
24.610	554	24.635	476
24.661	589	24.686	440
24.711	616	24.737	410
24.762	636	24.788	390
24.812	645	24.838	382
24.864	645	24.889	384
24.914	637	24.939	396
24.965	619	24.990	419
25.015	592	25.041	451
25.066	559	25.092	489
25.116	522	25.142	532
25.168	479	25.193	577
25.218	438	25.243	624
25.269	397	25.295	667
25.319	360	25.345	707
25.370	328	25.396	739
25.421	303	25.446	763
25.472	288	25.497	776
25.522	283	25.548	778
25.573	288	25.599	772
25.623	301	25.649	756
25.675	323	25.700	731
25.725	352	25.750	697
25.776	388	25.801	658
25.826	428	25.852	614
25.877	469	25.903	568
25.927	511	25.953	523
25.979	549	26.004	481
26.029	584	26.054	445
26.080	612	26.106	415
26.130	632	26.156	396
26.181	642	26.207	387
26.232	643	26.257	388
26.283	636	26.308	399
26.333	619	26.359	420
26.384	593	26.410	452
26.434	561	26.460	488
26.486	524	26.511	531
26.536	483	26.561	575
26.587	441	26.612	620
26.637	401	26.663	663
26.688	364	26.714	702
26.738	332	26.764	734
26.790	306	26.815	758
26.840	290	26.865	772
26.891	285	26.917	775
26.941	288	26.967	769
26.992	300	27.018	754
27.043	322	27.068	730
27.094	350	27.119	697
27.144	385	27.170	659
27.195	424	27.221	616
27.245	466	27.271	571
27.297	506	27.322	527
27.347	546	27.372	485
27.398	579	27.424	449
27.448	608	27.474	420
27.499	628	27.525	400
27.549	640	27.575	391
27.601	641	27.626	392
27.651	634	27.676	402
27.702	619	27.728	423
27.752	594	27.778	452
27.803	563	27.829	488
27.854	526	27.879	529
27.905	486	27.930	573
27.955	446	27.981	617
28.006	405	28.032	659
28.056	367	28.082	697
28.108	335	28.133	729
28.158	310	28.183	753
28.209	293	28.235	766
28.259	287	28.285	771
28.310	290	28.336	766
28.360	301	28.386	752
28.412	321	28.437	728
28.462	348	28.487	696
28.513	382	28.539	659
28.563	421	28.589	617
28.614	462	28.640	573
28.665	501	28.690	530
28.716	541	28.741	489
28.766	575	28.792	453
28.817	603	28.843	425
28.867	625	28.893	404
28.919	637	28.944	395
28.969	639	28.994	395
29.020	633	29.046	404
29.070	619	29.096	425
29.121	595	29.147	453
29.171	565	29.197	488
29.223	529	29.248	528
29.273	489	29.298	570
29.324	449	29.350	614
29.374	409	29.400	655
29.425	371	29.451	693
29.477	340	29.501	725
29.527	314	29.552	749
29.578	296	29.603	763
29.628	289	29.654	767
29.679	291	29.704	763
29.730	301	29.755	750
29.781	321	29.805	726
29.831	346	29.857	696
29.882	379	29.907	659
29.932	418	29.958	618
29.984	458	30.008	575
30.034	497	30.059	533
30.085	536	30.109	492
30.135	571	30.161	457
30.186	600	30.211	428
30.236	621	30.262	409
30.288	634	30.312	398
30.338	637	30.363	398
30.389	632	30.414	407
30.439	618	30.465	426
30.490	596	30.515	453
30.541	566	30.566	487
30.592	532	30.616	527
30.642	493	30.668	569
30.693	453	30.718	611
30.743	414	30.769	652
30.795	376	30.819	689
30.845	344	30.870	721
30.896	318	30.920	745
30.946	300	30.972	760
30.997	292	31.022	764
31.047	293	31.073	760
31.099	302	31.123	747
31.149	321	31.174	725
31.200	346	31.225	695
31.250	378	31.276	659
31.301	415	31.326	619
31.352	454	31.377	577
31.403	493	31.427	535
31.453	532	31.479	495
31.504	566	31.529	460
31.554	595	31.580	432
31.606	617	31.630	412
31.656	631	31.681	401
31.707	635	31.731	400
31.757	630	31.783	409
31.808	618	31.833	428
31.858	596	31.884	454
31.910	568	31.934	487
31.960	534	31.985	526
32.011	496	32.036	567
32.061	457	32.087	609
32.112	418	32.137	649
32.163	381	32.188	687
32.214	349	32.238	718
32.264	322	32.290	742
32.315	303	32.340	756
32.365	294	32.391	761
32.417	295	32.441	758
32.467	303	32.492	745
32.518	321	32.542	724
32.568	345	32.594	694
32.619	376	32.645	659
32.669	412	32.695	620
32.721	451	32.746	578
32.771	489	32.796	537
32.822	527	32.848	498
32.872	562	32.898	463
32.923	591	32.949	435
32.974	613	32.999	415
33.025	627	33.050	404
33.075	632	33.101	403
33.126	628	33.152	411
33.176	618	33.202	429
33.228	597	33.253	455
33.278	569	33.303	487
33.329	536	33.355	525
33.379	499	33.405	566
33.430	461	33.456	607
33.480	422	33.506	647
33.532	386	33.557	684
33.582	353	33.607	714
33.633	326	33.659	738
33.683	307	33.709	753
33.734	298	33.760	758
33.785	298	33.810	755
33.836	305	33.861	742
33.886	321	33.912	722
33.937	345	33.963	694
33.987	374	34.013	659
34.039	409	34.064	621
34.089	447	34.114	580
34.140	486	34.166	539
34.190	523	34.216	500
34.241	557	34.267	467
34.291	586	34.317	438
34.343	609	34.368	418
34.393	624	34.418	408
34.444	629	34.470	407
34.494	627	34.520	414
34.545	616	34.571	430
34.596	596	34.621	455
34.647	570	34.672	487
34.697	538	34.723	524
34.748	502	34.774	564
34.798	465	34.824	605
34.850	426	34.875	644
34.900	390	34.925	680
34.951	358	34.977	711
35.001	331	35.027	735
35.052	312	35.078	750
35.102	301	35.128	755
35.154	300	35.179	753
35.204	306	35.229	741
35.255	322	35.281	721
35.305	344	35.331	693
35.356	373	35.382	659
35.407	407	35.432	622
35.458	445	35.483	581
35.508	482	35.534	542
35.559	519	35.585	503
35.609	553	35.635	469
35.661	582	35.686	441
35.711	605	35.736	420
35.762	620	35.788	410
35.812	626	35.838	407
35.863	624	35.889	415
35.913	614	35.939	431
35.965	596	35.990	456
36.015	571	36.040	487
36.066	539	36.092	523
36.116	504	36.142	562
36.167	467	36.193	604
36.218	430	36.243	642
36.269	394	36.294	678
36.320	362	36.345	708
36.370	336	36.396	732
36.421	316	36.446	747
36.472	304	36.497	752
36.523	303	36.547	751
36.573	309	36.599	740
36.624	323	36.649	720
36.674	344	36.700	693
36.726	372	36.750	660
36.776	405	36.801	623
36.827	441	36.851	582
36.877	478	36.903	543
36.928	514	36.953	505
36.978	548	37.004	472
37.030	577	37.054	444
37.080	600	37.105	423
37.131	616	37.156	412
37.181	623	37.207	410
37.232	622	37.257	416
37.283	613	37.308	433
37.334	595	37.358	456
37.384	571	37.410	487
37.435	542	37.460	523
37.485	507	37.511	561
37.537	471	37.561	601
37.587	434	37.612	640
37.638	399	37.662	675
37.688	367	37.714	706
37.739	340	37.764	730
37.789	320	37.815	745
37.841	308	37.865	751
37.891	306	37.916	749
37.942	310	37.967	738
37.992	324	38.018	720
38.043	345	38.068	693
38.094	371	38.119	660
38.145	403	38.169	625
38.195	439	38.221	585
38.246	475	38.271	545
38.296	510	38.322	508
38.348	544	38.372	473
38.398	573	38.423	446
38.449	596	38.473	426
38.499	612	38.525	415
38.550	619	38.575	412
38.600	619	38.626	418
38.652	611	38.676	433
38.702	594	38.727	457
38.753	571	38.778	486
38.803	542	38.829	522
38.854	509	38.879	560
38.905	474	38.930	599
38.956	437	38.980	637
39.006	403	39.032	673
39.057	371	39.082	703
39.107	344	39.133	726
39.159	324	39.183	742
39.209	312	39.234	749
39.260	309	39.284	747
39.310	313	39.336	738
39.361	326	39.387	719
39.411	346	39.437	693
39.463	370	39.488	661
39.513	402	39.538	625
39.564	436	39.590	586
39.614	472	39.640	547
39.665	506	39.691	510
39.716	540	39.741	477
39.767	568	39.792	449
39.817	592	39.843	429
39.868	608	39.894	416
39.918	616	39.944	414
39.970	616	39.995	419
40.020	609	40.045	434
40.071	593	40.097	456
40.121	571	40.147	486
40.172	543	40.198	521
40.222	511	40.248	558
40.274	476	40.299	597
40.324	441	40.349	635
40.375	407	40.401	670
40.425	375	40.451	700
40.476	349	40.502	724
40.527	329	40.552	740
40.578	317	40.603	747
40.628	312	40.654	746
40.679	316	40.705	736
40.729	327	40.755	718
40.781	347	40.806	693
40.831	372	40.856	662
40.882	401	40.908	627
40.932	435	40.958	589
40.983	469	41.009	550
41.033	503	41.059	513
41.085	536	41.110	479
41.135	564	41.160	451
41.186	588	41.212	430
41.236	604	41.262	418
41.287	612	41.313	415
41.338	613	41.363	420
41.389	607	41.414	434
41.439	592	41.465	456
41.490	571	41.516	485
41.540	544	41.566	518
41.592	512	41.617	556
41.642	479	41.667	595
41.693	444	41.719	632
41.743	410	41.769	667
41.794	380	41.820	697
41.844	353	41.870	722
41.896	334	41.921	738
41.946	321	41.971	745
41.997	317	42.023	745
42.047	319	42.073	736
42.098	330	42.124	718
42.149	347	42.174	693
42.200	371	42.225	663
42.250	400	42.276	628
42.301	433	42.327	590
42.351	467	42.377	552
42.403	500	42.428	516
42.453	533	42.478	482
42.504	561	42.530	453
42.554	584	42.580	433
42.605	600	42.631	420
42.656	609	42.681	417
42.707	610	42.732	421
42.757	605	42.782	435
42.808	590	42.834	456
42.858	570	42.884	484
42.909	544	42.935	518
42.960	514	42.985	554
43.011	480	43.036	592
43.061	447	43.087	629
43.112	414	43.138	664
43.162	384	43.188	695
43.214	358	43.239	720
43.264	338	43.289	735
43.315	325	43.341	743
43.365	320	43.391	743
43.416	322	43.442	735
43.467	332	43.492	718
43.518	350	43.543	694
43.568	372	43.593	664
43.619	400	43.645	629
43.669	432	43.695	593
43.720	465	43.746	555
43.771	498	43.796	519
43.822	529	43.847	485
43.873	557	43.898	456
43.923	580	43.949	435
43.974	596	43.999	423
44.025	605	44.050	419
44.076	608	44.100	422
44.126	602	44.152	435
44.177	588	44.202	456
44.227	569	44.253	483
44.279	544	44.303	516
44.329	515	44.354	552
44.380	483	44.404	590
44.430	449	44.456	627
44.481	417	44.506	662
44.531	387	44.557	692
44.583	362	44.607	717
44.633	342	44.658	733
44.684	329	44.709	741
44.734	324	44.760	742
44.785	325	44.810	734
44.836	335	44.861	718
44.887	351	44.911	694
44.937	373	44.963	665
44.988	400	45.013	632
45.038	431	45.064	595
45.090	463	45.114	557
45.140	496	45.165	521
45.191	527	45.216	489
45.241	554	45.267	460
45.292	576	45.317	438
45.342	593	45.368	425
45.394	602	45.418	420
45.444	604	45.469	423
45.495	600	45.520	435
45.545	587	45.571	456
45.596	568	45.621	482
45.647	544	45.672	514
45.698	516	45.722	550
45.748	484	45.774	587
45.799	452	45.824	623
45.849	420	45.875	659
45.901	391	45.925	689
45.951	365	45.976	713
46.002	346	46.027	731
46.052	333	46.078	739
46.103	328	46.128	740
46.153	329	46.179	734
46.205	338	46.229	718
46.255	354	46.280	695
46.306	374	46.331	666
46.356	401	46.382	633
46.407	430	46.432	597
46.458	462	46.483	560
46.509	494	46.533	524
46.559	524	46.585	492
46.610	551	46.635	463
46.660	574	46.686	441
46.712	589	46.736	427
46.762	599	46.787	422
46.813	601	46.838	424
46.863	597	46.889	436
46.914	585	46.940	455
46.964	567	46.990	481
47.016	544	47.041	513
47.066	516	47.091	548
47.117	485	47.143	585
47.167	454	47.193	621
47.218	423	47.244	655
47.269	394	47.294	686
47.320	369	47.345	711
47.370	349	47.396	728
47.421	337	47.447	737
47.471	331	47.497	739
47.523	332	47.548	733
47.573	340	47.598	718
47.624	355	47.650	696
47.674	376	47.700	668
47.725	401	47.751	636
47.776	430	47.801	600
47.827	461	47.852	562
47.877	492	47.902	527
47.928	522	47.954	494
47.978	548	48.004	466
48.029	570	48.055	444
48.080	587	48.105	430
48.131	596	48.156	424
48.181	599	48.207	426
48.232	595	48.258	437
48.282	583	48.308	455
48.334	566	48.359	480
48.384	543	48.409	511
48.435	516	48.461	545
48.485	486	48.511	582
48.536	456	48.562	618
48.587	425	48.612	652
48.638	398	48.663	682
48.688	372	48.713	707
48.739	352	48.765	725
48.789	340	48.815	735
48.840	335	48.866	737
48.891	335	48.916	731
48.942	343	48.967	718
48.992	358	49.018	697
49.043	377	49.069	669
49.093	402	49.119	638
49.145	430	49.170	603
49.195	460	49.220	567
49.246	490	49.272	531
49.296	520	49.322	497
49.347	546	49.373	468
49.398	567	49.423	447
49.449	583	49.474	432
49.499	592	49.524	426
49.550	596	49.576	427
49.600	592	49.626	437
49.651	581	49.677	454
49.702	565	49.727	480
49.753	543	49.778	509
49.803	516	49.829	543
49.854	487	49.880	578
49.904	457	49.930	615
49.956	428	49.981	648
50.006	400	50.031	679
50.057	376	50.083	704
50.107	357	50.133	722
50.158	343	50.184	733
50.209	337	50.234	735
50.260	338	50.285	731
50.310	345	50.336	717
50.361	360	50.387	697
50.411	379	50.437	670
50.462	403	50.488	639
50.513	430	50.538	605
50.564	460	50.589	569
50.615	489	50.640	534
50.665	518	50.691	502
50.716	543	50.741	472
50.767	565	50.792	450
50.818	581	50.842	435
50.868	590	50.894	428
50.919	594	50.944	429
50.969	590	50.995	438
51.021	580	51.045	454
51.071	563	51.096	478
51.122	542	51.147	508
51.172	516	51.198	541
51.223	488	51.248	576
51.273	459	51.299	611
51.325	430	51.349	645
51.375	402	51.400	675
51.426	378	51.451	701
51.476	360	51.502	719
51.527	347	51.552	730
51.578	340	51.603	734
51.629	340	51.653	729
51.679	348	51.705	717
51.730	361	51.755	698
51.780	380	51.806	672
51.832	403	51.856	641
51.882	430	51.907	607
51.933	459	51.958	572
51.983	488	52.009	537
52.034	516	52.059	505
52.084	542	52.110	476
52.136	562	52.160	454
52.186	579	52.211	438
52.237	588	52.262	431
52.287	592	52.313	430
52.338	588	52.363	439
52.389	578	52.414	455
52.440	563	52.464	478
52.490	541	52.516	506
52.541	516	52.566	539
52.591	488	52.617	572
52.643	460	52.667	608
52.693	432	52.718	642
52.744	404	52.769	672
52.794	381	52.820	697
52.845	362	52.870	716
52.896	350	52.921	727
52.947	343	52.971	731
52.997	342	53.022	728
53.048	350	53.073	716
53.098	363	53.124	698
53.149	381	53.174	672
53.200	404	53.225	643
53.251	430	53.275	610
53.301	459	53.327	575
53.352	487	53.377	542
53.402	515	53.428	508
53.454	540	53.478	480
53.504	561	53.529	457
53.555	576	53.580	442
53.605	586	53.631	433
53.656	590	53.682	433
53.707	587	53.732	440
53.758	577	53.783	455
53.808	561	53.833	477
53.859	541	53.885	506
53.909	516	53.935	537
53.960	489	53.986	571
54.011	461	54.036	605
54.062	433	54.087	638
54.112	406	54.138	669
54.163	383	54.189	694
54.213	365	54.239	713
54.265	352	54.290	724
54.315	345	54.340	729
54.366	345	54.392	726
54.416	352	54.442	715
54.467	365	54.493	697
54.518	382	54.543	673
54.569	405	54.594	643
54.619	431	54.644	612
54.670	459	54.696	578
54.720	486	54.746	545
54.771	513	54.797	512
54.822	538	54.847	484
54.873	559	54.898	461
54.923	574	54.949	445
54.974	583	55.000	437
55.024	587	55.050	435
55.076	585	55.101	442
55.126	575	55.151	456
55.177	560	55.203	478
55.227	540	55.253	504
55.278	516	55.304	535
55.329	489	55.354	567
55.380	462	55.405	602
55.430	434	55.456	634
55.481	408	55.507	664
55.531	386	55.557	690
55.582	367	55.608	709
55.633	354	55.658	721
55.684	349	55.709	726
55.734	348	55.760	725
55.785	354	55.811	714
55.835	366	55.861	698
55.887	384	55.912	674
55.937	406	55.962	646
55.988	431	56.014	614
56.038	458	56.064	581
56.089	485	56.115	548
56.140	512	56.165	516
56.191	536	56.216	488
56.241	557	56.267	465
56.292	572	56.318	449
56.342	581	56.368	440
56.393	585	56.419	437
56.444	582	56.469	444
56.495	574	56.520	457
56.545	559	56.571	477
56.596	540	56.622	502
56.646	517	56.672	533
56.698	490	56.723	566
56.748	463	56.773	599
56.799	436	56.825	632
56.849	410	56.875	661
56.900	388	56.926	686
56.951	370	56.976	705
57.002	357	57.027	718
57.052	351	57.078	723
57.103	350	57.129	722
57.153	356	57.179	712
57.204	368	57.230	697
57.255	384	57.280	675
57.306	406	57.331	647
57.356	431	57.382	616
57.407	458	57.433	584
57.457	484	57.483	551
57.509	510	57.534	520
57.559	535	57.584	492
57.610	555	57.636	469
57.660	570	57.686	452
57.711	579	57.737	443
57.762	583	57.787	440
57.813	581	57.838	446
57.863	572	57.889	458
57.914	559	57.940	478
57.964	540	57.990	503
58.016	517	58.041	532
58.066	491	58.091	563
58.117	464	58.142	596
58.167	437	58.193	627
58.218	412	58.244	657
58.268	390	58.294	682
58.320	371	58.345	702
58.370	359	58.395	714
58.421	353	58.447	721
58.471	351	58.497	720
58.522	357	58.548	711
58.573	369	58.598	696
58.624	385	58.649	675
58.674	406	58.700	649
58.725	431	58.751	619
58.775	457	58.801	587
58.827	484	58.852	554
58.877	510	58.902	524
58.928	534	58.953	496
58.978	553	59.004	473
59.029	569	59.055	456
59.079	578	59.105	446
59.131	582	59.156	443
59.181	581	59.206	447
59.232	572	59.258	459
59.282	558	59.308	478
59.333	539	59.359	501
59.384	517	59.409	529
59.435	491	59.460	560
59.485	465	59.511	593
59.536	439	59.562	624
59.586	414	59.612	653
59.638	391	59.663	678
59.688	373	59.713	698
59.739	361	59.764	711
59.789	354	59.815	717
59.840	353	59.866	718
59.890	358	59.916	709
59.942	370	59.967	695
59.992	386	60.017	675
60.043	407	60.069	649
60.093	431	60.119	620
60.144	457	60.170	589
60.195	483	60.220	557
60.246	508	60.271	526
60.296	532	60.322	499
60.347	552	60.373	476
60.397	567	60.423	460
60.449	576	60.474	450
60.499	581	60.524	446
60.550	579	60.576	450
60.600	571	60.626	461
60.651	558	60.677	478
60.701	539	60.727	501
