#Creator: pendulumviewEventBuffer
#Creation time: Thu Mar  7 10:31:07 2019
#Time A	Pos A	Time B	Pos B
#[s]	[au]	[s]	[au]
0.025	668	0.050	842
0.076	662	0.101	840
0.127	657	0.151	839
0.177	652	0.203	840
0.228	646	0.253	847
0.278	642	0.304	854
0.330	641	0.354	861
0.380	641	0.405	865
0.431	641	0.456	867
0.481	641	0.507	864
0.532	643	0.557	858
0.582	644	0.608	851
0.634	645	0.658	845
0.684	648	0.709	839
0.735	650	0.760	834
0.785	653	0.811	832
0.836	655	0.861	833
0.887	657	0.912	835
0.938	659	0.963	837
0.988	661	1.014	841
1.039	663	1.065	842
1.089	664	1.115	844
1.141	664	1.166	844
1.191	663	1.216	844
1.242	664	1.268	843
1.292	664	1.318	843
1.343	663	1.369	842
1.394	664	1.419	841
1.445	665	1.470	841
1.495	667	1.520	840
1.546	670	1.572	839
1.596	672	1.622	839
1.647	674	1.673	840
1.698	677	1.723	841
1.749	680	1.774	843
1.799	684	1.825	846
1.850	686	1.876	847
1.900	689	1.926	847
1.952	692	1.977	848
2.002	693	2.027	847
2.053	694	2.079	847
2.103	696	2.129	847
2.154	698	2.180	846
2.205	701	2.230	846
2.256	702	2.281	846
2.306	704	2.331	846
2.357	705	2.383	846
2.407	707	2.433	846
2.458	708	2.484	845
2.509	709	2.534	845
2.560	710	2.585	844
2.610	712	2.636	844
2.661	714	2.687	844
2.711	715	2.737	844
2.763	717	2.788	845
2.813	719	2.838	846
2.864	720	2.890	845
2.914	721	2.940	845
2.965	722	2.991	845
3.016	721	3.041	844
3.067	720	3.092	845
3.117	719	3.142	843
3.168	719	3.194	844
3.218	718	3.244	844
3.269	718	3.295	843
3.320	718	3.345	842
3.371	718	3.396	841
3.421	720	3.447	841
3.472	720	3.498	841
3.522	720	3.548	843
3.574	721	3.599	843
3.624	721	3.649	845
3.675	721	3.701	845
3.725	720	3.751	846
3.776	720	3.802	846
3.827	719	3.852	848
3.878	719	3.903	848
3.928	719	3.954	849
3.979	719	4.005	850
4.029	721	4.055	851
4.080	721	4.106	851
4.131	722	4.156	851
4.182	723	4.207	852
4.233	723	4.258	851
4.283	723	4.309	852
4.334	723	4.359	851
4.385	723	4.410	850
4.436	723	4.460	850
4.486	722	4.512	850
4.537	722	4.562	850
4.587	721	4.613	851
4.639	719	4.663	852
4.689	719	4.714	852
4.740	719	4.765	853
4.790	719	4.816	853
4.841	719	4.866	852
4.891	721	4.917	852
4.943	721	4.967	852
4.993	723	5.018	850
5.044	723	5.069	846
5.094	717	5.120	831
5.145	701	5.170	806
5.196	672	5.221	770
5.247	633	5.271	726
5.297	585	5.323	675
5.348	532	5.373	621
5.398	474	5.424	565
5.450	417	5.474	512
5.500	362	5.525	463
5.551	311	5.576	420
5.601	269	5.627	388
5.652	232	5.677	366
5.702	198	5.728	357
5.754	181	5.778	362
5.804	199	5.829	376
5.855	230	5.880	403
5.905	261	5.931	441
5.956	304	5.981	485
6.007	352	6.032	535
6.058	407	6.082	589
6.108	464	6.134	643
6.159	521	6.184	695
6.209	575	6.235	742
6.261	623	6.285	782
6.311	663	6.336	813
6.362	693	6.387	833
6.412	713	6.438	843
6.463	718	6.488	838
6.514	711	6.539	825
6.565	692	6.589	801
6.615	661	6.640	767
6.666	621	6.691	723
6.716	573	6.742	675
6.767	518	6.792	622
6.818	461	6.843	569
6.869	403	6.893	517
6.919	349	6.945	470
6.970	299	6.995	428
7.020	257	7.046	395
7.072	222	7.096	373
7.122	187	7.147	363
7.173	172	7.198	367
7.223	199	7.249	380
7.274	229	7.300	406
7.325	262	7.350	441
7.376	305	7.401	483
7.426	355	7.451	532
7.477	410	7.503	585
7.527	467	7.553	638
7.578	523	7.604	689
7.629	577	7.654	736
7.680	624	7.705	776
7.730	663	7.756	807
7.781	693	7.807	828
7.831	710	7.857	837
7.883	714	7.908	834
7.933	704	7.958	822
7.984	685	8.010	799
8.034	653	8.060	766
8.085	611	8.111	725
8.136	562	8.161	676
8.187	507	8.212	625
8.237	450	8.262	572
8.288	393	8.314	521
8.338	339	8.364	474
8.389	292	8.415	432
8.440	252	8.465	399
8.491	217	8.516	376
8.541	187	8.567	367
8.592	184	8.618	369
8.642	207	8.668	382
8.694	234	8.719	407
8.744	267	8.769	442
8.795	311	8.821	483
8.845	361	8.871	532
8.896	416	8.922	583
8.947	473	8.972	635
8.998	529	9.023	686
9.048	581	9.074	732
9.099	626	9.125	771
9.149	664	9.175	803
9.200	690	9.226	824
9.251	706	9.276	833
9.302	707	9.327	831
9.352	696	9.378	820
9.403	675	9.429	798
9.453	642	9.479	765
9.505	601	9.530	725
9.555	551	9.580	678
9.606	497	9.632	627
9.656	440	9.682	575
9.707	385	9.733	524
9.758	333	9.783	477
9.809	288	9.834	437
9.859	249	9.885	405
9.910	218	9.936	381
9.960	195	9.986	370
10.011	199	10.037	373
10.062	218	10.087	383
10.113	242	10.138	408
10.163	276	10.189	441
10.214	319	10.240	481
10.264	369	10.290	529
10.316	424	10.341	580
10.366	480	10.391	631
10.417	534	10.443	682
10.467	584	10.493	729
10.518	628	10.544	767
10.569	663	10.594	800
10.620	688	10.645	821
10.670	702	10.696	832
10.721	701	10.747	830
10.771	689	10.797	819
10.822	667	10.848	798
10.873	633	10.898	766
10.924	591	10.949	726
10.974	542	11.000	679
11.025	488	11.051	629
11.075	433	11.101	577
11.127	379	11.152	527
11.177	329	11.202	480
11.228	285	11.254	439
11.278	248	11.304	406
11.329	220	11.355	382
11.380	202	11.405	371
11.431	208	11.456	372
11.481	227	11.507	384
11.532	250	11.558	407
11.582	284	11.608	441
11.634	329	11.659	481
11.684	378	11.709	527
11.735	432	11.760	578
11.785	486	11.811	629
11.836	539	11.862	679
11.886	587	11.912	726
11.938	629	11.963	766
11.988	661	12.013	798
12.039	685	12.065	820
12.089	695	12.115	830
12.140	693	12.166	829
12.191	680	12.216	819
12.242	657	12.267	798
12.292	623	12.318	767
12.343	581	12.369	727
12.393	531	12.419	681
12.445	479	12.470	630
12.495	426	12.520	579
12.546	373	12.571	528
12.596	325	12.622	482
12.647	283	12.673	440
12.697	249	12.723	407
12.749	223	12.774	383
12.799	210	12.824	372
12.850	218	12.876	373
12.900	235	12.926	384
12.951	258	12.977	406
13.002	293	13.027	439
13.053	337	13.078	479
13.103	387	13.129	526
13.154	439	13.180	577
13.204	491	13.230	628
13.256	543	13.281	679
13.306	589	13.331	725
13.357	629	13.382	766
13.407	660	13.433	798
13.458	681	13.484	820
13.508	690	13.534	830
13.560	686	13.585	829
13.610	672	13.635	819
13.661	647	13.687	799
13.711	613	13.737	767
13.762	572	13.788	728
13.813	522	13.838	682
13.864	472	13.889	631
13.914	419	13.940	579
13.965	369	13.991	529
14.015	322	14.041	481
14.067	283	14.092	440
14.117	251	14.142	406
14.168	228	14.194	383
14.218	220	14.244	371
14.269	228	14.295	372
14.319	244	14.345	383
14.371	268	14.396	406
14.421	303	14.446	438
14.472	346	14.498	479
14.522	395	14.548	525
14.573	446	14.599	575
14.624	497	14.649	627
14.675	546	14.700	679
14.725	590	14.751	725
14.776	628	14.802	766
14.826	657	14.852	799
14.878	676	14.903	820
14.928	682	14.953	831
14.979	677	15.005	830
15.029	663	15.055	820
15.080	638	15.106	799
15.130	604	15.156	768
15.182	561	15.207	728
15.232	515	15.257	682
15.283	464	15.309	632
15.333	414	15.359	579
15.384	366	15.410	527
15.435	322	15.460	480
15.486	284	15.511	440
15.536	255	15.562	404
15.587	235	15.613	381
15.637	230	15.663	369
15.689	238	15.714	371
15.739	254	15.764	382
15.790	278	15.816	405
15.840	312	15.866	438
15.891	355	15.917	478
15.941	403	15.967	526
15.993	453	16.018	577
16.043	501	16.068	629
16.094	549	16.120	679
16.144	591	16.170	727
16.195	626	16.221	767
16.246	653	16.271	799
16.297	670	16.322	822
16.347	675	16.373	832
16.398	669	16.424	831
16.448	655	16.474	821
16.500	629	16.525	800
16.550	595	16.575	768
16.601	554	16.627	727
16.651	508	16.677	680
16.702	459	16.728	629
16.752	411	16.778	576
16.804	364	16.829	526
16.855	322	16.879	478
16.905	287	16.931	437
16.956	260	16.981	403
17.006	243	17.032	379
17.058	240	17.082	368
17.108	247	17.133	369
17.159	264	17.184	381
17.209	289	17.235	404
17.260	323	17.285	438
17.311	364	17.336	479
17.362	410	17.386	527
17.412	458	17.438	577
17.463	505	17.488	631
17.513	550	17.539	682
17.565	590	17.589	730
17.615	624	17.640	770
17.666	649	17.690	801
17.716	664	17.742	824
17.767	668	17.792	834
17.817	661	17.843	832
17.869	646	17.893	822
17.919	619	17.944	800
17.970	587	17.995	767
18.020	546	18.046	726
18.071	501	18.096	678
18.122	455	18.147	627
18.173	408	18.197	574
18.223	364	18.249	523
18.274	324	18.299	475
18.324	291	18.350	434
18.376	266	18.400	400
18.426	251	18.451	377
18.477	249	18.501	365
18.527	257	18.553	367
18.578	274	18.603	380
18.628	299	18.654	404
18.680	332	18.704	439
18.730	373	18.755	481
18.781	417	18.806	530
18.831	463	18.857	581
18.882	508	18.907	634
18.933	551	18.958	685
18.984	589	19.008	733
19.034	621	19.060	773
19.085	644	19.110	805
19.135	657	19.161	826
19.187	659	19.211	836
19.237	654	19.262	833
19.288	637	19.312	822
19.338	611	19.364	799
19.389	579	19.414	766
19.439	539	19.465	724
19.491	496	19.515	676
19.541	451	19.566	624
19.592	406	19.617	571
19.642	364	19.668	518
19.693	326	19.718	471
19.744	296	19.769	430
19.795	273	19.820	397
19.845	259	19.871	374
19.896	258	19.922	364
19.946	267	19.972	367
19.998	283	20.023	380
20.048	307	20.073	405
20.099	340	20.125	441
20.149	380	20.175	484
20.200	422	20.226	532
20.250	466	20.276	586
20.302	510	20.327	638
20.352	551	20.377	690
20.403	587	20.429	736
20.453	616	20.479	777
20.504	638	20.530	808
20.555	650	20.580	829
20.606	652	20.631	837
20.656	644	20.682	834
20.707	629	20.733	821
20.757	603	20.783	797
20.809	571	20.834	763
20.859	533	20.884	720
20.910	492	20.936	671
20.960	448	20.986	619
21.011	406	21.037	565
21.061	365	21.087	514
21.113	329	21.138	466
21.163	300	21.188	425
21.214	279	21.240	393
21.264	267	21.290	371
21.315	267	21.341	362
21.366	275	21.391	365
21.417	291	21.442	381
21.467	315	21.493	407
21.518	347	21.544	443
21.568	385	21.594	487
21.620	427	21.645	537
21.670	468	21.695	589
21.721	511	21.747	644
21.771	550	21.797	695
21.822	584	21.848	741
21.872	613	21.898	781
21.924	632	21.949	812
21.974	643	21.999	831
22.025	644	22.051	838
22.075	636	22.101	834
22.126	621	22.152	820
22.177	596	22.202	796
22.228	565	22.253	760
22.278	528	22.304	716
22.329	488	22.355	666
22.379	447	22.405	614
22.431	406	22.456	560
22.481	367	22.506	508
22.532	334	22.558	461
22.582	306	22.608	420
22.633	286	22.659	389
22.683	275	22.709	368
22.735	275	22.760	361
22.785	283	22.810	366
22.836	299	22.862	382
22.886	323	22.912	410
22.937	353	22.963	448
22.988	390	23.013	492
23.039	430	23.064	542
23.090	470	23.115	595
23.140	510	23.166	650
23.191	548	23.216	701
23.242	581	23.267	747
23.293	607	23.317	785
23.343	626	23.369	815
23.394	636	23.419	833
23.444	636	23.470	838
23.496	630	23.520	833
23.546	614	23.571	818
23.597	590	23.621	792
23.647	560	23.673	755
23.698	525	23.723	710
23.748	486	23.774	660
23.800	446	23.824	607
23.850	407	23.875	553
23.901	370	23.926	501
23.951	338	23.977	455
24.002	311	24.027	416
24.053	292	24.078	385
24.104	283	24.128	367
24.154	282	24.180	360
24.205	289	24.230	368
24.255	306	24.281	384
24.307	329	24.331	414
24.357	359	24.382	452
24.408	394	24.432	498
24.458	432	24.484	550
24.509	470	24.534	602
24.559	509	24.585	656
24.611	545	24.635	707
24.661	576	24.686	752
24.712	603	24.737	790
24.762	620	24.788	817
24.813	629	24.838	834
24.864	630	24.889	838
24.915	623	24.939	831
24.965	607	24.991	815
25.016	585	25.041	788
25.066	556	25.092	750
25.118	522	25.142	703
25.168	484	25.193	653
25.219	446	25.243	599
25.269	409	25.295	546
25.320	373	25.345	495
25.370	342	25.396	449
25.422	317	25.446	411
25.472	299	25.497	382
25.523	290	25.548	365
25.573	290	25.599	361
25.624	296	25.649	368
25.675	312	25.700	388
25.726	334	25.750	418
25.776	363	25.802	458
25.827	396	25.852	504
25.877	433	25.903	555
25.929	470	25.953	610
25.979	508	26.004	663
26.030	542	26.054	713
26.080	572	26.106	757
26.131	596	26.157	794
26.181	615	26.207	820
26.233	623	26.258	834
26.283	624	26.308	837
26.334	618	26.360	829
26.384	603	26.410	811
26.435	581	26.461	781
26.486	553	26.511	743
26.537	520	26.562	696
26.587	484	26.613	645
26.638	447	26.664	591
26.688	410	26.714	538
26.740	376	26.765	488
26.790	347	26.815	444
26.841	322	26.867	406
26.891	305	26.917	379
26.942	296	26.968	364
26.992	295	27.018	362
27.044	302	27.069	371
27.094	317	27.119	392
27.145	339	27.171	425
27.195	366	27.221	465
27.246	398	27.272	512
27.297	434	27.322	564
27.348	470	27.373	617
27.398	505	27.424	670
27.449	539	27.475	719
27.499	568	27.525	762
27.551	592	27.576	797
27.601	609	27.626	821
27.652	618	27.678	834
27.702	619	27.728	834
27.753	613	27.779	825
27.803	598	27.829	805
27.855	577	27.880	775
27.905	550	27.930	735
27.956	519	27.982	688
28.006	484	28.032	637
28.057	449	28.083	583
28.108	413	28.133	531
28.159	381	28.184	481
28.209	352	28.235	438
28.260	328	28.286	403
28.310	310	28.336	377
28.362	302	28.387	364
28.412	301	28.437	364
28.463	307	28.489	376
28.513	321	28.539	398
28.564	342	28.590	432
28.614	369	28.640	472
28.666	399	28.691	520
28.716	434	28.741	572
28.767	469	28.793	625
28.817	504	28.843	677
28.868	536	28.894	725
28.919	564	28.944	766
28.970	589	28.995	799
29.020	604	29.046	822
29.071	613	29.097	832
29.121	615	29.147	831
29.173	609	29.198	820
29.223	596	29.248	799
29.274	575	29.300	767
29.324	549	29.350	726
29.375	519	29.401	679
29.426	485	29.451	628
29.477	450	29.502	574
29.527	416	29.552	523
29.578	384	29.604	475
29.628	355	29.654	433
29.679	331	29.705	400
29.730	315	29.755	377
29.781	306	29.806	366
29.831	304	29.857	368
29.882	311	29.908	380
29.932	324	29.958	405
29.984	344	30.009	439
30.034	370	30.059	481
30.085	400	30.111	529
30.135	433	30.161	580
30.186	468	30.212	633
30.237	502	30.262	683
30.288	533	30.313	730
30.338	561	30.363	769
30.389	585	30.415	801
30.439	601	30.465	821
30.490	610	30.516	830
30.541	612	30.566	826
30.592	607	30.617	816
30.643	593	30.668	791
30.693	574	30.719	759
30.744	549	30.769	717
30.795	519	30.820	670
30.846	486	30.870	619
30.896	453	30.922	566
30.947	418	30.972	516
30.997	387	31.023	470
31.049	359	31.073	430
31.099	335	31.124	399
31.150	319	31.174	378
31.200	310	31.226	369
31.251	308	31.276	372
31.301	313	31.327	387
31.353	327	31.377	412
31.403	346	31.428	448
31.454	370	31.479	489
31.504	400	31.530	538
31.555	433	31.580	589
31.606	466	31.631	640
31.657	499	31.681	690
31.707	531	31.733	734
31.758	559	31.783	773
31.808	582	31.834	801
31.860	598	31.884	819
31.910	607	31.935	826
31.961	609	31.986	821
32.011	605	32.037	808
32.062	592	32.087	784
32.112	573	32.138	750
32.164	549	32.188	708
32.214	520	32.239	660
32.265	488	32.290	609
32.315	454	32.341	558
32.366	421	32.391	509
32.417	389	32.442	465
32.468	361	32.492	427
32.518	338	32.544	398
32.569	321	32.594	378
32.619	313	32.645	373
32.671	310	32.695	377
32.721	315	32.746	394
32.772	327	32.797	420
32.822	346	32.848	456
32.873	371	32.898	499
32.923	400	32.949	547
32.975	432	32.999	597
33.025	465	33.050	647
33.076	498	33.101	696
33.126	529	33.152	739
33.177	557	33.202	774
33.228	580	33.253	801
33.279	596	33.303	817
33.329	606	33.355	821
33.380	608	33.405	816
33.430	604	33.456	801
33.482	592	33.506	775
33.532	573	33.557	740
33.583	549	33.608	698
33.633	520	33.659	651
33.684	488	33.710	600
33.734	455	33.760	551
33.786	422	33.811	503
33.836	391	33.861	461
33.887	363	33.913	425
33.937	340	33.963	397
33.988	323	34.014	381
34.039	314	34.064	378
34.090	312	34.115	384
34.140	316	34.166	401
34.191	329	34.217	429
34.241	347	34.267	465
34.293	372	34.318	508
34.343	399	34.368	556
34.394	432	34.420	605
34.444	464	34.470	654
34.495	497	34.521	700
34.546	528	34.571	742
34.597	556	34.622	775
34.647	578	34.672	800
34.698	595	34.724	814
34.748	605	34.774	816
34.799	608	34.825	810
34.850	604	34.875	793
34.901	592	34.926	766
34.951	574	34.977	731
35.002	550	35.028	688
35.052	521	35.078	642
35.104	489	35.129	593
35.154	456	35.179	544
35.205	424	35.231	497
35.255	392	35.281	457
35.306	364	35.332	424
35.357	341	35.382	399
35.408	324	35.433	385
35.458	315	35.483	383
35.509	312	35.535	391
35.559	317	35.585	410
35.610	328	35.636	439
35.661	347	35.686	475
35.712	371	35.737	518
35.762	399	35.788	564
35.813	431	35.839	612
35.863	464	35.889	660
35.915	497	35.940	704
35.965	528	35.990	744
36.016	556	36.042	775
36.066	578	36.092	798
36.117	595	36.143	809
36.168	605	36.193	810
36.219	608	36.244	802
36.269	604	36.294	784
36.320	592	36.346	757
36.370	574	36.396	721
36.421	550	36.447	678
36.472	522	36.497	634
36.523	490	36.548	585
36.573	457	36.599	538
36.624	424	36.650	495
36.674	393	36.700	456
36.726	365	36.751	423
36.776	342	36.801	402
36.827	324	36.853	390
36.877	315	36.903	390
36.928	312	36.954	399
36.979	317	37.004	418
37.030	329	37.055	448
37.080	347	37.106	484
37.131	370	37.157	526
37.181	400	37.207	571
37.232	431	37.258	619
37.283	464	37.308	665
37.334	497	37.359	708
37.385	529	37.410	745
37.435	556	37.461	773
37.486	579	37.511	794
37.537	596	37.562	803
37.588	606	37.612	803
37.638	608	37.664	795
37.689	605	37.714	776
37.739	593	37.765	747
37.791	573	37.815	712
37.841	550	37.866	670
37.892	522	37.917	626
37.942	490	37.968	578
37.993	457	38.018	533
38.043	424	38.069	492
38.095	393	38.119	455
38.145	364	38.170	425
38.196	341	38.221	405
38.246	324	38.272	396
38.297	314	38.322	396
38.348	312	38.373	407
38.399	316	38.423	428
38.449	328	38.475	457
38.500	347	38.525	493
38.550	371	38.576	535
38.602	400	38.626	579
38.652	432	38.677	624
38.703	465	38.728	668
38.753	498	38.779	710
38.804	530	38.829	744
38.854	558	38.880	771
38.906	580	38.930	789
38.956	597	38.981	797
39.007	607	39.032	796
39.057	609	39.083	786
39.108	605	39.133	766
39.159	593	39.184	738
39.210	575	39.234	703
39.260	550	39.286	662
39.311	521	39.336	618
39.361	489	39.387	573
39.413	455	39.437	530
39.463	422	39.488	490
39.514	390	39.539	455
39.564	363	39.590	428
39.615	340	39.640	410
39.666	323	39.691	402
39.717	313	39.741	404
39.767	310	39.792	416
39.818	316	39.843	437
39.868	329	39.894	466
39.919	347	39.944	502
39.970	372	39.995	542
40.021	401	40.045	586
40.071	434	40.097	629
40.122	467	40.147	671
40.172	501	40.198	710
40.224	532	40.248	743
40.274	560	40.299	768
40.325	582	40.350	784
40.375	599	40.401	790
40.426	608	40.452	788
40.477	611	40.502	777
40.528	606	40.553	757
40.578	593	40.603	729
40.629	574	40.655	693
40.679	550	40.705	654
40.730	520	40.756	612
40.781	488	40.806	568
40.832	454	40.857	526
40.882	421	40.908	488
40.933	388	40.959	456
40.983	360	41.009	431
41.035	338	41.060	415
41.085	321	41.110	408
41.136	312	41.162	412
41.186	310	41.212	424
41.237	316	41.263	446
41.288	329	41.313	474
41.339	348	41.364	510
41.389	373	41.414	548
41.440	403	41.466	591
41.490	436	41.516	634
41.541	469	41.567	674
41.592	503	41.617	710
41.643	534	41.668	741
41.693	562	41.719	764
41.744	585	41.770	779
41.794	601	41.820	784
41.846	610	41.871	781
41.896	612	41.921	769
41.947	607	41.973	748
41.997	593	42.023	720
42.048	574	42.074	686
42.099	548	42.124	647
42.150	518	42.175	606
42.200	485	42.226	564
42.251	452	42.277	525
42.301	418	42.327	489
42.352	385	42.378	459
42.403	358	42.428	435
42.454	335	42.479	421
42.504	319	42.530	416
42.555	311	42.581	419
42.605	309	42.631	432
42.657	315	42.682	454
42.707	329	42.732	481
42.758	349	42.784	517
42.808	375	42.834	555
42.859	406	42.885	595
42.910	438	42.935	636
42.961	473	42.986	674
43.011	506	43.037	709
43.062	538	43.088	738
43.112	566	43.138	760
43.163	588	43.189	773
43.214	604	43.239	777
43.265	612	43.290	773
43.315	613	43.341	760
43.366	607	43.392	740
43.416	593	43.442	713
43.468	572	43.493	679
43.518	547	43.543	642
43.569	516	43.595	602
43.619	483	43.645	562
43.670	448	43.696	525
43.721	414	43.746	490
43.772	383	43.797	462
43.822	356	43.848	439
43.873	333	43.899	427
43.923	317	43.949	423
43.974	310	44.000	427
44.025	309	44.050	440
44.076	316	44.101	462
44.126	331	44.152	489
44.177	352	44.203	524
44.227	378	44.253	560
44.279	409	44.304	599
44.329	443	44.354	638
44.380	476	44.406	674
44.430	511	44.456	707
44.481	542	44.507	734
44.532	569	44.557	754
44.583	591	44.608	767
44.633	606	44.659	769
44.684	613	44.710	766
44.734	614	44.760	753
44.786	607	44.811	733
44.836	592	44.861	706
44.887	570	44.912	674
44.937	543	44.963	637
44.988	513	45.014	599
45.038	479	45.064	561
45.090	444	45.115	525
45.140	411	45.165	492
45.191	380	45.217	465
45.241	352	45.267	445
45.292	330	45.318	434
45.343	315	45.368	429
45.394	308	45.419	434
45.444	308	45.470	448
45.495	317	45.521	468
45.545	333	45.571	495
45.597	354	45.622	528
45.647	382	45.672	564
45.698	414	45.723	601
45.748	447	45.774	638
45.799	482	45.825	673
45.849	515	45.875	704
45.901	546	45.926	731
45.951	572	45.976	750
46.002	594	46.028	759
46.052	608	46.078	764
46.103	614	46.129	759
46.154	614	46.179	747
46.205	606	46.230	727
46.255	590	46.281	701
46.306	568	46.332	669
46.356	540	46.382	634
46.408	509	46.433	597
46.458	474	46.483	560
46.509	440	46.534	526
46.559	407	46.585	495
46.610	375	46.636	469
46.660	348	46.686	451
46.712	327	46.737	440
46.762	314	46.787	436
46.813	308	46.839	442
46.863	309	46.889	454
46.914	318	46.940	473
46.965	335	46.990	500
47.016	358	47.041	532
47.066	386	47.092	566
47.117	417	47.143	603
47.167	451	47.193	638
47.219	486	47.244	672
47.269	520	47.294	702
47.320	551	47.346	727
47.370	577	47.396	745
47.421	597	47.447	754
47.471	610	47.497	758
47.523	615	47.548	752
47.573	613	47.598	741
47.624	604	47.650	720
47.674	587	47.700	695
47.725	564	47.751	665
47.776	536	47.801	631
47.827	503	47.852	596
47.877	470	47.903	560
47.928	434	47.954	527
47.978	401	48.004	497
48.030	371	48.055	473
48.080	345	48.105	455
48.131	325	48.157	446
48.181	312	48.207	442
48.232	308	48.258	447
48.282	309	48.308	460
48.334	320	48.359	479
48.384	338	48.409	505
48.435	362	48.461	535
48.485	390	48.511	568
48.536	424	48.562	603
48.587	457	48.612	638
48.638	492	48.663	670
48.688	525	48.714	699
48.739	555	48.765	722
48.789	580	48.815	740
48.841	600	48.866	749
48.891	611	48.916	752
48.942	615	48.968	747
48.992	612	49.018	735
49.043	602	49.069	716
49.093	584	49.119	691
49.145	560	49.170	662
49.195	531	49.220	629
49.246	498	49.272	596
49.296	464	49.322	561
49.347	429	49.373	530
49.399	396	49.423	501
49.449	367	49.474	477
49.500	341	49.525	460
49.550	322	49.576	451
49.601	312	49.626	448
49.652	308	49.677	453
49.703	312	49.727	464
49.753	324	49.779	483
49.804	342	49.829	508
49.854	366	49.880	537
49.906	396	49.930	569
49.956	429	49.981	604
50.007	463	50.031	637
50.057	497	50.083	667
50.108	530	50.133	695
50.158	559	50.184	718
50.210	584	50.234	735
50.260	601	50.285	744
50.311	612	50.336	747
50.361	614	50.387	742
50.412	610	50.437	730
