#Creator: pendulumviewEventBuffer
#Creation time: Thu Mar  7 11:06:45 2019
#Time A	Pos A	Time B	Pos B
#[s]	[au]	[s]	[au]
0.026	330	0.051	787
0.076	325	0.102	788
0.127	321	0.153	789
0.177	315	0.203	789
0.228	307	0.254	790
0.279	301	0.304	790
0.330	297	0.355	791
0.380	295	0.406	790
0.431	296	0.457	789
0.481	298	0.507	788
0.533	301	0.558	788
0.583	305	0.608	789
0.634	307	0.660	789
0.684	308	0.710	790
0.735	308	0.761	792
0.786	307	0.811	793
0.837	305	0.862	794
0.887	303	0.913	794
0.938	301	0.964	794
0.988	300	1.014	793
1.040	300	1.065	793
1.090	301	1.115	792
1.141	303	1.166	792
1.191	304	1.217	792
1.242	305	1.268	793
1.292	307	1.318	793
1.344	307	1.369	794
1.394	307	1.419	794
1.445	307	1.471	795
1.495	306	1.521	795
1.546	305	1.572	795
1.597	305	1.622	794
1.648	305	1.673	794
1.698	304	1.724	794
1.749	304	1.775	794
1.799	304	1.825	795
1.851	305	1.876	795
1.901	305	1.926	796
1.952	305	1.977	796
2.002	307	2.028	796
2.053	308	2.079	795
2.103	308	2.129	794
2.155	308	2.180	793
2.205	308	2.230	793
2.256	308	2.282	794
2.306	308	2.332	792
2.357	308	2.383	792
2.408	309	2.433	792
2.459	309	2.484	792
2.509	309	2.535	791
2.560	309	2.586	791
2.610	309	2.636	791
2.662	310	2.687	790
2.712	309	2.737	790
2.763	310	2.788	789
2.813	310	2.839	790
2.864	309	2.890	788
2.914	309	2.940	787
2.966	309	2.991	785
3.016	308	3.041	783
3.067	308	3.093	781
3.117	309	3.143	779
3.168	310	3.194	778
3.219	311	3.244	778
3.270	312	3.295	778
3.320	314	3.346	779
3.371	316	3.397	779
3.421	318	3.447	781
3.473	320	3.498	781
3.523	321	3.548	782
3.574	323	3.600	783
3.624	324	3.650	784
3.675	324	3.701	785
3.725	324	3.751	787
3.777	325	3.802	787
3.827	325	3.852	787
3.878	324	3.904	787
3.928	323	3.954	786
3.979	322	4.005	785
4.030	322	4.055	785
4.081	322	4.106	785
4.131	322	4.157	785
4.182	321	4.208	786
4.232	320	4.258	788
4.284	320	4.309	788
4.334	318	4.359	790
4.385	318	4.411	790
4.435	316	4.461	790
4.486	314	4.512	789
4.536	314	4.562	790
4.588	312	4.613	789
4.638	312	4.663	788
4.689	312	4.715	787
4.739	312	4.765	787
4.790	312	4.816	787
4.841	312	4.866	787
4.892	312	4.917	788
4.942	312	4.968	788
4.993	311	5.019	788
5.043	311	5.069	788
5.095	311	5.120	789
5.145	310	5.170	788
5.196	311	5.222	789
5.246	311	5.272	789
5.297	312	5.323	788
5.347	311	5.373	788
5.399	311	5.424	787
5.449	311	5.474	787
5.500	311	5.526	787
5.550	312	5.576	786
5.601	317	5.627	780
5.652	332	5.677	764
5.703	354	5.728	738
5.753	384	5.779	703
5.804	419	5.830	662
5.854	458	5.880	615
5.906	498	5.931	568
5.956	538	5.981	520
6.007	574	6.033	474
6.057	606	6.083	435
6.108	632	6.134	403
6.158	650	6.184	380
6.210	658	6.235	369
6.260	656	6.285	370
6.311	647	6.337	381
6.361	628	6.387	403
6.412	603	6.438	434
6.463	570	6.488	472
6.514	533	6.539	516
6.564	493	6.590	564
6.615	453	6.641	611
6.665	416	6.691	656
6.717	380	6.742	698
6.767	350	6.792	732
6.818	330	6.844	758
6.868	315	6.894	774
6.919	313	6.945	779
6.969	318	6.995	774
7.021	332	7.046	761
7.071	355	7.096	735
7.122	383	7.148	701
7.172	417	7.198	662
7.223	455	7.249	618
7.275	496	7.299	571
7.325	534	7.350	525
7.376	572	7.401	481
7.426	604	7.452	443
7.477	629	7.502	411
7.528	647	7.553	388
7.579	656	7.603	377
7.629	655	7.655	377
7.680	646	7.705	385
7.730	628	7.756	406
7.782	603	7.806	436
7.832	572	7.857	472
7.883	535	7.907	513
7.933	496	7.959	559
7.984	456	8.009	605
8.034	418	8.060	650
8.086	383	8.110	690
8.136	353	8.161	725
8.187	331	8.212	751
8.237	317	8.263	767
8.288	313	8.313	773
8.339	318	8.364	769
8.390	331	8.414	757
8.440	352	8.466	733
8.491	380	8.516	702
8.541	414	8.567	663
8.593	453	8.617	621
8.643	491	8.668	575
8.694	531	8.718	530
8.744	567	8.770	487
8.795	600	8.820	449
8.845	627	8.871	417
8.897	645	8.921	394
8.947	654	8.972	382
8.998	654	9.023	382
9.048	647	9.074	389
9.099	630	9.124	409
9.150	605	9.175	437
9.201	575	9.225	471
9.251	538	9.277	512
9.302	499	9.327	557
9.352	460	9.378	602
9.404	421	9.428	645
9.454	386	9.479	685
9.505	356	9.529	718
9.555	333	9.581	744
9.606	318	9.631	760
9.656	313	9.682	767
9.708	317	9.732	764
9.758	330	9.783	752
9.809	351	9.834	730
9.859	379	9.885	701
9.910	412	9.935	664
9.961	449	9.986	622
10.012	489	10.036	578
10.062	528	10.088	534
10.113	564	10.138	492
10.163	597	10.189	455
10.215	623	10.239	424
10.265	643	10.290	403
10.316	653	10.340	390
10.366	654	10.392	388
10.417	647	10.443	394
10.467	631	10.493	414
10.519	607	10.544	439
10.569	577	10.594	473
10.620	542	10.646	512
10.670	503	10.696	555
10.721	463	10.747	598
10.772	424	10.797	640
10.823	389	10.848	679
10.873	359	10.899	713
10.924	335	10.950	739
10.974	320	11.000	755
11.026	314	11.051	762
11.076	318	11.101	760
11.127	329	11.153	749
11.177	350	11.203	727
11.228	376	11.254	699
11.278	408	11.304	663
11.330	446	11.355	623
11.380	485	11.405	581
11.431	524	11.457	538
11.481	561	11.507	497
11.532	594	11.558	461
11.583	621	11.608	431
11.634	641	11.659	408
11.684	651	11.710	395
11.735	653	11.761	394
11.785	647	11.811	400
11.837	633	11.862	416
11.887	610	11.912	442
11.938	580	11.964	474
11.988	545	12.014	512
12.039	507	12.065	553
12.089	467	12.115	596
12.141	429	12.166	637
12.191	393	12.216	675
12.242	363	12.268	708
12.292	338	12.318	733
12.343	322	12.369	749
12.394	316	12.419	757
12.445	318	12.470	754
12.495	328	12.521	744
12.546	348	12.572	724
12.596	373	12.622	696
12.648	405	12.673	662
12.698	442	12.723	624
12.749	480	12.775	582
12.799	520	12.825	541
12.850	556	12.876	501
12.900	590	12.926	465
12.952	617	12.977	436
13.002	638	13.027	414
13.053	649	13.079	401
13.103	652	13.129	398
13.154	647	13.180	404
13.205	633	13.230	420
13.256	611	13.281	445
13.306	582	13.332	476
13.357	548	13.383	512
13.407	511	13.433	553
13.459	471	13.484	594
13.509	433	13.534	634
13.560	398	13.586	671
13.610	367	13.636	703
13.661	342	13.687	728
13.712	325	13.737	745
13.763	317	13.788	752
13.813	319	13.838	750
13.864	328	13.890	741
13.914	346	13.940	721
13.965	371	13.991	694
14.016	401	14.041	661
14.067	437	14.092	624
14.117	476	14.143	583
14.168	514	14.194	543
14.218	552	14.244	504
14.270	585	14.295	469
14.320	614	14.345	440
14.371	635	14.397	419
14.421	648	14.447	406
14.472	651	14.498	404
14.523	647	14.548	408
14.574	634	14.599	425
14.624	612	14.649	448
14.675	585	14.701	478
14.725	552	14.751	514
14.776	514	14.802	552
14.827	476	14.852	592
14.878	438	14.903	632
14.929	402	14.954	668
14.979	370	15.005	700
15.030	344	15.055	724
15.081	326	15.106	741
15.132	318	15.156	747
15.182	319	15.208	746
15.233	327	15.258	736
15.283	344	15.309	718
15.335	368	15.359	692
15.385	398	15.410	660
15.436	434	15.460	624
15.486	471	15.512	584
15.537	510	15.562	545
15.587	547	15.613	507
15.639	581	15.663	472
15.689	609	15.714	444
15.740	631	15.765	423
15.790	644	15.816	410
15.841	649	15.866	407
15.892	645	15.917	412
15.943	634	15.967	428
15.993	613	16.019	450
16.044	587	16.069	479
16.094	555	16.120	514
16.146	518	16.170	552
16.196	480	16.221	592
16.247	442	16.272	630
16.297	406	16.323	666
16.348	374	16.373	696
16.398	349	16.424	721
16.450	330	16.474	737
16.500	320	16.525	744
16.551	320	16.576	743
16.601	327	16.627	734
16.652	343	16.677	715
16.703	366	16.728	691
16.754	395	16.778	658
16.804	429	16.830	623
16.855	467	16.880	585
16.905	505	16.931	546
16.957	542	16.981	509
17.007	575	17.032	475
17.058	604	17.083	447
17.108	627	17.134	426
17.159	641	17.184	414
17.209	646	17.235	411
17.261	644	17.285	415
17.311	634	17.336	430
17.362	614	17.387	452
17.412	589	17.438	482
17.463	557	17.488	515
17.514	522	17.539	553
17.565	484	17.589	591
17.615	447	17.641	629
17.666	411	17.691	664
17.716	379	17.742	694
17.768	352	17.792	718
17.818	333	17.843	733
17.869	322	17.894	741
17.919	321	17.945	740
17.970	327	17.996	731
18.020	342	18.046	713
18.072	364	18.097	688
18.122	392	18.147	658
18.173	425	18.199	622
18.223	462	18.249	585
18.274	499	18.300	547
18.325	536	18.350	510
18.376	570	18.401	477
18.426	598	18.452	450
18.477	622	18.503	429
18.527	637	18.553	417
18.579	643	18.604	414
18.629	642	18.654	419
18.680	633	18.706	432
18.730	614	18.756	454
18.781	590	18.807	482
18.832	559	18.857	517
18.883	525	18.908	553
18.933	488	18.958	591
18.984	451	19.010	628
19.034	416	19.060	662
19.085	383	19.111	692
19.136	356	19.161	715
19.187	337	19.212	730
19.237	325	19.263	738
19.288	323	19.314	737
19.338	328	19.364	728
19.390	341	19.415	711
19.440	362	19.465	686
19.491	389	19.517	657
19.541	421	19.567	622
19.592	457	19.618	585
19.643	494	19.668	548
19.694	530	19.719	512
19.744	565	19.769	479
19.795	594	19.821	452
19.845	617	19.871	432
19.896	633	19.922	420
19.947	640	19.972	417
19.998	639	20.023	421
20.048	631	20.074	435
20.099	614	20.125	457
20.149	591	20.175	484
20.201	562	20.226	517
20.251	528	20.276	553
20.302	492	20.328	590
20.352	455	20.378	627
20.403	420	20.429	661
20.454	388	20.479	690
20.505	361	20.530	713
20.555	340	20.580	728
20.606	328	20.632	736
20.656	325	20.682	735
20.707	329	20.733	726
20.758	341	20.783	710
20.809	362	20.834	686
20.859	387	20.885	656
20.910	419	20.936	622
20.960	454	20.986	585
21.012	489	21.037	548
21.062	525	21.087	513
21.113	558	21.139	480
21.163	588	21.189	454
21.214	611	21.240	434
21.265	628	21.290	422
21.316	636	21.341	418
21.366	637	21.392	424
21.417	630	21.443	436
21.467	614	21.493	459
21.518	592	21.544	486
21.569	563	21.594	518
21.620	531	21.645	553
21.671	496	21.696	590
21.721	459	21.747	626
21.772	425	21.797	659
21.823	393	21.848	688
21.874	365	21.898	712
21.924	345	21.950	727
21.975	332	22.000	734
22.025	327	22.051	733
22.077	330	22.101	725
22.127	342	22.152	708
22.178	361	22.203	685
22.228	385	22.254	654
22.279	415	22.304	621
22.329	450	22.355	586
22.381	486	22.405	549
22.431	520	22.456	514
22.482	553	22.507	482
22.532	583	22.558	456
22.583	606	22.608	436
22.634	623	22.659	424
22.685	633	22.709	420
22.735	634	22.761	425
22.786	628	22.811	438
22.836	613	22.862	458
22.888	592	22.912	486
22.938	565	22.963	518
22.989	533	23.014	553
23.039	499	23.065	590
23.090	463	23.115	626
23.140	430	23.166	659
23.192	397	23.216	687
23.242	370	23.267	710
23.293	349	23.318	725
23.343	335	23.369	732
23.394	330	23.419	733
23.445	333	23.470	723
23.496	342	23.520	707
23.546	361	23.572	684
23.597	384	23.622	655
23.647	413	23.673	622
23.699	446	23.723	586
23.749	480	23.774	550
23.800	515	23.825	515
23.850	547	23.876	483
23.901	577	23.926	457
23.952	601	23.977	437
24.003	619	24.027	426
24.053	628	24.078	422
24.104	630	24.129	426
24.154	625	24.180	438
24.205	612	24.230	460
24.256	592	24.281	487
24.307	565	24.331	518
24.357	535	24.383	553
24.408	501	24.433	589
24.458	467	24.484	624
24.510	434	24.534	657
24.560	402	24.585	686
24.611	375	24.636	709
24.661	353	24.687	724
24.712	340	24.738	731
24.763	334	24.788	732
24.814	335	24.839	723
24.864	344	24.889	707
24.915	361	24.941	683
24.965	384	24.991	655
25.016	411	25.042	622
25.067	444	25.092	587
25.118	477	25.143	551
25.168	510	25.194	516
25.219	543	25.245	485
25.269	572	25.295	458
25.321	596	25.346	439
25.371	614	25.396	427
25.422	623	25.448	423
25.472	627	25.498	427
25.523	622	25.549	440
25.574	610	25.599	460
25.625	591	25.650	487
25.675	566	25.700	518
25.726	537	25.752	552
25.776	504	25.802	588
25.827	471	25.853	623
25.878	437	25.903	656
25.929	407	25.954	684
25.979	380	26.005	708
26.030	359	26.056	723
26.080	344	26.106	730
26.132	338	26.157	731
26.182	338	26.207	723
26.233	346	26.259	707
26.283	362	26.309	684
26.334	383	26.360	655
26.385	410	26.410	623
26.436	441	26.461	588
26.486	473	26.512	552
26.537	507	26.563	517
26.587	539	26.613	485
26.638	567	26.664	460
26.689	591	26.714	441
26.740	609	26.765	428
26.790	619	26.816	424
26.841	623	26.867	427
26.891	619	26.917	439
26.943	608	26.968	459
26.993	590	27.018	485
27.044	566	27.070	517
27.094	538	27.120	551
27.145	506	27.171	586
27.196	473	27.221	622
27.247	441	27.272	654
27.297	411	27.323	683
27.348	385	27.374	706
27.398	363	27.424	722
27.449	349	27.475	730
27.500	342	27.525	730
27.551	342	27.576	722
27.601	349	27.627	706
27.652	363	27.678	685
27.702	384	27.728	656
27.754	410	27.779	624
27.804	439	27.829	589
27.855	471	27.881	554
27.905	502	27.931	519
27.956	534	27.982	487
28.007	562	28.032	461
28.058	586	28.083	441
28.108	604	28.134	430
28.159	615	28.185	425
28.209	619	28.235	428
28.260	616	28.286	440
28.311	606	28.336	459
28.362	588	28.387	484
28.412	566	28.438	516
28.463	539	28.489	549
28.513	508	28.539	585
28.565	476	28.590	620
28.615	445	28.640	653
28.666	415	28.692	682
28.716	389	28.742	705
28.767	368	28.793	720
28.818	353	28.843	729
28.869	346	28.894	730
28.919	345	28.945	723
28.970	352	28.996	708
29.020	366	29.046	685
29.072	386	29.097	658
29.122	410	29.147	626
29.173	438	29.198	591
29.223	469	29.249	556
29.274	500	29.300	521
29.324	531	29.350	490
29.376	558	29.401	463
29.426	582	29.451	443
29.477	599	29.503	430
29.527	610	29.553	425
29.578	615	29.604	428
29.629	612	29.654	440
29.680	603	29.705	459
29.730	587	29.756	483
29.781	565	29.807	514
29.831	538	29.857	547
29.883	509	29.908	583
29.933	478	29.958	618
29.984	448	30.009	651
30.034	419	30.060	680
30.085	393	30.111	704
30.135	372	30.161	720
30.187	358	30.212	728
30.237	350	30.262	729
30.288	349	30.314	723
30.338	355	30.364	709
30.389	368	30.415	687
30.440	387	30.465	659
30.491	410	30.516	628
30.541	437	30.567	593
30.592	467	30.618	558
30.642	497	30.668	523
30.694	527	30.719	492
30.744	554	30.769	465
30.795	577	30.820	445
30.845	595	30.871	431
30.896	606	30.922	425
30.946	611	30.972	427
30.998	609	31.023	440
31.048	600	31.073	457
31.099	585	31.125	481
31.149	564	31.175	512
31.200	539	31.226	545
31.251	510	31.276	580
31.302	480	31.327	615
31.352	451	31.378	649
31.403	422	31.429	678
31.453	397	31.479	701
31.505	376	31.530	718
31.555	362	31.580	727
31.606	354	31.632	729
31.656	353	31.682	722
31.707	358	31.733	709
31.757	371	31.783	688
31.809	388	31.834	661
31.859	411	31.884	630
31.910	437	31.936	596
31.960	467	31.986	561
32.011	496	32.037	526
32.062	524	32.087	495
32.113	551	32.138	467
32.163	573	32.189	446
32.214	591	32.240	432
32.264	602	32.290	426
32.316	607	32.341	428
32.366	606	32.391	438
32.417	597	32.443	456
32.467	583	32.493	480
32.518	563	32.544	509
32.568	538	32.594	543
32.620	510	32.645	577
32.670	481	32.695	612
32.721	452	32.747	645
32.771	424	32.797	675
32.822	400	32.848	699
32.873	380	32.898	716
32.924	366	32.949	726
32.974	358	33.000	728
33.025	356	33.051	722
33.075	361	33.101	709
33.127	372	33.152	689
33.177	390	33.202	663
33.228	411	33.254	633
33.278	438	33.304	599
33.329	466	33.355	564
33.379	495	33.405	530
33.431	522	33.456	497
33.481	549	33.506	470
33.532	570	33.558	448
33.582	587	33.608	434
33.633	598	33.659	427
33.684	603	33.709	428
33.735	602	33.760	438
33.785	594	33.811	454
33.836	580	33.862	478
33.886	561	33.912	507
33.938	537	33.963	540
33.988	511	34.013	574
34.039	482	34.065	609
34.089	454	34.115	642
34.140	427	34.166	671
34.190	403	34.216	697
34.242	384	34.267	715
34.293	370	34.317	724
34.343	362	34.369	728
34.394	360	34.419	723
34.444	365	34.470	711
34.496	376	34.520	690
34.546	392	34.571	665
34.597	413	34.622	635
34.647	438	34.673	601
34.698	465	34.723	567
34.749	494	34.774	533
34.800	520	34.824	501
34.850	546	34.876	473
34.901	567	34.926	451
34.951	584	34.977	436
35.003	595	35.027	429
35.053	600	35.078	429
35.104	599	35.128	438
35.154	591	35.180	453
35.205	578	35.230	476
35.255	559	35.281	505
35.307	536	35.331	537
35.357	510	35.382	571
35.408	482	35.433	606
35.458	455	35.484	638
35.509	429	35.534	669
35.560	406	35.585	693
35.611	386	35.635	712
35.661	373	35.687	722
35.712	365	35.737	727
35.762	363	35.788	723
35.814	367	35.838	711
35.864	379	35.889	693
35.915	394	35.939	668
35.965	415	35.991	638
36.016	440	36.041	605
36.066	466	36.092	570
36.118	493	36.142	536
36.168	520	36.193	505
36.219	544	36.244	477
36.269	565	36.295	454
36.320	581	36.345	438
36.371	591	36.396	431
36.422	597	36.446	430
36.472	596	36.498	438
36.523	588	36.548	452
36.573	575	36.599	475
36.625	557	36.649	502
36.675	535	36.700	534
36.726	510	36.750	567
36.776	483	36.802	602
36.827	456	36.852	635
36.877	430	36.903	665
36.929	408	36.953	691
36.979	389	37.004	709
37.030	376	37.055	721
37.080	368	37.106	725
37.131	366	37.156	722
37.182	371	37.207	711
37.233	381	37.258	693
37.283	396	37.309	669
37.334	417	37.360	640
37.384	440	37.410	608
37.436	466	37.461	574
37.486	491	37.511	540
37.537	518	37.563	508
37.587	543	37.613	481
37.638	563	37.664	457
37.688	579	37.714	441
37.740	589	37.765	433
37.790	594	37.815	431
37.841	593	37.867	439
37.891	585	37.917	453
37.942	573	37.968	474
37.993	556	38.018	500
38.044	534	38.069	531
38.094	509	38.120	564
38.145	483	38.171	598
38.195	456	38.221	630
38.247	432	38.272	660
38.297	410	38.322	686
38.348	392	38.374	706
38.398	379	38.424	718
38.449	371	38.475	723
38.499	369	38.525	721
38.551	373	38.576	711
38.601	383	38.626	695
38.652	398	38.678	671
38.702	418	38.728	643
38.753	442	38.779	611
38.804	467	38.829	578
38.855	492	38.880	544
38.905	517	38.931	512
38.956	542	38.982	484
39.006	561	39.032	461
39.058	577	39.083	444
39.108	587	39.133	435
39.159	591	39.185	433
39.209	591	39.235	440
39.260	583	39.286	452
39.310	571	39.336	472
39.362	554	39.387	498
39.412	532	39.437	529
39.463	509	39.489	561
39.513	483	39.539	594
39.564	457	39.590	626
39.615	433	39.640	657
39.666	411	39.691	682
39.716	393	39.742	702
39.767	381	39.793	715
39.817	373	39.843	721
39.869	371	39.894	720
39.919	375	39.944	711
39.970	385	39.996	695
40.020	400	40.046	673
40.071	419	40.097	645
40.121	442	40.147	614
40.173	467	40.198	581
40.223	492	40.248	549
40.274	518	40.300	517
40.324	540	40.350	489
40.375	560	40.401	465
40.426	575	40.451	448
40.477	585	40.502	439
40.528	590	40.553	436
40.578	589	40.604	440
40.629	582	40.654	452
40.680	570	40.705	471
40.731	553	40.755	496
40.781	532	40.807	526
40.832	508	40.857	558
40.882	482	40.908	591
40.934	458	40.958	623
40.984	434	41.009	652
41.035	413	41.059	678
41.085	395	41.111	699
41.136	383	41.161	712
41.186	375	41.212	718
41.238	373	41.262	718
41.288	378	41.313	709
41.339	387	41.364	695
41.389	402	41.415	674
41.440	421	41.465	647
41.491	444	41.516	617
41.542	468	41.566	585
41.592	492	41.618	553
41.643	517	41.668	521
41.693	540	41.719	493
41.745	559	41.769	469
41.795	573	41.820	451
41.846	583	41.870	442
41.896	588	41.922	438
41.947	587	41.972	441
41.997	580	42.023	453
42.049	567	42.073	471
42.099	551	42.124	495
42.150	531	42.175	523
42.200	508	42.226	555
42.251	482	42.276	587
42.302	457	42.327	619
42.353	435	42.377	648
42.403	414	42.429	674
42.454	397	42.479	695
42.504	384	42.530	708
42.556	377	42.580	716
42.606	375	42.631	716
42.657	380	42.681	709
42.707	389	42.733	695
42.758	404	42.783	674
42.808	422	42.834	649
42.860	444	42.884	620
42.910	468	42.935	588
42.961	492	42.986	556
43.011	517	43.037	525
43.062	539	43.087	497
43.113	557	43.138	473
43.164	572	43.188	456
43.214	582	43.240	445
43.265	586	43.290	440
43.315	585	43.341	444
43.367	578	43.391	455
43.417	567	43.442	471
43.468	550	43.492	494
43.518	530	43.544	521
43.569	507	43.595	552
43.619	483	43.645	583
43.671	458	43.696	615
43.721	435	43.746	644
43.772	414	43.798	670
43.822	397	43.848	690
43.873	385	43.899	704
43.924	378	43.949	712
43.975	377	44.000	714
44.025	380	44.051	707
44.076	390	44.102	694
44.126	405	44.152	675
44.178	422	44.203	650
44.228	445	44.253	622
44.279	467	44.305	591
44.329	492	44.355	560
44.380	516	44.406	530
44.430	538	44.456	501
44.482	557	44.507	478
44.532	571	44.557	460
44.583	581	44.609	449
44.633	585	44.659	444
44.684	584	44.710	446
44.735	577	44.760	455
44.786	565	44.811	471
44.836	549	44.862	493
44.887	529	44.913	519
44.937	506	44.963	549
44.989	483	45.014	580
45.039	458	45.064	611
45.090	436	45.116	639
45.140	415	45.166	665
45.191	399	45.217	687
45.241	387	45.267	701
45.293	380	45.318	709
45.343	378	45.368	711
45.394	383	45.420	705
45.444	391	45.470	693
45.495	406	45.521	675
45.546	425	45.571	651
45.597	445	45.622	624
45.647	469	45.673	594
45.698	492	45.724	564
45.748	516	45.774	534
45.800	538	45.825	506
45.850	556	45.875	482
45.901	570	45.927	464
45.951	580	45.977	453
46.002	584	46.028	448
46.052	583	46.078	448
46.104	577	46.129	457
46.154	565	46.179	472
46.205	549	46.231	493
46.255	529	46.281	518
46.306	506	46.332	547
46.357	482	46.382	577
46.408	458	46.433	606
46.458	436	46.484	635
46.509	416	46.535	660
46.559	399	46.585	681
46.611	387	46.636	696
46.661	380	46.686	705
46.712	379	46.738	708
46.762	383	46.788	703
46.813	393	46.839	691
46.864	406	46.889	674
46.915	424	46.940	652
46.965	446	46.990	626
47.016	468	47.042	597
47.066	494	47.092	567
47.117	516	47.143	538
47.168	537	47.193	511
47.219	556	47.244	487
47.269	570	47.295	469
47.320	579	47.346	457
47.370	584	47.396	451
47.422	583	47.447	451
47.472	576	47.497	459
47.523	564	47.549	473
47.573	548	47.599	493
47.624	528	47.650	517
47.675	506	47.700	545
47.726	483	47.751	574
47.776	459	47.801	603
47.827	437	47.853	631
47.877	417	47.903	656
47.928	400	47.954	678
47.979	388	48.004	692
48.030	381	48.055	701
48.081	380	48.106	705
48.131	383	48.157	699
48.182	393	48.207	690
48.233	407	48.258	673
48.284	425	48.308	652
48.334	446	48.360	627
48.385	468	48.410	599
48.435	492	48.461	570
48.487	515	48.511	542
48.537	537	48.562	515
48.588	555	48.612	491
48.638	569	48.664	473
48.689	578	48.714	461
48.739	583	48.765	455
48.791	581	48.815	455
48.841	576	48.866	462
48.892	565	48.917	475
48.942	548	48.968	494
48.993	529	49.018	517
49.044	506	49.069	543
49.095	483	49.119	571
49.145	460	49.171	600
49.196	438	49.221	628
49.246	418	49.272	652
49.298	401	49.322	673
49.348	389	49.373	687
49.399	382	49.424	697
49.449	380	49.475	700
49.500	384	49.525	697
49.550	393	49.576	687
49.602	407	49.626	672
49.652	424	49.677	652
49.703	445	49.728	627
49.753	468	49.779	601
49.804	493	49.829	573
49.855	514	49.880	545
49.906	536	49.930	518
49.956	554	49.982	496
50.007	568	50.032	478
50.057	578	50.083	465
50.109	583	50.133	458
50.159	581	50.184	459
50.210	575	50.235	465
50.260	565	50.286	477
50.311	549	50.336	495
