#Creator: pendulumviewEventBuffer
#Creation time: Thu Mar  7 10:31:07 2019
#Time A	Pos A	Time B	Pos B
#[s]	[au]	[s]	[au]
0.025	654	0.051	782
0.076	653	0.101	782
0.126	652	0.152	783
0.178	652	0.202	783
0.228	652	0.253	784
0.279	652	0.303	784
0.329	652	0.355	783
0.380	652	0.405	783
0.430	652	0.456	782
0.482	652	0.506	781
0.532	652	0.557	781
0.583	652	0.608	781
0.633	652	0.659	781
0.684	652	0.709	782
0.735	652	0.760	782
0.786	653	0.811	782
0.836	652	0.862	782
0.887	652	0.913	782
0.937	652	0.963	781
0.989	652	1.014	780
1.039	652	1.064	779
1.090	652	1.116	779
1.140	653	1.166	779
1.191	652	1.217	780
1.241	653	1.267	781
1.293	653	1.318	782
1.343	654	1.368	783
1.394	654	1.420	784
1.444	655	1.470	785
1.495	656	1.521	786
1.546	656	1.571	787
1.597	657	1.622	787
1.647	658	1.673	789
1.698	658	1.724	789
1.748	656	1.774	789
1.800	655	1.825	788
1.850	651	1.875	781
1.901	638	1.927	763
1.951	620	1.977	736
2.002	591	2.028	701
2.052	557	2.078	661
2.104	518	2.129	618
2.154	478	2.179	570
2.205	436	2.231	524
2.255	397	2.281	481
2.306	361	2.332	443
2.357	330	2.382	412
2.408	306	2.433	390
2.458	291	2.484	378
2.509	288	2.535	377
2.559	293	2.585	385
2.611	305	2.636	404
2.661	326	2.686	431
2.712	354	2.738	467
2.762	388	2.788	508
2.813	428	2.839	552
2.863	468	2.889	599
2.915	508	2.940	644
2.965	547	2.990	686
3.016	582	3.042	723
3.066	611	3.092	751
3.117	633	3.143	773
3.168	646	3.193	783
3.219	651	3.244	784
3.269	647	3.295	777
3.320	634	3.346	759
3.370	612	3.396	732
3.422	585	3.447	697
3.472	551	3.497	657
3.523	512	3.549	614
3.573	472	3.599	567
3.624	432	3.650	523
3.675	393	3.700	481
3.726	359	3.751	444
3.776	330	3.801	414
3.827	308	3.853	392
3.877	295	3.903	381
3.928	291	3.954	380
3.979	296	4.004	388
4.030	310	4.055	408
4.080	331	4.106	435
4.131	359	4.157	469
4.181	393	4.207	510
4.233	432	4.258	554
4.283	472	4.308	600
4.334	511	4.360	645
4.384	549	4.410	686
4.435	583	4.461	722
4.486	611	4.511	751
4.537	631	4.562	771
4.587	643	4.612	781
4.638	646	4.664	781
4.688	642	4.714	774
4.739	629	4.765	755
4.790	607	4.815	729
4.841	579	4.866	695
4.892	545	4.917	655
4.942	508	4.968	611
4.993	468	5.018	567
5.044	429	5.069	522
5.095	392	5.119	480
5.145	358	5.171	444
5.196	330	5.221	414
5.246	309	5.272	393
5.298	297	5.322	383
5.348	295	5.373	382
5.399	300	5.423	391
5.449	314	5.475	410
5.500	336	5.525	438
5.550	364	5.576	473
5.602	399	5.626	514
5.652	437	5.677	558
5.703	475	5.728	603
5.753	514	5.779	647
5.804	550	5.829	687
5.855	584	5.880	722
5.906	610	5.930	751
5.956	630	5.982	770
6.007	641	6.032	779
6.057	643	6.083	779
6.109	637	6.133	770
6.159	624	6.184	752
6.210	602	6.235	725
6.260	574	6.286	692
6.311	540	6.336	652
6.361	503	6.387	608
6.413	464	6.437	564
6.463	426	6.488	520
6.514	389	6.539	479
6.564	357	6.590	444
6.615	330	6.640	415
6.666	311	6.691	395
6.717	301	6.741	385
6.767	299	6.793	386
6.818	306	6.843	394
6.868	320	6.894	414
6.920	342	6.944	443
6.970	370	6.995	477
7.021	404	7.046	518
7.071	441	7.097	562
7.122	479	7.147	605
7.172	517	7.198	648
7.224	552	7.248	688
7.274	583	7.299	723
7.325	609	7.350	750
7.375	627	7.401	768
7.426	637	7.451	777
7.477	639	7.502	776
7.528	633	7.552	768
7.578	619	7.604	749
7.629	596	7.654	722
7.679	568	7.705	687
7.731	535	7.755	649
7.781	499	7.806	605
7.832	461	7.857	561
7.882	423	7.908	518
7.933	388	7.959	478
7.983	357	8.009	443
8.035	332	8.060	415
8.085	313	8.110	395
8.136	304	8.162	387
8.186	303	8.212	388
8.237	310	8.263	398
8.288	325	8.313	418
8.339	347	8.364	446
8.389	375	8.415	480
8.440	408	8.466	520
8.490	445	8.516	564
8.542	482	8.567	608
8.592	518	8.617	651
8.643	553	8.669	690
8.693	583	8.719	723
8.744	607	8.770	750
8.795	624	8.820	768
8.846	634	8.871	775
8.896	635	8.921	775
8.947	628	8.973	765
8.997	613	9.023	746
9.048	591	9.074	718
9.099	563	9.124	685
9.150	531	9.175	645
9.200	494	9.226	603
9.251	458	9.277	559
9.301	421	9.327	516
9.353	387	9.378	476
9.403	357	9.428	443
9.454	332	9.480	415
9.504	315	9.530	396
9.555	307	9.581	388
9.606	307	9.631	390
9.657	314	9.682	401
9.707	330	9.732	420
9.758	351	9.784	449
9.808	379	9.834	484
9.859	413	9.885	524
9.910	449	9.935	567
9.961	484	9.986	611
10.011	521	10.037	653
10.062	555	10.088	691
10.112	583	10.138	724
10.164	606	10.189	750
10.214	622	10.239	767
10.265	630	10.291	774
10.315	631	10.341	772
10.366	623	10.392	763
10.417	608	10.442	743
10.468	586	10.493	715
10.518	559	10.543	681
10.569	525	10.595	642
10.619	490	10.645	599
10.670	455	10.696	556
10.721	419	10.746	513
10.772	386	10.797	475
10.822	357	10.848	442
10.873	334	10.899	415
10.923	318	10.949	397
10.975	310	11.000	390
11.025	311	11.050	392
11.076	319	11.102	404
11.126	335	11.152	425
11.177	357	11.203	453
11.228	384	11.253	488
11.279	416	11.304	528
11.329	451	11.355	571
11.380	486	11.406	614
11.430	521	11.456	655
11.481	554	11.507	693
11.532	581	11.557	725
11.583	604	11.608	750
11.634	619	11.659	766
11.684	626	11.710	772
11.735	626	11.760	770
11.786	618	11.811	760
11.837	603	11.861	740
11.887	580	11.913	712
11.938	554	11.963	677
11.988	521	12.014	638
12.040	487	12.064	596
12.090	451	12.115	552
12.141	417	12.166	510
12.191	385	12.217	472
12.242	357	12.267	441
12.292	335	12.318	415
12.344	320	12.368	398
12.394	314	12.419	392
12.445	314	12.470	395
12.495	323	12.521	406
12.546	339	12.571	428
12.597	360	12.622	457
12.648	388	12.672	492
12.698	420	12.724	532
12.749	454	12.774	575
12.799	489	12.825	618
12.851	523	12.875	658
12.901	554	12.926	696
12.952	581	12.977	726
13.002	602	13.028	751
13.053	616	13.078	765
13.103	622	13.129	771
13.155	622	13.179	768
13.205	614	13.230	756
13.256	597	13.281	736
13.306	576	13.332	707
13.357	549	13.382	673
13.408	518	13.433	634
13.459	483	13.483	591
13.509	449	13.535	549
13.560	415	13.585	507
13.610	384	13.636	470
13.662	358	13.686	439
13.712	337	13.737	414
13.763	323	13.788	399
13.813	317	13.839	393
13.864	318	13.889	397
13.915	327	13.940	410
13.966	343	13.990	432
14.016	365	14.041	461
14.067	391	14.092	497
14.117	424	14.143	537
14.168	457	14.193	580
14.219	490	14.244	621
14.270	524	14.294	662
14.320	554	14.346	697
14.371	580	14.396	728
14.421	600	14.447	751
14.473	613	14.497	765
14.523	619	14.548	769
14.574	618	14.599	766
14.624	609	14.650	754
14.675	594	14.701	732
14.726	572	14.751	703
14.777	545	14.802	669
14.827	514	14.852	629
14.878	480	14.904	588
14.928	447	14.954	545
14.979	414	15.005	505
15.030	384	15.055	468
15.081	358	15.106	438
15.131	338	15.157	414
15.182	326	15.208	400
15.232	320	15.258	396
15.284	322	15.309	400
15.334	331	15.359	414
15.385	347	15.411	436
15.435	369	15.461	466
15.486	396	15.512	502
15.537	427	15.562	540
15.588	458	15.613	583
15.638	492	15.663	625
15.689	524	15.715	664
15.739	553	15.765	699
15.790	578	15.816	729
15.841	598	15.866	751
15.892	610	15.917	764
15.942	616	15.968	767
15.993	614	16.019	764
16.043	605	16.069	750
16.095	590	16.120	728
16.145	568	16.170	699
16.196	541	16.222	664
16.246	511	16.272	624
16.297	478	16.323	584
16.348	446	16.373	542
16.399	414	16.424	502
16.449	385	16.475	467
16.500	359	16.526	438
16.550	340	16.576	414
16.601	328	16.627	401
16.652	323	16.677	398
16.703	324	16.728	402
16.753	334	16.779	417
16.804	350	16.830	440
16.854	371	16.880	470
16.906	398	16.931	507
16.956	429	16.981	546
17.007	461	17.033	587
17.057	493	17.083	629
17.108	524	17.134	668
17.159	553	17.184	702
17.210	577	17.235	729
17.260	596	17.286	751
17.311	607	17.337	763
17.361	611	17.387	765
17.412	610	17.438	761
17.463	600	17.488	746
17.514	586	17.539	723
17.564	564	17.590	693
17.615	538	17.641	659
17.665	507	17.691	619
17.717	476	17.742	579
17.767	444	17.792	538
17.818	413	17.844	498
17.868	384	17.894	464
17.919	360	17.945	436
17.970	342	17.995	415
18.021	331	18.046	403
18.071	326	18.097	400
18.122	328	18.148	406
18.172	338	18.198	421
18.223	353	18.249	445
18.274	374	18.299	475
18.325	401	18.350	512
18.375	431	18.401	551
18.426	462	18.452	592
18.476	494	18.502	632
18.528	524	18.553	669
18.578	552	18.603	704
18.629	575	18.655	731
18.679	593	18.705	751
18.730	604	18.756	761
18.781	609	18.806	763
18.832	607	18.857	757
18.882	598	18.908	743
18.933	582	18.959	719
18.983	560	19.009	689
19.035	534	19.060	653
19.085	505	19.110	615
19.136	474	19.161	575
19.186	442	19.212	534
19.237	412	19.263	496
19.287	384	19.313	462
19.339	361	19.364	435
19.389	343	19.414	415
19.440	332	19.466	405
19.490	329	19.516	403
19.541	331	19.567	409
19.592	341	19.617	427
19.643	356	19.668	449
19.693	378	19.719	481
19.744	404	19.770	517
19.794	433	19.820	556
19.846	464	19.871	597
19.896	495	19.921	637
19.947	525	19.972	673
19.997	552	20.023	706
20.048	575	20.074	732
20.098	591	20.124	750
20.150	601	20.175	759
20.200	606	20.225	760
20.251	604	20.277	754
20.301	594	20.327	738
20.352	578	20.378	715
20.403	557	20.428	684
20.454	532	20.479	649
20.504	503	20.530	609
20.555	472	20.581	570
20.605	441	20.631	530
20.657	412	20.682	493
20.707	385	20.732	461
20.758	362	20.783	434
20.808	346	20.834	416
20.859	335	20.885	407
20.909	331	20.935	406
20.961	334	20.986	414
21.011	344	21.036	432
21.062	360	21.088	455
21.112	381	21.138	486
21.163	406	21.189	522
21.214	435	21.239	561
21.265	465	21.290	601
21.315	496	21.341	639
21.366	525	21.392	676
21.416	551	21.442	707
21.468	574	21.493	732
21.518	590	21.543	749
21.569	599	21.595	757
21.619	604	21.645	758
21.670	601	21.696	750
21.720	591	21.746	733
21.772	576	21.797	709
21.822	554	21.847	679
21.873	529	21.899	644
21.923	500	21.949	605
21.974	470	22.000	565
22.025	440	22.050	526
22.076	411	22.101	490
22.126	385	22.152	459
22.177	364	22.203	434
22.227	347	22.253	417
22.279	338	22.304	410
22.329	334	22.354	409
22.380	337	22.406	418
22.430	347	22.456	436
22.481	362	22.507	460
22.531	383	22.557	491
22.583	409	22.608	527
22.633	437	22.658	566
22.684	467	22.710	605
22.734	497	22.760	643
22.785	525	22.811	678
22.836	551	22.861	709
22.887	572	22.912	732
22.937	588	22.963	748
22.988	598	23.014	755
23.038	602	23.064	755
23.090	598	23.115	745
23.140	588	23.165	728
23.191	572	23.217	703
23.241	552	23.267	673
23.292	527	23.318	638
23.342	498	23.368	599
23.394	468	23.419	560
23.444	439	23.469	523
23.495	411	23.521	488
23.545	386	23.571	458
23.596	364	23.622	434
23.647	348	23.672	418
23.698	339	23.723	412
23.748	336	23.774	412
23.799	339	23.825	423
23.849	349	23.875	441
23.901	366	23.926	466
23.951	386	23.976	497
24.002	411	24.028	533
24.052	439	24.078	571
24.103	468	24.129	609
24.153	498	24.179	646
24.205	526	24.230	681
24.256	550	24.280	709
24.306	571	24.332	732
24.357	587	24.382	746
24.407	596	24.433	751
24.459	599	24.483	750
24.509	596	24.534	741
24.560	586	24.585	722
24.610	570	24.636	698
24.661	549	24.686	667
24.712	524	24.737	632
24.763	496	24.787	595
24.813	467	24.839	556
24.864	438	24.889	519
24.914	410	24.940	485
24.966	386	24.990	456
25.016	365	25.041	435
25.067	350	25.091	420
25.117	341	25.143	414
25.168	338	25.193	416
25.218	342	25.244	427
25.270	352	25.294	445
25.320	367	25.345	471
25.371	389	25.396	502
25.421	413	25.447	538
25.472	441	25.497	576
25.523	470	25.548	613
25.574	499	25.598	649
25.624	527	25.650	682
25.675	551	25.700	710
25.725	572	25.751	731
25.777	586	25.801	744
25.827	594	25.852	749
25.878	598	25.902	747
25.928	593	25.954	736
25.979	583	26.004	717
26.029	567	26.055	692
26.081	547	26.105	662
26.131	522	26.156	627
26.182	494	26.207	590
26.232	465	26.258	552
26.283	438	26.308	516
26.334	409	26.359	484
26.385	385	26.409	457
26.435	365	26.461	435
26.486	351	26.511	423
26.536	342	26.562	417
26.588	339	26.612	420
26.638	343	26.663	433
26.689	354	26.713	451
26.739	370	26.765	477
26.790	391	26.815	508
26.840	416	26.866	543
26.892	443	26.916	580
26.942	472	26.967	617
26.993	500	27.018	652
27.043	528	27.069	684
27.094	551	27.119	711
27.145	571	27.170	730
27.196	585	27.221	742
27.246	593	27.272	745
27.297	596	27.323	743
27.347	591	27.373	730
27.399	581	27.424	712
27.449	565	27.474	687
27.500	544	27.526	656
27.550	520	27.576	622
27.601	492	27.627	585
27.651	464	27.677	549
27.703	436	27.728	513
27.753	409	27.778	482
27.804	385	27.830	456
27.854	365	27.880	436
27.905	351	27.931	425
27.956	343	27.981	421
28.007	341	28.032	425
28.057	346	28.083	437
28.108	356	28.134	457
28.158	373	28.184	483
28.210	394	28.235	514
28.260	418	28.285	548
28.311	446	28.337	585
28.361	474	28.387	620
28.412	502	28.438	654
28.462	528	28.488	685
28.514	552	28.539	710
28.564	571	28.589	729
28.615	584	28.641	739
28.665	592	28.691	743
28.716	594	28.742	738
28.767	590	28.792	726
28.818	579	28.843	707
28.868	563	28.894	681
28.919	543	28.945	651
28.969	517	28.995	617
29.021	490	29.046	581
29.071	462	29.096	545
29.122	434	29.148	511
29.172	408	29.198	481
29.223	385	29.249	456
29.273	365	29.299	438
29.325	352	29.350	427
29.375	344	29.400	425
29.426	342	29.452	429
29.476	348	29.502	442
29.527	358	29.553	462
29.578	374	29.603	488
29.629	396	29.654	519
29.679	420	29.705	553
29.730	448	29.756	589
29.780	476	29.806	624
29.832	503	29.857	657
29.882	529	29.907	685
29.933	552	29.959	710
29.983	571	30.009	727
30.034	584	30.060	737
30.084	591	30.110	739
30.136	593	30.161	734
30.186	588	30.211	721
30.237	577	30.263	701
30.287	561	30.313	676
30.338	540	30.364	645
30.389	515	30.414	612
30.440	488	30.465	577
30.491	460	30.516	543
30.541	432	30.567	509
30.592	407	30.617	480
30.643	384	30.668	456
30.694	365	30.718	439
30.744	352	30.770	431
30.795	345	30.820	428
30.845	344	30.871	434
30.897	349	30.921	448
30.947	361	30.972	467
30.998	377	31.022	494
31.048	398	31.074	524
31.099	423	31.124	558
31.149	450	31.175	592
31.201	478	31.225	627
31.251	505	31.276	658
31.302	531	31.327	686
31.352	554	31.378	709
31.403	571	31.428	725
31.454	583	31.479	733
31.505	590	31.529	735
31.555	592	31.581	729
31.606	587	31.631	716
31.656	575	31.682	696
31.708	558	31.732	671
31.758	537	31.783	640
31.809	512	31.833	608
31.859	485	31.885	573
31.910	458	31.935	540
31.960	431	31.986	509
32.012	405	32.036	480
32.062	383	32.087	458
32.113	365	32.138	442
32.163	352	32.189	434
32.214	346	32.239	432
32.265	346	32.290	439
32.316	351	32.340	452
32.366	363	32.392	472
32.417	379	32.442	499
32.467	400	32.493	529
32.519	425	32.543	562
32.569	452	32.594	595
32.620	480	32.644	629
32.670	507	32.696	660
32.721	532	32.746	686
32.771	554	32.797	708
32.823	571	32.847	723
32.873	583	32.898	730
32.924	590	32.949	731
32.974	590	33.000	725
33.025	584	33.050	711
33.076	573	33.101	691
33.127	556	33.151	666
33.177	534	33.203	635
33.228	510	33.253	603
33.278	483	33.304	570
33.330	455	33.354	538
33.380	429	33.405	507
33.431	404	33.455	480
33.481	382	33.507	459
33.532	364	33.558	444
33.582	353	33.608	437
33.634	347	33.659	436
33.684	347	33.709	444
33.735	353	33.761	457
33.785	365	33.811	477
33.836	382	33.862	503
33.887	403	33.912	534
33.938	428	33.963	566
33.988	455	34.014	599
34.039	482	34.065	631
34.089	509	34.115	661
34.141	534	34.166	686
34.191	555	34.216	707
34.242	571	34.268	720
34.292	583	34.318	727
34.343	589	34.369	727
34.393	589	34.419	719
34.445	582	34.470	707
34.495	570	34.520	687
34.546	553	34.572	661
34.596	532	34.622	631
34.647	507	34.673	601
34.698	480	34.723	568
34.749	453	34.774	535
34.799	427	34.825	506
34.850	402	34.876	480
34.900	381	34.926	460
