#Creator: pendulumviewEventBuffer
#Creation time: Thu Mar  7 09:21:45 2019
#Time A	Pos A	Time B	Pos B
#[s]	[au]	[s]	[au]
0.026	626	0.052	502
0.077	624	0.102	503
0.127	623	0.153	502
0.179	623	0.203	503
0.229	621	0.254	502
0.280	622	0.304	503
0.330	625	0.356	502
0.381	628	0.406	503
0.431	630	0.457	502
0.483	632	0.507	502
0.533	632	0.558	503
0.584	632	0.609	503
0.634	632	0.660	503
0.685	632	0.710	502
0.736	633	0.761	502
0.787	631	0.811	502
0.837	631	0.863	503
0.888	630	0.913	502
0.938	628	0.964	503
0.990	626	1.014	502
1.040	626	1.065	502
1.091	627	1.116	502
1.141	628	1.167	502
1.192	628	1.217	502
1.242	628	1.268	502
1.294	628	1.318	503
1.344	628	1.369	502
1.395	628	1.420	502
1.445	627	1.471	502
1.496	626	1.521	502
1.547	626	1.572	502
1.598	627	1.622	502
1.648	629	1.674	502
1.699	629	1.724	502
1.749	629	1.775	502
1.801	630	1.825	501
1.851	629	1.876	502
1.902	629	1.927	501
1.952	628	1.978	502
2.003	630	2.029	502
2.053	626	2.079	503
2.105	632	2.130	502
2.155	630	2.180	503
2.206	629	2.232	502
2.256	629	2.282	502
2.307	632	2.333	502
2.358	629	2.383	502
2.409	628	2.434	503
2.459	629	2.485	502
2.510	626	2.536	502
2.560	628	2.586	502
2.612	628	2.637	502
2.662	631	2.687	503
2.713	630	2.739	503
2.763	635	2.789	502
2.814	632	2.840	502
2.864	637	2.890	502
2.916	637	2.941	502
2.966	642	2.991	502
3.017	639	3.043	502
3.067	639	3.093	502
3.118	640	3.144	502
3.169	637	3.194	503
3.220	639	3.245	503
3.270	639	3.296	504
3.321	640	3.347	503
3.371	636	3.397	503
3.423	625	3.448	502
3.473	609	3.498	502
3.524	585	3.550	502
3.574	558	3.600	502
3.625	525	3.651	502
3.676	492	3.701	502
3.727	458	3.752	502
3.777	426	3.802	502
3.828	396	3.854	502
3.878	372	3.904	503
3.929	353	3.955	502
3.980	342	4.005	502
4.031	338	4.056	502
4.081	341	4.107	502
4.132	352	4.158	502
4.182	369	4.208	502
4.234	392	4.259	502
4.284	420	4.309	502
4.335	452	4.361	502
4.385	485	4.411	503
4.436	519	4.462	503
4.487	550	4.512	502
4.538	580	4.563	502
4.588	604	4.613	502
4.639	623	4.665	503
4.689	633	4.715	502
4.740	637	4.766	502
4.791	634	4.816	503
4.842	622	4.867	502
4.893	605	4.918	503
4.943	581	4.969	502
4.994	553	5.019	502
5.045	521	5.070	502
5.096	488	5.120	502
5.146	455	5.172	502
5.197	424	5.222	502
5.247	395	5.273	502
5.299	372	5.323	503
5.349	354	5.374	502
5.400	344	5.424	501
5.450	341	5.476	503
5.501	344	5.526	502
5.551	356	5.577	502
5.603	373	5.627	502
5.653	397	5.678	502
5.704	425	5.729	502
5.754	456	5.780	502
5.805	489	5.830	502
5.856	522	5.881	503
5.907	553	5.931	502
5.957	581	5.983	502
6.008	605	6.033	503
6.058	623	6.084	502
6.110	632	6.134	503
6.160	635	6.185	502
6.211	631	6.236	503
6.261	619	6.287	502
6.312	602	6.337	503
6.362	577	6.388	502
6.414	550	6.438	503
6.464	518	6.489	502
6.515	486	6.540	503
6.565	453	6.591	502
6.616	423	6.641	502
6.667	395	6.692	503
6.718	372	6.742	502
6.768	355	6.794	502
6.819	346	6.844	502
6.869	343	6.895	502
6.921	347	6.945	502
6.971	359	6.996	502
7.022	377	7.047	501
7.072	401	7.098	502
7.123	428	7.148	502
7.173	460	7.199	503
7.225	492	7.249	502
7.275	525	7.300	502
7.326	555	7.351	503
7.376	583	7.402	504
7.427	605	7.452	503
7.478	622	7.503	502
7.529	631	7.553	503
7.579	634	7.605	502
7.630	629	7.655	503
7.680	618	7.706	502
7.732	598	7.756	502
7.782	574	7.807	502
7.833	546	7.858	502
7.883	515	7.909	502
7.934	483	7.960	502
7.984	450	8.010	503
8.036	421	8.061	502
8.086	394	8.111	502
8.137	373	8.163	502
8.187	356	8.213	503
8.238	348	8.264	502
8.289	346	8.314	502
8.340	351	8.365	502
8.390	364	8.416	502
8.441	383	8.467	502
8.491	406	8.517	503
8.543	434	8.568	502
8.593	464	8.618	502
8.644	496	8.670	502
8.694	528	8.720	501
8.745	557	8.771	503
8.796	584	8.821	502
8.847	606	8.872	503
8.897	621	8.922	503
8.948	630	8.974	502
8.998	631	9.024	502
9.049	626	9.075	502
9.100	614	9.125	502
9.151	596	9.176	502
9.201	571	9.227	503
9.252	543	9.278	502
9.302	512	9.328	503
9.354	480	9.379	502
9.404	449	9.429	502
9.455	420	9.481	502
9.505	393	9.531	502
9.556	373	9.582	502
9.607	358	9.632	502
9.658	350	9.683	502
9.708	348	9.733	502
9.759	355	9.785	502
9.809	368	9.835	502
9.860	386	9.886	503
9.911	411	9.936	502
9.962	438	9.987	502
10.012	468	10.038	502
10.063	500	10.089	503
10.113	531	10.139	501
10.165	559	10.190	503
10.215	586	10.240	503
10.266	607	10.292	503
10.316	621	10.342	502
10.367	628	10.393	502
10.418	630	10.443	502
10.469	624	10.494	502
10.519	611	10.544	502
10.570	592	10.596	503
10.620	567	10.646	502
10.671	539	10.697	502
10.722	509	10.747	502
10.773	478	10.798	502
10.823	446	10.849	502
10.874	418	10.900	502
10.924	393	10.950	502
10.976	373	11.001	502
11.026	360	11.051	502
11.077	353	11.103	502
11.127	352	11.153	502
11.178	359	11.204	502
11.229	371	11.254	503
11.280	391	11.305	502
11.330	415	11.356	502
11.381	442	11.407	503
11.431	472	11.457	503
11.482	503	11.508	503
11.533	533	11.558	502
11.584	562	11.609	503
11.635	587	11.660	502
11.685	607	11.711	502
11.736	621	11.761	502
11.787	628	11.812	503
11.838	628	11.862	502
11.888	621	11.914	502
11.939	607	11.964	503
11.989	588	12.015	502
12.041	564	12.065	503
12.091	536	12.116	501
12.142	506	12.167	503
12.192	475	12.218	501
12.243	445	12.268	502
12.293	418	12.319	502
12.345	393	12.369	502
12.395	374	12.420	502
12.446	361	12.471	502
12.496	354	12.522	502
12.547	355	12.572	502
12.598	362	12.623	502
12.649	376	12.673	502
12.699	394	12.725	502
12.750	419	12.775	502
12.800	446	12.826	503
12.852	476	12.876	503
12.902	507	12.927	502
12.953	536	12.978	502
13.003	564	13.029	502
13.054	588	13.079	502
13.104	607	13.130	502
13.156	619	13.180	502
13.206	626	13.231	503
13.257	626	13.282	502
13.307	618	13.333	502
13.358	604	13.383	503
13.409	585	13.434	503
13.460	560	13.484	503
13.510	533	13.536	502
13.561	503	13.586	503
13.611	473	13.637	502
13.663	444	13.687	502
13.713	417	13.738	502
13.764	393	13.789	502
13.814	374	13.840	502
13.865	363	13.890	503
13.916	358	13.941	502
13.967	358	13.991	502
14.017	365	14.042	503
14.068	379	14.093	502
14.118	399	14.144	503
14.169	423	14.194	502
14.220	450	14.245	502
14.271	479	14.295	502
14.321	510	14.347	503
14.372	540	14.397	502
14.422	566	14.448	502
14.474	590	14.498	502
14.524	608	14.549	503
14.575	619	14.600	502
14.625	624	14.651	502
14.676	624	14.702	503
14.727	616	14.752	502
14.778	601	14.803	502
14.828	582	14.853	502
14.879	557	14.905	503
14.929	530	14.955	502
14.980	501	15.006	502
15.031	471	15.056	502
15.082	442	15.107	502
15.132	416	15.158	502
15.183	393	15.209	502
15.233	376	15.259	502
15.285	365	15.310	502
15.335	359	15.360	502
15.386	361	15.412	502
15.436	368	15.462	502
15.487	384	15.513	502
15.538	403	15.563	502
15.589	427	15.614	502
15.639	454	15.664	503
15.690	484	15.716	502
15.740	512	15.766	502
15.791	542	15.817	502
15.842	568	15.867	502
15.893	591	15.918	502
15.943	608	15.969	502
15.994	618	16.020	503
16.044	623	16.070	502
16.096	622	16.121	502
16.146	613	16.171	503
16.197	598	16.223	503
16.247	579	16.273	503
16.298	554	16.324	502
16.349	527	16.374	502
16.400	498	16.425	503
16.450	469	16.476	502
16.501	441	16.527	502
16.551	415	16.577	502
16.602	393	16.628	502
16.653	376	16.678	502
16.704	367	16.729	503
16.754	362	16.780	502
16.805	364	16.831	503
16.855	373	16.881	502
16.907	387	16.932	502
16.957	407	16.982	503
17.008	432	17.034	502
17.058	458	17.084	502
17.109	487	17.135	502
17.160	516	17.185	503
17.211	544	17.236	502
17.261	570	17.287	502
17.312	592	17.338	502
17.362	608	17.388	503
17.413	618	17.439	502
17.464	622	17.489	502
17.515	619	17.540	503
17.565	611	17.591	502
17.616	595	17.642	503
17.666	575	17.692	502
17.718	551	17.743	503
17.768	525	17.793	502
17.819	495	17.845	502
17.869	466	17.895	502
17.920	439	17.946	503
17.971	415	17.996	502
18.022	393	18.047	502
18.072	377	18.098	502
18.123	368	18.149	503
18.173	364	18.199	502
18.224	367	18.250	502
18.275	376	18.300	502
18.326	391	18.351	502
18.376	411	18.402	503
18.427	435	18.453	502
18.477	462	18.503	502
18.529	491	18.554	502
18.579	519	18.604	502
18.630	546	18.656	502
18.680	571	18.706	503
18.731	592	18.757	502
18.782	608	18.807	502
18.833	617	18.858	503
18.883	621	18.909	503
18.934	617	18.960	502
18.984	608	19.010	502
19.036	592	19.061	502
19.086	573	19.111	502
19.137	548	19.162	503
19.187	522	19.213	502
19.238	492	19.264	502
19.288	465	19.314	502
19.340	438	19.365	502
19.390	413	19.415	502
19.441	394	19.467	502
19.491	379	19.517	502
19.542	370	19.568	502
19.593	367	19.618	503
19.644	371	19.669	502
19.694	380	19.720	502
19.745	395	19.771	502
19.795	416	19.821	502
19.847	439	19.872	502
19.897	466	19.922	502
19.948	494	19.973	502
19.998	522	20.024	502
20.049	549	20.075	502
20.099	573	20.125	503
20.151	593	20.176	502
20.201	608	20.226	503
20.252	616	20.278	503
20.302	619	20.328	502
20.353	615	20.379	502
