#Creator: pendulumviewEventBuffer
#Creation time: Thu Mar  7 10:31:07 2019
#Time A	Pos A	Time B	Pos B
#[s]	[au]	[s]	[au]
0.025	659	0.050	553
0.076	659	0.100	553
0.126	659	0.152	552
0.177	659	0.203	553
0.227	659	0.253	551
0.279	659	0.304	553
0.329	657	0.354	552
0.380	657	0.406	553
0.430	657	0.456	552
0.481	656	0.507	552
0.532	655	0.557	552
0.583	654	0.608	552
0.633	654	0.659	552
0.684	654	0.710	552
0.734	655	0.760	552
0.786	654	0.811	553
0.836	653	0.861	553
0.887	654	0.913	553
0.937	654	0.963	552
0.988	655	1.014	552
1.038	657	1.064	552
1.090	658	1.115	552
1.140	660	1.165	553
1.191	662	1.217	552
1.241	663	1.267	552
1.292	666	1.318	553
1.343	667	1.368	553
1.394	668	1.419	553
1.444	670	1.470	552
1.495	670	1.521	553
1.545	666	1.571	553
1.597	655	1.622	552
1.647	636	1.672	553
1.698	611	1.724	553
1.748	579	1.774	552
1.799	542	1.825	553
1.849	503	1.875	553
1.901	463	1.926	553
1.951	426	1.976	552
2.002	391	2.028	553
2.052	364	2.078	552
2.103	344	2.129	552
2.154	334	2.179	553
2.205	335	2.230	552
2.255	346	2.281	552
2.306	363	2.332	552
2.356	384	2.382	552
2.408	406	2.433	552
2.458	435	2.483	552
2.509	472	2.535	552
2.559	508	2.585	552
2.610	543	2.636	552
2.660	575	2.686	552
2.712	602	2.737	553
2.762	625	2.787	552
2.813	639	2.839	553
2.863	647	2.889	553
2.914	646	2.940	553
2.965	640	2.990	553
3.016	627	3.041	553
3.066	607	3.092	553
3.117	582	3.143	552
3.167	553	3.193	553
3.219	520	3.244	553
3.269	486	3.294	553
3.320	454	3.346	553
3.370	419	3.396	553
3.421	392	3.447	553
3.471	371	3.497	552
3.523	355	3.548	552
3.573	347	3.598	552
3.624	348	3.650	552
3.674	357	3.700	552
3.725	373	3.751	551
3.776	392	3.801	552
3.827	409	3.852	552
3.877	433	3.903	552
3.928	464	3.954	552
3.978	495	4.004	552
4.030	527	4.055	552
4.080	559	4.105	552
4.131	586	4.157	552
4.181	606	4.207	552
4.232	621	4.258	553
4.282	629	4.308	553
4.334	632	4.359	553
4.384	628	4.409	552
4.435	618	4.461	553
4.485	601	4.511	553
4.536	578	4.562	553
4.587	552	4.612	553
4.638	521	4.663	553
4.689	489	4.714	553
4.739	456	4.765	553
4.790	427	4.815	552
4.841	401	4.866	552
4.892	379	4.916	552
4.942	363	4.968	552
4.993	354	5.018	552
5.043	352	5.069	552
5.095	359	5.119	551
5.145	373	5.170	552
5.196	390	5.220	552
5.246	410	5.272	552
5.297	434	5.322	552
5.347	465	5.373	552
5.399	494	5.423	552
5.449	525	5.474	552
5.500	552	5.525	552
5.550	579	5.576	553
5.601	599	5.626	552
5.652	612	5.677	553
5.703	620	5.727	553
5.753	623	5.779	554
5.804	619	5.829	553
5.854	609	5.880	552
5.906	593	5.930	553
5.956	572	5.981	553
6.007	547	6.031	553
6.057	519	6.083	553
6.108	489	6.133	553
6.158	460	6.184	553
6.210	432	6.234	552
6.260	409	6.285	552
6.311	388	6.336	552
6.361	374	6.387	552
6.412	366	6.437	553
6.463	364	6.488	552
6.514	370	6.538	552
6.564	381	6.590	551
6.615	398	6.640	551
6.665	416	6.691	551
6.717	439	6.741	552
6.767	465	6.792	552
6.818	493	6.842	552
6.868	521	6.894	552
6.919	548	6.944	552
6.969	571	6.995	553
7.021	591	7.045	553
7.071	605	7.096	553
7.122	613	7.147	553
7.172	615	7.198	552
7.223	612	7.248	552
7.274	603	7.299	552
7.325	589	7.349	554
7.375	569	7.401	553
7.426	546	7.451	553
7.476	519	7.502	553
7.528	491	7.552	553
7.578	463	7.603	552
7.629	438	7.653	552
7.679	415	7.705	552
7.730	396	7.756	552
7.780	383	7.806	552
7.832	374	7.857	552
7.882	373	7.907	552
7.933	377	7.959	552
7.983	388	8.009	552
8.034	403	8.060	552
8.085	421	8.110	552
8.136	443	8.161	552
8.186	468	8.212	552
8.237	495	8.263	552
8.287	521	8.313	552
8.339	546	8.364	552
8.389	569	8.414	553
8.440	586	8.466	552
8.490	600	8.516	553
8.541	607	8.567	552
8.591	610	8.617	553
8.643	606	8.668	553
8.693	597	8.718	553
8.744	584	8.770	554
8.794	565	8.820	553
8.845	543	8.871	553
8.896	519	8.921	552
8.947	492	8.972	552
8.997	467	9.023	552
9.048	443	9.074	553
9.098	421	9.124	552
9.150	403	9.175	552
9.200	391	9.225	552
9.251	383	9.277	551
9.301	381	9.327	551
9.352	385	9.378	552
9.402	394	9.428	552
9.454	409	9.479	552
9.504	426	9.529	552
9.555	446	9.581	552
9.605	470	9.631	552
9.656	495	9.682	552
9.707	521	9.732	552
9.758	543	9.783	553
9.808	564	9.834	553
9.859	582	9.885	553
9.909	595	9.935	553
9.961	602	9.986	553
10.011	604	10.036	554
10.062	601	10.088	554
10.112	593	10.138	553
10.163	580	10.189	552
10.213	562	10.239	553
10.265	541	10.290	553
10.315	518	10.340	553
10.366	493	10.392	552
10.416	469	10.442	552
10.467	446	10.493	551
10.518	426	10.543	552
10.569	409	10.594	552
10.619	397	10.645	552
10.670	390	10.696	551
10.720	388	10.746	551
10.772	392	10.797	552
10.822	401	10.847	552
10.873	415	10.899	552
10.923	430	10.949	552
10.974	451	11.000	552
11.025	473	11.050	552
11.076	497	11.101	552
11.126	520	11.151	553
11.177	542	11.203	553
11.227	561	11.253	553
11.278	578	11.304	554
11.329	590	11.354	552
11.380	597	11.405	553
11.430	599	11.456	553
11.481	596	11.507	553
11.531	588	11.557	552
11.583	575	11.608	553
11.633	560	11.658	553
11.684	539	11.710	552
11.734	517	11.760	552
11.785	493	11.811	552
11.836	471	11.861	552
11.887	449	11.912	552
11.937	430	11.962	552
11.988	415	12.014	552
12.038	403	12.064	552
12.089	396	12.115	552
12.140	394	12.165	551
12.191	398	12.216	551
12.242	406	12.267	551
12.292	419	12.318	552
12.343	434	12.368	552
12.394	453	12.419	552
12.445	474	12.469	552
12.495	497	12.521	552
12.546	521	12.571	553
12.596	540	12.622	553
12.648	559	12.672	553
12.698	575	12.723	553
12.749	586	12.773	553
12.799	593	12.825	553
12.850	595	12.875	552
12.900	592	12.926	553
12.952	585	12.976	553
13.002	572	13.027	553
13.053	556	13.078	552
13.103	538	13.129	552
13.154	517	13.179	552
13.205	494	13.230	552
13.256	472	13.280	552
13.306	451	13.332	553
13.357	434	13.382	552
13.407	418	13.433	553
13.459	408	13.483	552
13.509	401	13.534	552
13.560	400	13.585	552
13.610	403	13.636	552
13.661	411	13.686	553
13.711	422	13.737	552
13.763	437	13.787	552
13.813	456	13.838	552
13.864	476	13.889	552
13.914	498	13.940	552
13.965	519	13.990	553
14.016	539	14.041	553
14.067	557	14.091	552
14.117	572	14.143	552
14.168	582	14.193	552
14.218	589	14.244	552
14.270	591	14.294	553
14.320	588	14.345	552
14.371	581	14.396	552
14.421	569	14.447	553
14.472	553	14.497	553
14.522	535	14.548	553
14.574	515	14.598	552
14.624	494	14.649	552
14.675	473	14.700	551
14.725	453	14.751	552
14.776	436	14.801	552
14.827	422	14.852	552
14.878	412	14.902	552
14.928	406	14.954	552
14.979	404	15.004	552
15.029	407	15.055	552
15.081	415	15.105	552
15.131	427	15.156	552
15.182	442	15.207	552
15.232	459	15.258	552
15.283	479	15.309	552
15.333	499	15.359	552
15.385	519	15.410	552
15.435	538	15.460	553
15.486	555	15.512	552
15.536	569	15.562	553
15.587	579	15.613	552
15.638	585	15.663	553
15.689	586	15.714	552
15.739	584	15.765	553
15.790	577	15.816	553
15.840	565	15.866	553
15.892	550	15.917	553
15.942	534	15.967	552
15.993	514	16.019	553
16.043	494	16.069	552
16.094	474	16.120	553
16.145	455	16.170	552
16.196	439	16.221	552
16.246	425	16.271	553
16.297	416	16.323	552
16.347	410	16.373	553
16.398	408	16.424	552
16.449	412	16.474	552
16.500	419	16.525	552
16.550	430	16.576	552
16.601	443	16.627	552
16.651	461	16.677	552
16.703	479	16.728	552
16.753	499	16.778	552
16.804	518	16.830	553
16.854	536	16.880	552
16.905	553	16.931	553
16.956	566	16.981	553
17.007	575	17.032	552
17.057	581	17.082	553
17.108	582	17.134	553
17.158	579	17.184	553
17.209	573	17.235	553
17.260	562	17.285	553
17.311	548	17.336	553
17.361	530	17.387	552
17.412	513	17.438	552
17.462	493	17.488	553
17.514	473	17.539	552
17.564	456	17.589	553
17.615	441	17.641	553
17.665	428	17.691	552
17.716	419	17.742	553
17.767	413	17.792	551
17.818	412	17.843	552
17.868	415	17.893	552
17.919	422	17.945	552
17.969	432	17.995	552
18.020	446	18.046	552
18.071	462	18.096	552
18.122	480	18.147	552
18.172	499	18.198	552
18.223	517	18.249	553
18.273	535	18.299	553
18.325	551	18.350	553
18.375	563	18.400	552
18.426	572	18.452	551
18.476	577	18.502	552
18.527	578	18.553	552
18.578	575	18.603	553
18.629	569	18.654	553
18.679	558	18.705	553
18.730	545	18.756	552
18.780	528	18.806	552
18.831	511	18.857	552
18.882	492	18.907	553
18.933	474	18.958	552
18.984	457	19.009	552
19.034	442	19.060	552
19.085	430	19.110	552
19.136	421	19.161	553
19.187	417	19.211	552
19.237	416	19.263	552
19.288	417	19.313	552
19.338	425	19.364	552
19.390	436	19.414	552
19.440	449	19.465	552
19.491	464	19.516	552
19.541	481	19.567	552
19.592	499	19.617	552
19.642	517	19.668	552
19.694	534	19.718	552
19.744	549	19.769	552
19.795	560	19.820	552
19.845	569	19.871	553
19.896	574	19.921	553
19.947	575	19.972	552
19.998	573	20.022	553
20.048	565	20.074	553
20.099	556	20.124	553
20.149	542	20.175	553
20.201	527	20.225	552
20.251	510	20.276	553
20.302	491	20.327	552
20.352	475	20.378	552
20.403	458	20.428	552
20.453	444	20.479	553
20.505	432	20.529	552
20.555	424	20.580	553
20.606	420	20.631	552
20.656	419	20.682	552
20.707	422	20.732	552
20.758	429	20.783	552
20.809	438	20.833	552
20.859	451	20.885	552
20.910	467	20.935	552
20.960	483	20.986	552
21.012	500	21.036	552
21.062	517	21.087	552
21.113	533	21.138	552
21.163	547	21.189	552
21.214	558	21.239	553
21.265	566	21.290	552
21.316	571	21.340	552
21.366	572	21.391	553
21.417	569	21.442	552
21.467	563	21.493	553
21.518	552	21.543	552
21.569	540	21.594	553
21.620	525	21.644	552
21.670	508	21.696	552
21.721	491	21.746	552
21.771	475	21.797	552
21.823	459	21.847	552
21.873	446	21.898	552
21.924	435	21.949	552
21.974	427	22.000	553
22.025	423	22.051	552
22.076	422	22.101	552
22.127	426	22.152	552
22.177	432	22.202	552
22.228	442	22.254	552
22.278	454	22.304	551
22.329	468	22.355	552
22.380	484	22.405	552
22.431	501	22.456	552
22.481	517	22.507	553
22.532	532	22.558	551
22.582	545	22.608	553
22.634	556	22.659	553
22.684	564	22.709	553
22.735	568	22.761	552
22.785	569	22.811	553
22.836	566	22.862	552
22.887	559	22.912	552
22.938	550	22.963	552
22.988	538	23.013	553
23.039	523	23.065	553
23.089	507	23.115	552
23.140	492	23.166	552
23.191	476	23.216	552
23.242	461	23.267	552
23.292	448	23.318	553
23.343	438	23.369	551
23.393	430	23.419	552
23.445	426	23.470	551
23.495	425	23.520	553
23.546	429	23.572	552
23.596	435	23.622	552
23.647	445	23.673	552
23.698	457	23.723	552
23.749	470	23.774	552
23.799	485	23.825	553
23.850	501	23.876	553
23.900	517	23.926	553
23.951	531	23.977	552
24.002	544	24.027	552
24.053	554	24.078	553
24.103	561	24.129	553
24.154	565	24.180	552
24.204	566	24.230	552
24.256	563	24.281	552
24.306	557	24.331	552
24.357	547	24.383	552
24.407	536	24.433	552
24.458	521	24.484	552
24.509	506	24.534	552
24.560	490	24.585	552
24.610	476	24.636	552
24.661	462	24.687	552
24.711	450	24.737	553
24.762	440	24.788	552
24.813	433	24.838	551
24.864	429	24.889	552
24.914	429	24.940	552
24.965	432	24.991	552
25.015	438	25.041	552
25.067	448	25.092	552
25.117	459	25.142	552
25.168	472	25.194	552
25.218	487	25.244	552
25.269	502	25.295	552
25.320	517	25.345	552
25.371	531	25.396	552
25.421	543	25.447	552
25.472	553	25.498	553
25.522	559	25.548	553
25.573	563	25.599	553
25.624	563	25.649	553
25.675	560	25.700	553
25.725	554	25.751	553
25.776	545	25.802	552
25.826	534	25.852	552
25.878	520	25.903	552
25.928	505	25.953	552
25.979	491	26.005	551
26.029	476	26.055	552
26.080	463	26.106	552
26.131	451	26.156	552
26.182	442	26.207	552
26.232	436	26.258	551
26.283	433	26.309	552
26.333	432	26.359	552
26.385	435	26.410	552
26.435	442	26.460	552
26.486	450	26.511	552
26.536	462	26.562	552
26.587	474	26.613	552
26.637	487	26.663	552
26.689	502	26.714	551
26.739	517	26.764	552
26.790	530	26.816	553
26.840	542	26.866	553
26.891	551	26.917	553
26.942	557	26.967	552
26.993	561	27.018	552
27.043	561	27.069	553
27.094	558	27.120	553
27.144	552	27.170	552
27.196	543	27.221	552
27.246	532	27.271	552
27.297	519	27.322	552
27.347	505	27.373	552
27.398	491	27.424	552
27.448	477	27.474	551
27.500	464	27.525	551
27.550	453	27.575	552
27.601	444	27.627	551
27.651	439	27.677	552
27.702	435	27.728	552
27.753	435	27.778	552
27.804	438	27.829	552
27.854	444	27.880	552
27.905	453	27.931	552
27.955	463	27.981	552
28.007	476	28.032	552
28.057	489	28.082	552
28.108	503	28.133	552
28.158	517	28.184	553
28.209	530	28.235	552
28.259	541	28.285	553
28.311	549	28.336	552
28.361	555	28.386	552
28.412	558	28.438	552
28.462	558	28.488	552
28.513	555	28.539	552
28.564	549	28.589	552
28.615	540	28.640	552
28.665	530	28.691	552
28.716	518	28.742	552
28.766	504	28.792	552
28.818	490	28.843	552
28.868	477	28.893	552
28.919	465	28.945	552
28.969	455	28.995	552
29.020	447	29.046	551
29.070	441	29.096	552
29.122	438	29.147	552
29.172	438	29.197	552
29.223	441	29.249	552
29.273	448	29.299	552
29.324	455	29.350	552
29.375	466	29.400	552
29.426	478	29.451	552
29.476	490	29.502	553
29.527	504	29.553	552
29.577	517	29.603	553
29.629	529	29.654	552
29.679	539	29.704	553
29.730	548	29.756	553
29.780	553	29.806	552
29.831	556	29.857	553
29.881	556	29.907	553
29.933	553	29.958	552
29.983	546	30.008	552
30.034	539	30.060	552
30.084	528	30.110	552
30.135	516	30.161	552
30.186	504	30.211	552
30.237	490	30.262	553
