#Creator: pendulumviewEventBuffer
#Creation time: Thu Mar  7 10:31:07 2019
#Time A	Pos A	Time B	Pos B
#[s]	[au]	[s]	[au]
0.025	662	0.050	552
0.076	662	0.101	553
0.126	662	0.152	554
0.177	664	0.202	555
0.228	665	0.253	556
0.279	665	0.304	557
0.329	665	0.355	557
0.380	666	0.406	557
0.430	666	0.456	557
0.482	667	0.507	556
0.532	667	0.557	556
0.583	666	0.608	555
0.633	666	0.659	555
0.684	666	0.710	554
0.734	667	0.760	553
0.786	668	0.811	552
0.836	669	0.861	552
0.887	670	0.913	551
0.937	672	0.963	551
0.988	674	1.014	549
1.039	675	1.064	550
1.090	675	1.115	550
1.140	675	1.166	550
1.191	674	1.217	550
1.241	673	1.267	550
1.293	671	1.318	551
1.343	670	1.368	552
1.394	669	1.419	552
1.444	667	1.470	554
1.495	667	1.521	553
1.545	668	1.571	554
1.597	667	1.622	555
1.647	667	1.672	556
1.698	667	1.724	555
1.748	667	1.774	556
1.799	667	1.825	556
1.850	667	1.875	556
1.901	668	1.926	555
1.951	668	1.977	555
2.002	669	2.028	554
2.052	668	2.078	554
2.104	667	2.129	553
2.154	668	2.179	552
2.205	669	2.231	552
2.255	669	2.281	552
2.306	670	2.332	551
2.356	670	2.382	551
2.408	668	2.433	550
2.458	663	2.483	550
2.509	649	2.535	550
2.559	628	2.585	550
2.610	602	2.636	551
2.661	570	2.686	551
2.712	535	2.737	552
2.762	497	2.788	552
2.813	460	2.839	553
2.863	425	2.889	554
2.915	393	2.940	554
2.965	367	2.990	556
3.016	349	3.042	555
3.066	339	3.092	555
3.117	336	3.143	555
3.167	342	3.193	555
3.219	356	3.244	555
3.269	378	3.294	555
3.320	405	3.346	554
3.370	437	3.396	554
3.421	473	3.447	553
3.472	510	3.497	552
3.523	546	3.548	552
3.573	579	3.599	552
3.624	610	3.650	551
3.674	634	3.700	551
3.726	652	3.751	551
3.776	662	3.801	550
3.827	663	3.853	551
3.877	658	3.903	551
3.928	644	3.954	551
3.978	623	4.004	551
4.030	596	4.055	552
4.080	564	4.105	552
4.131	529	4.157	553
4.181	493	4.207	553
4.232	457	4.258	554
4.283	423	4.308	554
4.334	393	4.359	555
4.384	369	4.410	555
4.435	351	4.461	554
4.485	341	4.511	554
4.537	341	4.562	554
4.587	346	4.612	554
4.638	361	4.664	554
4.688	382	4.714	553
4.739	409	4.765	553
4.789	441	4.815	553
4.841	476	4.866	552
4.892	512	4.916	552
4.942	548	4.968	552
4.993	581	5.018	551
5.043	610	5.069	551
5.095	634	5.119	549
5.145	650	5.170	551
5.196	659	5.221	551
5.246	660	5.272	551
5.297	655	5.322	552
5.348	639	5.373	552
5.399	618	5.423	552
5.449	591	5.475	553
5.500	560	5.525	553
5.550	525	5.576	553
5.602	489	5.626	554
5.652	454	5.677	554
5.703	421	5.727	555
5.753	392	5.779	555
5.804	369	5.829	554
5.854	353	5.880	554
5.906	344	5.930	554
5.956	343	5.981	554
6.007	350	6.032	554
6.057	365	6.083	553
6.108	387	6.133	553
6.159	413	6.184	552
6.210	445	6.234	552
6.260	480	6.286	551
6.311	515	6.336	551
6.361	550	6.387	552
6.413	582	6.437	551
6.463	610	6.488	550
6.514	633	6.538	551
6.564	649	6.590	551
6.615	656	6.640	552
6.665	657	6.691	552
6.717	649	6.741	553
6.767	634	6.792	552
6.818	614	6.843	553
6.868	586	6.894	554
6.919	555	6.944	554
6.970	521	6.995	554
7.021	486	7.045	555
7.071	452	7.097	555
7.122	419	7.147	555
7.172	392	7.198	554
7.224	369	7.248	554
7.274	354	7.299	554
7.325	347	7.349	553
7.375	347	7.401	553
7.426	354	7.451	553
7.476	370	7.502	552
7.528	391	7.552	552
7.578	418	7.603	551
7.629	450	7.654	551
7.679	484	7.705	550
7.730	519	7.755	552
7.781	552	7.806	551
7.832	584	7.857	551
7.882	612	7.908	551
7.933	632	7.959	552
7.983	647	8.009	552
8.035	654	8.060	552
8.085	654	8.110	553
8.136	647	8.162	553
8.186	631	8.212	554
8.237	610	8.263	554
8.287	582	8.313	554
8.339	551	8.364	554
8.389	518	8.414	555
8.440	483	8.466	555
8.490	449	8.516	554
8.541	418	8.567	554
8.592	391	8.617	554
8.643	370	8.668	554
8.693	355	8.719	553
8.744	349	8.770	553
8.794	349	8.820	553
8.846	358	8.871	552
8.896	373	8.921	552
8.947	395	8.973	551
8.997	422	9.023	551
9.048	454	9.074	551
9.098	487	9.124	551
9.150	522	9.175	551
9.200	554	9.225	551
9.251	585	9.277	551
9.301	611	9.327	552
9.352	633	9.378	552
9.403	646	9.428	552
9.454	652	9.479	553
9.504	651	9.530	553
9.555	642	9.581	554
9.605	627	9.631	553
9.657	605	9.682	554
9.707	578	9.732	554
9.758	547	9.784	554
9.808	513	9.834	555
9.859	479	9.885	555
9.909	447	9.935	554
9.961	417	9.986	554
10.011	390	10.036	553
10.062	370	10.088	553
10.112	357	10.138	553
10.163	351	10.189	552
10.214	352	10.239	552
10.265	361	10.290	552
10.315	378	10.341	551
10.366	400	10.392	552
10.416	427	10.442	550
10.468	458	10.493	550
10.518	491	10.543	551
10.569	525	10.595	551
10.619	558	10.645	551
10.670	586	10.696	552
10.720	611	10.746	552
10.772	631	10.797	552
10.822	644	10.847	554
10.873	649	10.899	553
10.923	648	10.949	553
10.974	639	11.000	554
11.025	623	11.050	554
11.076	601	11.101	555
11.127	574	11.152	555
11.177	543	11.203	555
11.228	511	11.253	554
11.279	476	11.304	554
11.330	444	11.354	554
11.380	415	11.406	553
11.431	390	11.456	553
11.481	371	11.507	553
11.533	358	11.557	552
11.583	354	11.608	551
11.634	355	11.658	552
11.684	365	11.710	552
11.735	382	11.760	551
11.785	404	11.811	551
11.837	432	11.861	551
11.887	461	11.912	551
11.938	494	11.963	551
11.988	527	12.014	551
12.039	559	12.064	552
12.090	588	12.115	552
12.141	612	12.165	553
12.191	631	12.217	553
12.242	642	12.267	554
12.292	647	12.318	554
12.344	645	12.368	554
12.394	635	12.419	554
12.445	619	12.469	555
12.495	597	12.521	554
12.546	570	12.571	555
12.596	539	12.622	554
12.648	507	12.672	554
12.698	474	12.723	554
12.749	442	12.774	554
12.799	414	12.825	553
12.850	390	12.875	553
12.901	371	12.926	552
12.952	360	12.976	552
13.002	356	13.028	551
13.053	358	13.078	551
13.103	369	13.129	551
13.155	385	13.179	551
13.205	408	13.230	551
13.256	435	13.280	551
13.306	465	13.332	551
13.357	498	13.382	551
13.407	530	13.433	552
13.459	561	13.483	552
13.509	590	13.534	552
13.560	613	13.585	553
13.610	630	13.636	553
13.661	641	13.686	554
13.712	644	13.737	554
13.763	642	13.787	555
13.813	631	13.839	554
13.864	615	13.889	555
13.914	592	13.940	554
13.966	565	13.990	554
14.016	536	14.041	554
14.067	503	14.091	554
14.117	470	14.143	554
14.168	441	14.194	553
14.218	412	14.244	554
14.270	389	14.295	552
14.320	372	14.345	552
14.371	362	14.397	551
14.421	358	14.447	551
14.472	361	14.498	551
14.523	372	14.548	551
14.574	390	14.599	551
14.624	412	14.650	551
14.675	439	14.701	551
14.725	470	14.751	551
14.777	501	14.802	551
14.827	533	14.852	552
14.878	563	14.904	552
14.928	590	14.954	553
14.979	613	15.005	553
15.029	629	15.055	554
15.081	639	15.106	554
15.131	642	15.156	554
15.182	639	15.208	554
15.232	628	15.258	554
15.283	611	15.309	554
15.334	588	15.359	555
15.385	561	15.410	554
15.435	531	15.461	554
15.486	500	15.512	554
15.536	468	15.562	554
15.588	438	15.613	554
15.638	412	15.663	553
15.689	389	15.715	552
15.739	373	15.765	552
15.790	363	15.816	551
15.840	360	15.866	551
15.892	364	15.917	551
15.942	376	15.967	552
15.993	393	16.019	551
16.043	416	16.069	551
16.094	443	16.120	551
16.145	473	16.170	551
16.196	504	16.221	552
16.246	536	16.272	552
16.297	565	16.323	552
16.347	591	16.373	553
16.399	613	16.424	553
16.449	629	16.474	554
16.500	637	16.526	553
16.550	640	16.576	554
16.601	636	16.627	554
16.651	624	16.677	554
16.703	607	16.728	554
16.753	585	16.778	554
16.804	557	16.830	554
16.854	528	16.880	554
16.905	497	16.931	553
16.956	465	16.981	554
17.007	436	17.032	553
17.057	410	17.083	552
17.108	389	17.134	552
17.158	373	17.184	551
17.210	365	17.235	551
17.260	362	17.285	552
17.311	367	17.337	551
17.361	379	17.387	551
17.412	397	17.438	551
17.463	420	17.488	551
17.514	448	17.539	552
17.564	477	17.589	552
17.615	508	17.641	552
17.665	539	17.691	552
17.716	567	17.742	553
17.767	592	17.792	552
17.818	613	17.843	554
17.868	628	17.894	553
17.919	635	17.945	554
17.969	637	17.995	554
18.021	633	18.046	554
18.071	621	18.096	554
18.122	603	18.148	554
18.172	580	18.198	554
18.223	553	18.249	554
18.274	524	18.299	554
18.325	493	18.350	553
18.375	463	18.400	553
18.426	434	18.452	553
18.476	409	18.502	552
18.527	389	18.553	552
18.578	374	18.603	551
18.629	367	18.654	551
18.680	365	18.705	551
18.730	371	18.756	551
18.781	383	18.806	551
18.832	401	18.857	551
18.883	424	18.907	551
18.933	451	18.959	552
18.984	480	19.009	553
19.034	511	19.060	552
19.086	541	19.110	552
19.136	569	19.161	553
19.187	593	19.211	553
19.237	613	19.263	554
19.288	626	19.313	552
19.338	633	19.364	554
19.390	635	19.414	554
19.440	630	19.465	554
19.491	617	19.516	554
19.541	600	19.567	554
19.592	577	19.617	554
19.643	549	19.668	554
19.694	521	19.718	554
19.744	490	19.770	553
19.795	460	19.820	553
19.845	433	19.871	553
19.897	408	19.921	551
19.947	389	19.972	552
19.998	375	20.023	552
20.048	368	20.074	551
20.099	367	20.124	551
20.149	374	20.175	551
20.201	386	20.225	552
20.251	405	20.276	551
20.302	428	20.327	552
20.352	455	20.378	552
20.403	483	20.428	552
20.454	514	20.479	553
20.505	543	20.529	553
20.555	570	20.581	553
20.606	594	20.631	553
20.656	612	20.682	554
20.708	625	20.732	554
20.758	632	20.783	554
20.809	633	20.834	554
20.859	626	20.885	554
20.910	614	20.935	554
20.960	595	20.986	554
21.012	572	21.036	553
21.062	545	21.087	553
21.113	517	21.138	554
21.163	487	21.189	552
21.214	458	21.239	552
21.265	431	21.290	552
21.316	407	21.340	552
21.366	389	21.392	551
21.417	377	21.442	552
21.467	370	21.493	552
21.519	370	21.543	551
21.569	377	21.594	551
21.620	389	21.645	552
21.670	408	21.696	551
21.721	432	21.747	552
21.771	458	21.797	552
21.823	487	21.848	552
21.873	516	21.898	553
21.924	545	21.950	552
21.974	571	22.000	552
22.025	594	22.051	554
22.076	612	22.101	553
22.127	623	22.152	554
22.177	629	22.203	554
22.228	630	22.254	554
22.278	622	22.304	554
22.330	610	22.355	554
22.380	592	22.405	554
22.431	568	22.457	553
22.481	542	22.507	553
22.532	513	22.558	553
22.583	484	22.608	553
22.634	456	22.659	552
22.684	430	22.709	552
22.735	407	22.761	552
22.785	389	22.811	552
22.836	377	22.862	552
22.887	372	22.912	552
22.938	372	22.963	552
22.988	380	23.014	552
23.039	393	23.065	551
23.089	412	23.115	552
23.141	435	23.166	552
23.191	462	23.216	552
23.242	490	23.268	553
23.292	519	23.318	553
23.343	547	23.369	552
23.394	573	23.419	553
23.445	595	23.470	554
23.495	612	23.520	553
23.546	623	23.572	553
23.596	627	23.622	553
23.647	628	23.673	553
23.698	619	23.723	554
23.749	606	23.774	554
23.799	587	23.825	553
23.850	564	23.876	553
23.900	538	23.926	554
23.952	510	23.977	553
24.002	481	24.027	553
24.053	454	24.079	552
24.103	428	24.129	552
24.154	406	24.180	552
24.205	390	24.230	552
24.256	379	24.281	552
24.306	374	24.331	552
24.357	375	24.383	552
24.407	382	24.433	551
24.458	397	24.484	552
24.509	416	24.534	552
24.560	439	24.585	552
24.610	465	24.636	552
24.661	494	24.687	553
24.711	522	24.737	552
24.763	549	24.788	553
24.813	574	24.838	554
24.864	595	24.890	553
24.914	611	24.940	553
24.965	621	24.991	553
25.016	626	25.041	553
25.067	624	25.092	554
25.117	617	25.143	553
25.168	602	25.194	554
25.218	584	25.244	553
25.269	560	25.295	554
25.320	535	25.345	552
25.371	506	25.396	554
25.422	478	25.447	552
25.472	451	25.498	553
25.523	426	25.548	552
25.574	405	25.599	552
25.625	390	25.649	552
25.675	380	25.701	552
25.726	376	25.751	552
25.776	378	25.802	552
25.828	386	25.852	551
25.878	400	25.903	552
25.929	419	25.954	552
25.979	443	26.005	552
26.030	469	26.055	552
26.080	497	26.106	552
26.132	524	26.156	552
26.182	552	26.207	553
26.233	576	26.258	553
26.283	596	26.309	553
26.334	611	26.359	553
26.385	620	26.410	554
26.436	624	26.460	553
26.486	622	26.512	554
26.537	613	26.562	553
26.587	599	26.613	553
26.639	580	26.663	552
26.689	557	26.714	553
26.740	531	26.765	553
26.790	503	26.816	552
26.841	475	26.866	553
26.891	449	26.917	552
26.943	426	26.967	552
26.993	405	27.018	552
27.044	391	27.069	552
27.094	382	27.120	552
27.145	378	27.170	552
27.196	380	27.221	552
27.247	389	27.271	551
27.297	404	27.323	552
27.348	423	27.373	552
27.398	447	27.424	553
27.450	472	27.474	552
27.500	500	27.525	553
27.551	527	27.576	553
27.601	553	27.627	553
27.652	577	27.677	553
27.703	596	27.728	553
27.754	610	27.778	553
27.804	619	27.829	553
27.855	622	27.880	554
27.905	619	27.931	554
27.956	610	27.981	553
28.007	595	28.032	553
28.058	576	28.082	553
28.108	554	28.134	552
28.159	527	28.184	552
28.209	500	28.235	552
28.261	473	28.285	552
28.311	447	28.336	552
28.362	424	28.387	552
28.412	405	28.438	552
28.463	391	28.489	552
28.514	383	28.539	552
28.565	381	28.590	552
28.615	383	28.640	551
28.666	393	28.692	552
28.716	408	28.742	552
28.767	427	28.793	553
28.818	450	28.843	552
28.869	476	28.894	554
28.919	502	28.945	553
28.970	530	28.996	553
29.020	555	29.046	553
29.072	578	29.097	553
29.122	596	29.147	553
29.173	609	29.199	554
29.223	617	29.249	553
29.274	620	29.300	554
29.325	616	29.350	553
29.376	607	29.401	552
29.426	592	29.451	553
29.477	573	29.503	553
29.527	550	29.553	552
29.578	524	29.604	553
29.629	497	29.654	553
29.680	470	29.705	553
29.730	446	29.756	552
29.781	423	29.807	552
29.831	406	29.857	552
29.883	393	29.908	553
29.933	384	29.958	553
29.984	382	30.010	551
30.034	386	30.060	552
30.085	396	30.111	552
30.136	411	30.161	552
30.187	431	30.212	552
30.237	454	30.263	552
30.288	479	30.314	553
30.338	505	30.364	553
30.389	532	30.415	553
30.440	557	30.465	553
30.491	578	30.516	553
30.541	596	30.567	553
30.592	608	30.618	553
30.642	615	30.668	553
30.694	618	30.719	554
30.744	613	30.769	553
30.795	604	30.821	552
30.845	588	30.871	553
30.896	569	30.922	553
