#Creator: pendulumviewEventBuffer
#Creation time: Thu Mar  7 09:21:45 2019
#Time A	Pos A	Time B	Pos B
#[s]	[au]	[s]	[au]
0.026	633	0.050	531
0.076	630	0.101	531
0.127	632	0.151	532
0.177	633	0.203	531
0.228	636	0.253	531
0.278	635	0.304	531
0.330	636	0.354	531
0.380	637	0.405	531
0.431	636	0.456	532
0.481	637	0.507	531
0.532	635	0.557	530
0.583	634	0.608	531
0.634	630	0.658	531
0.684	630	0.710	530
0.735	627	0.760	530
0.785	627	0.811	531
0.837	626	0.861	531
0.887	625	0.912	531
0.938	624	0.963	531
0.988	627	1.014	531
1.039	627	1.064	531
1.089	629	1.115	531
1.141	632	1.165	531
1.191	630	1.216	530
1.242	628	1.267	531
1.292	616	1.318	531
1.343	601	1.368	532
1.394	579	1.419	531
1.445	556	1.469	531
1.495	528	1.521	531
1.546	498	1.571	530
1.596	470	1.622	531
1.648	443	1.672	531
1.698	420	1.723	531
1.749	400	1.774	531
1.799	388	1.825	532
1.850	380	1.875	530
1.900	382	1.926	531
1.952	388	1.976	532
2.002	403	2.027	531
2.053	417	2.078	531
2.103	436	2.129	531
2.154	457	2.179	531
2.205	486	2.230	531
2.256	511	2.280	531
2.306	538	2.332	531
2.357	564	2.382	531
2.407	582	2.433	531
2.459	600	2.483	531
2.509	609	2.534	531
2.560	618	2.585	531
2.610	616	2.636	531
2.661	612	2.686	530
2.711	598	2.737	531
2.763	584	2.787	530
2.813	563	2.838	531
2.864	540	2.889	531
2.914	514	2.940	531
2.965	490	2.990	531
3.016	466	3.041	531
3.067	441	3.091	530
3.117	424	3.143	531
3.168	406	3.193	531
3.218	398	3.244	531
3.270	389	3.294	531
3.320	390	3.345	531
3.371	396	3.396	530
3.421	410	3.447	531
3.472	423	3.498	531
3.523	438	3.548	531
3.574	455	3.599	531
3.624	481	3.649	531
3.675	506	3.701	531
3.725	529	3.751	531
3.776	553	3.802	531
3.827	572	3.852	530
3.878	589	3.903	531
3.928	598	3.954	531
3.979	607	4.005	532
4.029	606	4.055	532
4.081	604	4.106	530
4.131	593	4.156	531
4.182	581	4.208	531
4.232	560	4.258	531
4.283	540	4.309	531
4.334	515	4.359	531
4.385	491	4.410	531
4.435	466	4.460	531
4.486	442	4.512	531
4.536	424	4.562	530
4.587	407	4.613	531
4.638	396	4.663	530
4.689	387	4.714	531
4.739	388	4.765	531
4.790	392	4.816	530
4.840	405	4.866	530
4.892	419	4.917	531
4.942	435	4.967	531
4.993	455	5.019	531
5.043	480	5.069	531
5.094	507	5.120	531
5.145	528	5.170	531
5.196	552	5.221	530
5.246	570	5.271	531
5.297	586	5.323	530
5.347	597	5.373	531
5.398	605	5.424	531
5.449	604	5.474	532
5.500	601	5.525	531
5.550	591	5.576	531
5.601	577	5.627	530
5.651	558	5.677	530
5.703	537	5.728	530
5.753	515	5.778	531
5.804	490	5.830	531
5.854	468	5.880	530
5.905	446	5.931	530
5.956	428	5.981	530
6.007	412	6.032	531
6.057	404	6.083	530
6.108	394	6.134	531
6.158	397	6.184	531
6.209	402	6.235	531
6.260	413	6.285	531
6.311	426	6.336	531
6.362	442	6.387	530
6.412	462	6.438	531
6.463	482	6.488	531
6.514	508	6.539	530
6.565	528	6.589	530
6.615	550	6.641	530
6.666	566	6.691	530
6.716	582	6.742	531
6.768	591	6.792	532
6.818	599	6.843	531
6.869	599	6.894	531
6.919	595	6.945	531
6.970	586	6.995	531
7.020	575	7.046	530
7.072	558	7.096	532
7.122	538	7.147	530
7.173	515	7.198	531
7.223	492	7.249	531
7.274	471	7.299	531
7.325	449	7.350	531
7.376	433	7.400	531
7.426	418	7.452	531
7.477	409	7.502	530
7.527	401	7.553	531
7.579	401	7.603	530
7.629	407	7.654	531
7.680	418	7.705	530
7.730	431	7.756	530
7.781	446	7.806	531
7.831	464	7.857	531
7.883	486	7.907	531
7.933	509	7.958	531
7.984	527	8.009	530
8.034	549	8.060	531
8.085	565	8.110	532
8.136	580	8.161	531
8.187	590	8.211	531
8.237	597	8.263	530
8.288	597	8.313	531
8.338	593	8.364	530
8.390	584	8.414	530
8.440	572	8.465	531
8.491	556	8.516	531
8.541	536	8.567	530
8.592	516	8.617	532
8.643	492	8.668	531
8.694	473	8.718	531
8.744	451	8.769	530
8.795	436	8.820	531
8.845	422	8.871	531
8.896	413	8.921	530
8.947	406	8.972	530
8.998	407	9.022	530
9.048	413	9.074	531
9.099	422	9.124	530
9.149	436	9.175	531
9.201	449	9.225	529
9.251	468	9.276	531
9.302	486	9.327	531
9.352	509	9.378	531
9.403	527	9.429	531
9.454	547	9.479	531
9.505	562	9.530	531
9.555	576	9.580	531
9.606	586	9.632	531
9.656	591	9.682	530
9.707	591	9.733	531
9.758	589	9.783	530
9.809	580	9.834	531
9.859	567	9.885	530
9.910	553	9.936	531
9.960	532	9.986	531
10.012	513	10.037	531
10.062	491	10.087	530
10.113	472	10.139	531
10.163	453	10.189	530
10.214	438	10.240	530
10.265	425	10.290	531
10.316	416	10.341	530
10.366	411	10.391	531
10.417	410	10.443	530
10.467	417	10.493	531
10.518	424	10.544	530
10.569	437	10.594	531
10.620	449	10.645	531
10.670	468	10.696	531
10.721	486	10.747	531
10.771	507	10.797	530
10.823	526	10.848	531
10.873	545	10.898	531
10.924	559	10.950	531
10.974	573	11.000	531
11.025	584	11.051	530
11.076	588	11.101	530
11.127	590	11.152	531
11.177	584	11.203	531
11.228	577	11.254	531
11.278	563	11.304	530
11.329	548	11.355	531
11.380	529	11.405	530
11.431	512	11.456	531
11.481	490	11.507	531
11.532	472	11.558	531
11.582	452	11.608	531
11.634	438	11.659	530
11.684	427	11.709	531
11.735	417	11.761	530
11.785	413	11.811	531
11.836	413	11.862	531
11.887	418	11.912	530
11.938	425	11.963	531
11.988	437	12.014	530
12.039	450	12.065	531
12.089	469	12.115	531
12.140	486	12.166	531
12.191	506	12.216	531
12.242	525	12.267	531
12.292	543	12.318	530
12.343	558	12.369	531
12.393	569	12.419	530
12.445	580	12.470	531
12.495	584	12.520	531
12.546	585	12.572	531
12.596	578	12.622	530
12.647	571	12.673	529
12.698	558	12.723	531
12.749	544	12.774	531
12.799	526	12.825	531
12.850	508	12.876	530
12.900	488	12.926	531
12.951	471	12.977	530
13.002	453	13.027	531
13.053	440	13.078	530
13.103	428	13.129	531
13.154	418	13.180	530
13.204	415	13.230	530
13.256	413	13.281	531
13.306	419	13.331	531
13.357	425	13.383	530
13.407	438	13.433	530
13.458	451	13.484	531
13.509	467	13.534	531
13.560	485	13.585	531
13.610	505	13.636	530
13.661	523	13.687	531
13.711	538	13.737	531
13.763	554	13.788	531
13.813	566	13.838	531
13.864	575	13.889	531
13.914	578	13.940	531
13.965	579	13.991	530
14.015	573	14.041	531
14.067	566	14.092	530
14.117	553	14.142	530
14.168	540	14.194	531
14.218	524	14.244	531
14.269	505	14.295	530
14.320	486	14.345	531
14.371	468	14.396	530
14.421	453	14.447	530
14.472	439	14.498	530
14.522	428	14.548	530
14.574	418	14.599	530
14.624	414	14.649	530
14.675	413	14.700	531
14.725	418	14.751	530
14.776	426	14.802	530
14.826	437	14.852	530
14.878	450	14.903	531
14.928	468	14.953	530
14.979	485	15.005	531
15.029	504	15.055	530
15.080	521	15.106	531
15.131	536	15.156	531
15.182	550	15.207	531
15.232	562	15.258	531
15.283	571	15.309	531
15.333	573	15.359	531
15.385	574	15.410	530
15.435	568	15.460	531
15.486	561	15.511	530
15.536	549	15.562	531
15.587	535	15.613	530
15.637	520	15.663	531
15.689	502	15.714	530
15.739	485	15.764	531
15.790	467	15.816	530
15.840	451	15.866	531
15.891	438	15.917	530
15.942	427	15.967	529
15.993	418	16.018	531
16.043	415	16.069	531
16.094	414	16.120	531
16.144	420	16.170	530
16.196	426	16.221	531
16.246	438	16.271	530
16.297	450	16.323	531
16.347	466	16.373	530
16.398	484	16.424	531
16.448	500	16.474	530
16.500	517	16.525	530
16.550	533	16.575	530
16.601	547	16.627	530
16.651	557	16.677	530
16.702	565	16.728	531
16.753	567	16.778	531
16.804	568	16.829	530
16.854	563	16.880	530
16.905	556	16.931	530
16.955	544	16.981	530
17.007	531	17.032	530
17.057	515	17.082	531
17.108	497	17.134	531
17.158	480	17.184	530
17.209	463	17.235	530
17.259	448	17.285	531
17.311	433	17.336	530
17.361	424	17.386	531
17.412	414	17.438	531
17.462	411	17.488	530
17.513	412	17.539	531
17.564	416	17.589	530
17.615	422	17.640	530
17.665	435	17.691	530
17.716	449	17.742	530
17.766	463	17.792	530
17.818	481	17.843	531
17.868	496	17.893	531
17.919	513	17.945	531
17.969	527	17.995	530
18.020	541	18.046	531
18.070	551	18.096	531
18.122	559	18.147	530
18.172	561	18.197	531
18.223	560	18.249	530
18.273	556	18.299	531
18.324	548	18.350	530
18.375	538	18.400	530
18.426	523	18.451	531
18.476	509	18.502	530
18.527	491	18.553	531
18.577	474	18.603	530
18.629	456	18.654	530
18.679	443	18.704	530
18.730	428	18.756	530
18.780	419	18.806	530
18.831	410	18.857	531
18.881	409	18.907	530
18.933	407	18.958	530
18.984	414	19.008	530
19.034	420	19.060	530
19.085	430	19.110	530
19.135	445	19.161	530
19.187	459	19.211	530
19.237	476	19.262	530
19.288	491	19.313	530
19.338	508	19.364	530
19.389	521	19.414	529
19.440	535	19.465	531
19.491	544	19.515	530
19.541	551	19.567	530
19.592	555	19.617	530
19.642	554	19.668	530
19.694	550	19.718	530
19.744	542	19.769	530
19.795	532	19.819	531
19.845	517	19.871	530
19.896	503	19.921	530
19.946	485	19.972	531
19.998	469	20.022	530
20.048	452	20.073	531
20.099	438	20.124	530
20.149	426	20.175	531
20.200	417	20.225	531
20.251	408	20.276	530
20.302	405	20.326	530
20.352	406	20.378	530
20.403	411	20.428	530
20.453	420	20.479	531
20.505	429	20.529	529
20.555	443	20.580	531
20.606	455	20.630	530
20.656	472	20.682	530
20.707	487	20.732	531
20.757	504	20.783	530
20.809	516	20.833	531
20.859	530	20.884	530
20.910	541	20.935	530
20.960	548	20.986	530
21.011	549	21.036	530
21.062	548	21.087	530
21.113	546	21.137	530
21.163	537	21.189	530
21.214	527	21.239	529
21.264	512	21.290	530
21.316	498	21.340	530
21.366	480	21.391	531
21.417	466	21.441	530
21.467	448	21.493	531
21.518	436	21.543	530
21.568	424	21.594	530
21.620	414	21.644	530
21.670	408	21.695	531
21.721	404	21.746	530
21.771	408	21.797	530
21.822	411	21.847	530
21.873	419	21.898	530
21.924	428	21.949	529
21.974	442	22.000	530
22.025	454	22.051	530
22.075	471	22.101	530
22.127	485	22.152	530
22.177	502	22.202	530
22.228	514	22.254	531
22.278	526	22.304	530
22.329	537	22.355	530
22.379	543	22.405	530
22.431	546	22.456	530
22.481	544	22.506	531
22.532	541	22.558	530
22.582	531	22.608	530
22.633	521	22.659	530
22.684	508	22.709	530
22.735	494	22.760	530
22.785	477	22.811	530
22.836	463	22.862	530
22.886	449	22.912	531
22.938	435	22.963	530
22.988	423	23.013	531
23.039	414	23.065	530
23.089	409	23.115	530
23.140	405	23.166	530
23.190	407	23.216	530
23.242	411	23.267	530
23.292	419	23.317	530
23.343	428	23.369	530
23.393	441	23.419	530
23.444	455	23.470	530
23.495	469	23.520	530
23.546	485	23.571	531
23.596	501	23.622	530
23.647	513	23.673	530
23.697	524	23.723	530
23.749	534	23.774	531
23.799	539	23.824	530
23.850	542	23.876	529
23.900	540	23.926	530
23.951	536	23.977	530
24.001	527	24.027	530
24.053	518	24.078	529
24.103	504	24.128	530
24.154	492	24.180	530
24.204	476	24.230	531
24.255	462	24.281	530
24.306	448	24.331	530
24.357	435	24.382	530
24.407	424	24.433	530
24.458	415	24.484	530
24.508	410	24.534	530
24.560	407	24.585	529
24.610	409	24.635	531
24.661	412	24.687	530
24.711	421	24.737	530
24.762	430	24.788	531
24.812	443	24.838	530
24.864	456	24.889	530
24.914	471	24.939	530
24.965	485	24.991	531
25.015	500	25.041	530
25.066	513	25.092	530
25.117	523	25.142	529
25.168	532	25.193	531
25.219	536	25.244	531
25.269	539	25.295	530
25.320	536	25.345	531
25.371	532	25.396	531
25.422	524	25.446	531
25.472	515	25.498	530
25.523	502	25.548	531
25.573	489	25.599	530
25.625	475	25.649	530
25.675	461	25.700	530
25.726	448	25.750	531
25.776	435	25.802	531
25.827	425	25.852	530
25.877	417	25.903	529
25.929	411	25.953	530
25.979	408	26.004	530
26.030	411	26.055	530
26.080	414	26.106	531
26.131	424	26.156	530
26.182	432	26.207	530
26.233	443	26.257	530
26.283	457	26.309	530
26.334	472	26.359	530
26.384	485	26.410	530
26.436	499	26.460	530
26.486	511	26.511	530
26.537	520	26.561	530
26.587	529	26.613	531
26.638	533	26.663	530
26.688	536	26.714	531
26.740	533	26.764	531
26.790	530	26.815	530
26.841	522	26.866	531
26.891	512	26.917	530
26.942	500	26.967	530
26.993	488	27.018	530
27.044	475	27.068	530
27.094	461	27.120	530
27.145	448	27.170	531
27.195	436	27.221	530
27.247	426	27.271	530
27.297	418	27.322	530
27.348	413	27.372	529
27.398	410	27.424	529
27.449	413	27.474	530
27.499	417	27.525	531
27.551	425	27.575	530
27.601	434	27.626	530
27.652	446	27.677	530
27.702	459	27.728	529
27.753	472	27.778	530
27.804	485	27.829	530
27.855	497	27.879	530
27.905	509	27.931	531
27.956	518	27.981	531
28.006	527	28.032	530
28.058	530	28.082	532
28.108	532	28.133	530
28.159	529	28.183	530
28.209	526	28.235	530
28.260	519	28.286	531
28.310	509	28.336	530
28.362	499	28.387	530
28.412	485	28.437	530
28.463	474	28.489	530
28.513	460	28.539	531
28.564	448	28.590	530
28.615	436	28.640	530
28.666	427	28.691	531
28.716	418	28.742	530
28.767	415	28.793	530
28.817	415	28.843	531
28.869	415	28.894	530
28.919	419	28.944	530
