4 384
116 384
232 387
344 391
456 399
568 408
680 414
796 415
912 423
1024 432
1136 440
1248 448
1360 448
1472 451
1584 455
1696 463
1808 465
1924 472
2036 476
2148 480
2260 480
2372 483
2484 487
2596 492
2708 496
2820 496
2940 497
3052 504
3164 504
3276 504
3388 504
3500 504
3612 504
3724 505
3840 504
3956 504
4068 504
4180 504
4292 504
4404 504
4516 497
4632 496
4744 496
4856 492
4972 487
5084 487
5196 481
5312 480
5424 480
5536 472
5648 467
5760 463
5872 455
5988 455
6104 448
6216 448
6328 440
6440 432
6552 428
6664 423
6776 415
6888 412
7008 399
7120 398
7232 391
7344 384
7456 384
7568 369
7680 364
7792 355
7904 352
8024 344
8136 335
8248 327
8360 319
8472 316
8584 312
8696 304
8808 295
8920 287
9040 280
9152 271
9264 255
9376 255
9488 255
9600 248
9712 241
9824 238
9940 231
10056 224
10168 220
10280 216
10392 207
10504 199
10620 195
10732 192
10844 192
10956 184
11072 179
11184 176
11300 174
11412 167
11524 163
11636 159
11748 159
11860 158
11972 156
12092 156
12204 152
12316 152
12428 152
12540 152
12652 147
12764 147
12876 147
12988 147
13108 152
13220 152
13332 152
13444 152
13556 156
13668 158
13780 159
13892 159
14004 159
14124 167
14236 167
14348 174
14460 176
14572 184
14684 184
14796 192
14908 192
15020 195
15140 199
15252 207
15364 216
15476 220
15588 224
15700 231
15816 238
15928 241
16040 248
16156 255
16268 255
16380 255
16496 271
16608 280
16720 287
16832 295
16944 304
17056 312
17168 316
17284 319
17396 327
17508 335
17620 344
17732 352
17844 355
17956 364
18068 369
18180 384
18300 384
18412 391
18524 398
18636 403
18748 412
18860 415
18976 419
19088 428
19200 432
19316 440
19428 448
19540 448
19656 451
19768 455
19880 463
19992 467
20104 472
20216 480
20332 480
20448 481
20560 483
20672 487
20784 492
20896 496
21008 496
21120 497
21232 499
21352 504
21464 504
21576 504
21688 504
21800 504
21912 508
22024 504
22136 504
22248 504
22368 504
22480 504
22592 499
22704 497
22816 496
22928 496
23040 492
23152 487
23264 483
23384 480
23496 480
23608 476
23720 472
23832 463
23944 462
24056 455
24172 451
24284 448
24400 448
24512 440
24624 432
24736 423
24852 415
24964 415
25076 408
25188 399
25300 391
25416 387
25532 384
25644 384
25756 368
25868 359
25980 353
26092 352
26204 344
26316 335
26436 327
26548 319
26660 312
26772 305
26884 300
26996 287
27108 287
27220 280
27332 271
27452 255
27564 255
27676 254
27788 248
27900 240
28012 231
28124 227
28236 224
28348 220
28468 211
28580 207
28692 199
28804 195
4 188
116 184
232 177
344 176
456 167
568 167
680 163
796 159
912 159
1024 158
1136 156
1248 156
1360 152
1472 152
1584 152
1696 152
1816 152
1928 145
2040 147
2152 147
2264 152
2376 152
2488 152
2600 152
2712 156
2832 156
2944 159
3056 159
3168 159
3280 167
3392 167
3504 176
3616 176
3728 184
3848 188
3960 192
4072 193
4184 199
4296 206
4408 207
4520 216
4632 224
4748 225
4864 231
4976 240
5088 248
5200 252
5312 255
5428 255
5540 271
5652 280
5764 284
5880 287
5992 295
6108 304
6220 312
6332 319
6444 319
6556 332
6668 335
6780 348
6900 352
7012 359
7124 368
7236 376
7348 384
7460 385
7572 391
7684 399
7796 408
7908 412
8028 415
8140 423
8252 432
8364 433
8476 440
8588 448
8700 449
8812 455
8924 460
9044 463
9156 472
9268 472
9380 480
9492 480
9604 483
9716 487
9828 487
9944 492
10060 496
10172 497
10284 497
10396 504
10508 504
10624 504
10736 504
10848 504
10960 505
11076 504
11188 504
11304 504
11416 504
11528 504
11640 504
11752 497
11864 496
11976 496
12096 494
12208 487
12320 487
12432 483
12544 480
12656 480
12768 476
12880 472
12992 463
13112 460
13224 455
13336 449
13448 448
13560 440
13672 433
13784 432
13896 423
14008 415
14128 412
14240 408
14352 399
14464 391
14576 385
14688 384
14800 376
14912 368
15024 359
15144 352
15256 348
15368 335
15480 334
15592 319
15704 319
15820 312
15932 304
16044 295
16160 287
16272 284
16384 280
16500 271
16612 255
16724 255
16836 252
16948 248
17060 240
17176 231
17292 225
17404 224
17516 216
17628 207
17740 206
17852 199
17964 193
18076 192
18196 188
18308 184
18420 177
18532 176
18644 167
18756 167
18868 163
18980 159
19092 159
19212 158
19324 156
19436 152
19548 152
19660 152
19772 152
19884 152
19996 147
20108 145
20228 147
20340 152
20452 152
20564 152
20676 152
20788 153
20900 156
21016 158
21128 159
21244 159
21356 163
21468 167
21580 167
21692 176
21808 177
21920 184
22032 192
22144 192
22260 195
22372 199
22488 207
22600 211
22712 216
22824 224
22936 227
23048 231
23160 240
23272 248
23392 254
23504 255
23616 255
23728 271
23840 280
23952 286
24064 287
24176 295
24288 305
24408 312
24520 319
24632 327
24744 335
24856 344
24968 352
25080 353
25192 359
25304 368
25424 384
25536 384
25648 387
25760 391
25872 399
25984 408
26096 414
26208 415
26324 423
26440 432
26552 440
26664 448
26776 448
26888 451
27004 455
27116 463
27228 463
27340 472
27456 476
27568 480
27684 480
27796 483
27908 487
28020 487
28132 496
28244 496
28356 496
28476 504
28588 504
28700 504
28812 504
4 504
116 504
228 508
340 504
452 504
564 504
676 504
796 504
908 499
1020 497
1132 496
1244 494
1356 487
1468 487
1584 483
1696 480
1812 480
1924 472
2036 467
2148 463
2264 460
2376 455
2488 451
2600 448
2712 448
2828 440
2944 432
3056 423
3168 415
3280 414
3392 408
3504 399
3616 391
3728 387
3848 384
3960 376
4072 368
4184 359
4296 353
4408 348
4520 344
4632 334
4744 327
4864 319
4976 312
5088 304
5200 295
5312 287
5424 286
5536 280
5648 271
5760 255
5880 255
5992 252
6104 248
6216 240
6328 231
6440 227
6552 224
6664 216
6780 209
6896 206
7008 199
7120 195
7232 192
7344 192
7460 184
7572 177
7684 176
7796 167
7912 167
8024 163
8140 159
8252 159
8364 158
8476 156
8588 156
8700 152
8812 152
8932 152
9044 152
9156 152
9268 147
9380 147
9492 152
9604 152
9716 152
9828 152
9948 152
10060 156
10172 158
10284 159
10396 159
10508 163
10620 167
10732 167
10844 176
10964 177
11076 184
11188 188
11300 192
11412 193
11524 199
11636 206
11748 207
11860 216
11980 224
12092 225
12204 231
12316 240
12428 248
12540 252
12656 255
12768 255
12880 271
12996 280
13108 286
13220 287
13336 295
13448 304
13560 312
13672 319
13784 319
13896 334
14008 339
14128 348
14240 353
14352 359
14464 368
14576 376
14688 384
14800 385
14912 391
15024 399
15144 408
15256 414
15368 415
15480 423
15592 432
15704 440
15816 448
15928 448
16040 451
16160 455
16272 462
16384 463
16496 472
16608 473
16720 480
16832 480
16944 483
17056 487
17176 487
17288 494
17400 496
17512 496
17624 497
17736 504
17852 504
17964 504
18076 504
18192 504
18304 508
18416 508
18532 505
18644 504
18756 504
18868 504
18980 504
19092 497
19208 496
19324 496
19436 492
19548 487
19660 487
19772 483
19884 480
19996 480
20108 472
20228 472
20340 463
20452 460
20564 455
20676 449
20788 448
20900 440
21012 433
21124 430
21244 423
21356 415
21468 412
21580 408
21692 399
21804 391
21916 384
22028 384
22140 376
22260 368
22372 359
22484 352
22596 344
22708 335
22820 327
22932 319
23048 318
23160 312
23276 304
23388 295
23500 287
23612 284
23728 275
23840 255
23952 255
24064 255
24176 248
24292 241
24408 238
24520 231
24632 224
24744 220
24856 216
24968 207
25080 199
25192 199
25312 193
25424 192
25536 185
25648 184
25760 177
25872 176
25984 167
26096 167
26208 163
26328 159
26440 159
26552 158
26664 156
26776 152
26888 152
27000 152
27112 152
27224 152
27344 147
27456 145
27568 147
27680 152
27792 152
27904 152
28016 152
28128 156
28244 156
28360 159
28472 159
28584 159
28696 163
28808 167
4 167
116 176
228 177
340 184
452 192
564 192
684 195
796 199
908 207
1020 211
1132 216
1244 224
1360 227
1472 231
1584 240
1700 248
1812 254
1924 255
2040 255
2152 271
2264 280
2376 287
2488 287
2600 295
2716 305
2832 312
2944 319
3056 319
3168 334
3280 339
3392 348
3504 353
3616 359
3736 368
3848 384
3960 384
4072 387
4184 391
4296 399
4408 408
4520 415
4632 415
4744 423
4864 432
4976 440
5088 448
5200 448
5312 451
5424 455
5536 463
5648 463
5760 472
5880 476
5992 480
6104 481
6216 483
6328 487
6440 487
6556 496
6668 496
6780 496
6896 504
7008 504
7120 504
7236 504
7348 504
7460 504
7572 508
7684 504
7796 504
7912 504
8028 504
8140 504
8252 504
8364 497
8476 496
8588 496
8700 492
8812 487
8932 487
9044 481
9156 480
9268 480
9380 472
9492 467
9604 463
9716 455
9828 455
9948 448
10060 448
10172 440
10284 432
10396 428
10508 423
10620 415
10732 409
10844 403
10964 398
11076 391
11188 384
11300 384
11412 369
11524 364
11636 355
11748 352
11864 344
11980 335
12092 327
12204 319
12316 316
12428 312
12544 304
12656 295
12768 287
12880 280
12996 271
13108 255
13224 255
13336 255
13448 248
13560 241
13672 236
13784 231
13896 224
14016 220
14128 216
14240 207
14352 199
14464 195
14576 192
14688 192
14800 184
14912 184
15032 176
15144 174
15256 167
15368 167
15480 159
15592 159
15704 159
15816 156
15928 156
16048 152
16160 152
16272 152
16384 152
16496 147
16608 145
16720 145
16832 147
16944 152
17064 152
17176 152
17288 152
17400 156
17512 158
17624 159
17740 159
17852 159
17964 167
18080 167
18192 174
18304 176
18420 179
18532 184
18644 192
18756 192
18868 195
18980 199
19096 207
19212 216
19324 220
19436 224
19548 231
19660 238
19772 241
19884 248
19996 255
20108 255
20228 255
20340 275
20452 280
20564 287
20676 295
20788 304
20900 312
21012 316
21124 319
21244 327
21356 335
21468 344
21580 352
21692 355
21804 368
21916 369
22028 384
22140 384
22260 391
22372 398
22484 403
22596 412
22708 415
22820 419
22936 428
23048 432
23160 440
23276 448
23388 449
23500 455
23616 455
23728 463
23840 467
23952 472
24064 480
24176 480
24292 481
24408 487
24520 487
24632 492
24744 496
24856 496
24968 497
25080 504
25192 504
25312 504
25424 504
25536 504
25648 504
25760 508
25872 504
25984 504
26096 504
26208 504
26328 504
26440 499
26552 497
26664 496
26776 496
26888 487
27000 487
27112 483
27224 481
27344 480
27456 476
27568 472
27680 465
27792 463
27904 455
28016 451
28132 448
28244 448
28360 440
28472 432
28584 423
28696 415
28812 414
4 408
116 399
228 391
340 385
452 384
564 376
684 368
796 359
908 352
1020 348
1132 335
1244 327
1356 319
1472 319
1584 312
1700 304
1812 295
1924 287
2036 284
2152 280
2264 271
2376 255
2488 255
2600 252
2716 248
2832 240
2944 231
3056 225
3168 224
3280 216
3392 207
3504 206
3616 199
3736 193
3848 192
3960 185
4072 184
4184 176
4296 176
4408 167
4520 167
4632 159
4752 159
4864 159
4976 156
5088 156
5200 152
5312 152
5424 152
5536 152
5648 152
5768 147
5880 147
5992 147
6104 152
6216 152
6328 152
6440 152
6552 152
6668 156
6784 158
6896 159
7008 159
7120 163
7232 167
7348 167
7460 176
7572 177
7684 184
7800 192
7912 192
8028 195
8140 199
8252 207
8364 211
8476 216
8588 224
8700 227
8820 231
8932 240
9044 248
9156 254
9268 255
9380 255
9492 271
9604 280
9716 287
9836 291
9948 300
10060 305
10172 316
10284 319
10396 327
10508 335
10620 344
10732 352
10852 355
10964 359
11076 368
11188 384
11300 384
11412 387
11524 391
11636 399
11748 408
11864 415
11980 415
12092 423
12204 432
12316 440
12428 448
12544 448
12656 451
12768 455
12880 463
12996 465
13108 472
13224 476
13336 480
13448 481
13560 483
13672 487
13784 492
13896 496
14016 496
14128 496
14240 497
14352 504
14464 504
14576 504
14688 504
14800 504
14912 504
15032 508
15144 504
15256 504
15368 504
15480 504
15592 504
15704 497
15816 496
15928 496
16048 492
16160 487
16272 487
16384 481
16496 480
16608 480
16720 472
16832 467
16944 463
17064 455
17176 455
17288 448
17400 448
17512 440
17624 432
17740 428
17852 419
17964 415
18080 408
18192 399
18304 398
18420 391
18532 384
18644 384
18756 369
18868 364
18980 355
19096 352
19212 344
19324 335
19436 327
19548 319
19660 316
19772 312
19884 304
19996 295
20116 287
20228 280
20340 271
20452 255
20564 255
20676 255
20788 248
20900 241
21012 238
21132 231
21244 224
21356 220
21468 216
21580 207
21692 199
21804 195
21916 192
22028 192
22148 184
22260 184
22372 176
22484 174
22596 167
22708 167
22820 159
22936 159
23048 159
23164 158
23276 156
23388 152
23500 152
23616 152
23728 152
23840 147
23952 147
24064 147
24180 147
24296 152
24408 152
24520 152
24632 152
24744 156
24856 156
24968 159
25080 159
25200 159
25312 167
25424 167
25536 174
25648 176
25760 184
25872 184
25984 192
26096 192
26216 199
26328 199
26440 207
26552 216
26664 220
26776 224
26888 231
27000 236
27112 241
27224 248
27344 255
27456 255
27568 255
27680 271
27792 280
27904 287
28016 295
28128 304
28244 312
28360 316
28472 319
28584 327
28696 335
28808 344
8 355
120 359
232 368
344 384
456 384
572 387
688 391
800 399
912 408
1024 414
1136 415
1248 423
1360 432
1472 440
1592 448
1704 448
1816 451
1928 455
2040 463
2152 463
2264 472
2376 476
2488 480
2608 481
2720 483
2832 487
2944 492
3056 496
3168 496
3280 496
3392 499
3504 504
3616 504
3736 504
3848 504
3960 504
4072 508
4184 508
4296 504
4412 504
4524 504
4636 504
4752 504
4864 497
4976 496
5088 496
5200 492
5312 487
5424 487
5536 481
5648 480
5768 476
5880 472
5992 465
6104 463
6216 455
6328 451
6440 448
6552 448
6664 440
6784 432
6896 423
7008 419
7120 415
7232 412
7344 408
7456 399
7572 391
7684 384
7800 384
7912 369
8024 364
8136 355
8252 352
8364 344
8476 335
8588 327
8700 319
8816 316
8932 312
9044 304
9156 295
9268 287
9380 284
9492 271
9604 255
9716 255
9836 255
9948 248
10060 241
10172 240
10284 231
10396 224
10508 220
10620 216
10732 207
10852 199
10964 199
11076 192
11188 192
11300 184
11412 184
11524 176
11636 176
11748 167
11868 167
11980 163
12092 159
12204 159
12316 158
12428 156
12540 152
12652 152
12768 152
12884 152
12996 147
13108 147
13220 145
13332 147
13448 152
13560 152
13672 152
13784 152
13900 156
14012 158
14128 159
14240 159
14352 159
14464 167
14576 167
14688 174
14800 176
14920 179
15032 184
15144 192
15256 192
15368 195
15480 199
15592 207
15704 211
15816 220
15936 224
16048 227
16160 231
16272 241
16384 248
16496 255
16608 255
16720 255
16832 271
16952 280
17064 287
17176 295
17288 304
17400 307
17512 316
17624 319
17736 327
17848 335
17968 344
18080 352
18192 355
18304 364
18416 369
18528 384
18644 384
18756 387
18868 396
18984 399
19096 408
19208 415
19324 419
19436 423
19548 432
19660 440
19772 448
19884 448
19996 451
20112 455
20224 463
20336 467
20448 472
20560 480
20672 480
20784 481
20896 483
21008 487
21128 492
21240 496
21352 496
21464 497
21576 504
21688 504
21804 504
21916 504
22028 504
22144 508
22256 508
22368 504
22484 504
22596 504
22708 504
22820 504
22932 504
23044 497
23160 496
23276 496
23388 492
23500 487
23612 483
23724 481
23836 480
23948 480
24060 472
24180 465
24292 463
24404 455
24516 451
24628 448
24740 448
24852 440
24964 432
25076 423
25196 415
25308 415
25420 408
25532 399
25644 391
25756 387
25868 384
25980 384
26092 368
26212 359
26324 355
26436 352
26548 344
26660 335
26772 327
26884 319
27000 316
27112 307
27228 300
27340 291
27452 287
27564 280
27680 271
27792 255
27904 255
28016 254
28128 248
28244 240
28360 231
28472 227
28584 224
28696 216
28808 209
4 207
116 204
228 199
340 192
452 192
572 184
684 184
796 176
908 176
1020 167
1132 167
1244 163
1356 159
1468 159
1588 158
1700 156
1812 153
1924 152
2036 152
2148 152
2260 147
2376 147
2488 145
2604 147
2716 152
2828 152
2940 152
3056 152
3168 156
3280 156
3392 159
3504 159
3620 159
3736 163
3848 167
3960 167
4072 176
4184 179
4296 184
4408 192
4520 192
4640 195
4752 199
4864 207
4976 211
5088 216
5200 224
5312 227
5424 231
5536 240
5656 248
5768 255
5880 255
5992 255
6104 271
6216 280
6328 287
6440 291
6552 300
6672 307
6784 316
6896 319
7008 327
7120 335
7232 344
7344 352
7456 353
7572 359
7688 368
7800 376
7912 384
8024 385
8136 391
8252 399
8364 408
8476 415
8588 419
8704 428
8816 433
8932 440
9044 448
9156 448
9268 451
9380 455
9492 462
9604 463
9716 472
9836 476
9948 480
10060 481
10172 487
10284 487
10396 492
10508 496
10620 496
10732 497
10852 499
10964 504
11076 504
11188 504
11300 504
11412 504
11524 508
11636 508
11748 504
11868 504
11980 504
12092 504
12204 504
12316 497
12428 496
12540 496
12652 492
12768 487
12884 483
12996 481
13108 480
13220 476
13332 472
13448 467
13560 463
13672 455
13784 451
13900 448
14012 448
14124 440
14240 432
14352 423
14464 419
14576 415
14688 408
14800 399
14916 396
15032 387
15144 384
15256 384
15368 369
15480 364
15592 355
15704 352
15816 344
15936 335
16048 327
16160 319
16272 316
16384 307
16496 302
16608 291
16720 287
16832 280
16952 271
17064 255
17176 255
17288 255
17400 248
17512 240
17624 236
17736 227
17848 224
17968 220
18080 216
18192 207
18304 199
18416 195
18528 192
18640 192
18756 184
18868 179
18984 176
19096 174
19208 167
19320 163
19436 159
19548 159
19660 159
19772 156
19884 153
20000 152
20116 152
20228 152
20340 147
20452 145
20564 143
20676 147
20788 147
20900 152
21020 152
21132 152
21244 152
21356 156
21468 158
21580 159
21692 159
21804 159
21916 167
22036 167
22148 176
22260 176
22372 184
22484 184
22596 192
22708 193
22820 199
22932 199
23052 207
23164 216
23276 220
23388 224
23500 231
23612 240
23724 241
23836 248
23952 255
24068 255
24180 255
24292 275
24404 284
24516 287
24632 295
24744 304
24856 312
24968 318
25084 319
25196 327
25312 335
25424 344
25536 352
25648 359
25760 368
25872 371
25984 384
26096 384
26212 391
26324 398
26436 403
26548 412
26660 415
26772 419
26884 428
26996 432
27108 440
27228 448
27340 448
27452 455
27564 455
27676 463
27788 472
27900 472
28012 480
28124 480
28244 483
28356 487
28468 487
28580 492
28692 496
28804 496
4 496
116 497
228 504
340 504
452 504
572 504
684 504
796 508
908 508
1020 504
1132 504
1244 504
1356 504
1472 504
1588 499
1700 496
1812 496
1924 496
2036 492
2152 487
2264 483
2376 480
2488 480
2604 476
2716 472
2832 463
2944 462
3056 455
3168 451
3280 448
3392 448
3504 440
3624 432
3736 423
3848 415
3960 414
4072 408
4184 399
4296 391
4408 387
4520 384
4640 384
4752 368
4864 359
4976 353
5088 348
5200 344
5312 335
5424 319
5536 319
5656 312
5768 304
5880 295
5992 287
6104 286
6216 280
6328 271
6440 255
6552 255
6672 254
6784 248
6896 240
7008 231
7120 227
7232 224
7348 216
7460 211
7572 207
7688 199
7800 195
7912 192
8028 192
8140 184
8252 177
8364 176
8476 167
8588 167
8704 163
8820 159
8932 159
9044 158
9156 156
9268 152
9380 152
9492 152
9604 152
9724 152
9836 147
9948 145
10060 147
10172 152
10284 152
10396 152
10508 152
10620 152
10740 156
10852 158
10964 159
11076 159
11188 159
11300 167
11412 167
11524 176
11636 176
11756 184
11868 184
11980 192
12092 193
12204 199
12316 206
12428 207
12544 216
12656 224
12772 227
12884 231
12996 240
13108 248
13224 252
13336 255
13448 255
13560 271
13672 280
13788 284
13904 287
14016 295
14128 304
14240 312
14352 319
14464 319
14576 334
14688 339
14808 348
14920 352
15032 359
15144 368
15256 376
15368 384
15480 385
15592 391
15704 399
15816 408
15936 412
16048 415
16160 423
16272 432
16384 435
16496 440
16608 448
16720 449
16832 455
16952 460
17064 463
17176 472
17288 472
17400 480
17512 480
17624 483
17736 487
17848 487
17968 494
18080 496
18192 496
18304 497
18416 504
18528 504
18640 504
18752 504
18868 504
18984 504
19096 504
19208 504
19320 504
19432 504
19544 504
19660 504
19772 497
19884 496
20000 496
20112 494
20224 487
20340 487
20452 483
20564 480
20676 480
20788 472
20900 472
21016 463
21132 460
21244 455
21356 449
21468 448
21580 440
21692 433
21804 432
21916 423
22036 415
22148 412
22260 408
22372 399
22484 391
22596 385
22708 384
22820 376
22932 368
23052 359
23164 352
23276 344
23388 335
23500 327
23612 319
23724 318
23836 312
23948 304
24068 295
24180 287
24292 284
24404 280
24516 271
24628 255
24740 255
24856 252
24968 248
25084 240
25196 231
25308 225
25420 224
25536 216
25648 207
25760 204
25872 199
25984 193
26100 192
26216 188
26328 184
26440 176
26552 176
26664 167
26776 167
26888 163
27000 159
27120 159
27232 158
27344 156
27456 152
27568 152
27680 152
27792 152
27904 147
28016 147
28136 147
28248 147
28360 152
28472 152
28584 152
28696 152
28808 156
4 156
116 156
228 159
340 159
460 159
572 163
684 167
796 174
908 176
1020 179
1136 184
1248 192
1360 192
1476 195
1588 199
1700 207
1816 216
1928 220
2040 224
2152 227
2264 231
2376 240
2492 248
2608 254
2720 255
2832 255
2944 271
3056 280
3168 286
3280 287
3392 295
3512 305
3624 316
3736 319
3848 327
3960 335
4072 344
4184 352
4296 355
4408 364
4528 369
4640 384
4752 384
4864 387
4976 396
5088 399
5200 408
5312 415
5424 419
5544 423
5656 432
5768 440
5880 448
5992 448
6104 451
6216 455
6328 463
6444 465
6556 472
6672 480
6784 480
6896 481
7008 487
7124 487
7236 492
7348 496
7460 496
7572 497
7688 504
7800 504
7912 504
8024 504
8136 504
8248 508
8360 508
8472 504
8584 504
8704 504
8816 504
8928 504
9040 504
9152 497
9264 496
9376 496
9488 492
9604 487
9720 483
9832 481
9944 480
10056 476
10168 472
10284 463
10396 462
10508 455
10620 451
10736 448
10848 440
10964 435
11076 432
11188 423
11300 419
11412 415
11524 408
11636 403
11756 398
11868 387
11980 384
12092 384
12204 368
12316 359
12428 355
12540 352
12652 344
12772 335
12884 327
12996 319
13108 316
13220 307
13332 304
13444 291
13556 287
13668 280
13788 271
13900 255
14012 255
14124 254
14236 248
14348 240
14460 231
14572 227
14684 224
14804 217
14916 211
15028 207
15140 199
15252 195
15364 192
15480 192
15592 184
15704 179
15820 176
15932 172
16044 167
16160 163
16272 159
16384 159
16496 159
16608 156
16720 156
16836 152
16952 152
17064 152
17176 152
17288 147
17400 145
17512 147
17624 147
17736 152
17856 152
17968 152
18080 152
18192 156
18304 158
18416 159
18528 159
18640 163
18752 167
18872 167
18984 176
19096 176
19208 184
19320 184
19432 192
19544 192
19656 199
19768 199
19888 207
20000 216
20112 220
20224 224
20336 231
20448 240
20560 241
20676 252
20788 255
20904 255
21016 255
21128 275
21240 284
21356 287
21468 295
21580 304
21692 312
21804 318
21920 319
22036 327
22148 335
22260 344
22372 352
22484 359
22596 368
22708 371
22820 384
22932 384
23048 391
23160 399
23272 408
23384 412
23496 415
23608 423
23720 428
23832 433
23944 440
24064 448
24176 449
24288 455
24400 460
24512 463
24624 472
24736 472
24848 480
24964 480
25080 483
25192 487
25304 487
25416 494
25528 496
25640 496
25756 497
25868 504
25980 504
26096 504
26208 504
26320 504
26436 505
26548 508
26660 504
26772 504
26884 504
26996 504
27112 504
27228 499
27340 497
27452 496
27564 496
27676 487
27788 487
27900 483
28012 481
28132 480
28244 476
28356 472
28468 465
28580 463
28692 455
28804 451
4 449
116 448
228 440
340 432
460 428
572 423
684 415
796 412
908 403
1020 398
1132 391
1244 384
1356 384
1476 369
1588 368
1700 355
1812 352
1924 344
2036 335
2152 327
2264 319
2376 318
2492 312
2604 304
2716 295
2832 287
2944 284
3056 275
3168 255
3280 255
3392 255
3508 248
3624 241
3736 238
3848 231
3960 224
4072 220
4184 216
4296 207
4408 199
4528 195
4640 192
4752 192
4864 184
4976 184
5088 176
5200 176
5312 167
5424 167
5544 159
5656 159
5768 159
5880 158
5992 156
6104 152
6216 152
6328 152
6440 152
6560 152
6672 147
6784 147
6896 147
7008 152
7120 152
7232 152
7348 152
7460 156
7576 158
7688 159
7800 159
7912 159
8028 167
8140 167
8252 172
8364 176
8476 179
8592 184
8708 192
8820 192
8932 199
9044 199
9156 207
9268 216
9380 220
9492 224
9612 231
9724 236
9836 241
9948 248
10060 255
10172 255
10284 255
10396 271
10508 280
10628 287
10740 295
10852 304
10964 307
11076 316
11188 319
11300 327
11412 335
11524 344
11644 352
11756 355
11868 359
11980 368
12092 384
12204 384
12316 387
12428 391
12544 399
12660 408
12772 415
12884 419
12996 423
13108 432
13224 440
13336 448
13448 448
13560 451
13672 455
13788 463
13904 467
14016 472
14128 476
14240 480
14352 481
14464 483
14576 487
14688 492
14808 496
14920 496
15032 497
15144 504
15256 504
15368 504
15480 504
15592 504
15704 508
15824 508
15936 504
16048 504
16160 504
16272 504
16384 504
16496 499
16608 497
16720 496
16840 496
16952 492
17064 487
17176 483
17288 481
17400 480
17512 476
17624 472
17740 465
17856 463
17968 455
18080 451
18192 448
18304 448
18420 440
18532 432
18644 423
18756 419
18872 415
18984 408
19096 399
19212 391
19324 387
19436 384
19548 384
19660 368
19772 359
19888 355
20004 352
20116 344
20228 335
20340 327
20452 319
20564 316
20676 305
20788 300
20908 287
21020 287
21132 280
21244 271
21356 255
21468 255
21580 255
21692 248
21804 240
21924 231
22036 227
22148 224
22260 216
22372 211
22484 207
22596 199
22708 195
22820 192
22940 192
23052 184
23164 179
23276 176
23388 172
23500 167
23612 163
23728 159
23840 159
23956 159
24068 156
24180 156
24292 152
24408 152
24520 152
24632 147
24744 145
24856 145
24972 145
25088 147
25200 152
25312 152
25424 152
25536 152
25648 156
25760 158
25872 159
25992 159
26104 163
26216 167
26328 167
26440 176
26552 176
26664 184
26776 184
26888 192
27008 193
27120 199
27232 199
27344 207
27456 216
27568 224
27680 225
27792 231
27904 240
28024 243
28136 252
28248 255
28360 255
28472 255
28584 275
28696 284
28808 287
