4 112
724 176
1436 227
2152 255
2872 248
3584 199
4304 143
5020 79
5736 35
6452 24
7172 48
7892 99
8604 159
9320 224
10040 252
10752 252
11472 216
12188 156
12904 92
13620 39
14340 24
15060 39
15772 88
16488 152
17208 207
17920 248
18640 254
19356 224
20072 167
20788 103
21508 49
22228 24
22940 31
23656 78
24376 135
25088 199
25808 243
26524 255
27240 231
27956 179
28676 115
29396 60
30108 28
30824 30
31544 63
32256 126
32976 192
33692 240
34408 255
35124 240
35844 192
36564 127
37276 67
37992 31
38712 28
39424 56
40144 112
40860 176
41576 227
42292 255
43012 248
43732 199
44444 143
45160 79
45880 35
46592 24
47312 48
48028 99
48744 159
49460 224
50180 254
50896 252
51612 216
52328 156
53048 92
53760 39
54480 24
55196 39
55908 88
56628 152
57348 209
58064 248
58780 254
59496 224
60216 167
60928 103
61648 49
62364 24
63076 31
63796 78
64516 135
65232 199
65948 241
66664 255
67384 231
68096 179
68816 115
69532 60
70244 28
70964 30
71684 63
72400 126
73116 192
73832 238
74552 255
75264 240
75984 192
76700 127
77412 67
78132 31
78852 28
79568 56
80284 112
81000 176
81720 227
82432 255
83152 248
83868 199
84580 143
85300 79
86020 35
86736 24
87452 48
88168 99
88888 163
89600 224
90320 252
91036 252
91748 216
92468 156
93188 92
93904 39
94620 24
95336 39
96056 88
96768 152
97488 207
98204 248
98916 254
99636 224
100356 167
101072 103
101788 49
102504 24
103224 31
103936 78
104656 135
105372 199
106084 243
106804 255
107524 231
108240 179
108956 115
109672 60
110392 28
111104 30
111824 63
112540 126
113252 192
113972 238
114692 255
115408 240
116124 192
116840 127
117560 67
118272 31
118992 28
119708 56
120420 112
121140 176
121860 227
122576 255
123292 248
124008 199
124728 143
125440 79
126160 35
126876 24
127588 48
128308 99
129028 159
129744 224
130460 254
131176 252
131896 216
132608 156
133328 94
134044 39
134756 24
135476 39
136196 88
136912 152
137624 207
138344 248
139064 254
139776 224
140496 167
141212 103
141924 49
142644 24
143364 31
144080 78
144792 135
145512 199
146232 241
146944 255
147664 231
148380 179
149092 120
149812 60
150532 28
151248 30
151960 63
152680 126
153400 192
154112 238
154832 255
155548 240
156260 192
156980 127
157700 67
158416 31
159128 28
159848 56
160568 112
161280 176
162000 227
162716 255
163428 248
164148 199
164868 143
165584 79
166296 35
167016 24
167736 48
168448 99
169168 163
169884 224
170596 254
171316 252
172036 216
172752 156
173464 92
174184 39
174904 24
175616 39
176336 88
177052 152
177764 207
178484 248
179204 254
179920 224
180632 167
181352 103
182072 49
182784 24
4 63
724 30
1444 28
2156 60
2872 120
3592 184
4312 231
5024 255
5744 241
6460 195
7172 135
7892 71
8612 31
9324 24
10040 51
10760 103
11480 167
12192 224
12912 254
13628 248
14340 207
15060 152
15780 88
16492 39
17208 24
17928 44
18648 96
19360 158
20080 216
20796 252
21508 252
22228 220
22948 159
23660 97
24376 48
25096 24
25816 35
26528 79
27248 143
27964 206
28676 248
29396 255
30116 227
30828 176
31544 112
32264 56
32984 28
33696 31
34416 71
35132 127
35844 192
36564 240
37284 255
37996 236
38712 192
39432 124
40152 63
40864 30
41584 28
42300 62
43012 120
43732 184
44452 231
45164 255
45880 241
46600 199
47320 127
48032 71
48752 31
49468 24
50180 49
50900 103
51620 167
52332 224
53048 255
53768 248
54488 207
55200 152
55920 88
56636 39
57348 24
58068 39
58788 96
59500 158
60216 216
60936 252
61656 252
62368 220
63088 159
63804 97
64516 48
65236 24
65956 35
66668 79
67384 143
68104 206
68824 248
69536 255
70252 227
70972 176
71684 112
72404 56
73124 28
73836 31
74552 71
75272 127
75992 193
76704 240
77420 255
78140 236
78852 192
79572 124
80292 63
81004 30
81720 28
82440 60
83160 120
83872 184
84588 231
85308 255
86020 241
86740 199
87460 135
88172 71
88888 31
89608 24
90328 51
91040 103
91756 167
92476 224
93188 255
93908 248
94628 207
95340 152
96056 88
96776 39
97496 24
98208 39
98924 96
99644 158
100356 216
101076 252
101796 252
102508 220
103224 159
103944 97
104664 48
105376 24
106092 35
106812 79
107524 143
108244 206
108964 248
109676 255
110392 227
111112 176
111832 112
112544 56
113260 28
113980 31
114692 71
115412 127
116132 193
116844 240
117560 255
118280 236
119000 188
119712 124
120428 63
121148 30
121860 28
122580 62
123300 120
124012 184
124728 231
125448 255
126168 241
126880 199
127596 135
128316 71
129028 31
129748 24
130468 51
131180 103
131896 167
132616 224
133336 255
134048 248
134764 207
135484 152
136196 88
136916 39
137636 24
138348 39
139064 96
139784 158
140504 216
141216 252
141932 252
142652 220
143364 159
144084 97
144804 48
145516 24
146232 35
146952 79
147672 143
148384 206
149100 248
149820 254
150532 227
151252 176
151968 112
152684 56
153400 28
154120 31
154840 71
155552 127
156268 192
156988 240
157700 255
158420 231
159136 188
159852 124
160568 63
161288 30
162008 28
162720 60
163436 120
164156 184
164868 231
165588 255
166304 241
167020 199
167736 135
168456 71
169176 31
169888 24
170604 51
171324 103
172036 167
172756 224
173472 254
174188 248
174904 207
175624 152
176344 88
177056 39
177772 24
178492 44
179204 96
179924 158
180640 216
181356 252
182072 252
182792 220
4 231
720 255
1432 243
2152 199
2872 135
3584 78
4300 31
5020 24
5732 49
6452 103
7172 167
7888 224
8600 254
9320 248
10040 207
10752 152
11468 88
12188 39
12900 24
13620 39
14340 92
15056 156
15768 216
16488 252
17208 252
17920 224
18636 159
19356 99
20068 48
20788 24
21508 35
22224 79
22936 143
23656 199
24376 248
25088 255
25804 227
26524 176
27236 112
27956 56
28676 28
29392 31
30104 67
30824 127
31544 192
32256 240
32972 255
33692 240
34404 192
35124 126
35844 63
36560 30
37272 28
37992 60
38712 120
39424 184
40140 231
40860 255
41572 243
42292 199
43012 135
43728 76
44440 31
45160 24
45880 49
46592 103
47308 167
48028 224
48740 254
49460 248
50180 207
50896 152
51608 88
52328 39
53048 24
53760 39
54476 92
55196 156
55908 216
56628 252
57348 254
58064 224
58776 163
59496 99
60216 48
60928 24
61644 35
62364 79
63076 143
63796 199
64516 248
65232 255
65944 227
66664 176
67384 112
68096 56
68812 28
69532 31
70244 67
70964 127
71684 192
72400 240
73112 255
73832 240
74552 192
75264 126
75980 63
76700 30
77412 28
78132 60
78852 120
79568 184
80280 231
81000 255
81720 243
82432 199
83148 135
83868 76
84580 31
85300 24
86016 49
86736 103
87448 167
88168 224
88888 254
89600 248
90316 207
91036 152
91748 88
92468 39
93184 24
93904 39
94616 92
95336 156
96056 216
96768 252
97484 254
98204 224
98916 159
99636 99
100352 48
101072 24
101784 35
102504 79
103224 143
103936 199
104652 248
105372 255
106084 227
106804 176
107520 112
108240 56
108952 28
109672 31
110392 67
111104 127
111820 192
112540 240
113252 255
113972 240
114688 192
115408 124
116120 63
116840 30
117560 28
118272 60
118988 115
119708 184
120420 231
121140 255
121856 243
122576 199
123288 135
124008 76
124728 31
125440 24
126156 49
126876 103
127588 167
128308 224
129024 254
129744 248
130456 207
131176 152
131896 88
132608 39
133324 24
134044 39
134756 92
135476 156
136192 216
136912 252
137624 252
138344 224
139064 159
139776 99
140492 48
141212 24
141924 35
142644 79
143360 143
144080 199
144792 248
145512 255
146232 227
146944 176
147660 112
148380 56
149092 28
149812 31
150528 71
151248 127
151960 192
152680 240
153400 255
154112 240
154828 192
155548 126
156260 63
156980 30
157696 28
158416 60
159128 115
159848 184
160568 231
161280 255
161996 241
162716 199
163428 135
164148 76
164864 31
165584 24
166296 49
167016 103
167732 167
168448 224
169164 254
169884 248
170596 207
171316 152
172032 88
172752 39
173464 24
174184 39
174900 92
175616 156
176332 216
177052 252
177764 254
178484 224
179200 159
179920 99
180632 48
181352 24
182068 35
182784 79
4 103
724 51
1444 24
2156 31
2872 71
3592 135
4312 195
5024 241
5740 255
6460 231
7172 184
7892 120
8612 62
9324 28
10040 30
10760 63
11480 124
12192 188
12908 231
13628 255
14340 240
15060 193
15780 127
16492 71
17208 31
17928 28
18648 56
19360 112
20076 176
20796 227
21508 255
22228 248
22948 207
23660 143
24376 79
25096 35
25816 24
26528 48
27244 97
27964 159
28676 220
29396 252
30116 252
30828 216
31544 159
32264 96
32984 44
33696 24
34412 39
35132 88
35844 147
36564 207
37284 248
37996 255
38712 224
39432 167
40152 103
40864 51
41580 24
42300 31
43012 71
43732 135
44452 195
45164 241
45880 255
46600 231
47320 184
48032 120
48748 62
49468 28
50180 30
50900 63
51620 124
52332 188
53048 231
53768 255
54488 240
55200 193
55916 127
56636 71
57348 31
58068 24
58784 56
59500 112
60216 176
60936 227
61656 255
62368 248
63084 206
63804 143
64516 79
65236 35
65952 24
66668 48
67384 97
68104 159
68824 220
69536 252
70252 252
70972 216
71684 159
72404 96
73120 44
73836 24
74552 39
75272 88
75992 152
76704 207
77420 248
78140 255
78852 224
79572 167
80288 103
81004 51
81720 24
82440 31
83160 71
83872 135
84588 195
85308 241
86020 255
86740 231
87456 184
88172 120
88888 62
89608 28
90328 30
91040 63
91756 124
92476 188
93188 231
93908 255
94624 240
95340 193
96056 127
96776 71
97496 31
98208 24
98924 56
99644 112
100356 176
101076 227
101792 255
102508 248
103224 206
103944 143
104664 79
105376 35
106092 24
106812 48
107524 96
108244 159
108960 220
109676 252
110392 252
111112 216
111832 158
112544 96
113260 44
113980 24
114692 39
115412 88
116128 152
116844 207
117560 248
118280 255
119000 224
119712 167
120428 103
121148 51
121860 24
122580 31
123296 71
124012 135
124728 195
125448 241
126168 255
126880 231
127596 184
128316 120
129028 62
129748 28
130464 30
131180 63
131896 124
132616 192
133336 231
134048 255
134764 240
135484 193
136196 127
136916 71
137632 31
138348 25
139064 56
139784 112
140500 176
141216 227
141932 255
142652 248
143364 206
144084 143
144800 79
145512 39
146232 24
146952 48
147668 97
148384 159
149100 220
149820 252
150532 252
151252 216
151968 158
152680 96
153400 44
154120 24
154836 39
155552 88
156268 147
156988 207
157700 248
158420 255
159136 224
159848 167
160568 103
161288 51
162004 24
162720 31
163436 71
164156 135
164868 195
165588 241
166304 255
167016 231
167736 184
168456 120
169172 62
169888 28
170604 30
171324 63
172036 124
172756 188
173472 236
174184 255
174904 240
175624 193
176340 127
177056 71
177772 31
178492 28
179204 56
179924 112
180640 176
181352 227
182072 255
182792 248
8 252
724 249
1436 216
2156 156
2876 92
3588 39
4304 24
5024 39
5744 92
6456 152
7176 209
7892 248
8604 254
9324 224
10044 167
10756 103
11472 49
12192 24
12912 31
13624 78
14344 135
15060 199
15772 248
16492 255
17212 231
17924 177
18640 115
19360 60
20080 28
20792 31
21512 63
22228 126
22940 192
23660 240
24380 255
25092 240
25808 192
26528 127
27248 63
27960 31
28676 28
29396 56
30108 112
30828 176
31548 227
32260 255
32976 248
33696 199
34416 142
35128 79
35844 35
36564 24
37276 48
37996 99
38716 163
39428 224
40144 254
40864 249
41584 216
42296 156
43012 92
43732 39
44444 24
45164 39
45884 88
46596 152
47312 207
48032 248
48752 254
49464 224
50180 167
50900 103
51612 49
52332 24
53052 31
53764 78
54480 135
55200 199
55920 243
56632 255
57348 231
58068 177
58780 115
59500 60
60220 28
60932 30
61648 63
62368 127
63088 192
63800 240
64516 255
65236 240
65948 192
66668 127
67388 63
68100 31
68816 28
69536 56
70256 112
70968 176
71684 227
72404 255
73116 248
73836 199
74556 142
75268 79
75984 35
76704 24
77424 48
78136 99
78852 163
79572 224
80284 254
81004 252
81724 216
82436 156
83152 92
83872 39
84592 24
85304 39
86020 88
86740 152
87452 207
88172 248
88892 254
89604 224
90320 167
91040 103
91760 49
92472 24
93188 31
93908 79
94620 135
95340 199
96060 243
96772 255
97488 231
98208 177
98928 113
99640 60
100356 28
101076 31
101788 63
102508 126
103228 192
103940 240
104656 255
105376 240
106096 192
106808 127
107524 67
108244 31
108956 28
109676 56
110396 112
111108 176
111824 227
112544 255
113264 248
113976 199
114692 142
115412 79
116124 35
116844 24
117560 48
118276 99
118992 163
119712 224
120432 254
121144 252
121860 216
122580 156
123292 92
124012 39
124728 24
125444 39
126160 88
126880 152
127600 211
128312 248
129028 254
129748 224
130460 167
131180 103
131896 49
132612 24
133328 31
134048 78
134768 135
135480 199
136196 243
136916 255
137628 231
138348 177
139064 113
139780 60
140496 28
141216 30
141936 63
142648 126
143364 192
144084 240
144796 255
145516 240
146232 192
146948 127
147664 63
148384 31
149104 28
149816 56
150532 112
151252 176
151964 227
152684 255
153400 248
154116 199
154832 142
155552 79
156272 35
156984 24
157700 48
158420 99
159132 163
159852 224
160568 254
161284 252
162000 216
162720 156
163440 92
164152 39
164868 24
165588 39
166300 88
167020 152
167736 209
168452 248
169168 254
169888 224
170608 167
171320 103
172036 49
172756 24
173468 31
174188 78
174904 135
175620 199
176336 248
177056 255
177776 231
178488 179
179204 113
179924 60
180636 28
181356 30
182072 63
182788 126
4 24
724 35
1440 79
2160 142
2872 199
3592 248
4308 255
5024 231
5740 176
6460 112
7172 56
7892 28
8608 31
9328 63
10040 127
10760 192
11476 240
12192 255
12908 240
13628 192
14340 127
15060 63
15776 30
16496 28
17208 60
17928 113
18644 177
19360 231
20076 255
20796 248
21508 199
22228 135
22944 78
23664 31
24376 24
25096 49
25812 103
26528 167
27244 224
27964 254
28676 252
29396 207
30112 152
30832 88
31544 39
32264 24
32980 39
33696 92
34412 156
35132 216
35844 248
36564 254
37280 224
38000 163
38712 99
39432 48
40148 24
40864 35
41580 79
42300 142
43012 199
43732 248
44448 255
45168 227
45880 176
46600 112
47316 56
48032 28
48748 31
49468 63
50180 127
50900 192
51616 240
52336 255
53048 240
53768 192
54484 126
55200 63
55916 31
56636 28
57348 60
58068 113
58784 177
59504 231
60216 255
60936 248
61652 199
62368 135
63084 78
63804 35
64516 24
65236 48
65952 103
66672 167
67384 224
68104 254
68820 248
69536 209
70252 152
70972 88
71684 39
72404 24
73120 39
73840 92
74552 156
75272 216
75988 252
76704 254
77420 224
78140 163
78852 99
79572 48
80288 24
81008 35
81720 79
82440 142
83156 199
83872 243
84588 255
85308 231
86020 177
86740 113
87456 56
88176 28
88888 31
89608 63
90324 127
91036 192
91756 240
92476 255
93188 240
93908 192
94624 127
95344 63
96056 30
96776 28
97492 60
98204 113
98924 179
99644 231
100356 255
101076 248
101792 199
102512 135
103224 78
103944 31
104660 24
105372 48
106092 103
106812 167
107524 224
108244 254
108960 252
109680 207
110392 152
111112 88
111828 39
112540 24
113260 39
113980 92
114692 156
115412 216
116128 249
116848 254
117560 224
118280 163
118996 99
119708 48
120428 24
121148 35
121860 79
122580 142
123296 199
124016 248
124728 255
125448 231
126164 176
126876 112
127596 56
128316 28
129028 31
129744 63
130464 127
131184 192
131896 240
132616 255
133332 240
134044 192
134764 127
135484 63
136196 31
136912 28
137632 60
138352 115
139064 179
139784 231
140500 255
141212 243
141932 199
142652 135
143364 79
144080 31
144800 24
145520 49
146232 103
146952 167
147668 224
148380 254
149100 248
149820 209
150532 152
151248 88
151968 39
152688 24
153400 39
154120 92
154836 156
155548 216
156268 248
156988 254
157700 224
158416 163
159136 99
159856 48
160568 24
161288 33
162004 79
162716 140
163436 199
164156 248
164868 255
165584 231
166304 176
167024 112
167736 56
168456 28
169172 31
169884 63
170604 127
171324 192
172036 240
172752 255
173472 240
174192 192
174904 127
175624 63
176340 31
177052 28
177772 60
178492 113
179204 177
179920 231
180640 255
181360 243
182072 199
182792 135
4 135
724 71
1436 31
2156 24
2872 51
3592 103
4304 167
5024 224
5740 254
6452 248
7172 207
7892 152
8604 88
9324 39
10040 24
10760 39
11472 92
12192 156
12908 216
13620 252
14340 252
15060 224
15772 159
16488 99
17208 48
17928 24
18640 35
19360 79
20076 143
20788 199
21508 248
22228 255
22940 227
23656 176
24376 112
25096 56
25808 28
26528 31
27244 67
27956 127
28676 192
29396 240
30108 255
30824 238
31544 192
32264 124
32976 63
33696 30
34412 28
35124 60
35844 120
36564 184
37276 231
37992 255
38712 243
39432 199
40144 135
40864 76
41580 31
42292 24
43012 49
43732 103
44444 167
45160 224
45880 255
46600 248
47312 207
48032 152
48748 88
49460 39
50180 24
50900 39
51612 92
52328 156
53048 216
53768 252
54480 254
55200 224
55916 159
56628 99
57348 48
58068 24
58780 35
59496 79
60216 143
60936 199
61648 248
62368 255
63084 227
63796 176
64516 112
65236 56
65948 28
66664 31
67384 67
68104 127
68816 192
69536 240
70252 255
70964 240
71684 192
72404 126
73116 63
73832 30
74552 28
75272 60
75984 120
76704 184
77420 231
78132 255
78852 243
79572 199
80284 135
81000 76
81720 31
82440 24
83152 49
83872 103
84588 167
85300 224
86020 254
86740 248
87452 207
88168 152
88888 88
89608 39
90320 24
91040 39
91756 92
92468 156
93188 216
93908 252
94620 254
95336 224
96056 159
96776 97
97488 48
98208 24
98924 35
99636 79
100356 143
101076 199
101788 248
102504 255
103224 227
103944 176
104656 112
105372 56
106092 28
106804 31
107524 67
108244 127
108956 192
109672 240
110392 255
111112 238
111824 192
112540 126
113260 63
113972 30
114692 28
115412 60
116124 115
116840 184
117560 231
118280 255
118992 243
119708 199
120428 135
121140 78
121860 31
122580 24
123292 49
124008 103
124728 167
125448 224
126160 254
126876 248
127596 207
128308 152
129028 88
129748 39
130460 24
131176 39
131896 92
132616 158
133328 216
134044 252
134764 254
135476 224
136196 159
136916 97
137628 48
138344 24
139064 35
139784 79
140496 143
141212 199
141932 248
142644 255
143364 227
144084 176
144796 112
145512 56
146232 28
146952 31
147664 67
148380 127
149100 192
149812 240
150532 255
151252 240
151964 192
152680 126
153400 63
154120 30
154832 28
155548 60
156268 120
156980 179
157700 231
158420 255
159132 243
159848 199
160568 135
161288 76
162000 31
162716 24
163436 49
164148 103
164868 167
165588 224
166300 254
167016 248
167736 207
168456 152
169168 88
169884 39
170604 24
171316 39
172036 92
172756 156
173468 216
174184 252
174904 254
175624 224
176336 159
177052 99
177772 48
178484 24
179204 35
179924 79
180636 143
181352 199
182072 248
182792 255
4 63
716 120
1436 184
2156 231
2868 255
3584 240
4304 193
5016 127
5736 71
6456 31
7172 24
7884 56
8604 110
9324 176
10036 227
10752 255
11472 248
12184 207
12904 143
13624 81
14340 35
15052 24
15772 48
16492 96
17204 159
17920 220
18640 252
19352 252
20072 216
20792 159
21508 96
22220 46
22940 24
23660 39
24372 88
25088 147
25808 207
26520 248
27240 255
27960 224
28676 167
29388 103
30108 56
30828 24
31540 31
32256 71
32976 127
33688 195
34408 240
35124 255
35844 231
36556 184
37276 120
37996 62
38708 28
39424 30
40144 63
40856 124
41576 184
42292 231
43012 255
43724 240
44444 193
45164 127
45876 71
46592 31
47312 28
48024 56
48744 110
49460 174
50180 227
50892 255
51612 248
52332 207
53044 143
53760 81
54480 35
55192 24
55912 48
56628 96
57348 159
58060 220
58780 252
59500 252
60212 216
60928 159
61648 96
62360 46
63080 24
63796 39
64516 88
65228 147
65948 207
66668 248
67380 255
68096 224
68816 167
69528 103
70248 56
70964 24
71684 31
72396 71
73116 127
73836 195
74548 240
75264 255
75984 231
76696 184
77416 120
78132 62
78852 28
79564 30
80284 63
81004 124
81716 184
82432 231
83152 255
83864 240
84584 195
85300 127
86020 71
86732 31
87452 24
88172 56
88884 110
89600 174
90320 225
91032 255
91752 248
92468 207
93188 143
93900 81
94620 35
95340 24
96052 48
96768 96
97488 159
98200 220
98920 252
99636 252
100356 216
101068 159
101788 96
102508 46
103220 24
103936 39
104656 88
105368 147
106088 207
106804 248
107524 255
108236 225
108956 167
109676 103
110388 56
111104 24
111824 31
112536 71
113256 127
113972 195
114692 241
115404 255
116124 231
116844 184
117556 120
118272 63
118992 30
119704 30
120424 63
121140 120
121860 184
122572 231
123292 255
124008 240
124724 193
125440 127
126160 71
126872 31
127592 25
128308 56
129028 110
129740 174
130460 225
131176 255
131892 248
132608 207
133328 143
134040 81
134760 39
135476 24
136196 48
136908 96
137628 159
138344 220
139060 252
139776 252
140496 216
141208 159
141928 96
142644 44
143364 24
144076 39
144796 88
145512 147
146228 207
146944 248
147664 255
148376 225
149096 167
149812 103
150532 56
151244 24
151964 31
152680 71
153396 127
154112 195
154832 241
155544 255
156264 231
156980 184
157700 120
158412 63
159132 28
159848 30
160564 63
161280 120
162000 188
162712 231
163432 255
164148 240
164868 193
165580 127
166300 71
167016 31
167732 25
168448 56
169168 110
169880 174
170600 225
171316 255
172036 248
172748 207
173468 143
174184 81
174900 35
175616 24
176336 48
177048 96
177768 159
178484 220
179204 252
179916 252
180636 216
181352 159
182068 96
182784 46
4 124
724 63
1436 30
2156 28
2872 63
3592 120
4304 184
5024 231
5740 255
6456 241
7172 195
7892 127
8604 71
9324 31
10040 25
10760 56
11472 103
12192 167
12908 225
13624 255
14340 248
15060 207
15772 147
16492 88
17208 39
17928 24
18640 46
19360 96
20076 159
20792 216
21508 252
22228 252
22940 220
23660 159
24376 96
25096 46
25808 24
26528 35
27244 81
27960 143
28676 207
29396 248
30108 255
30828 227
31544 174
32264 110
32976 56
33696 24
34412 31
35128 71
35844 127
36564 193
37276 240
37996 255
38712 231
39432 184
40144 124
40864 63
41580 30
42296 28
43012 62
43732 120
44444 184
45164 231
45880 255
46600 241
47312 199
48032 127
48748 71
49464 31
50180 24
50900 56
51612 103
52332 167
53048 224
53768 255
54480 248
55200 207
55916 147
56632 88
57348 39
58068 24
58780 44
59500 96
60216 159
60936 216
61648 252
62368 252
63084 220
63800 159
64516 96
65236 48
65948 24
66668 35
67384 83
68104 143
68816 206
69536 248
70252 255
70968 227
71684 176
72404 110
73116 56
73836 28
74552 31
75272 71
75984 127
76704 193
77420 240
78136 255
78852 231
79572 184
80284 124
81004 63
81720 30
82440 28
83152 62
83872 120
84588 184
85304 231
86020 255
86740 241
87452 195
88172 127
88888 71
89608 31
90320 24
91040 56
91756 103
92468 167
93188 224
93908 255
94620 248
95340 207
96056 147
96776 88
97488 39
98208 24
98924 46
99636 96
100356 159
101076 216
101788 252
102508 252
103224 220
103944 159
104656 96
105376 48
106092 24
106804 39
107524 81
108244 143
108956 206
109676 248
110392 255
111112 227
111824 174
112544 110
113260 56
113972 25
114692 31
115412 71
116124 127
116844 193
117560 240
118280 255
118992 231
119712 184
120428 120
121140 63
121860 28
122580 28
123292 62
124012 120
124728 184
125448 231
126160 255
126880 241
127596 195
128308 135
129028 71
129748 31
130460 24
131180 56
131896 103
132616 167
133328 224
134048 255
134764 248
135476 207
136196 147
136916 88
137628 39
138344 24
139064 46
139784 96
140496 159
141216 216
141932 252
142644 252
143364 220
144084 159
144796 96
145512 48
146232 24
146952 35
147664 79
148384 143
149100 207
149812 248
150532 255
151252 225
151964 176
152680 112
153400 56
154120 24
154832 31
155552 71
156268 127
156980 193
157700 240
158420 255
159132 231
159848 188
160568 124
161288 63
162000 30
162720 30
163436 62
164148 120
164868 184
165588 231
166300 255
167016 241
167736 195
168456 127
169168 71
169888 31
170604 24
171316 51
172036 103
172756 167
173468 224
174184 254
174904 248
175624 207
176336 152
177056 88
177772 39
178484 24
179204 44
179924 96
180636 158
181352 216
182072 252
182792 252
4 159
716 220
1436 252
2152 252
2868 216
3584 158
4304 96
5016 39
5736 24
6452 39
7172 88
7884 152
8604 207
9320 248
10036 254
10752 224
11472 167
12184 103
12904 51
13620 24
14340 31
15052 71
15772 135
16488 195
17204 241
17920 255
18640 231
19352 184
20072 120
20788 60
21508 28
22220 30
22940 63
23656 124
24372 192
25088 236
25808 255
26520 240
27240 192
27956 127
28676 67
29388 31
30108 25
30824 56
31540 112
32256 176
32976 227
33688 255
34408 248
35124 204
35844 143
36556 79
37276 35
37992 24
38708 48
39424 97
40144 159
40856 220
41576 252
42292 252
43012 216
43724 158
44444 96
45160 39
45876 24
46592 39
47312 88
48024 152
48744 207
49460 248
50180 254
50892 224
51612 167
52328 103
53044 51
53760 24
54480 31
55192 71
55912 135
56628 199
57348 241
58060 255
58780 231
59496 184
60212 120
60928 60
61648 28
62360 30
63080 63
63796 124
64516 192
65228 231
65948 255
66664 240
67376 193
68096 127
68816 71
69528 31
70248 25
70964 56
71684 112
72396 176
73116 227
73832 255
74544 248
75264 204
75984 143
76696 79
77416 35
78132 24
78852 48
79564 97
80284 159
81000 220
81712 252
82432 252
83152 216
83864 158
84584 96
85300 39
86020 24
86732 39
87452 88
88168 152
88880 207
89600 248
90320 255
91032 224
91752 167
92468 103
93188 51
93900 24
94620 31
95336 71
96048 135
96768 195
97488 241
98200 255
98920 231
99636 184
100356 120
101068 62
101788 28
102504 30
103216 63
103936 124
104656 192
105368 236
106088 255
106804 240
107524 192
108236 127
108956 67
109672 31
110384 25
111104 56
111824 112
112536 176
113256 227
113972 255
114692 248
115404 206
116124 143
116840 79
117552 35
118272 24
118992 48
119704 97
120424 159
121140 220
121860 252
122572 252
123292 216
124008 158
124720 96
125440 39
126160 24
126872 39
127592 88
128308 152
129028 207
129740 248
130460 254
131176 224
131888 167
132608 103
133328 51
134040 24
134760 31
135476 71
136196 135
136908 195
137628 241
138344 255
139056 231
139776 184
140496 120
141208 60
141928 28
142644 30
143364 63
144076 124
144796 192
145512 236
146224 255
146944 240
147664 192
148376 127
149092 71
149812 31
150532 28
151244 56
151964 112
152680 176
153392 227
154112 255
154832 248
155544 206
156260 143
156980 79
157700 35
158412 24
159132 48
159848 97
160560 159
161280 220
162000 254
162712 252
163428 216
164148 158
164868 96
165580 39
166300 24
167016 39
167728 88
168448 152
169168 207
169880 248
170596 254
171316 224
172036 167
172748 103
173468 49
174184 24
174896 31
175616 71
176336 135
177048 199
177764 240
178484 255
179204 231
179916 184
180636 120
181352 60
182064 28
182784 30
