4 60
724 63
1436 67
2152 71
2872 79
3592 88
4304 96
5024 99
5740 103
6452 112
7172 120
7892 126
8604 127
9320 135
10040 143
10760 152
11472 156
12192 159
12908 167
13620 176
14340 177
15060 184
15772 192
16488 192
17208 199
17928 199
18640 207
19360 211
20076 216
20788 220
21508 224
22228 224
22940 225
23656 231
24376 231
25096 231
25808 236
26528 240
27244 240
27956 240
28676 240
29396 240
30108 240
30824 240
31544 238
32264 231
32976 231
33696 231
34412 227
35124 225
35844 224
36564 224
37276 216
37992 211
38712 207
39432 199
40144 199
40860 193
41580 192
42292 184
43012 179
43732 176
44444 167
45160 159
45880 158
46600 152
47312 143
48028 135
48748 127
49460 127
50180 120
50900 112
51612 103
52328 99
53048 96
53768 88
54480 81
55196 78
55916 71
56628 63
57348 60
58068 56
58780 48
59496 39
60216 39
60936 31
61648 31
62364 24
63084 24
63796 15
64516 15
65236 7
65948 7
66664 3
67384 1
68104 0
68816 0
69532 0
70252 0
70964 0
71684 0
72404 0
73116 0
73832 0
74552 0
75272 0
75984 0
76700 0
77420 0
78132 3
78852 3
79572 7
80284 7
81000 15
81720 17
82440 24
83152 28
83868 31
84588 35
85300 39
86020 48
86740 51
87452 56
88168 63
88888 63
89608 71
90320 79
91036 88
91756 92
92468 97
93188 103
93908 112
94620 120
95336 124
96056 127
96776 127
97488 143
98204 152
98924 152
99636 159
100356 163
101076 167
101788 176
102504 184
103224 192
103944 192
104656 195
105372 199
106092 207
106804 207
107524 216
108244 216
108956 224
109672 224
110392 225
111112 231
111824 231
112540 231
113260 231
113972 240
114692 240
115412 240
116124 240
116840 240
117560 240
118280 240
118992 238
119708 231
120428 231
121140 227
121860 225
122576 224
123292 224
124008 224
124728 216
125448 216
126160 207
126876 206
127596 199
128308 195
129028 192
129744 188
130460 184
131176 176
131896 167
132616 159
133328 159
134044 152
134764 143
135476 135
136196 127
136912 127
137628 120
138344 113
139064 110
139784 103
140496 96
141212 92
141932 88
142644 79
143364 71
144080 63
144796 62
145512 56
146232 49
146952 48
147664 39
148380 31
149100 31
149812 28
150532 24
151248 15
151964 15
152680 12
153400 7
154120 3
154832 1
155548 1
156268 0
156980 0
157700 0
158416 0
159132 0
159848 0
160568 0
161288 0
162000 0
162716 0
163436 0
164148 0
164868 0
165584 1
166300 3
167016 7
167736 7
168456 15
169168 15
169884 24
170604 28
171316 31
172036 31
172752 39
173468 46
174184 48
174904 56
175624 62
176336 63
177052 71
177772 79
178484 88
179204 92
179920 96
180636 103
181352 112
182072 113
182792 124
4 231
716 231
1436 231
2156 227
2868 225
3584 224
4304 224
5016 216
5736 216
6452 207
7172 206
7884 199
8604 195
9324 192
10036 192
10752 184
11472 176
12184 167
12904 163
13620 159
14340 152
15052 145
15772 142
16492 127
17204 127
17920 124
18640 115
19352 112
20072 103
20788 96
21508 92
22220 88
22940 79
23660 71
24372 63
25088 63
25808 56
26520 49
27240 48
27956 39
28676 35
29388 31
30108 28
30828 24
31540 17
32256 15
32976 14
33688 7
34408 7
35124 3
35844 1
36556 0
37276 0
37996 0
38708 0
39424 0
40144 0
40856 0
41576 0
42292 0
43012 0
43724 0
44444 0
45164 0
45876 1
46592 3
47312 7
48024 7
48744 15
49460 15
50180 24
50892 28
51612 30
52332 31
53044 39
53760 39
54480 49
55192 56
55912 60
56628 63
57348 71
58060 79
58780 81
59500 88
60212 96
60928 99
61648 103
62360 113
63080 120
63796 127
64516 127
65228 135
65948 143
66668 152
67380 159
68096 159
68816 167
69528 176
70248 177
70964 184
71684 192
72396 193
73116 199
73832 199
74548 207
75264 216
75984 216
76696 224
77416 224
78132 225
78852 227
79564 231
80284 231
81000 231
81716 238
82432 240
83152 240
83864 240
84584 240
85300 240
86020 240
86732 240
87452 236
88168 231
88884 231
89600 227
90320 224
91032 224
91752 224
92468 220
93188 216
93900 207
94620 207
95336 199
96052 195
96768 192
97488 192
98200 184
98920 176
99636 172
100356 163
101068 159
101788 156
102504 152
103220 143
103936 135
104656 127
105368 126
106088 120
106804 112
107524 103
108236 97
108956 96
109672 88
110388 79
111104 71
111824 63
112536 63
113256 60
113972 56
114692 48
115404 39
116124 35
116840 31
117556 28
118272 24
118992 19
119704 15
120424 14
121140 7
121860 7
122572 3
123292 1
124008 0
124724 0
125440 0
126160 0
126872 0
127592 0
128308 0
129028 0
129740 0
130460 0
131176 0
131892 0
132608 0
133328 1
134040 3
134760 7
135476 7
136196 14
136908 15
137628 19
138344 24
139060 30
139776 31
140496 35
141208 39
141928 48
142644 56
143364 60
144076 63
144796 71
145512 78
146228 79
146944 88
147664 96
148376 99
149096 103
149812 112
150532 120
151244 126
151964 127
152680 135
153396 143
154112 152
154832 156
155544 159
156264 167
156980 176
157700 177
158412 184
159132 192
159848 192
160560 199
161280 199
162000 207
162712 211
163432 216
164148 220
164868 224
165580 224
166300 227
167016 231
167728 231
168448 231
169168 231
169880 231
170600 240
171316 240
172036 240
172748 240
173468 240
174184 240
174896 236
175616 231
176336 231
177048 231
177768 227
178484 225
179204 224
179916 220
180636 216
181352 211
182064 207
182784 199
4 0
724 0
1440 0
2152 0
2872 0
3592 0
4304 0
5024 0
5740 1
6460 3
7172 7
7892 7
8608 15
9320 15
10040 24
10760 24
11472 30
12192 31
12908 39
13628 44
14340 49
15060 56
15776 62
16488 63
17208 71
17928 79
18640 88
19360 92
20076 96
20796 103
21508 112
22228 113
22944 120
23656 127
24376 127
25096 135
25808 143
26524 152
27244 158
27964 159
28676 167
29396 176
30112 179
30824 184
31544 192
32264 193
32976 199
33692 206
34412 207
35132 216
35844 216
36564 224
37280 224
37992 225
38712 227
39432 231
40144 231
40860 231
41580 240
42300 240
43012 240
43732 240
44448 240
45160 240
45880 240
46600 240
47312 231
48028 231
48748 231
49468 227
50180 225
50900 224
51616 224
52328 220
53048 216
53768 207
54480 207
55196 199
55916 195
56636 192
57348 192
58068 184
58784 176
59496 167
60216 163
60936 159
61648 156
62364 147
63084 142
63804 127
64516 127
65236 124
65952 120
66664 112
67384 103
68104 97
68816 96
69532 88
70252 79
70972 71
71684 63
72404 63
73120 56
73832 51
74552 48
75272 39
75984 35
76700 31
77420 28
78140 24
78852 19
79572 15
80288 14
81000 7
81720 7
82440 3
83152 1
83868 0
84588 0
85308 0
86020 0
86740 0
87456 0
88168 0
88888 0
89608 0
90320 0
91036 0
91756 0
92476 0
93188 1
93908 3
94624 7
95336 7
96056 14
96776 15
97488 24
98204 24
98924 30
99644 31
100356 39
101076 39
101792 48
102504 56
103224 60
103944 63
104656 71
105372 78
106092 79
106812 88
107524 96
108240 99
108960 103
109672 113
110392 120
111112 127
111824 127
112540 135
113260 143
113980 152
114692 158
115408 159
116128 167
116840 176
117560 177
118280 184
118992 192
119708 193
120428 199
121148 199
121860 207
122576 207
123296 216
124008 220
124728 224
125448 224
126160 227
126876 231
127596 231
128316 231
129028 236
129744 240
130464 240
131176 240
131896 240
132616 240
133328 240
134044 240
134764 236
135484 231
136196 231
136912 227
137632 227
138344 224
139064 224
139784 220
140496 216
141212 211
141932 207
142652 199
143364 199
144080 192
144800 192
145512 184
146232 177
146952 176
147664 167
148380 159
149100 156
149820 152
150532 143
151248 135
151968 127
152680 126
153400 120
154120 112
154832 103
155548 99
156268 96
156988 88
157700 79
158416 78
159136 71
159848 63
160568 60
161288 56
162000 48
162716 39
163436 35
164156 31
164868 30
165584 24
166304 24
167016 15
167736 15
168456 7
169168 7
169884 3
170604 1
171324 0
172036 0
172752 0
173472 0
174184 0
174904 0
175624 0
176336 0
177052 0
177772 0
178492 0
179204 0
179920 0
180640 0
181352 3
182072 7
182792 7
4 63
716 67
1436 71
2156 79
2868 88
3584 96
4304 99
5016 103
5736 112
6456 120
7172 127
7884 127
8604 135
9324 143
10036 152
10752 156
11472 159
12184 167
12904 176
13624 177
14340 184
15052 192
15772 193
16492 199
17204 199
17920 207
18640 211
19352 216
20072 220
20792 224
21508 224
22220 227
22940 231
23660 231
24372 231
25088 236
25808 240
26520 240
27240 240
27960 240
28676 240
29388 240
30108 240
30828 236
31540 231
32256 231
32976 231
33688 227
34408 224
35124 224
35844 220
36556 216
37276 211
37996 207
38708 199
39424 199
40144 193
40856 192
41576 184
42292 177
43012 176
43724 167
44444 159
45164 158
45876 152
46592 143
47312 135
48024 127
48744 127
49460 120
50180 112
50892 103
51612 99
52332 96
53044 88
53760 79
54480 78
55192 71
55912 63
56628 60
57348 56
58060 48
58780 39
59500 39
60212 31
60928 31
61648 24
62360 24
63080 15
63796 15
64516 7
65228 7
65948 3
66668 1
67380 0
68096 0
68816 0
69528 0
70248 0
70964 0
71684 0
72396 0
73116 0
73836 0
74548 0
75264 0
75984 0
76696 1
77416 3
78132 7
78852 7
79564 14
80284 15
81004 17
81716 24
82432 28
83152 31
83864 35
84584 39
85300 48
86020 51
86732 56
87452 63
88172 63
88884 71
89600 79
90320 88
91032 92
91752 97
92468 103
93188 112
93900 120
94620 124
95340 127
96052 127
96768 143
97488 147
98200 156
98920 159
99636 163
100356 167
101068 176
101788 184
102508 192
103220 192
103936 195
104656 199
105368 207
106088 207
106804 216
107524 220
108236 224
108956 224
109676 225
110388 227
111104 231
111824 231
112536 231
113256 240
113972 240
114692 240
115404 240
116124 240
116840 240
117556 240
118272 236
118992 231
119704 231
120424 231
121140 227
121860 225
122572 224
123292 224
124008 216
124724 216
125440 207
126160 206
126872 199
127592 195
128308 192
129028 188
129740 184
130460 176
131176 167
131892 159
132608 159
133328 152
134040 143
134760 135
135476 127
136196 127
136908 124
137628 113
138344 112
139060 103
139776 96
140496 92
141208 88
141928 79
142644 71
143364 63
144076 62
144796 56
145512 49
146228 48
146944 39
147664 31
148376 31
149096 28
149812 24
150532 17
151244 15
151964 7
152680 7
153396 7
154112 3
154832 0
155544 0
156264 0
156980 0
157700 0
158412 0
159132 0
159848 0
160564 0
161280 0
162000 0
162712 0
163432 0
164148 0
164868 1
165580 3
166300 7
167016 7
167732 15
168448 15
169168 24
169880 28
170600 31
171316 31
172036 39
172748 46
173468 49
174184 56
174900 62
175616 63
176336 71
177048 79
177768 88
178484 92
179204 96
179916 103
180636 112
181352 113
182068 124
182784 127
4 231
724 227
1436 225
2152 224
2872 224
3592 216
4304 216
5024 207
5740 206
6452 199
7172 195
7892 192
8604 184
9320 177
10040 176
10760 167
11472 159
12192 159
12908 152
13620 143
14340 142
15060 127
15772 127
16488 124
17208 115
17928 112
18640 103
19360 96
20076 92
20788 88
21508 79
22228 71
22940 63
23656 63
24376 56
25096 49
25808 48
26528 39
27244 35
27956 31
28676 28
29396 24
30108 17
30824 15
31544 7
32264 7
32976 7
33696 3
34412 0
35124 0
35844 0
36564 0
37276 0
37992 0
38712 0
39432 0
40144 0
40864 0
41580 0
42292 0
43012 0
43732 0
44444 1
45160 3
45880 7
46600 7
47312 15
48032 15
48748 24
49460 28
50180 31
50900 31
51612 39
52328 46
53048 49
53768 56
54480 62
55200 63
55916 71
56628 79
57348 83
58068 92
58780 96
59496 99
60216 103
60936 113
61648 120
62368 127
63084 127
63796 135
64516 143
65236 152
65948 159
66664 159
67384 167
68104 176
68816 177
69532 184
70252 192
70964 195
71684 199
72404 206
73116 207
73832 216
74552 216
75272 224
75984 224
76700 225
77420 227
78132 231
78852 231
79572 231
80284 240
81000 240
81720 240
82440 240
83152 240
83868 240
84588 240
85300 240
86020 231
86740 231
87452 231
88168 227
88888 225
89608 224
90320 224
91036 220
91756 216
92468 207
93188 207
93908 199
94620 195
95336 192
96056 192
96776 184
97488 176
98204 167
98924 163
99636 159
100356 156
101076 152
101788 143
102504 127
103224 127
103944 124
104656 120
105372 112
106092 103
106804 97
107524 96
108244 88
108956 79
109672 71
110392 63
111112 63
111824 56
112540 51
113260 48
113972 39
114692 35
115412 31
116124 28
116840 24
117560 19
118280 15
118992 14
119708 7
120428 7
121140 3
121860 1
122580 0
123292 0
124008 0
124728 0
125448 0
126160 0
126876 0
127596 0
128308 0
129028 0
129748 0
130460 0
131176 0
131896 1
132616 3
133328 7
134044 7
134764 14
135476 15
136196 24
136916 24
137628 30
138344 31
139064 35
139784 39
140496 48
141212 56
141932 60
142644 63
143364 71
144084 78
144796 79
145512 88
146232 96
146952 99
147664 103
148380 112
149100 120
149812 127
150532 127
151252 135
151964 143
152680 152
153400 156
154120 159
154832 167
155548 176
156268 177
156980 184
157700 192
158416 193
159132 195
159848 199
160568 207
161288 211
162000 216
162716 224
163436 224
164148 224
164868 227
165584 231
166300 231
167016 231
167736 238
168456 240
169168 240
169884 240
170604 240
171316 240
172036 240
172752 240
173468 236
174184 231
174904 231
175624 231
176336 227
177052 224
177772 224
178484 220
179204 216
179920 211
180636 207
181352 199
182072 199
182792 193
4 0
716 0
1436 0
2156 0
2872 0
3584 0
4304 0
5024 0
5736 1
6452 7
7172 7
7884 12
8604 15
9324 17
10040 24
10752 28
11472 31
12192 35
12904 39
13620 48
14340 49
15052 56
15772 63
16492 63
17208 71
17920 79
18640 88
19360 92
20072 97
20788 103
21508 112
22220 120
22940 124
23660 127
24376 127
25088 143
25808 147
26528 156
27240 159
27956 163
28676 167
29388 176
30108 184
30828 192
31544 192
32256 195
32976 199
33696 207
34408 207
35124 216
35844 220
36556 224
37276 224
37996 225
38712 227
39424 231
40144 231
40864 231
41576 240
42292 240
43012 240
43724 240
44444 240
45164 240
45880 240
46592 240
47312 231
48032 231
48744 231
49460 227
50180 225
50892 224
51612 224
52332 216
53048 216
53760 207
54480 206
55200 199
55912 195
56628 192
57348 184
58060 184
58780 176
59496 167
60216 163
60928 159
61648 152
62368 143
63080 135
63796 127
64516 127
65228 124
65948 113
66664 112
67384 103
68096 96
68816 92
69536 88
70248 79
70964 71
71684 63
72396 63
73116 56
73832 49
74552 46
75264 39
75984 35
76704 31
77416 28
78132 24
78852 17
79564 15
80284 7
81000 7
81720 7
82432 3
83152 1
83872 0
84584 0
85300 0
86020 0
86732 0
87452 0
88168 0
88888 0
89600 0
90320 0
91040 0
91752 0
92468 0
93188 1
93900 3
94620 7
95336 7
96056 15
96768 15
97488 24
98208 28
98920 31
99636 31
100356 39
101068 46
101788 49
102504 56
103224 62
103936 63
104656 71
105376 79
106088 88
106804 92
107524 96
108236 103
108956 110
109672 113
110392 124
111104 127
111824 127
112544 135
113256 143
113972 152
114692 158
115404 159
116124 167
116840 176
117560 184
118272 188
118992 192
119712 193
120424 199
121140 206
121860 207
122572 216
123292 216
124008 224
124728 224
125440 225
126160 227
126880 231
127592 231
128308 231
129028 240
129740 240
130460 240
131176 240
131896 240
132608 240
133328 236
134048 236
134760 231
135476 231
136196 231
136908 231
137628 227
138344 224
139064 224
139776 220
140496 216
141216 207
141928 207
142644 199
143364 195
144076 192
144796 192
145512 184
146232 176
146944 167
147664 163
148380 159
149096 156
149812 152
150532 143
151244 135
151964 127
152680 126
153400 120
154112 112
154832 103
155548 97
156264 96
156980 88
157700 79
158412 71
159132 63
159848 63
160568 60
161280 56
162000 48
162716 39
163432 35
164148 31
164868 28
165580 24
166300 19
167016 15
167736 14
168448 7
169168 7
169884 3
170600 1
171316 0
172036 0
172748 0
173468 0
174184 0
174904 0
175616 0
176336 0
177052 0
177768 0
178484 0
179204 0
179916 0
180636 1
181352 3
182072 7
182784 7
4 71
724 79
1436 88
2152 92
2872 96
3592 103
4304 112
5024 115
5740 124
6452 127
7172 127
7892 142
8604 143
9320 152
10040 159
10760 163
11472 167
12192 176
12908 184
13620 188
14340 192
15060 195
15772 199
16488 206
17208 207
17928 216
18640 216
19360 224
20076 224
20788 225
21508 227
22228 231
22940 231
23656 231
24376 240
25096 240
25808 240
26528 240
27244 240
27956 240
28676 240
29396 240
30108 231
30824 231
31544 231
32264 227
32976 225
33692 224
34412 224
35124 220
35844 216
36564 207
37276 206
37992 199
38712 193
39432 192
40144 192
40860 184
41580 176
42292 167
43012 163
43732 159
44444 156
45160 147
45880 143
46600 127
47312 127
48028 124
48748 120
49460 112
50180 103
50900 97
51612 92
52328 88
53048 79
53768 71
54480 63
55196 63
55916 56
56628 51
57348 48
58068 39
58780 35
59496 31
60216 28
60936 24
61648 17
62364 15
63084 14
63796 7
64516 7
65236 3
65948 1
66664 0
67384 0
68104 0
68816 0
69532 0
70252 0
70964 0
71684 0
72404 0
73116 0
73832 0
74552 0
75272 0
75984 1
76700 3
77420 7
78132 7
78852 15
79572 15
80284 24
81000 24
81720 30
82440 31
83152 39
83868 39
84588 48
85300 56
86020 60
86740 63
87452 71
88168 78
88888 81
89608 88
90320 96
91036 99
91756 103
92468 113
93188 120
93908 127
94620 127
95336 135
96056 143
96776 152
97488 158
98204 159
98924 167
99636 176
100356 177
101076 184
101788 192
102504 193
103224 199
103944 199
104656 207
105372 216
106092 216
106804 220
107524 224
108244 225
108956 227
109672 231
110392 231
111112 231
111824 238
112540 240
113260 240
113972 240
114692 240
115408 240
116124 240
116840 240
117560 236
118280 231
118992 231
119708 227
120428 227
121140 224
121860 224
122576 220
123292 216
124008 209
124728 207
125448 199
126160 199
126876 192
127596 192
128308 184
129028 176
129744 167
130460 167
131176 159
131896 156
132616 152
133328 143
134044 135
134764 127
135476 126
136196 120
136912 112
137628 103
138344 99
139064 96
139784 88
140496 79
141212 71
141932 71
142644 63
143364 60
144080 56
144796 48
145512 39
146232 35
146952 31
147664 30
148380 24
149100 24
149812 15
150532 14
151248 7
151964 7
152680 3
153400 1
154120 0
154832 0
155548 0
156268 0
156980 0
157700 0
158416 0
159132 0
159848 0
160568 0
161288 0
162000 0
162716 0
163436 1
164148 3
164868 7
165584 7
166300 14
167016 15
167736 19
168456 24
169168 28
169884 31
170604 35
171316 39
172036 48
172752 56
173468 60
174184 63
174904 67
175624 71
176336 79
177052 88
177772 96
178484 99
179204 103
179920 112
180636 120
181352 126
182072 127
182792 135
4 220
716 216
1436 211
2156 207
2868 199
3584 199
4304 193
5024 192
5736 184
6456 177
7172 176
7884 167
8604 159
9324 158
10036 152
10752 143
11472 135
12192 127
12904 127
13624 120
14340 112
15052 103
15772 99
16492 96
17204 88
17920 81
18640 78
19360 71
20072 63
20788 60
21508 56
22220 48
22940 39
23660 39
24372 31
25088 31
25808 24
26528 24
27240 15
27956 15
28676 7
29388 7
30108 3
30828 1
31540 0
32256 0
32976 0
33696 0
34408 0
35124 0
35844 0
36556 0
37276 0
37996 0
38708 0
39424 0
40144 0
40864 1
41576 3
42292 7
43012 7
43724 12
44444 15
45164 17
45876 24
46592 28
47312 31
48032 35
48744 39
49460 48
50180 51
50892 56
51612 63
52332 63
53044 71
53760 79
54480 88
55200 94
55912 97
56628 103
57348 112
58060 120
58780 124
59500 127
60212 127
60928 143
61648 147
62368 156
63080 159
63796 163
64516 167
65228 176
65948 184
66668 192
67380 192
68096 195
68816 199
69536 207
70248 207
70964 216
71684 220
72396 224
73116 224
73836 225
74548 227
75264 231
75984 231
76704 231
77416 236
78132 240
78852 240
79564 240
80284 240
81004 240
81716 240
82432 238
83152 231
83872 231
84584 231
85300 227
86020 225
86732 224
87452 224
88172 216
88884 216
89600 207
90320 206
91040 199
91752 195
92468 192
93188 188
93900 184
94620 176
95340 167
96052 163
96768 159
97488 152
98208 143
98920 142
99636 127
100356 127
101068 124
101788 115
102508 112
103220 103
103936 96
104656 92
105376 88
106088 79
106804 71
107524 63
108236 63
108956 56
109672 49
110388 48
111104 39
111824 31
112544 31
113256 28
113972 24
114692 17
115404 15
116124 7
116840 7
117556 3
118272 3
118992 0
119712 0
120424 0
121140 0
121860 0
122572 0
123292 0
124008 0
124724 0
125440 0
126160 0
126880 0
127592 0
128308 0
129028 3
129740 3
130460 7
131176 7
131892 15
132608 15
133328 24
134048 28
134760 31
135476 31
136196 39
136908 46
137628 49
138344 56
139060 62
139776 63
140496 71
141216 79
141928 88
142644 92
143364 96
144076 99
144796 110
145512 113
146228 124
146944 127
147664 127
148384 135
149096 143
149812 152
150532 159
151244 159
151964 167
152680 176
153396 184
154112 192
154832 192
155552 195
156264 199
156980 206
157700 207
158412 216
159132 216
159848 224
160564 224
161280 225
162000 227
162720 231
163432 231
164148 231
164868 240
165580 240
166300 240
167016 240
167732 240
168448 240
169168 240
169888 240
170600 231
171316 231
172036 231
172748 227
173468 225
174184 224
174900 224
175616 220
176336 216
177056 207
177768 207
178484 199
179204 195
179916 192
180636 192
181352 184
182068 176
182784 167
4 0
724 0
1440 0
2152 1
2872 3
3592 7
4304 7
5020 14
5740 15
6456 19
7168 24
7888 30
8608 31
9320 35
10036 39
10756 48
11468 56
12188 60
12904 63
13624 67
14336 71
15056 79
15772 88
16488 96
17204 97
17924 103
18636 112
19356 120
20072 126
20792 127
21504 135
22224 143
22940 152
23656 156
24372 159
25092 167
25804 176
26524 177
27240 184
27960 192
28672 193
29392 199
30108 199
30824 207
31540 211
32260 216
32972 224
33692 224
34408 224
35128 227
35840 231
36560 231
37276 231
37992 238
38708 240
39428 240
40140 240
40860 240
41576 240
42296 240
43008 240
43728 240
44444 231
45160 231
45876 231
46596 227
47308 224
48028 224
48744 220
49464 216
50176 216
50896 207
51612 199
52328 199
53044 193
53764 192
54476 184
55196 179
55912 176
56632 167
57344 159
58064 158
58780 152
59496 143
60212 135
60932 127
61644 127
62364 120
63080 112
63800 103
64512 99
65232 96
65948 88
66664 81
67380 78
68100 71
68812 63
69532 60
70248 56
70968 48
71680 44
72400 39
73116 31
73832 31
74548 24
75268 24
75980 15
76700 15
77416 7
78136 7
78848 3
79568 1
80284 0
81000 0
81716 0
82436 0
83148 0
83868 0
84584 0
85304 0
86016 0
86736 0
87452 0
88168 0
88884 0
89604 1
90316 3
91036 7
91752 7
92472 12
93184 15
93904 17
94620 24
95332 28
96052 31
96772 35
97484 39
98204 48
98920 49
99640 56
100352 63
101072 63
101788 71
102500 79
103220 88
103940 92
104652 96
105372 103
106088 112
106808 120
107520 124
108240 127
108956 127
109668 143
110388 147
111108 152
111820 159
112540 163
113256 167
113976 176
114688 184
115408 192
116124 192
116836 195
117556 199
118276 207
118988 207
119708 216
120424 220
121144 224
121856 224
122576 225
123292 227
124004 231
124724 231
125444 231
126156 240
126876 240
127592 240
128312 240
129024 240
129744 240
130460 240
131172 240
131892 231
132612 231
133324 231
134044 227
134760 225
135480 224
136192 224
136912 216
137628 216
138340 207
139060 206
139780 199
140492 193
141208 192
141928 184
142648 184
143360 176
144080 167
144796 163
145508 159
146228 152
146948 143
147660 142
148376 127
149096 127
149816 124
150528 115
151248 110
151964 103
152676 96
153396 92
154116 88
154828 79
155544 71
156264 63
156984 62
157696 56
158416 49
159132 48
159844 39
160564 35
161284 31
161996 28
162712 24
163432 17
164152 15
164864 7
165584 7
166300 3
167012 1
167732 0
168452 0
169164 0
169880 0
170600 0
171320 0
172032 0
172752 0
173468 0
174180 0
174900 0
175620 0
176332 0
177048 0
177768 1
178488 3
179200 7
179920 7
180636 15
181348 15
182068 24
182788 28
4 127
720 127
1436 135
2156 143
2868 152
3588 158
4304 159
5024 167
5736 176
6456 177
7172 184
7888 192
8604 193
9324 199
10036 199
10756 207
11472 216
12192 216
12904 220
13624 224
14340 224
15056 227
15772 231
16492 231
17204 231
17924 238
18640 240
19360 240
20072 240
20792 240
21508 240
22220 240
22940 240
23660 231
24372 231
25092 231
25808 227
26528 225
27240 224
27960 224
28676 220
29388 216
30108 211
30828 207
31540 199
32260 199
32976 192
33696 192
34408 184
35128 177
35844 176
36556 167
37276 159
37996 158
38708 152
39428 143
40144 135
40864 127
41576 126
42296 120
43012 112
43724 103
44444 99
45164 96
45876 88
46596 79
47312 71
48032 67
48744 63
49464 60
50180 56
50892 48
51612 39
52332 35
53044 31
53764 30
54480 24
55200 24
55912 15
56632 15
57348 7
58060 7
58780 3
59500 1
60212 0
60928 0
61648 0
62368 0
63080 0
63800 0
64516 0
65228 0
65948 0
66668 0
67380 0
68096 0
68816 0
69536 0
70248 3
70968 7
71684 7
72396 14
73116 15
73836 17
74548 24
75264 28
75984 31
76704 35
77416 39
78136 48
78852 56
79564 60
80284 63
81004 63
81716 71
82432 79
83152 88
83872 96
84584 97
85304 103
86020 112
86732 120
87452 126
88172 127
88884 135
89600 143
90320 152
91040 156
91752 159
92472 167
93188 172
93900 176
94620 184
95340 192
96052 192
96768 195
97488 199
98208 207
98920 207
99640 216
100356 220
101068 224
101788 224
102508 227
103220 227
103936 231
104656 231
105376 231
106088 240
106808 240
107524 240
108236 240
108956 240
109676 240
110388 240
111104 240
111824 231
112544 231
113256 231
113976 225
114692 224
115404 224
116124 224
116844 216
117556 216
118272 207
118992 199
119712 199
120424 193
121144 192
121860 184
122572 184
123292 176
124012 167
124724 159
125440 158
126160 152
126880 143
127592 135
128312 127
129028 127
129740 120
130460 113
131180 103
131892 99
132608 96
133328 88
134048 81
134760 78
135480 71
136196 63
136908 62
137628 56
138348 48
139060 46
139776 39
140496 31
141216 31
141928 28
142648 24
143364 15
144076 15
144796 7
145516 7
146228 3
146944 1
147664 0
148384 0
149096 0
149812 0
150532 0
151244 0
151964 0
152684 0
153396 0
154112 0
154832 0
155552 0
156264 0
156980 0
157700 1
158412 3
159132 7
159852 7
160564 15
161280 15
162000 24
162720 28
163432 31
164148 31
164868 39
165580 48
166300 49
167020 56
167732 63
168448 63
169168 71
169888 79
170600 88
171316 92
172036 96
172748 103
173468 112
174188 113
174900 124
175616 127
176336 127
177056 142
177768 145
178484 152
179204 159
179916 163
180636 167
181356 176
182068 184
182784 192
