4 184
724 176
1440 167
2156 163
2872 159
3592 152
4304 152
5024 143
5740 135
6452 127
7172 127
7892 126
8608 120
9324 120
10040 112
10760 112
11472 103
12192 103
12908 103
13620 99
14340 97
15060 97
15776 96
16492 96
17208 96
17928 96
18640 96
19360 96
20076 96
20788 97
21508 99
22228 99
22944 103
23660 103
24376 103
25096 112
25808 113
26528 120
27244 124
27956 127
28676 127
29396 127
30112 135
30828 143
31544 152
32264 156
32976 159
33696 163
34412 172
35124 177
35844 184
36564 192
37280 195
37996 199
38712 207
39432 216
40144 224
40864 225
41580 231
42292 240
43012 248
43732 252
44448 255
45164 255
45880 255
46600 271
47312 280
48032 287
48748 287
49460 295
50180 302
50900 304
51616 312
52328 316
53048 318
53768 319
54480 319
55200 327
55916 327
56628 327
57348 335
58068 335
58784 335
59496 335
60216 344
60936 344
61648 344
62368 344
63084 335
63796 335
64516 335
65236 335
65952 335
66664 327
67384 327
68104 319
68816 319
69536 319
70252 318
70964 316
71684 312
72404 304
73120 300
73832 295
74552 287
75272 286
75984 280
76704 271
77420 255
78132 255
78852 255
79572 252
80288 248
81000 240
81720 231
82440 225
83152 224
83872 216
84588 207
85300 199
86020 193
86740 192
87456 184
88168 176
88888 167
89608 163
90320 159
91040 156
91756 152
92468 143
93188 135
93908 127
94624 127
95336 127
96056 124
96776 120
97488 113
98204 112
98924 110
99636 103
100356 103
101076 99
101792 97
102504 97
103224 96
103944 96
104656 96
105372 96
106092 96
106804 96
107524 96
108244 97
108960 97
109672 99
110392 103
111112 103
111824 103
112540 112
113260 112
113972 120
114692 120
115412 126
116128 127
116840 127
117560 135
118280 143
118992 152
119708 156
120428 159
121140 163
121860 167
122580 176
123296 184
124008 192
124728 193
125448 199
126160 207
126876 216
127596 220
128308 225
129028 231
129748 240
130464 248
131176 252
131896 255
132616 255
133328 255
134044 271
134764 280
135476 286
136196 287
136916 295
137632 300
138344 304
139064 312
139784 312
140496 316
141212 319
141932 319
142644 319
143364 327
144084 327
144800 335
145512 335
146232 335
146952 335
147664 344
148380 344
149100 344
149812 344
150532 344
151252 335
151968 335
152680 335
153400 335
154120 327
154832 327
155548 327
156268 319
156980 319
157700 319
158420 316
159136 312
159848 304
160568 304
161288 295
162000 287
162716 287
163436 280
164148 275
164868 255
165588 255
166304 255
167016 252
167736 248
168456 240
169168 231
169884 227
170604 224
171316 216
172036 207
172756 199
173472 195
174184 192
174904 184
175624 177
176336 176
177052 167
177772 159
178484 156
179204 152
179920 143
180640 142
181352 127
182072 127
182792 127
4 176
724 167
1436 159
2156 159
2872 152
3588 143
4304 142
5024 135
5736 127
6456 127
7172 124
7892 120
8604 115
9324 112
10040 112
10756 103
11472 103
12192 103
12904 99
13624 97
14340 97
15060 96
15772 96
16492 96
17208 96
17924 96
18640 96
19360 97
20072 97
20792 99
21508 99
22228 103
22940 103
23660 112
24376 112
25092 113
25808 120
26528 124
27240 127
27960 127
28676 127
29396 142
30108 143
30828 152
31544 156
32260 159
32976 167
33696 176
34408 177
35128 184
35844 192
36564 195
37276 199
37996 207
38712 216
39428 224
40144 227
40864 231
41576 240
42296 248
43012 254
43732 255
44444 255
45164 255
45880 280
46596 284
47312 287
48032 287
48744 295
49464 304
50180 305
50900 312
51612 316
52332 319
53048 319
53764 319
54480 327
55200 327
55912 334
56632 335
57348 335
58068 335
58780 335
59500 344
60216 344
60932 344
61648 344
62368 339
63080 335
63800 335
64516 335
65236 334
65948 327
66668 327
67384 319
68100 319
68816 319
69536 318
70248 312
70968 312
71684 304
72404 295
73116 291
73836 287
74552 284
75264 280
75984 271
76704 255
77416 255
78136 255
78852 252
79572 243
80284 240
81004 231
81720 224
82432 220
83152 216
83872 207
84584 199
85304 193
86020 192
86740 184
87452 176
88172 167
88888 163
89600 159
90320 156
91040 152
91752 143
92472 135
93188 127
93908 127
94620 126
95340 120
96056 120
96768 112
97488 112
98208 108
98920 103
99640 103
100356 99
101076 97
101788 97
102508 96
103224 96
103936 96
104656 96
105376 96
106088 96
106808 96
107524 96
108244 97
108956 99
109676 103
110392 103
111104 110
111824 112
112544 113
113256 120
113976 124
114692 127
115412 127
116124 127
116844 135
117560 143
118272 152
118992 156
119712 159
120424 163
121140 167
121860 177
122580 184
123292 192
124012 193
124728 199
125440 207
126160 216
126880 224
127592 225
128308 231
129028 240
129748 248
130460 252
131180 255
131896 255
132608 255
133328 271
134048 280
134760 287
135476 287
136196 295
136916 304
137628 304
138348 312
139064 316
139776 318
140496 319
141216 319
141928 327
142644 327
143364 334
144084 335
144796 335
145516 335
146232 339
146944 344
147664 344
148384 344
149096 344
149812 344
150532 335
151252 335
151964 335
152684 335
153400 327
154112 327
154832 319
155552 319
156264 319
156980 318
157700 312
158420 307
159132 304
159852 302
160568 295
161280 287
162000 286
162720 280
163432 271
164148 255
164868 255
165588 255
166300 252
167020 248
167736 240
168448 231
169168 225
169888 224
170600 216
171316 207
172036 199
172756 195
173468 192
174188 184
174904 176
175616 167
176336 167
177056 159
177768 156
178484 152
179204 143
179924 135
180636 127
181356 127
182072 127
182784 124
4 167
716 159
1436 158
2152 152
2868 143
3584 142
4304 127
5016 127
5736 127
6452 124
7172 120
7884 115
8604 112
9320 112
10036 103
10752 103
11472 103
12184 99
12904 97
13620 96
14340 96
15052 96
15772 96
16488 96
17200 96
17920 96
18640 97
19352 97
20072 99
20788 103
21508 103
22220 103
22940 112
23656 112
24368 120
25088 120
25808 124
26520 127
27240 127
27956 135
28676 143
29388 147
30108 152
30824 159
31536 159
32256 167
32976 176
33688 184
34408 192
35124 192
35844 199
36556 206
37276 211
37992 220
38704 224
39424 231
40144 240
40856 243
41576 248
42292 255
43012 255
43724 255
44444 271
45160 280
45872 284
46592 287
47312 291
48024 295
48744 304
49460 312
50180 312
50892 316
51612 319
52328 319
53040 319
53760 327
54480 327
55192 335
55908 335
56628 335
57348 335
58060 339
58780 344
59496 344
60208 344
60928 344
61648 339
62360 335
63076 335
63796 335
64516 334
65228 327
65948 327
66664 319
67376 319
68096 319
68816 316
69528 312
70244 305
70964 304
71684 295
72396 287
73116 287
73832 284
74544 280
75264 255
75984 255
76696 255
77412 255
78132 248
78852 241
79564 238
80284 227
81000 224
81712 216
82432 207
83152 206
83864 199
84580 192
85300 192
86020 184
86732 176
87452 167
88168 159
88880 159
89600 152
90320 145
91032 143
91748 135
92468 127
93188 127
93900 124
94620 120
95336 120
96048 112
96768 112
97488 103
98200 103
98916 103
99636 99
100356 97
101068 97
101788 96
102504 96
103216 96
103936 96
104656 96
105368 96
106084 96
106804 97
107524 99
108236 99
108956 103
109672 103
110384 112
111104 112
111824 113
112536 120
113252 124
113972 127
114692 127
115404 127
116124 142
116840 143
117552 152
118272 156
118992 159
119704 167
120420 176
121140 179
121860 188
122572 192
123292 195
124008 199
124720 207
125440 216
126160 224
126872 227
127588 231
128308 240
129028 248
129740 254
130460 255
131176 255
131888 255
132608 280
133328 284
134040 287
134756 287
135476 295
136196 304
136908 305
137628 312
138344 316
139056 319
139776 319
140496 319
141208 327
141924 327
142644 327
143364 335
144076 335
144792 335
145512 335
146224 344
146944 344
147664 344
148376 344
149092 344
149812 335
150532 335
151244 335
151960 335
152680 327
153392 327
154112 319
154832 319
155544 319
156260 318
156980 312
157700 312
158412 304
159128 295
159848 295
160560 287
161280 284
162000 280
162712 271
163428 255
164148 255
164868 255
165580 252
166296 248
167016 240
167728 231
168448 224
169168 220
169880 216
170596 207
171316 199
172036 192
172748 192
173464 184
174184 176
174896 167
175616 159
176336 159
177048 156
177764 152
178484 143
179204 135
179916 127
180632 127
181352 126
182064 120
182784 120
4 152
724 147
1444 143
2156 135
2876 127
3592 127
4304 126
5024 120
5744 120
6460 113
7176 112
7892 103
8612 103
9324 103
10044 99
10760 99
11472 97
12192 96
12912 96
13628 96
14344 96
15060 96
15780 96
16492 96
17212 97
17928 99
18640 99
19360 103
20080 103
20796 110
21512 112
22228 113
22948 120
23660 124
24380 127
25096 127
25808 127
26528 135
27248 143
27964 152
28680 156
29396 159
30116 167
30828 176
31548 177
32264 184
32976 192
33696 195
34416 199
35132 207
35844 216
36564 224
37284 227
37996 231
38716 240
39432 248
40144 254
40864 255
41584 255
42300 255
43012 271
43732 284
44452 287
45164 287
45884 295
46600 304
47312 305
48032 312
48752 316
49468 319
50180 319
50900 319
51620 327
52332 327
53052 334
53768 335
54480 335
55200 335
55920 335
56636 344
57348 344
58068 344
58788 344
59500 339
60220 335
60936 335
61648 335
62368 335
63088 327
63804 327
64516 319
65236 319
65956 319
66668 318
67388 312
68104 312
68816 304
69536 295
70256 295
70972 287
71684 286
72404 280
73124 271
73836 255
74556 255
75272 255
75984 252
76704 248
77424 240
78140 231
78852 225
79572 224
80292 216
81004 207
81720 199
82440 193
83152 192
83872 184
84592 176
85308 167
86020 163
86740 159
87460 156
88172 152
88888 143
89608 135
90320 127
91040 127
91760 126
92476 120
93188 120
93908 113
94628 112
95340 110
96056 103
96776 103
97488 99
98208 97
98928 96
99644 96
100356 96
101076 96
101796 96
102508 96
103224 96
103944 96
104656 97
105376 97
106096 99
106812 103
107524 103
108244 110
108964 112
109676 113
110392 120
111112 124
111824 126
112544 127
113264 127
113980 135
114692 143
115412 152
116132 156
116844 159
117560 163
118280 167
118992 176
119712 184
120432 192
121148 193
121860 199
122580 207
123300 216
124012 224
124728 225
125448 231
126160 240
126880 248
127600 252
128316 255
129028 255
129748 255
130468 271
131180 280
131896 286
132616 287
133328 295
134048 302
134768 304
135484 312
136196 312
136916 318
137636 319
138348 319
139064 319
139784 327
140496 327
141216 334
141936 335
142652 335
143364 335
144084 344
144804 344
145516 344
146232 344
146952 344
147664 339
148384 335
149104 335
149820 335
150532 334
151252 327
151972 319
152684 319
153400 319
154120 319
154832 316
155552 312
156272 304
156988 304
157700 295
158420 287
159140 286
159852 280
160568 275
161288 255
162000 255
162720 255
163436 254
164156 248
164868 240
165588 231
166308 227
167020 224
167736 216
168456 207
169168 199
169888 195
170604 192
171324 184
172036 177
172756 176
173476 167
174188 159
174904 156
175624 152
176336 143
177056 135
177772 127
178492 127
179204 127
179924 124
180644 120
181356 115
182072 112
182792 110
4 147
724 143
1436 135
2152 127
2872 127
3584 124
4304 120
5024 120
5740 113
6452 112
7172 103
7892 103
8604 103
9320 99
10040 97
10752 97
11472 96
12192 96
12908 96
13620 96
14340 96
15060 96
15772 96
16488 97
17208 99
17920 99
18640 103
19360 103
20076 110
20788 112
21508 113
22228 120
22940 124
23656 127
24376 127
25088 127
25808 142
26528 143
27244 152
27956 156
28676 159
29396 167
30108 174
30824 177
31544 184
32256 192
32976 195
33696 199
34412 207
35124 216
35844 224
36564 227
37276 231
37992 240
38712 248
39424 254
40144 255
40864 255
41580 255
42292 275
43012 280
43732 287
44444 287
45160 295
45880 304
46592 305
47312 312
48032 316
48748 319
49460 319
50180 319
50900 327
51612 327
52328 334
53048 335
53760 335
54480 335
55200 339
55916 344
56628 344
57348 344
58068 344
58780 344
59496 335
60216 335
60928 335
61648 335
62364 327
63084 327
63796 319
64516 319
65236 319
65948 318
66664 312
67384 312
68096 304
68816 295
69532 295
70252 287
70964 286
71684 280
72404 271
73116 255
73832 255
74552 255
75264 252
75984 248
76700 240
77420 231
78132 225
78852 224
79572 216
80284 207
81000 199
81720 193
82432 192
83152 184
83868 176
84588 167
85300 163
86020 159
86740 156
87452 152
88168 143
88888 135
89600 127
90320 127
91036 126
91756 120
92468 120
93188 113
93908 112
94620 110
95336 103
96056 103
96768 99
97488 99
98204 97
98924 96
99636 96
100356 96
101076 96
101788 96
102504 96
103224 96
103936 97
104656 99
105372 99
106092 103
106804 103
107524 103
108244 112
108956 113
109672 120
110392 120
111104 126
111824 127
112540 127
113260 135
113972 143
114692 152
115412 156
116124 159
116840 163
117560 167
118272 176
118992 184
119708 192
120428 193
121140 199
121860 207
122580 216
123292 224
124008 225
124728 231
125440 240
126160 248
126876 252
127596 255
128308 255
129028 255
129748 271
130460 280
131176 286
131896 287
132608 295
133328 302
134044 304
134764 312
135476 316
136196 318
136916 319
137628 319
138344 319
139064 327
139776 327
140496 335
141212 335
141932 335
142644 335
143364 344
144080 344
144796 344
145512 344
146232 339
146944 335
147664 335
148380 335
149100 335
149812 334
150532 327
151248 327
151964 319
152680 319
153400 318
154112 316
154832 312
155548 304
156268 304
156980 295
157700 287
158416 287
159132 284
159848 271
160568 255
161280 255
162000 255
162716 254
163436 248
164148 240
164868 231
165584 227
166300 224
167016 216
167736 207
168448 199
169168 195
169884 192
170604 184
171316 177
172036 172
172752 167
173468 159
174184 156
174904 152
175616 143
176336 135
177052 127
177772 127
178484 127
179204 124
179920 120
180636 113
181352 112
182072 112
182784 103
4 143
716 135
1436 127
2152 127
2864 126
3584 120
4304 120
5020 112
5736 112
6452 103
7172 103
7884 103
8604 99
9320 97
10032 97
10752 96
11472 96
12188 96
12904 96
13620 96
14340 96
15052 96
15772 97
16488 99
17200 99
17920 103
18640 103
19356 112
20072 112
20788 113
21508 120
22220 124
22940 127
23656 127
24368 127
25088 142
25808 143
26524 152
27240 156
27956 159
28676 167
29388 176
30108 177
30824 184
31536 192
32256 195
32976 199
33692 207
34408 216
35124 224
35844 227
36556 231
37276 240
37992 248
38704 254
39424 255
40144 255
40860 255
41572 280
42292 284
43012 287
43724 287
44444 295
45160 304
45872 305
46592 312
47312 316
48028 319
48740 319
49460 319
50180 327
50892 327
51612 334
52328 335
53040 335
53760 335
54480 339
55196 344
55908 344
56628 344
57348 344
58060 339
58780 335
59496 335
60208 335
60928 335
61648 327
62364 327
63076 319
63796 319
64516 319
65228 318
65948 312
66664 312
67376 304
68096 295
68816 295
69532 287
70244 284
70964 280
71684 271
72396 255
73116 255
73832 255
74544 248
75264 248
75984 240
76700 231
77412 224
78132 220
78852 216
79564 207
80284 199
81000 193
81712 192
82432 184
83152 176
83868 167
84580 163
85300 159
86020 156
86732 152
87448 143
88168 135
88880 127
89600 127
90320 126
91036 120
91748 120
92468 113
93188 112
93900 110
94616 103
95336 103
96048 99
96768 99
97488 97
98204 96
98916 96
99636 96
100356 96
101068 96
101784 96
102504 96
103216 97
103936 99
104656 99
105372 103
106084 103
106804 110
107524 112
108236 113
108952 120
109672 120
110384 126
111104 127
111824 127
112540 135
113252 143
113972 152
114692 156
115404 159
116120 163
116840 167
117552 176
118272 184
118992 192
119708 193
120420 199
121140 207
121860 216
122572 224
123288 225
124008 231
124720 240
125440 248
126160 252
126876 255
127588 255
128308 255
129028 271
129740 280
130456 287
131176 287
131888 295
132608 304
133328 304
134044 312
134756 312
135476 318
136196 319
136908 319
137624 327
138344 327
139056 327
139776 335
140496 335
141212 335
141924 339
142644 344
143364 344
144076 344
144792 344
145512 344
146224 335
146944 335
147664 335
148380 335
149092 327
149812 327
150532 319
151244 319
151960 319
152680 318
153392 316
154112 312
154832 304
155548 304
156260 295
156980 287
157700 286
158412 280
159128 271
159848 255
160560 255
161280 255
162000 252
162716 248
163428 240
164148 231
164868 225
165580 224
166296 216
167016 207
167728 199
168448 195
169164 192
169884 184
170596 177
171316 174
172036 167
172748 159
173464 156
174184 152
174896 143
175616 135
176332 127
177052 127
177764 126
178484 120
179204 120
179916 113
180632 112
181352 110
182064 103
182784 103
4 135
724 127
1440 127
2152 124
2872 120
3592 120
4308 112
5024 112
5740 103
6460 103
7172 99
7892 99
8608 97
9320 97
10040 96
10760 96
11476 96
12192 96
12908 96
13628 96
14340 96
15060 97
15776 99
16488 99
17208 103
17928 103
18644 110
19356 112
20076 113
20796 120
21508 124
22228 127
22944 127
23656 127
24376 135
25096 143
25812 152
26524 156
27244 159
27964 167
28676 176
29396 179
30112 184
30824 192
31544 195
32264 199
32980 207
33692 216
34412 224
35132 227
35844 231
36564 240
37280 248
37992 252
38712 255
39432 255
40148 255
40860 271
41580 280
42300 287
43012 287
43732 295
44448 304
45160 304
45880 312
46600 316
47316 318
48028 319
48748 319
49468 319
50180 327
50900 327
51616 335
52328 335
53048 335
53768 335
54484 335
55196 335
55916 335
56636 335
57348 335
58068 335
58784 335
59496 335
60216 334
60936 327
61652 327
62364 319
63084 319
63804 319
64516 316
65232 312
65952 312
66664 304
67384 295
68104 291
68820 287
69532 286
70252 280
70972 271
71684 255
72400 255
73120 255
73832 252
74552 243
75272 240
75988 231
76700 224
77420 220
78140 211
78852 206
79568 199
80288 193
81000 192
81720 184
82440 176
83156 167
83868 163
84588 159
85308 156
86020 152
86736 143
87456 135
88168 127
88888 127
89608 126
90324 120
91036 120
91756 112
92476 112
93188 103
93904 103
94624 103
95336 99
96056 97
96776 96
97492 96
98204 96
98924 96
99644 96
100356 96
101072 96
101792 96
102504 97
103224 97
103944 99
104660 103
105372 103
106092 103
106812 112
107524 112
108240 120
108960 120
109672 126
110392 127
111112 127
111828 135
112540 143
113260 152
113980 156
114692 159
115408 163
116128 167
116840 176
117560 184
118280 192
118996 193
119708 199
120428 207
121148 216
121860 224
122576 225
123296 231
124008 240
124728 248
125448 252
126164 255
126876 255
127596 255
128316 271
129028 280
129744 286
130464 287
131176 291
131896 295
132616 304
133332 312
134044 312
134764 318
135484 319
136196 319
136912 319
137632 327
138344 334
139064 335
139784 335
140500 335
141212 335
141932 344
142652 344
143364 344
144080 335
144800 335
145512 335
146232 335
146948 335
147664 335
148380 327
149100 327
149820 327
150532 319
151248 319
151968 318
152680 312
153400 312
154116 304
154832 304
155548 295
156268 287
156988 286
157700 280
158416 271
159136 255
159848 255
160568 255
161284 254
162000 248
162716 240
163436 231
164156 225
164868 224
165584 216
166304 207
167016 199
167736 193
168452 192
169168 184
169884 176
170604 167
171324 163
172036 159
172752 156
173472 152
174184 143
174904 135
175620 127
176336 127
177052 126
177772 124
178492 120
179204 113
179920 112
180640 103
181352 103
182072 103
182788 99
4 147
720 143
1432 135
2152 127
2872 127
3584 124
4300 120
5020 120
5740 113
6452 112
7172 103
7888 103
8600 103
9320 99
10040 97
10752 97
11468 96
12188 96
12908 96
13620 96
14340 96
15056 96
15768 96
16488 97
17208 99
17920 99
18636 103
19356 103
20076 110
20788 112
21508 113
22224 120
22936 124
23656 127
24376 127
25088 127
25804 135
26524 143
27244 152
27956 156
28676 159
29392 167
30104 176
30824 177
31544 184
32256 192
32972 195
33692 199
34412 207
35124 216
35844 224
36560 227
37272 231
37992 240
38712 248
39424 254
40140 255
40860 255
41580 255
42292 280
43012 284
43728 287
44440 287
45160 295
45880 304
46592 305
47308 312
48028 316
48748 318
49460 319
50176 319
50896 327
51608 327
52328 327
53048 335
53760 335
54476 335
55196 335
55916 344
56628 344
57344 344
58064 344
58776 344
59496 335
60216 335
60928 335
61644 335
62364 327
63084 327
63796 319
64512 319
65232 319
65944 316
66664 312
67384 312
68096 304
68812 300
69532 295
70252 287
70964 286
71680 280
72400 271
73112 255
73832 255
74552 255
75264 252
75980 248
76700 240
77420 231
78132 225
78848 224
79568 216
80280 207
81000 199
81720 193
82432 192
83148 184
83868 176
84588 167
85300 163
86016 159
86736 156
87448 152
88168 143
88888 135
89600 127
90316 127
91036 126
91756 120
92468 120
93184 113
93904 112
94616 103
95336 103
96056 103
96768 99
97484 99
98204 97
98924 96
99636 96
100352 96
101072 96
101784 96
102504 96
103224 96
103936 97
104652 97
105372 99
106092 103
106804 103
107520 103
108240 112
108952 113
109672 120
110392 124
111104 126
111820 127
112540 127
113260 135
113972 143
114688 152
115408 156
116120 159
116840 163
117560 167
118272 176
118988 184
119708 192
120428 193
121140 199
121856 207
122576 216
123288 224
124008 225
124728 231
125440 240
126156 248
126876 252
127596 255
128308 255
129024 255
129744 271
130456 280
131176 286
131892 287
132608 295
133324 302
134044 304
134764 312
135476 312
136192 318
136912 319
137624 319
138344 319
139060 327
139776 327
140492 335
141212 335
141932 335
142644 335
143360 344
144080 344
144792 344
145512 344
146228 344
146944 344
147660 335
148380 335
149100 335
149812 334
150528 327
151248 319
151960 319
152680 319
153396 318
154112 316
154828 312
155548 304
156268 304
156980 295
157696 287
158416 287
159128 280
159848 275
160564 255
161280 255
161996 255
162716 254
163436 248
164148 240
164864 231
165584 225
166296 224
167016 216
167732 207
168448 199
169164 195
169884 192
170604 184
171316 177
172032 174
172752 167
173464 159
174184 158
174900 152
175616 143
176332 142
177052 127
177772 127
178484 127
179200 124
179920 120
180632 115
181352 112
182068 112
182784 103
4 143
716 135
1436 127
2152 127
2864 126
3584 120
4304 120
5020 113
5736 112
6452 103
7172 103
7884 103
8604 99
9320 97
10032 97
10752 96
11472 96
12188 96
12904 96
13620 96
14340 96
15052 96
15772 97
16488 99
17200 99
17920 103
18640 103
19356 103
20072 112
20788 113
21508 120
22220 120
22940 126
23656 127
24368 127
25088 135
25808 143
26524 152
27240 156
27956 159
28676 163
29388 167
30108 176
30824 184
31536 192
32256 193
32976 199
33692 207
34408 216
35124 220
35844 225
36556 231
37276 240
37992 248
38704 252
39424 255
40144 255
40860 255
41576 271
42292 280
43012 286
43724 287
44444 295
45160 304
45872 304
46592 312
47312 312
48028 318
48744 319
49460 319
50180 319
50892 327
51612 334
52328 335
53040 335
53760 335
54480 339
55196 344
55912 344
56628 344
57348 344
58060 344
58780 339
59496 335
60208 335
60928 335
61648 334
62364 327
63080 327
63796 319
64516 319
65228 319
65948 316
66664 312
67376 304
68096 302
68816 295
69532 287
70244 284
70964 280
71684 271
72396 255
73116 255
73832 255
74544 254
75264 248
75984 240
76700 231
77412 227
78132 224
78852 216
79564 207
80284 199
81000 195
81712 192
82432 184
83152 176
83868 167
84580 163
85300 159
86020 156
86732 152
87452 143
88168 135
88880 127
89600 127
90320 127
91036 124
91748 120
92468 113
93188 112
93900 112
94620 103
95336 103
96048 99
96768 99
97488 97
98204 97
98916 96
99636 96
100356 96
101068 96
101788 96
102504 96
103216 97
103936 99
104656 99
105372 103
106084 103
106804 103
107524 112
108236 112
108956 120
109672 120
110384 126
111104 127
111824 127
112540 135
113252 143
113972 147
114692 152
115404 159
116120 159
116840 167
117552 176
118272 184
118992 192
119708 193
120420 199
121140 207
121860 216
122572 220
123288 224
124008 231
124720 240
125440 248
126160 252
126876 255
127588 255
128308 255
129028 271
129740 280
130456 284
131176 287
131888 295
132608 295
133328 304
134044 305
134756 312
135476 318
136196 319
136908 319
137624 319
138344 327
139056 327
139776 335
140496 335
141212 335
141924 337
142644 344
143364 344
144076 344
144792 344
145512 344
146224 339
146944 335
147664 335
148380 335
149092 334
149812 327
150532 327
151244 319
151960 319
152680 319
153392 316
154112 312
154832 305
155548 304
156260 295
156980 287
157700 287
158412 284
159128 280
159848 255
160560 255
161280 255
162000 254
162716 248
163428 240
164148 231
164868 227
165580 224
166296 216
167016 207
167728 199
168448 195
169168 192
169884 188
170596 184
171316 176
172036 167
172748 159
173464 158
174184 152
174896 143
175616 142
176336 127
177052 127
177764 127
178484 124
179204 120
179916 115
180632 112
181352 112
182064 103
182784 103
4 135
724 127
1440 127
2152 127
2872 124
3592 120
4308 113
5024 112
5740 110
6460 103
7172 103
7892 99
8608 99
9320 97
10040 96
10760 96
11476 96
12188 96
12908 96
13628 96
14340 96
15060 97
15776 99
16488 99
17208 103
17928 103
18644 103
19356 112
20076 112
20796 120
21508 120
22228 126
22944 127
23656 127
24376 135
25096 143
25812 152
26524 156
27244 159
27964 163
28676 167
29396 176
30112 184
30824 192
31544 193
32264 199
32980 207
33692 216
34412 220
35132 224
35844 231
36564 240
37280 248
37992 252
38712 255
39432 255
40148 255
40860 271
41580 280
42300 286
43012 287
43732 295
44448 295
45160 304
45880 307
46600 312
47316 318
48028 319
48748 319
49468 319
50180 327
50896 327
51616 334
52328 335
53048 335
53768 335
54484 339
55196 344
55916 344
56636 344
57348 344
58064 335
58784 335
59496 335
60216 335
60936 334
61652 327
62364 327
63084 319
63804 319
64516 319
65232 316
65952 312
66664 305
67384 304
68104 295
68820 287
69532 287
70252 284
70972 275
71684 255
72400 255
73120 255
73832 254
74552 248
75272 240
75988 231
76700 227
77420 224
78140 216
78852 207
79568 199
80288 195
81000 192
81720 184
82440 179
83156 176
83868 167
84588 159
85308 156
86020 152
86736 143
87456 142
88168 127
88888 127
89608 127
90324 124
91036 120
91756 113
92476 112
93188 112
93904 103
94624 103
95336 99
96056 99
96776 97
97492 96
98204 96
98924 96
99644 96
100356 96
101072 96
101792 96
102504 97
103224 97
103944 99
104660 103
105372 103
106092 103
106812 112
107524 112
108240 115
108960 120
109672 124
110392 127
111112 127
111828 135
112540 143
113260 143
113980 152
114692 158
115408 159
116128 167
116840 176
117560 179
118280 188
118996 192
119708 199
120428 206
121148 207
121860 220
122576 224
123296 227
124008 238
124728 241
125448 248
126164 255
126876 255
127596 255
128316 271
129028 280
129744 284
130464 287
131176 287
131896 295
132616 304
133332 307
134044 312
134764 316
135484 319
136196 319
136912 319
137632 327
138344 327
139064 335
139780 335
140500 335
141212 335
141932 339
142652 344
143364 344
144080 344
144800 344
145512 339
146232 335
146948 335
147668 334
148380 327
149100 327
149820 327
150532 319
151248 319
151968 318
152680 316
153400 312
154116 305
154836 304
155548 295
156268 291
156988 287
157700 284
158416 280
159136 271
159848 255
160568 255
161284 255
162004 248
162716 241
163436 238
164156 227
164868 224
165584 220
166304 207
167016 206
167736 199
168452 192
169172 192
169884 184
170604 176
171324 167
172036 159
172752 159
173472 152
174184 145
174904 143
175620 135
176340 127
177052 127
177772 124
178492 120
179204 120
179920 112
180640 112
181352 103
182072 103
182788 99
