4 124
716 158
1436 195
2152 240
2868 280
3584 319
4304 355
5016 384
5736 408
6452 415
7172 415
7884 408
8604 384
9320 355
10036 319
10752 284
11472 240
12184 195
12904 158
13620 124
14340 99
15052 79
15772 71
16488 79
17204 96
17920 120
18640 152
19352 192
20072 227
20788 271
21508 312
22220 352
22940 384
23656 399
24372 415
25088 415
25808 408
26520 391
27240 359
27956 327
28676 287
29388 248
30108 206
30824 163
31540 127
32256 103
32976 83
33688 71
34408 79
35124 92
35844 112
36556 143
37276 179
37992 224
38708 255
39424 304
40144 344
40856 384
41576 399
42292 414
43012 415
43724 412
44444 391
45160 368
45876 335
46592 295
47312 255
48024 216
48744 174
49460 135
50180 103
50892 88
51612 78
52328 78
53044 88
53760 103
54480 135
55192 174
55912 216
56628 255
57348 295
58060 335
58780 368
59496 391
60212 412
60928 415
61648 414
62360 399
63080 384
63796 344
64516 304
65228 255
65948 224
66664 179
67380 143
68096 112
68816 92
69528 79
70248 71
70964 83
71684 103
72396 127
73116 163
73832 206
74548 248
75264 287
75984 327
76696 359
77416 391
78132 408
78852 415
79564 415
80284 399
81000 384
81716 352
82432 312
83152 271
83864 227
84584 192
85300 152
86020 120
86732 96
87452 79
88168 71
88880 79
89600 97
90320 126
91032 159
91752 195
92468 240
93188 284
93900 319
94620 355
95336 385
96048 408
96768 415
97488 415
98200 408
98920 384
99636 353
100356 319
101068 280
101788 240
102504 195
103216 158
103936 124
104656 97
105368 79
106088 71
106804 79
107524 96
108236 120
108956 152
109672 192
110384 231
111104 271
111824 316
112536 352
113256 384
113972 399
114692 415
115404 415
116124 408
116840 387
117552 359
118272 327
118992 287
119704 248
120424 199
121140 159
121860 127
122572 103
123292 88
124008 71
124720 79
125440 92
126160 112
126872 143
127592 184
128308 224
129028 255
129740 305
130460 344
131176 384
131888 399
132608 414
133328 415
134040 412
134756 391
135476 368
136196 335
136908 295
137628 255
138344 209
139056 167
139776 135
140496 103
141208 88
141924 78
142644 78
143364 88
144076 103
144796 135
145512 176
146224 216
146944 255
147664 295
148376 335
149092 368
149812 391
150532 412
151244 415
151964 412
152680 399
153392 376
154112 344
154832 304
155544 255
156260 220
156980 177
157700 143
158412 112
159132 92
159848 78
160560 71
161280 88
162000 103
162712 127
163428 167
164148 207
164868 248
165580 287
166300 327
167016 364
167728 391
168448 408
169168 415
169880 415
170596 399
171316 384
172036 352
172748 312
173468 271
174184 227
174896 192
175616 152
176336 120
177048 96
177764 79
178484 71
179204 79
179916 97
180636 126
181352 159
182064 199
182784 240
8 96
724 120
1436 152
2156 188
2876 225
3588 271
4304 312
5024 352
5744 384
6456 399
7172 415
7892 415
8604 412
9324 391
10044 368
10756 327
11472 287
12192 248
12912 207
13624 167
14340 127
15060 103
15772 88
16492 71
17212 79
17924 88
18640 112
19360 142
20080 177
20792 220
21508 255
22228 304
22940 344
23660 376
24380 398
25092 414
25808 415
26528 412
27248 391
27960 369
28676 335
29396 295
30108 255
30828 216
31548 176
32260 135
32976 110
33696 88
34416 78
35128 76
35844 88
36564 103
37276 127
37996 167
38716 207
39428 254
40144 295
40864 335
41584 368
42296 391
43012 412
43732 415
44444 414
45164 399
45884 384
46596 344
47312 305
48032 255
48752 224
49464 184
50180 143
50900 112
51612 92
52332 79
53052 71
53764 83
54480 99
55200 127
55920 159
56632 199
57348 248
58068 287
58780 327
59500 359
60220 391
60932 408
61648 415
62368 415
63088 399
63800 384
64516 352
65236 316
65948 271
66668 231
67388 192
68100 152
68816 120
69536 96
70256 79
70968 71
71684 79
72404 97
73116 124
73836 156
74556 193
75268 238
75984 280
76704 319
77424 355
78136 384
78852 408
79572 415
80284 415
81004 408
81724 385
82436 355
83152 319
83872 284
84592 240
85304 195
86020 159
86740 126
87452 97
88172 79
88888 71
89604 79
90320 96
91040 120
91760 152
92472 192
93188 227
93908 271
94620 312
95340 352
96056 384
96772 399
97488 415
98208 415
98928 408
99640 391
100356 364
101076 327
101788 287
102508 248
103224 206
103940 163
104656 127
105376 103
106096 88
106808 71
107524 78
108244 92
108956 112
109676 143
110392 179
111108 224
111824 255
112544 304
113264 344
113976 384
114692 399
115412 414
116124 415
116844 412
117560 391
118276 368
118992 335
119712 295
120432 255
121144 216
121860 174
122580 135
123292 103
124012 88
124728 78
125444 76
126160 88
126880 103
127600 135
128312 167
129028 211
129748 255
130460 295
131180 335
131896 368
132612 391
133328 412
134048 415
134768 414
135480 399
136196 384
136916 344
137628 304
138348 255
139064 224
139780 184
140496 143
141216 112
141936 92
142648 79
143364 71
144084 83
144796 103
145516 127
146232 163
146948 199
147664 248
148384 287
149104 327
149816 359
150532 391
151252 408
151964 415
152684 415
153400 399
154116 384
154832 352
155552 316
156272 271
156984 227
157700 192
158420 152
159132 120
159852 96
160568 79
161284 71
162000 79
162720 97
163440 124
164152 158
164868 195
165588 240
166300 280
167020 319
167736 355
168452 385
169168 408
169888 415
170604 415
171320 408
172036 384
172756 355
173468 319
174188 280
174904 240
175616 195
176336 158
177056 124
177772 97
178488 79
179204 71
179924 79
180636 96
181356 120
182072 152
182784 192
4 112
724 92
1440 79
2156 71
2872 83
3592 103
4312 127
5024 163
5740 206
6460 248
7172 287
7892 327
8608 359
9324 391
10040 408
10760 415
11480 415
12192 399
12908 384
13628 352
14340 312
15060 271
15776 227
16492 192
17208 152
17928 120
18648 96
19360 79
20076 71
20796 79
21508 97
22228 124
22944 159
23660 195
24376 240
25096 280
25816 319
26528 355
27244 385
27964 408
28676 415
29396 415
30112 408
30828 384
31544 355
32264 319
32984 280
33696 240
34412 195
35132 158
35844 124
36564 97
37280 79
37996 71
38712 79
39432 96
40152 120
40864 152
41580 192
42300 231
43012 271
43732 316
44448 352
45160 384
45880 399
46600 415
47316 415
48032 408
48748 391
49468 359
50180 327
50900 287
51616 248
52328 199
53048 163
53768 127
54484 103
55200 88
55916 71
56636 79
57348 92
58068 112
58784 143
59496 184
60216 224
60936 255
61652 305
62368 344
63084 384
63804 399
64516 414
65236 415
65952 412
66664 391
67384 368
68104 335
68820 295
69536 255
70252 211
70972 172
71684 135
72404 103
73120 88
73832 76
74552 78
75272 88
75988 108
76704 135
77420 176
78140 216
78852 255
79572 295
80288 335
81000 369
81720 391
82440 412
83156 415
83872 414
84588 399
85308 256
86020 344
86740 304
87456 255
88168 224
88888 177
89608 143
90324 112
91040 92
91756 78
92476 71
93188 83
93908 103
94624 127
95336 163
96056 206
96776 248
97492 287
98208 327
98924 364
99644 391
100356 408
101076 415
101792 415
102504 399
103224 384
103944 352
104660 312
105376 271
106092 227
106812 192
107524 152
108244 120
108960 96
109672 79
110392 71
111112 79
111828 97
112544 126
113260 159
113980 195
114692 240
115412 284
116128 319
116840 355
117560 385
118280 408
118996 415
119712 415
120428 408
121148 384
121860 353
122580 319
123296 280
124008 238
124728 193
125448 156
126164 124
126880 96
127596 79
128316 71
129028 79
129748 96
130464 120
131176 152
131896 192
132616 231
133332 271
134044 316
134764 352
135484 384
136196 399
136916 415
137632 415
138344 408
139064 387
139784 359
140500 319
141212 287
141932 248
142652 199
143364 159
144084 127
144800 99
145512 83
146232 71
146952 79
147668 92
148380 113
149100 143
149820 184
150532 224
151252 255
151968 305
152680 344
153400 384
154120 399
154836 414
155548 415
156268 412
156988 391
157700 368
158420 335
159136 295
159848 254
160568 207
161288 167
162004 127
162716 103
163436 88
164156 78
164868 78
165588 88
166304 110
167016 135
167736 176
168456 216
169172 255
169884 295
170604 335
171324 369
172036 391
172752 412
173472 415
174184 414
174904 398
175624 376
176340 344
177052 304
177772 255
178492 220
179204 177
179920 142
180640 112
181352 92
182072 78
182792 71
4 391
716 364
1432 327
2152 287
2864 248
3584 206
4304 163
5020 127
5732 103
6452 88
7172 71
7884 78
8600 92
9320 112
10032 143
10752 179
11472 224
12188 255
12900 304
13620 344
14340 384
15052 399
15768 414
16488 415
17200 412
17920 391
18640 368
19356 335
20068 295
20788 255
21508 216
22220 176
22936 135
23656 108
24368 88
25088 78
25808 76
26524 88
27236 103
27956 135
28676 174
29388 211
30104 255
30824 295
31536 335
32256 368
32976 391
33692 412
34404 415
35124 414
35844 399
36556 384
37272 344
37992 304
38704 255
39424 224
40144 184
40860 143
41572 112
42292 92
43012 79
43724 71
44440 83
45160 103
45872 127
46592 163
47312 204
48028 248
48740 287
49460 327
50180 359
50892 391
51608 408
52328 415
53040 415
53760 399
54476 384
55196 352
55908 312
56628 271
57348 227
58060 192
58776 152
59496 120
60208 96
60928 79
61644 71
62364 79
63076 97
63796 124
64516 158
65228 195
65944 240
66664 281
67376 319
68096 355
68812 384
69532 408
70244 415
70964 415
71684 408
72396 384
73112 355
73832 319
74544 280
75264 240
75980 195
76700 158
77412 124
78132 97
78852 79
79564 71
80280 79
81000 96
81712 120
82432 152
83148 192
83868 227
84580 271
85300 312
86020 352
86732 384
87448 399
88168 415
88880 415
89600 408
90316 387
91036 359
91748 327
92468 287
93188 248
93900 199
94616 163
95336 127
96048 103
96768 83
97484 71
98204 79
98916 92
99636 112
100356 143
101068 184
101784 224
102504 255
103216 304
103936 344
104652 384
105372 399
106084 414
106804 415
107524 412
108236 391
108952 368
109672 335
110384 295
111104 255
111820 211
112540 172
113252 135
113972 103
114692 88
115404 76
116120 78
116840 88
117552 103
118272 135
118988 176
119708 216
120420 255
121140 295
121860 335
122572 368
123288 391
124008 412
124720 415
125440 414
126156 399
126876 384
127588 344
128308 304
129028 255
129740 224
130456 179
131176 143
131888 112
132608 92
133324 79
134044 71
134756 88
135476 103
136192 127
136908 163
137624 206
138344 248
139056 287
139776 327
140492 364
141212 391
141924 408
142644 415
143360 415
144076 399
144792 384
145512 352
146224 312
146944 271
147660 227
148380 192
149092 152
149812 120
150528 96
151244 79
151960 71
152680 79
153392 97
154112 124
154828 159
155548 195
156260 240
156980 284
157696 319
158412 355
159128 385
159848 408
160560 415
161280 415
161996 408
162716 384
163428 355
164148 319
164864 280
165580 240
166296 193
167016 158
167728 124
168448 97
169164 79
169884 71
170596 79
171316 96
172032 120
172748 152
173464 192
174184 231
174896 271
175616 316
176332 352
177052 384
177764 399
178484 415
179200 415
179916 408
180632 387
181352 359
182064 327
182784 287
4 415
724 408
1436 391
2152 368
2868 327
3588 287
4300 252
5020 207
5736 167
6452 127
7168 103
7888 88
8600 71
9320 78
10036 88
10756 112
11468 142
12188 177
12904 220
13620 255
14336 304
15056 344
15768 376
16488 398
17204 412
17924 415
18636 412
19356 396
20072 369
20788 335
21504 295
22224 255
22936 216
23656 176
24372 135
25092 112
25804 88
26524 78
27240 71
27956 88
28672 103
29392 127
30104 167
30824 207
31540 254
32260 295
32972 334
33692 368
34408 391
35124 412
35840 415
36560 414
37272 399
37992 384
38708 344
39428 307
40140 255
40860 224
41576 184
42292 143
43008 113
43728 94
44440 79
45160 71
45876 83
46596 99
47308 127
48028 159
48744 199
49456 248
50176 287
50896 319
51608 359
52328 387
53044 408
53764 415
54476 415
55196 399
55912 384
56624 352
57344 316
58064 271
58776 231
59496 192
60212 152
60932 120
61644 96
62364 79
63080 71
63792 79
64512 96
65232 124
65944 156
66664 193
67380 231
68100 280
68812 319
69532 353
70248 384
70960 408
71680 415
72400 415
73112 408
73832 385
74548 359
75268 319
75980 284
76700 240
77416 199
78128 159
78848 126
79568 99
80280 79
81000 71
81716 79
82436 96
83148 120
83868 152
84584 188
85296 227
86016 271
86736 312
87448 352
88168 384
88884 399
89604 415
90316 415
91036 408
91752 391
92464 364
93184 327
93904 287
94616 248
95332 207
96052 167
96772 127
97484 103
98204 88
98920 71
99632 78
100352 89
101072 112
101784 142
102500 177
103220 220
103940 255
104652 304
105372 344
106088 376
106800 398
107520 414
108240 415
108952 412
109668 391
110388 369
111108 335
111820 295
112540 255
113256 216
113968 176
114688 135
115408 110
116120 88
116836 78
117556 76
118276 88
118988 103
119708 127
120424 167
121136 209
121856 255
122576 295
123288 335
124004 368
124724 391
125444 412
126156 415
126876 414
127592 399
128304 384
129024 344
129744 305
130456 255
131172 224
131892 184
132612 143
133324 113
134044 92
134760 79
135472 71
136192 83
136912 99
137624 127
138340 159
139060 199
139780 248
140492 287
141212 327
141928 359
142640 387
143360 408
144080 415
144792 415
145508 399
146228 384
146948 352
147660 316
148380 271
149096 231
149808 192
150528 152
151248 120
151960 96
152676 79
153396 71
154116 79
154828 97
155548 124
156264 158
156976 193
157696 238
158416 280
159128 319
159844 355
160564 384
161284 408
161996 415
162716 415
163432 408
164144 385
164864 355
165584 319
166296 284
167012 240
167732 195
168452 159
169164 126
169884 97
170600 79
171312 71
172032 79
172752 96
173464 120
174180 152
174900 192
175620 227
176332 271
177048 312
177768 352
178480 384
179200 399
179920 415
180632 415
181348 408
182068 391
182788 364
4 312
724 348
1444 384
2160 399
2872 414
3592 415
4312 412
5024 391
5740 368
6460 334
7172 291
7892 252
8608 207
9328 167
10040 127
10760 103
11480 88
12192 76
12908 78
13628 88
14340 112
15060 135
15776 176
16496 216
17208 255
17928 304
18648 337
19360 376
20076 398
20796 412
21508 415
22228 412
22944 398
23664 376
24376 339
25096 304
25816 255
26528 216
27244 176
27964 142
28676 112
29396 88
30112 78
30832 76
31544 88
32264 103
32984 127
33696 167
34412 207
35132 252
35844 287
36564 327
37280 368
38000 391
38712 412
39432 415
40152 415
40864 399
41580 384
42300 348
43012 312
43732 255
44448 224
45168 184
45880 145
46600 115
47320 96
48032 79
48748 71
49468 81
50180 99
50900 127
51616 159
52336 199
53048 241
53768 286
54488 319
55200 359
55916 387
56636 408
57348 415
58068 415
58784 408
59504 384
60216 352
60936 318
61656 280
62368 231
63084 192
63804 156
64516 124
65236 96
65952 79
66672 71
67384 79
68104 96
68824 120
69536 156
70252 192
70972 231
71684 280
72404 318
73120 352
73840 384
74552 403
75272 415
75992 415
76704 408
77420 387
78140 359
78852 319
79572 286
80288 241
81008 199
81720 159
82440 127
83160 99
83872 83
84588 71
85308 79
86020 92
86740 115
87456 147
88176 184
88888 225
89608 255
90328 312
91040 348
91756 384
92476 399
93188 414
93908 415
94624 412
95344 391
96056 368
96776 327
97492 287
98208 252
98924 207
99644 167
100356 127
101076 103
101792 88
102512 71
103224 78
103944 88
104660 112
105376 135
106092 176
106812 216
107524 255
108244 304
108960 339
109680 376
110392 398
111112 412
111828 415
112544 412
113260 398
113980 376
114692 335
115412 302
116128 255
116848 216
117560 176
118280 135
118996 112
119712 88
120428 78
121148 71
121860 88
122580 103
123296 127
124016 167
124728 207
125448 252
126164 291
126880 334
127596 368
128316 391
129028 412
129748 415
130464 414
131184 399
131896 384
132616 348
133332 312
134048 255
134764 224
135484 184
136196 145
136916 113
137632 92
138352 79
139064 71
139784 81
140500 99
141216 127
141932 159
142652 199
143364 241
144084 287
144800 319
145520 359
146232 385
146952 408
147668 415
148384 415
149100 403
149820 384
150532 352
151252 316
151968 275
152688 231
153400 192
154120 152
154836 120
155552 96
156268 79
156988 71
157700 79
158420 96
159136 124
159856 156
160568 192
161288 231
162004 280
162720 319
163436 353
164156 384
164868 408
165588 415
166304 415
167024 408
167736 385
168456 359
169172 319
169888 286
170604 240
171324 199
172036 159
172756 127
173472 99
174192 81
174904 71
175624 79
176340 96
177052 120
177772 147
178492 184
179204 225
179924 255
180640 312
181360 348
182072 384
182792 399
4 110
724 135
1436 176
2156 216
2872 255
3584 295
4304 335
5024 369
5736 396
6452 412
7172 415
7892 412
8604 398
9320 376
10040 344
10752 304
11472 255
12192 220
12904 177
13620 142
14340 112
15060 88
15772 78
16488 71
17208 88
17920 103
18640 127
19360 167
20072 207
20788 252
21508 287
22228 327
22940 368
23656 391
24376 408
25088 415
25808 415
26528 399
27240 384
27956 348
28676 312
29396 255
30108 225
30824 184
31544 147
32256 115
32976 96
33696 79
34408 71
35124 81
35844 99
36564 127
37276 159
37992 199
38712 240
39424 284
40144 319
40864 359
41576 387
42292 408
43012 415
43732 415
44444 408
45160 384
45880 353
46592 319
47312 280
48032 231
48744 192
49460 156
50180 124
50900 96
51612 79
52328 71
53048 79
53760 96
54480 120
55200 152
55912 192
56628 231
57348 280
58068 316
58780 352
59496 384
60216 403
60928 415
61648 415
62368 408
63080 387
63796 359
64516 319
65236 286
65948 243
66664 199
67384 159
68096 127
68816 99
69536 83
70248 71
70964 79
71684 92
72404 113
73116 143
73832 184
74552 224
75264 255
75984 312
76704 348
77416 384
78132 399
78852 414
79572 415
80284 408
81000 391
81720 368
82432 334
83152 291
83872 252
84584 207
85300 167
86020 127
86740 103
87452 88
88168 71
88888 78
89600 88
90320 112
91040 135
91752 176
92468 216
93188 255
93908 304
94620 335
95336 371
96056 398
96768 414
97488 415
98204 412
98920 398
99636 376
100356 339
101076 304
101788 255
102504 216
103224 176
103936 142
104656 112
105372 88
106088 78
106804 76
107524 88
108244 103
108956 127
109672 167
110392 207
111104 252
111824 287
112540 327
113256 368
113972 391
114692 412
115412 415
116124 415
116840 399
117560 384
118272 348
118992 312
119708 255
120424 225
121140 184
121860 147
122580 113
123292 92
124008 79
124728 71
125440 83
126160 99
126876 127
127592 159
128308 199
129028 241
129748 286
130460 319
131176 359
131896 387
132608 408
133328 415
134044 415
134760 408
135476 384
136196 352
136916 318
137628 280
138344 231
139064 192
139776 156
140496 120
141212 96
141928 79
142644 71
143364 79
144084 96
144796 120
145512 156
146232 192
146944 231
147664 280
148380 318
149096 352
149812 384
150532 403
151252 415
151964 415
152680 408
153400 387
154112 359
154832 319
155548 286
156264 241
156980 199
157700 159
158420 127
159132 99
159848 81
160568 71
161280 79
162000 94
162716 113
163432 143
164148 184
164868 224
165588 255
166300 312
167016 348
167736 384
168448 399
169168 415
169884 415
170600 408
171316 391
172036 368
172756 327
173468 287
174184 252
174904 207
175616 167
176336 127
177052 103
177768 88
178484 76
179204 78
179920 88
180636 112
181352 140
182072 176
182784 216
4 112
720 92
1440 79
2152 71
2872 83
3592 103
4304 127
5020 163
5740 199
6460 248
7172 287
7888 327
8608 359
9320 391
10040 408
10756 415
11472 415
12188 399
12908 384
13628 352
14340 313
15056 271
15776 231
16488 192
17208 152
17924 120
18640 96
19356 79
20076 71
20796 79
21508 97
22224 124
22944 158
23656 195
24376 240
25092 280
25808 319
26524 355
27244 384
27964 408
28676 415
29392 415
30112 408
30824 385
31544 355
32260 319
32976 280
33692 240
34412 195
35132 158
35844 126
36560 97
37280 79
37992 71
38712 79
39428 96
40144 120
40860 152
41580 192
42300 227
43012 271
43728 312
44448 352
45160 384
45880 399
46596 415
47312 415
48028 408
48748 391
49468 359
50180 327
50896 287
51616 248
52328 206
53048 163
53764 127
54480 103
55196 83
55916 71
56636 79
57348 92
58064 112
58784 143
59496 179
60216 224
60932 255
61648 304
62364 344
63084 384
63804 399
64516 414
65232 415
65952 412
66664 391
67384 368
68100 335
68816 295
69532 255
70252 216
70972 174
71684 135
72400 103
73120 88
73832 78
74552 76
75268 88
75984 103
76700 135
77420 174
78140 216
78852 255
79568 295
80288 335
81000 368
81720 391
82436 412
83152 415
83868 414
84588 399
85308 384
86020 344
86736 304
87456 255
88168 224
88888 184
89604 143
90320 112
91036 92
91756 79
92476 71
93188 83
93904 103
94624 127
95336 163
96056 206
96772 248
97484 287
98204 327
98924 364
99640 391
100356 408
101072 415
101792 415
102504 399
103224 384
103940 352
104652 313
105372 271
106092 227
106808 192
107524 152
108240 120
108960 96
109672 79
110392 71
111108 79
111820 97
112540 124
113260 159
113976 195
114692 240
115408 280
116128 319
116840 355
117560 385
118276 408
118988 415
119708 415
120428 408
121144 384
121860 355
122576 319
123296 280
124008 240
124728 195
125444 158
126156 124
126876 97
127596 79
128312 71
129028 79
129744 96
130464 120
131176 152
131896 192
132612 231
133324 271
134044 312
134764 352
135480 384
136196 399
136912 415
137632 415
138344 408
139064 387
139780 359
140492 327
141212 287
141932 248
142648 199
143364 163
144080 127
144800 103
145512 83
146232 71
146948 79
147660 92
148380 112
149100 143
149816 184
150532 224
151248 255
151968 305
152680 344
153400 384
154116 399
154828 414
155548 415
156268 412
156984 391
157700 368
158416 335
159136 295
159848 255
160568 211
161284 167
161996 135
162716 103
163436 88
164152 78
164868 78
165584 88
166304 103
167016 135
167736 176
168452 216
169164 255
169884 295
170604 335
171320 369
172036 391
172752 412
173472 415
174184 414
174904 399
175620 384
176332 344
177052 304
177772 255
178488 220
179204 179
179920 143
180640 112
181352 92
182072 79
182788 71
4 376
716 344
1432 304
2152 255
2864 220
3584 177
4300 143
5020 112
5732 92
6452 78
7168 71
7884 88
8600 103
9320 127
10032 167
10752 207
11468 248
12188 287
12900 327
13620 368
14336 391
15052 408
15768 415
16488 415
17200 399
17920 384
18636 352
19356 312
20068 271
20788 225
21504 188
22220 152
22936 120
23656 96
24368 79
25088 71
25804 79
26524 99
27236 126
27956 159
28672 199
29388 240
30104 284
30824 319
31536 359
32256 385
32972 408
33692 415
34404 415
35124 408
35840 384
36556 353
37272 319
37992 280
38704 231
39424 193
40140 156
40860 124
41572 96
42292 79
43008 71
43724 79
44440 96
45160 120
45872 152
46592 192
47308 231
48028 275
48740 316
49460 352
50176 384
50892 399
51608 415
52328 415
53040 408
53760 387
54476 359
55196 319
55908 287
56628 243
57344 199
58056 159
58776 127
59496 99
60208 83
60928 71
61644 79
62364 92
63076 113
63796 143
64512 184
65224 224
65944 255
66664 307
67376 344
68096 384
68812 399
69532 414
70244 415
70964 412
71680 391
72392 368
73112 334
73832 295
74544 254
75264 207
75980 167
76700 127
77412 103
78132 88
78848 76
79560 78
80280 88
81000 110
81712 135
82432 176
83148 216
83868 255
84580 295
85300 335
86016 369
86728 391
87448 412
88168 415
88880 414
89600 398
90316 376
91036 344
91748 304
92468 255
93184 220
93896 177
94616 142
95336 112
96048 92
96768 78
97484 71
98204 88
98916 103
99636 127
100352 167
101064 207
101784 252
102504 287
103216 327
103932 368
104652 391
105372 408
106084 415
106804 415
107520 399
108232 384
108952 348
109672 312
110384 255
111100 225
111820 188
112540 147
113252 120
113972 96
114688 79
115400 71
116120 81
116840 99
117552 127
118268 159
118988 199
119708 240
120420 284
121140 319
121856 359
122568 385
123288 408
124008 415
124720 415
125436 408
126156 384
126876 353
127588 319
128308 280
129024 231
129736 193
130456 156
131176 124
131888 96
132604 79
133324 71
134044 79
134756 96
135476 120
136192 152
136904 192
137624 231
138344 275
139056 316
139772 352
140492 384
141212 403
141924 415
142644 415
143360 408
144072 387
144792 359
145512 319
146224 287
146940 243
147660 199
148380 159
149092 127
149812 99
150528 83
151240 71
151960 79
152680 92
153392 113
154108 143
154828 184
155548 224
156260 255
156980 312
157696 348
158408 384
159128 399
159848 414
160560 415
161276 412
161996 391
162716 368
163428 334
164148 291
164864 252
165576 207
166296 167
167016 127
167728 103
168444 88
169164 76
169884 78
170596 88
171316 112
172032 135
172744 176
173464 216
174184 255
174896 304
175612 335
176332 371
177052 396
177764 412
178484 415
179200 414
179912 398
180632 376
181352 339
182064 304
182780 255
4 384
724 408
1436 415
2156 415
2872 408
3592 385
4304 359
5024 319
5740 284
6456 240
7172 195
7892 159
8604 126
9324 99
10040 79
10760 71
11472 79
12192 96
12908 120
13624 152
14340 192
15060 227
15772 271
16492 312
17208 352
17928 384
18640 399
19360 415
20076 415
20792 408
21508 391
22228 364
22940 327
23660 287
24376 248
25096 207
25808 167
26528 127
27244 103
27960 88
28676 71
29396 79
30108 92
30828 112
31544 143
32264 177
32976 220
33696 255
34412 304
35128 344
35844 376
36564 399
37276 414
37996 415
38712 412
39432 391
40144 369
40864 335
41580 295
42296 255
43012 216
43732 176
44444 135
45164 110
45880 88
46600 78
47312 76
48032 88
48748 103
49464 135
50180 167
50900 211
51612 255
52332 295
53048 335
53768 368
54480 391
55200 412
55916 415
56628 415
57348 399
58068 384
58780 344
59500 305
60216 255
60936 224
61648 184
62368 143
63084 112
63796 92
64516 79
65236 71
65948 83
66668 103
67384 127
68104 163
68816 199
69536 248
70252 287
70964 327
71684 359
72404 391
73116 408
73836 415
74552 415
75272 399
75984 384
76704 352
77420 316
78132 271
78852 231
79572 192
80284 152
81004 120
81720 96
82440 79
83152 71
83872 79
84588 97
85300 124
86020 158
86740 195
87452 240
88172 280
88888 319
89608 355
90320 384
91040 408
91756 415
92468 415
93188 408
93908 385
94620 355
95340 319
96056 284
96776 240
97488 195
98208 159
98924 126
99636 99
100356 79
101076 71
101788 79
102504 96
103224 120
103944 152
104656 192
105376 227
106092 271
106804 312
107524 352
108244 384
108956 399
109672 415
110392 415
111112 408
111824 391
112544 364
113260 327
113972 287
114692 248
115412 206
116124 163
116840 127
117560 103
118280 88
118992 71
119712 79
120428 92
121140 112
121860 143
122580 179
123292 220
124008 255
124728 304
125448 344
126160 376
126880 399
127596 414
128308 415
129028 412
129748 391
130460 369
131176 335
131896 295
132616 255
133328 216
134048 176
134764 135
135476 108
136196 88
136916 76
137628 76
138344 88
139064 103
139784 135
140496 167
141216 211
141932 255
142644 295
143364 335
144084 368
144796 391
145512 412
146232 415
146952 414
147664 399
148384 384
149100 344
149812 305
150532 255
151252 224
151964 184
152680 143
153400 112
154120 92
154832 79
155552 71
156268 83
156980 103
157700 127
158420 163
159132 199
159848 248
160568 287
161288 327
162000 359
162720 391
163436 408
164148 415
164868 415
165588 399
166300 384
167016 352
167736 316
168456 271
169168 227
169888 192
170604 152
171316 120
172036 96
172756 79
173468 71
174184 79
174904 97
175624 124
176336 158
177056 195
177772 240
178484 280
179204 319
179924 355
180636 384
181352 408
182072 415
182792 415
