4 271
724 391
1444 399
2160 286
2872 135
3592 71
4312 147
5024 295
5744 408
6460 387
7172 255
7892 120
8612 79
9328 174
10040 319
10760 415
11480 376
12192 231
12912 103
13628 88
14340 195
15060 345
15780 415
16496 352
17208 207
17928 92
18648 97
19360 224
20080 368
20796 415
21508 327
22228 184
22948 79
23664 113
24376 252
25096 384
25816 412
26528 305
27248 156
27964 71
28676 127
29396 280
30116 399
30832 399
31544 280
32264 127
32984 71
33696 152
34412 304
35132 409
35844 385
36564 255
37284 115
38000 79
38712 176
39432 327
40152 415
40864 368
41580 225
42300 97
43012 88
43732 199
44452 352
45168 415
45880 352
46600 199
47320 88
48032 99
48748 227
49468 369
50180 415
50900 319
51620 176
52336 79
53048 120
53768 255
54488 387
55200 408
55916 304
56636 152
57348 71
58068 135
58788 284
59504 399
60216 398
60936 271
61656 127
62368 76
63084 159
63804 312
64516 412
65236 384
65956 248
66672 112
67384 79
68104 184
68824 335
69536 415
70252 368
70972 224
71684 96
72404 92
73124 207
73840 355
74552 415
75272 344
75992 193
76704 88
77420 103
78140 231
78852 384
79572 415
80292 319
81008 167
81720 79
82440 120
83160 255
83872 391
84588 408
85308 295
86020 145
86740 71
87460 142
88176 287
88888 403
89608 391
90328 255
91040 126
91756 78
92476 159
93188 312
93908 412
94628 384
95344 240
96056 110
96776 83
97496 192
98208 335
98924 415
99644 359
100356 216
101076 96
101796 96
102512 216
103224 359
103944 415
104664 335
105376 192
106092 83
106812 103
107524 240
108244 384
108964 414
109680 316
110392 163
111112 79
111832 126
112544 255
113260 391
113980 403
114692 287
115412 142
116132 71
116848 143
117560 291
118280 408
119000 391
119712 255
120428 124
121148 79
121860 167
122580 319
123296 414
124016 384
124728 238
125448 103
126168 88
126880 192
127596 344
128316 415
129028 355
129748 207
130464 92
131184 96
131896 220
132616 364
133336 415
134048 335
134764 184
135484 79
136196 112
136916 248
137632 384
138352 412
139064 312
139784 159
140504 78
141216 127
141932 271
142652 398
143364 399
144084 286
144800 135
145520 71
146232 152
146952 295
147672 408
148384 387
149100 255
149820 120
150532 79
151252 176
151968 319
152688 415
153400 376
154120 227
154840 99
155552 88
156268 199
156988 352
157700 415
158420 352
159136 199
159856 88
160568 97
161288 224
162008 368
162720 415
163436 327
164156 177
164868 79
165588 113
166304 252
167024 385
167736 409
168456 304
169176 156
169888 71
170604 127
171324 280
172036 399
172756 399
173472 280
174192 127
174904 71
175624 156
176344 304
177056 408
177772 385
178492 252
179204 113
179924 79
180640 177
181360 327
182072 415
182792 368
4 152
724 71
1436 135
2156 284
2872 399
3584 399
4304 275
5024 127
5736 76
6452 158
7172 312
7892 412
8604 384
9324 248
10040 112
10752 79
11472 184
12192 334
12904 415
13620 368
14340 224
15060 96
15772 92
16492 207
17208 353
17920 415
18640 344
19360 193
20072 88
20788 103
21508 231
22228 384
22940 415
23660 319
24376 167
25088 79
25808 120
26528 255
27240 391
27956 408
28676 295
29396 143
30108 71
30828 142
31544 287
32256 403
32976 391
33696 271
34408 127
35124 78
35844 159
36564 316
37276 412
37992 384
38712 241
39424 110
40144 81
40864 192
41576 335
42292 415
43012 359
43732 216
44444 96
45160 94
45880 216
46592 359
47312 415
48032 339
48744 192
49460 83
50180 103
50900 240
51612 384
52328 414
53048 316
53760 167
54480 78
55200 126
55912 255
56628 391
57348 408
58068 287
58780 143
59496 71
60216 143
60928 287
61648 408
62368 391
63080 255
63796 124
64516 79
65236 167
65948 318
66664 414
67384 384
68096 240
68816 103
69536 88
70248 192
70964 344
71684 415
72404 355
73116 207
73832 92
74552 96
75264 220
75984 359
76704 415
77416 335
78132 184
78852 79
79572 112
80284 248
81000 384
81720 412
82432 312
83152 159
83872 78
84584 127
85300 271
86020 391
86740 399
87452 287
88168 135
88888 71
89600 152
90320 295
91040 408
91752 387
92468 255
93188 120
93908 79
94620 174
95336 319
96056 415
96768 376
97488 231
98208 103
98920 88
99636 195
100356 348
101076 415
101788 352
102504 206
103224 92
103936 97
104656 224
105376 368
106088 415
106804 327
107524 179
108244 79
108956 112
109672 252
110392 384
111104 412
111824 305
112544 156
113256 76
113972 127
114692 280
115412 398
116124 398
116840 281
117560 127
118272 71
118992 152
119708 304
120424 408
121140 385
121860 254
122580 113
123292 79
124008 176
124728 327
125440 415
126160 368
126876 225
127592 99
128308 88
129028 199
129748 352
130460 415
131176 352
131896 199
132608 88
133328 99
134044 227
134760 369
135476 415
136196 319
136916 176
137628 79
138344 120
139064 255
139776 385
140496 408
141212 304
141928 152
142644 71
143364 135
144084 284
144796 399
145512 398
146232 271
146944 127
147664 76
148380 159
149096 307
149812 412
150532 384
151252 248
151964 112
152680 79
153400 184
154112 332
154832 415
155548 368
156264 224
156980 96
157700 92
158420 207
159132 353
159848 415
160568 344
161280 193
162000 88
162716 103
163432 231
164148 384
164868 415
165588 319
166300 167
167016 79
167736 120
168448 255
169168 391
169884 408
170600 295
171316 147
172036 71
172756 142
173468 287
174184 403
174904 391
175616 271
176336 126
177052 78
177768 159
178484 312
179204 412
179924 384
180636 243
181352 108
182072 81
182784 192
4 348
724 415
1444 352
2156 207
2872 92
3592 96
4304 224
5024 368
5740 415
6460 327
7172 184
7892 79
8612 112
9324 252
10040 384
10760 412
11472 307
12192 158
12908 76
13628 127
14340 280
15060 399
15780 399
16492 284
17208 127
17928 71
18640 152
19360 304
20076 408
20796 385
21508 255
22228 115
22948 79
23660 176
24376 327
25096 415
25808 369
26528 227
27244 99
27964 88
28676 199
29396 352
30116 415
30828 352
31544 199
32264 88
32976 99
33696 227
34412 369
35132 415
35844 327
36564 176
37280 79
37996 120
38712 255
39432 387
40144 408
40864 304
41580 152
42300 71
43012 127
43732 284
44448 399
45164 399
45880 280
46600 127
47312 76
48032 158
48748 312
49468 412
50180 384
50900 248
51616 112
52332 79
53048 184
53768 334
54480 415
55200 368
55916 224
56636 96
57348 92
58068 207
58784 353
59500 415
60216 344
60936 195
61648 88
62368 103
63084 231
63804 376
64516 414
65236 319
65952 167
66668 79
67384 120
68104 255
68816 387
69536 408
70252 295
70972 147
71684 71
72404 135
73120 287
73836 399
74552 391
75272 271
75984 127
76704 78
77420 159
78140 312
78852 412
79572 384
80288 241
81004 112
81720 83
82440 188
83152 335
83872 415
84588 359
85308 216
86020 96
86740 94
87456 216
88172 355
88888 415
89608 344
90320 192
91040 83
91756 103
92476 240
93188 384
93908 414
94624 318
95340 167
96056 78
96776 124
97488 255
98208 391
98924 408
99644 287
100356 143
101076 71
101792 143
102508 287
103224 408
103944 391
104656 255
105376 124
106092 78
106812 167
107524 318
108244 414
108960 384
109676 240
110392 103
111112 88
111824 192
112544 344
113260 415
113980 355
114692 211
115412 94
116128 96
116844 216
117560 359
118280 415
118992 335
119712 188
120428 81
121148 112
121860 243
122580 384
123296 412
124008 312
124728 159
125448 78
126160 127
126880 271
127596 391
128316 399
129028 287
129748 135
130464 71
131176 147
131896 295
132616 408
133328 391
134048 255
134764 120
135484 79
136196 167
136916 319
137632 415
138344 384
139064 231
139784 103
140496 88
141216 195
141932 345
142652 415
143364 353
144084 207
144800 92
145512 96
146232 224
146952 368
147664 415
148384 332
149100 184
149820 79
150532 112
151252 252
151968 384
152680 412
153400 307
154120 158
154832 78
155552 127
156268 280
156988 399
157700 399
158420 284
159136 127
159848 71
160568 152
161288 304
162000 408
162716 387
163436 255
164156 115
164868 79
165588 176
166304 327
167016 415
167736 369
168456 227
169168 99
169884 88
170604 199
171324 352
172036 415
172756 352
173472 199
174184 88
174904 99
175624 227
176336 368
177052 415
177772 327
178492 176
179204 79
179924 115
180640 255
181352 385
182072 408
182792 304
4 387
716 255
1436 120
2156 79
2868 172
3584 319
4304 415
5024 376
5736 231
6452 99
7172 88
7884 195
8604 348
9324 415
10036 352
10752 206
11472 88
12192 97
12904 224
13620 368
14340 415
15052 327
15772 179
16492 79
17204 112
17920 252
18640 384
19360 408
20072 305
20788 156
21508 71
22220 127
22940 280
23660 399
24372 399
25088 280
25808 127
26528 71
27240 156
27956 304
28676 408
29388 384
30108 254
30828 113
31540 79
32256 176
32976 327
33696 415
34408 368
35124 224
35844 97
36556 88
37276 199
37996 352
38708 415
39424 352
40144 199
40864 88
41576 99
42292 227
43012 369
43724 415
44444 319
45164 176
45876 79
46592 120
47312 255
48032 387
48744 408
49460 302
50180 152
50892 71
51612 135
52332 284
53044 399
53760 398
54480 271
55200 127
55912 78
56628 159
57348 312
58060 412
58780 384
59500 248
60212 112
60928 79
61648 184
62368 334
63080 415
63796 368
64516 224
65228 96
65948 92
66668 207
67380 353
68096 415
68816 344
69536 193
70248 88
70964 103
71684 231
72396 376
73116 414
73836 319
74548 167
75264 79
75984 120
76704 255
77416 391
78132 408
78852 295
79564 147
80284 71
81000 142
81716 287
82432 399
83152 391
83872 255
84584 127
85300 78
86020 159
86732 312
87452 412
88168 384
88884 241
89600 108
90320 81
91040 192
91752 335
92468 415
93188 359
93900 216
94620 96
95336 96
96052 211
96768 359
97488 415
98208 339
98920 192
99636 83
100356 103
101068 240
101788 384
102504 412
103220 318
103936 167
104656 79
105376 124
106088 255
106804 391
107524 408
108236 287
108956 143
109672 71
110388 143
111104 287
111824 408
112544 391
113256 255
113972 124
114692 79
115404 167
116124 318
116840 414
117556 384
118272 240
118992 103
119712 88
120424 192
121140 344
121860 415
122572 359
123292 209
124008 92
124724 96
125440 216
126160 359
126880 415
127592 335
128308 188
129028 79
129740 110
130460 248
131176 384
131892 412
132608 312
133328 159
134048 78
134760 127
135476 271
136196 391
136908 399
137628 287
138344 135
139060 71
139776 147
140496 295
141216 408
141928 387
142644 255
143364 120
144076 79
144796 167
145512 319
146228 414
146944 376
147664 231
148384 103
149096 88
149812 195
150532 348
151244 415
151964 353
152680 207
153396 92
154112 96
154832 224
155552 368
156264 415
156980 327
157700 184
158412 79
159132 112
159848 252
160564 384
161280 412
162000 305
162720 156
163432 71
164148 127
164868 280
165580 398
166300 399
167016 281
167728 135
168448 71
169168 152
169884 304
170600 408
171316 387
172036 255
172748 120
173468 79
174184 176
174896 319
175616 415
176336 369
177052 225
177768 99
178484 88
179204 199
179916 352
180636 415
181352 352
182064 199
182784 88
4 391
724 255
1436 124
2152 79
2872 167
3592 319
4304 414
5020 384
5740 240
6452 103
7172 83
7892 192
8604 335
9320 415
10040 355
10760 207
11472 94
12188 96
12908 220
13620 359
14340 415
15060 335
15772 188
16488 81
17208 112
17928 248
18640 384
19356 412
20076 312
20788 159
21508 78
22228 127
22940 255
23656 398
24376 399
25096 287
25808 135
26524 71
27244 147
27956 295
28676 408
29396 391
30108 255
30824 120
31544 79
32264 167
32976 319
33692 415
34412 376
35124 231
35844 103
36564 88
37276 195
37992 344
38712 415
39432 352
40144 207
40860 92
41580 96
42292 224
43012 368
43732 415
44444 334
45160 184
45880 79
46600 112
47312 248
48028 384
48748 412
49460 307
50180 159
50900 71
51612 127
52328 275
53048 398
53768 399
54480 284
55196 135
55916 71
56628 152
57348 304
58068 408
58780 385
59496 255
60216 115
60936 79
61648 176
62364 319
63084 415
63796 369
64516 227
65236 99
65948 88
66664 199
67384 352
68104 415
68816 352
69532 199
70252 88
70964 97
71684 225
72404 369
73116 415
73832 327
74552 176
75272 79
75984 113
76700 255
77420 385
78132 409
78852 304
79572 152
80284 71
81000 127
81720 280
82440 399
83152 399
83868 280
84588 127
85300 71
86020 156
86736 305
87452 409
88168 384
88888 252
89608 112
90320 79
91036 179
91756 327
92468 415
93188 368
93904 224
94620 97
95336 89
96056 206
96776 352
97488 415
98204 348
98924 195
99636 88
100356 103
101072 231
101788 376
102504 415
103224 319
103944 174
104656 79
105372 120
106092 255
106804 387
107524 408
108240 295
108956 152
109672 71
110392 135
111112 287
111824 399
112540 396
113260 271
113972 127
114692 78
115408 159
116124 312
116840 412
117560 384
118280 248
118992 112
119708 79
120428 184
121140 335
121860 415
122576 364
123292 220
124008 96
124728 92
125448 207
126160 355
126876 415
127596 344
128308 192
129028 88
129744 103
130460 236
131176 384
131896 414
132616 319
133328 167
134044 79
134764 124
135476 255
136196 391
136912 408
137628 295
138344 143
139064 71
139784 143
140496 287
141212 403
141932 391
142644 255
143364 126
144080 78
144796 163
145512 316
146232 412
146952 384
147664 240
148380 103
149100 83
149812 192
150532 335
151248 415
151964 359
152680 216
153400 96
154120 96
154832 216
155548 359
156268 415
156980 335
157700 192
158416 81
159132 103
159848 241
160568 384
161288 412
162000 316
162716 159
163436 78
164148 126
164868 255
165584 391
166296 403
167016 287
167736 142
168452 71
169168 143
169884 295
170604 408
171316 391
172036 255
172752 120
173464 79
174184 167
174904 319
175620 414
176336 384
177052 231
177772 103
178484 88
179204 192
179920 344
180632 415
181352 355
182072 207
182788 92
4 78
724 124
1440 255
2160 391
2872 408
3592 287
4312 143
5024 71
5740 143
6460 287
7172 408
7892 391
8608 255
9328 124
10040 79
10760 167
11480 319
12192 414
12908 384
13628 240
14340 103
15060 88
15776 192
16496 344
17208 415
17928 359
18648 207
19360 94
20076 96
20796 216
21508 359
22228 415
22944 335
23664 184
24376 81
25096 110
25816 248
26528 384
27244 412
27964 312
28676 159
29396 78
30112 127
30832 271
31544 391
32264 399
32984 287
33696 135
34412 71
35132 147
35844 295
36564 408
37280 387
38000 255
38712 120
39432 79
40152 167
40864 319
41580 415
42300 376
43012 231
43732 103
44448 88
45168 195
45880 344
46600 415
47320 353
48032 207
48748 92
49468 97
50180 224
50900 368
51616 415
52336 327
53048 184
53768 79
54488 112
55200 248
55916 384
56636 412
57348 312
58068 159
58784 76
59504 127
60216 273
60936 398
61656 399
62368 284
63084 135
63804 71
64516 152
65236 304
65952 408
66672 387
67384 255
68104 120
68824 79
69536 176
70252 319
70972 415
71684 369
72404 227
73120 99
73840 88
74552 199
75272 352
75992 415
76704 352
77420 199
78140 88
78852 99
79572 225
80288 368
81008 415
81720 327
82440 176
83156 79
83872 113
84588 254
85308 385
86020 408
86740 304
87456 153
88176 71
88888 127
89608 280
90324 399
91040 399
91756 280
92476 127
93188 71
93908 156
94624 305
95344 412
96056 384
96776 252
97492 112
98208 79
98924 179
99644 327
100356 415
101076 368
101792 224
102512 97
103224 88
103944 206
104660 352
105376 415
106092 348
106812 195
107524 88
108244 103
108960 231
109680 376
110392 415
111112 319
111828 174
112544 79
113260 120
113980 255
114692 387
115412 408
116128 295
116848 152
117560 71
118280 135
118996 286
119712 399
120428 396
121148 271
121860 127
122580 78
123296 159
124016 312
124728 412
125448 384
126164 248
126880 112
127596 79
128316 184
129028 335
129748 415
130464 364
131184 220
131896 96
132616 92
133332 207
134048 355
134764 415
135484 344
136196 193
136916 88
137632 103
138352 238
139064 384
139784 414
140500 319
141216 167
141932 79
142652 121
143364 255
144084 391
144800 408
145520 291
146232 143
146952 71
147668 143
148384 287
149100 403
149820 391
150532 255
151252 126
151968 78
152688 163
153400 316
154120 412
154836 384
155552 241
156268 108
156988 83
157700 192
158420 335
159136 415
159856 359
160568 216
161288 96
162004 96
162720 216
163436 359
164156 415
164868 339
165588 192
166304 83
167024 103
167736 240
168456 384
169172 414
169884 316
170604 163
171324 78
172036 124
172756 255
173472 391
174192 403
174904 287
175624 143
176340 71
177052 143
177772 291
178492 408
179204 391
179924 255
180640 120
181360 79
182072 167
182792 319
4 344
720 415
1432 355
2152 207
2872 92
3584 96
4300 224
5020 368
5732 415
6452 334
7172 184
7888 79
8600 112
9320 248
10040 384
10752 412
11468 312
12188 159
12900 76
13620 127
14340 275
15056 398
15768 399
16488 284
17208 135
17920 71
18636 152
19356 304
20068 408
20788 387
21508 255
22224 120
22936 79
23656 176
24376 319
25088 415
25804 376
26524 227
27236 99
27956 88
28676 199
29392 352
30104 415
30824 352
31544 199
32256 88
32972 97
33692 225
34404 368
35124 415
35844 327
36560 177
37272 79
37992 113
38712 254
39424 384
40140 408
40860 304
41572 156
42292 71
43008 127
43728 280
44440 399
45160 399
45880 280
46592 127
47308 71
48028 156
48740 304
49460 408
50176 384
50896 252
51608 113
52328 79
53048 177
53760 327
54476 415
55196 368
55908 224
56628 99
57344 89
58064 206
58776 352
59496 415
60216 348
60928 199
61644 88
62364 103
63076 227
63796 371
64512 415
65232 319
65944 176
66664 79
67384 120
68096 255
68812 387
69532 408
70244 304
70964 152
71680 71
72400 135
73112 284
73832 399
74552 398
75264 271
75980 127
76700 76
77412 159
78132 312
78848 412
79568 384
80280 248
81000 112
81720 79
82432 184
83148 334
83868 415
84580 368
85300 224
86016 96
86736 92
87448 207
88168 355
88888 415
89600 344
90316 193
91036 88
91748 103
92468 231
93184 384
93904 414
94616 319
95336 167
96056 79
96768 120
97484 255
98204 391
98916 408
99636 295
100352 143
101072 71
101784 142
102504 287
103224 399
103936 391
104652 255
105372 127
106084 78
106804 159
107520 316
108240 414
108952 384
109672 241
110392 103
111104 81
111820 192
112540 335
113252 415
113972 359
114688 216
115408 96
116120 96
116840 216
117560 359
118272 415
118988 339
119708 192
120420 83
121140 103
121856 240
122576 384
123288 414
124008 318
124728 163
125440 79
126156 124
126876 255
127588 391
128308 403
129024 287
129744 142
130456 71
131176 143
131892 291
132608 408
133324 391
134044 255
134756 124
135476 79
136192 167
136912 319
137624 414
138344 384
139060 240
139776 103
140492 88
141212 192
141924 344
142644 415
143360 355
144080 207
144792 94
145512 96
146228 220
146944 359
147660 415
148380 335
149092 184
149812 81
150528 112
151248 248
151960 384
152680 412
153396 312
154112 159
154828 76
155548 127
156260 271
156980 396
157696 399
158416 286
159128 135
159848 71
160564 152
161280 295
161996 408
162716 387
163428 255
164148 120
164864 79
165584 172
166296 319
167016 415
167732 376
168448 231
169164 103
169884 88
170596 195
171316 344
172032 415
172752 352
173464 207
174184 92
174900 97
175616 224
176332 368
177052 415
177764 327
178484 184
179200 79
179920 112
180632 248
181352 384
182068 412
182784 307
4 295
724 152
1444 71
2156 135
2872 286
3592 399
4304 398
5024 271
5740 127
6460 78
7172 159
7892 312
8612 412
9324 384
10040 248
10760 112
11472 79
12192 184
12908 335
13628 415
14340 368
15060 220
15780 96
16492 92
17208 207
17928 355
18640 415
19360 344
20076 192
20796 88
21508 103
22228 231
22948 384
23660 414
24376 319
25096 167
25808 79
26528 120
27244 255
27964 391
28676 408
29396 295
30116 143
30828 71
31544 142
32264 287
32976 403
33696 391
34412 255
35132 126
35844 78
36564 163
37284 316
37996 412
38712 384
39432 240
40144 108
40864 83
41580 192
42300 335
43012 415
43732 359
44452 216
45164 96
45880 96
46600 216
47312 359
48032 415
48748 335
49468 192
50180 83
50900 103
51620 240
52332 384
53048 414
53768 316
54480 163
55200 78
55916 126
56636 255
57348 391
58068 408
58788 287
59500 143
60216 71
60936 143
61648 291
62368 408
63084 391
63804 255
64516 124
65236 79
65956 167
66668 319
67384 414
68104 384
68816 240
69536 103
70252 88
70972 192
71684 344
72404 415
73124 355
73836 207
74552 92
75272 96
75984 220
76704 359
77420 415
78140 335
78852 184
79572 79
80292 112
81004 248
81720 384
82440 412
83152 312
83872 159
84588 78
85308 127
86020 271
86740 396
87456 399
88172 287
88888 135
89608 71
90320 152
91040 295
91756 408
92476 387
93188 255
93908 120
94624 79
95340 167
96056 319
96776 415
97488 376
98208 231
98924 103
99644 88
100356 195
101076 348
101792 415
102508 353
103224 207
103944 92
104656 96
105376 224
106092 368
106812 415
107524 327
108244 184
108960 79
109676 112
110392 252
111112 384
111824 412
112544 305
113260 158
113980 71
114692 127
115412 280
116128 399
116844 399
117560 281
118280 127
118992 71
119712 152
120428 304
121148 408
121860 385
122580 255
123296 113
124012 79
124728 176
125448 327
126160 415
126880 369
127596 225
128316 99
129028 88
129748 199
130464 352
131180 415
131896 352
132616 199
133328 88
134048 99
134764 227
135484 369
136196 415
136916 319
137632 176
138348 79
139064 115
139784 255
140496 385
141216 408
141932 304
142652 152
143364 71
144084 135
144800 284
145516 399
146232 399
146952 280
147664 127
148384 71
149100 158
149820 307
150532 412
151252 384
151968 248
152684 112
153400 79
154120 184
154832 327
155552 415
156268 368
156988 224
157700 97
158420 92
159136 207
159852 352
160568 415
161288 348
162000 195
162720 88
163436 103
164156 231
164868 376
165588 415
166304 319
167020 172
167736 79
168456 120
169168 255
169888 387
170604 408
171324 295
172036 152
172756 71
173472 135
174184 286
174904 399
175624 391
176336 271
177056 127
177772 78
178492 159
179204 312
179924 412
180640 384
181352 248
182072 112
182792 79
4 88
716 199
1436 348
2152 415
2864 352
3584 206
4304 88
5020 97
5732 224
6452 368
7172 415
7884 327
8604 177
9320 79
10032 112
10752 252
11472 384
12188 412
12900 305
13620 156
14340 71
15052 127
15772 280
16488 399
17200 399
17920 280
18640 127
19356 71
20068 156
20788 304
21508 408
22220 385
22940 254
23656 113
24368 79
25088 177
25808 327
26524 415
27236 368
27956 225
28676 97
29388 88
30108 199
30824 352
31536 415
32256 352
32976 199
33692 88
34404 99
35124 227
35844 371
36556 415
37276 319
37992 176
38704 79
39424 120
40144 255
40860 387
41572 408
42292 304
43012 152
43724 71
44440 135
45160 284
45872 399
46592 398
47312 271
48028 127
48740 76
49460 159
50180 312
50892 412
51608 384
52328 248
53040 112
53760 79
54480 184
55196 335
55908 415
56628 368
57348 224
58060 96
58776 92
59496 207
60208 352
60928 415
61648 344
62364 193
63076 88
63796 103
64516 231
65228 384
65944 414
66664 319
67376 167
68096 79
68816 120
69532 255
70244 391
70964 408
71684 295
72396 147
73112 71
73832 140
74544 287
75264 399
75984 391
76700 255
77412 127
78132 71
78852 159
79564 312
80280 412
81000 384
81712 243
82432 110
83152 81
83868 192
84580 335
85300 415
86020 359
86732 216
87448 96
88168 96
88880 211
89600 359
90320 415
91036 344
91748 192
92468 83
93188 103
93900 240
94616 384
95336 414
96048 319
96768 163
97488 78
98204 124
98916 255
99636 391
100356 408
101068 287
101784 143
102504 71
103216 143
103936 287
104656 408
105372 391
106084 255
106804 124
107524 78
108236 167
108952 318
109672 412
110384 384
111104 240
111824 103
112540 88
113252 192
113972 344
114692 415
115404 359
116120 209
116840 94
117552 96
118272 216
118992 359
119708 415
120420 335
121140 184
121860 81
122572 110
123288 243
124008 384
124720 412
125440 312
126160 159
126876 78
127588 127
128308 271
129028 391
129740 399
130456 287
131176 135
131888 71
132608 147
133324 295
134044 408
134756 391
135476 255
136196 120
136908 79
137624 167
138344 319
139056 414
139776 384
140492 231
141212 103
141924 88
142644 195
143364 344
144076 415
144792 352
145512 207
146224 92
146944 96
147660 224
148380 368
149092 415
149812 334
150532 184
151244 79
151960 112
152680 248
153392 384
154112 412
154828 312
155548 158
156260 76
156980 127
157700 275
158412 398
159128 399
159848 284
160560 135
161280 71
161996 152
162716 304
163428 408
164148 387
164868 255
165580 120
166296 79
167016 176
167728 319
168448 415
169164 369
169884 227
170596 99
171316 88
172036 199
172748 352
173464 415
174184 352
174896 199
175616 88
176332 99
177052 225
177764 368
178484 415
179204 327
179916 177
180632 79
181352 113
182064 254
182784 385
4 71
724 143
1436 287
2152 403
2872 391
3584 255
4304 124
5024 78
5740 163
6452 316
7172 412
7892 384
8604 240
9320 103
10040 83
10752 192
11472 335
12192 415
12908 359
13620 216
14340 96
15060 96
15772 216
16488 359
17208 415
17920 335
18640 192
19360 81
20076 110
20788 240
21508 384
22228 412
22940 316
23656 163
24376 78
25088 127
25808 255
26528 391
27244 399
27956 287
28676 142
29396 71
30108 143
30824 295
31544 408
32256 391
32976 255
33696 120
34412 79
35124 167
35844 319
36564 415
37276 384
37992 231
38712 103
39424 88
40144 193
40864 344
41580 415
42292 355
43012 207
43732 92
44444 96
45160 220
45880 366
46592 415
47312 334
48028 184
48748 79
49460 112
50180 248
50900 384
51612 412
52328 312
53048 159
53760 78
54480 127
55196 271
55916 398
56628 399
57348 284
58068 135
58780 71
59496 152
60216 300
60928 408
61648 387
62364 255
63084 120
63796 79
64516 174
65236 319
65948 414
66664 376
67384 231
68096 99
68816 88
69532 199
70252 348
70964 415
71684 352
72404 199
73116 92
73832 97
74552 224
75264 368
75984 415
76700 327
77420 177
78132 79
78852 113
79572 254
80284 384
81000 412
81720 304
82432 156
83152 71
83868 127
84588 280
85300 399
86020 399
86740 280
87452 127
88168 71
88888 156
89600 304
90316 408
91036 385
91752 254
92464 115
93184 79
93904 176
94616 319
95332 415
96052 368
96764 225
97484 99
98200 88
98920 199
99632 352
100352 415
101072 352
101784 199
102500 88
103220 99
103932 227
104652 369
105368 415
106088 319
106800 176
107520 79
108240 120
108952 255
109668 385
110388 408
111100 304
111820 152
112536 71
113256 135
113968 284
114688 399
115408 398
116120 280
116836 127
117556 76
118268 158
118988 312
119704 412
120424 384
121136 252
121856 112
122576 79
123288 184
124004 327
124724 415
125436 368
126156 224
126872 96
127592 92
128304 207
129024 352
129744 415
130456 348
131172 195
131892 88
132604 103
133324 231
134040 384
134760 414
135472 319
136192 167
136912 79
137624 120
138340 255
139060 391
139772 408
140492 295
141208 147
141928 71
142640 135
143360 287
144080 399
144792 391
145508 271
146228 127
146940 78
147660 159
148376 312
149096 412
149808 384
150528 241
151248 112
151960 79
152676 188
153396 335
154108 415
154828 359
155544 216
156264 96
156976 92
157696 207
158416 355
159128 415
159844 344
160564 192
161276 88
161996 103
162712 240
163432 384
164144 412
164864 319
165584 167
166296 79
167012 124
167732 255
168444 391
169164 408
169880 287
170600 143
171312 71
172032 143
172748 287
173464 403
174180 391
174900 255
175612 124
176332 78
177048 163
177768 319
178480 414
179200 384
179916 240
180632 103
181348 83
182068 192
182780 339
