4 48
724 142
1436 231
2156 252
2872 184
3592 79
4304 24
5024 62
5740 159
6456 241
7172 243
7892 159
8604 63
9324 24
10040 79
10760 184
11472 252
12192 231
12908 135
13624 48
14340 28
15060 96
15772 199
16492 255
17208 220
17928 120
18640 35
19360 35
20076 120
20792 216
21508 255
22228 199
22940 99
23660 30
24376 48
25096 135
25808 231
26528 252
27244 184
27960 79
28676 24
29396 60
30108 159
30828 241
31544 248
32264 159
32976 63
33696 24
34412 78
35128 176
35844 252
36564 231
37276 143
37996 48
38712 28
39432 96
40144 195
40864 255
41580 224
42296 124
43012 35
43732 31
44444 113
45164 216
45880 255
46600 199
47312 99
48032 31
48748 44
49460 127
50180 227
50900 252
51612 188
52332 81
53048 24
53768 60
54480 156
55200 240
55916 248
56628 167
57348 63
58068 24
58780 71
59500 176
60216 252
60936 231
61648 143
62368 49
63084 28
63796 92
64516 193
65236 254
65948 224
66668 126
67384 39
68104 31
68816 112
69536 216
70252 255
70964 207
71684 103
72404 31
73116 39
73836 127
74552 227
75272 254
75984 192
76704 88
77420 24
78132 56
78852 152
79572 240
80284 248
81004 167
81720 63
82440 24
83152 71
83872 176
84588 248
85300 240
86020 152
86740 56
87452 28
88168 92
88888 192
89608 255
90320 224
91040 127
91756 39
92468 31
93188 112
93908 207
94620 255
95336 207
96056 103
96776 31
97488 39
98208 127
98924 225
99636 255
100356 192
101076 88
101788 24
102504 56
103224 152
103944 240
104656 248
105376 167
106092 67
106804 24
107524 67
108244 167
108956 248
109672 240
110392 152
111112 56
111824 28
112544 88
113260 192
113972 254
114692 225
115412 127
116124 39
116840 31
117560 103
118280 207
118992 255
119712 207
120428 110
121140 31
121860 39
122580 127
123292 224
124008 255
124728 192
125448 88
126160 25
126880 56
127596 152
128308 238
129028 248
129748 176
130460 71
131176 24
131896 63
132616 167
133328 248
134048 240
134764 156
135476 56
136196 24
136916 88
137628 192
138344 254
139064 227
139784 127
140496 39
141216 31
141932 103
142644 207
143364 255
144084 216
144796 112
145512 31
146232 39
146952 126
147664 224
148384 255
149100 193
149812 96
150532 28
151252 49
151964 143
152680 231
153400 248
154120 176
154832 71
155552 24
156268 63
156980 167
157700 248
158420 240
159132 158
159848 60
160568 24
161288 83
162000 185
162720 252
163436 227
164148 135
164868 44
165588 30
166300 99
167016 206
167736 255
168456 216
169168 113
169888 31
170604 39
171316 124
172036 224
172756 255
173468 195
174184 96
174904 28
175624 48
176336 143
177052 231
177772 252
178484 177
179204 78
179924 24
180636 63
181352 159
182072 248
182792 240
4 254
716 192
1436 88
2156 25
2868 56
3588 152
4304 240
5016 248
5736 167
6456 63
7172 24
7884 71
8604 176
9324 248
10036 240
10756 152
11472 56
12184 24
12904 88
13624 192
14340 254
15052 224
15772 127
16492 39
17204 31
17924 110
18640 207
19352 255
20072 207
20792 103
21508 31
22220 39
22940 127
23660 224
24372 254
25088 192
25808 88
26520 25
27240 56
27960 152
28676 240
29388 248
30108 172
30828 67
31540 24
32256 67
32976 167
33688 248
34408 240
35128 152
35844 56
36556 24
37276 88
37996 192
38708 254
39424 225
40144 127
40856 39
41576 31
42296 103
43012 207
43724 255
44444 211
45164 112
45876 31
46592 39
47312 127
48024 224
48744 255
49464 192
50180 92
50892 28
51612 51
52332 147
53044 236
53760 248
54480 176
55192 71
55912 24
56632 63
57348 167
58060 248
58780 240
59500 156
60212 56
60928 24
61648 88
62360 188
63080 254
63800 227
64516 127
65228 44
65948 31
66668 103
67380 206
68096 255
68816 216
69528 112
70248 31
70968 39
71684 124
72396 224
73116 255
73836 195
74548 96
75264 28
75984 49
76696 143
77416 231
78136 252
78852 176
79564 71
80284 24
81004 63
81716 163
82432 248
83152 240
83864 158
84584 60
85304 24
86020 79
86732 184
87452 252
88172 231
88884 135
89600 46
90320 30
91032 99
91752 199
92472 255
93188 216
93900 115
94620 31
95340 35
96052 120
96768 220
97488 255
98200 199
98920 96
99640 28
100356 48
101068 142
101788 231
102508 252
103220 179
103936 78
104656 24
105368 63
106088 159
106804 243
107524 241
108236 159
108956 62
109676 24
110388 79
111104 184
111824 252
112536 231
113256 135
113972 48
114692 28
115404 97
116124 199
116844 255
117556 220
118272 120
118992 35
119704 33
120424 120
121140 220
121860 255
122572 199
123292 97
124012 28
124724 48
125440 135
126160 231
126872 252
127592 184
128308 79
129028 24
129740 62
130460 159
131180 240
131892 243
132608 159
133328 63
134040 24
134760 78
135476 179
136196 252
136908 231
137628 143
138348 48
139060 28
139776 96
140496 199
141208 255
141928 220
142644 120
143364 35
144076 31
144796 115
145516 216
146228 255
146944 199
147664 99
148376 30
149096 46
149812 135
150532 231
151244 252
151964 185
152684 79
153396 24
154112 60
154832 158
155544 240
156264 248
156980 163
157700 63
158412 24
159132 71
159852 176
160564 248
161280 231
162000 143
162712 49
163432 28
164148 96
164868 195
165580 255
166300 224
167020 124
167732 39
168448 31
169168 112
169880 216
170600 255
171316 206
172036 103
172748 30
173468 39
174188 127
174900 227
175616 254
176336 192
177048 88
177768 24
178484 56
179204 156
179916 240
180636 248
181356 167
182068 63
182784 24
4 184
724 79
1436 24
2152 60
2872 159
3592 240
4304 248
5024 163
5740 63
6452 24
7172 71
7892 176
8604 252
9320 231
10040 143
10760 49
11472 28
12192 96
12908 195
13620 255
14340 224
15060 124
15772 39
16488 31
17208 112
17928 216
18640 255
19360 206
20076 103
20788 31
21508 39
22228 127
22940 227
23656 254
24376 192
25096 83
25808 24
26528 56
27244 156
27956 240
28676 248
29396 167
30108 63
30824 24
31544 71
32264 176
32976 248
33696 238
34412 145
35124 56
35844 28
36564 92
37276 192
37992 255
38712 224
39432 127
40144 39
40864 31
41580 112
42292 209
43012 255
43732 207
44444 103
45160 31
45880 39
46600 127
47312 225
48032 254
48748 192
49460 88
50180 24
50900 56
51612 152
52328 240
53048 248
53768 167
54480 67
55200 24
55916 71
56628 167
57348 248
58068 240
58780 152
59496 56
60216 24
60936 88
61648 192
62368 254
63084 224
63796 127
64516 39
65236 31
65948 108
66664 207
67384 255
68104 207
68816 110
69536 31
70252 39
70964 127
71684 224
72404 254
73116 192
73832 92
74552 28
75272 56
75984 152
76704 240
77420 248
78132 176
78852 71
79572 24
80284 63
81000 167
81720 248
82440 240
83152 152
83868 56
84588 24
85300 88
86020 192
86740 254
87452 227
88168 127
88888 39
89608 31
90320 103
91036 207
91756 255
92468 211
93188 112
93908 31
94620 39
95336 126
96056 224
96776 255
97488 193
98204 92
98924 28
99636 49
100356 143
101076 236
101788 248
102504 176
103224 71
103944 24
104656 63
105372 167
106092 248
106804 240
107524 156
108244 56
108956 24
109672 81
110392 192
111112 254
111824 227
112540 127
113260 44
113972 30
114692 103
115412 204
116124 255
116840 216
117560 113
118280 31
118992 35
119708 124
120428 224
121140 255
121860 199
122580 96
123292 28
124008 48
124728 143
125448 231
126160 252
126876 177
127596 71
128308 24
129028 63
129748 163
130460 243
131176 241
131896 159
132616 60
133328 24
134044 79
134764 184
135476 252
136196 231
136916 135
137628 48
138344 28
139064 99
139784 199
140496 255
141212 216
141932 120
142644 35
143364 35
144084 120
144796 220
145512 255
146232 199
146952 96
147664 30
148380 48
149100 142
149812 231
150532 252
151252 184
151964 79
152680 24
153400 62
154120 159
154832 241
155548 243
156268 159
156980 63
157700 24
158420 79
159132 177
159848 252
160568 231
161288 142
162000 48
162716 28
163436 96
164148 199
164868 255
165584 220
166300 120
167016 35
167736 33
168456 115
169168 216
169884 255
170604 199
171316 99
172036 30
172752 48
173468 135
174184 231
174904 252
175624 184
176336 79
177052 24
177772 60
178484 159
179204 240
179920 248
180636 163
181352 63
182072 24
182792 76
4 97
716 28
1436 48
2152 135
2868 231
3584 252
4304 184
5016 79
5736 24
6452 60
7172 159
7884 241
8604 248
9320 159
10036 63
10752 24
11472 79
12184 177
12904 252
13620 231
14340 143
15052 48
15772 28
16488 96
17204 199
17920 255
18640 224
19352 121
20072 35
20788 31
21508 115
22220 216
22940 255
23656 199
24372 99
25088 30
25808 46
26520 135
27240 227
27956 252
28676 184
29388 79
30108 24
30824 60
31540 158
32256 240
32976 248
33688 167
34408 63
35124 24
35844 71
36556 176
37276 252
37992 231
38708 143
39424 49
40144 28
40856 96
41576 195
42292 255
43012 224
43724 126
44444 39
45160 31
45876 112
46592 216
47312 255
48024 206
48744 103
49460 31
50180 39
50892 127
51612 227
52328 254
53040 192
53760 88
54480 24
55192 56
55912 156
56628 240
57348 248
58060 167
58780 63
59496 24
60208 71
60928 176
61648 248
62360 240
63080 147
63796 51
64516 28
65228 92
65948 192
66664 255
67376 224
68096 127
68816 39
69528 31
70248 112
70964 207
71684 255
72396 207
73116 103
73832 31
74544 39
75264 127
75984 225
76696 254
77416 192
78132 88
78852 24
79564 56
80284 152
81000 240
81712 248
82432 167
83152 67
83864 24
84584 71
85300 167
86020 248
86732 240
87452 152
88168 56
88880 24
89600 88
90320 192
91032 254
91752 225
92468 127
93188 39
93900 31
94620 103
95336 207
96048 255
96768 207
97488 112
98200 31
98916 39
99636 127
100356 224
101068 255
101788 192
102504 92
103216 28
103936 56
104656 152
105368 238
106084 248
106804 176
107524 71
108236 24
108956 63
109672 167
110384 248
111104 240
111824 156
112536 56
113252 24
113972 88
114692 192
115404 252
116124 227
116840 127
117552 39
118272 31
118992 103
119704 206
120420 255
121140 216
121860 112
122572 31
123292 39
124008 126
124720 224
125440 255
126160 193
126872 96
127588 28
128308 49
129028 143
129740 231
130460 252
131176 176
131888 71
132608 24
133328 63
134040 163
134756 248
135476 241
136196 156
136908 60
137628 24
138344 83
139056 184
139776 254
140496 227
141208 135
141924 46
142644 30
143364 103
144076 199
144796 255
145512 216
146224 113
146944 31
147664 35
148376 120
149092 220
149812 255
150532 195
151244 96
151964 28
152680 48
153392 143
154112 231
154832 252
155544 179
156260 78
156980 24
157700 63
158412 159
159132 248
159848 241
160560 159
161280 62
162000 24
162712 79
163428 184
164148 252
164868 231
165580 135
166300 48
167016 30
167728 97
168448 199
169168 255
169880 220
170596 120
171316 35
172036 35
172748 120
173468 220
174184 255
174896 199
175616 97
176336 28
177048 48
177764 135
178484 231
179204 252
179916 184
180632 79
181352 24
182064 62
182784 159
4 39
720 31
1432 112
2152 211
2872 255
3588 204
4300 103
5020 31
5740 39
6452 127
7172 227
7888 254
8600 192
9320 88
10040 24
10756 56
11468 156
12188 240
12908 248
13620 167
14340 63
15056 24
15768 71
16488 176
17208 248
17924 238
18636 152
19356 56
20076 28
20788 92
21508 192
22224 254
22936 224
23656 127
24376 39
25092 31
25804 112
26524 207
27244 255
27956 207
28672 103
29392 31
30104 39
30824 127
31544 225
32260 252
32972 192
33692 88
34412 24
35124 56
35840 152
36560 240
37272 248
37992 167
38712 71
39428 24
40140 67
40860 167
41580 248
42292 240
43008 152
43728 56
44440 24
45160 88
45880 192
46596 254
47308 225
48028 127
48748 39
49460 31
50176 103
50896 207
51608 255
52328 209
53048 112
53764 31
54476 39
55196 127
55916 224
56628 255
57344 192
58064 92
58776 28
59496 51
60216 152
60932 240
61644 248
62364 174
63084 71
63796 24
64512 63
65232 167
65944 248
66664 240
67384 156
68100 56
68812 24
69532 88
70252 192
70964 254
71680 227
72400 127
73112 39
73832 31
74552 103
75268 207
75980 255
76700 216
77420 112
78132 31
78848 39
79568 126
80280 224
81000 255
81720 195
82436 94
83148 28
83868 49
84588 143
85300 231
86016 252
86736 176
87448 71
88168 24
88888 63
89604 167
90316 248
91036 240
91756 158
92468 60
93184 24
93904 79
94616 184
95336 254
96056 227
96772 135
97484 46
98204 30
98924 103
99636 199
100352 255
101072 216
101784 115
102504 31
103224 35
103940 120
104652 224
105372 255
106092 199
106804 96
107520 28
108240 48
108952 143
109672 231
110392 252
111108 177
111820 79
112540 24
113260 63
113972 159
114688 243
115408 241
116120 159
116840 62
117556 24
118276 79
118988 184
119708 252
120428 231
121140 135
121856 48
122576 28
123288 97
124008 199
124724 255
125444 220
126156 120
126876 35
127596 35
128308 120
129024 217
129744 255
130456 199
131176 97
131892 28
132612 48
133324 135
134044 231
134764 252
135476 184
136192 79
136912 24
137624 62
138344 159
139060 241
139780 243
140492 159
141212 63
141932 24
142644 78
143360 177
144080 252
144792 231
145512 143
146228 48
146948 28
147660 96
148380 199
149100 255
149812 220
150528 124
151248 35
151960 31
152680 115
153396 216
154116 255
154828 199
155548 99
156268 30
156980 46
157696 135
158416 231
159128 252
159848 185
160564 79
161284 24
161996 60
162716 158
163436 241
164148 248
164864 163
165584 63
166296 24
167016 71
167732 176
168452 252
169164 231
169884 143
170604 49
171316 28
172032 96
172752 195
173464 255
174184 224
174900 126
175620 39
176332 31
177052 112
177772 216
178484 255
179200 207
179920 103
180632 31
181352 39
182068 127
182788 227
4 254
716 231
1436 135
2152 46
2868 30
3584 99
4304 199
5024 255
5736 216
6452 120
7172 31
7884 35
8604 120
9320 220
10036 255
10752 199
11472 96
12192 28
12904 48
13620 142
14340 231
15052 252
15772 179
16488 79
17204 24
17920 63
18640 159
19360 248
20072 241
20788 159
21508 62
22220 24
22940 79
23656 184
24372 252
25088 231
25808 135
26528 48
27240 30
27956 97
28676 199
29388 255
30108 220
30824 120
31540 35
32256 35
32976 120
33696 216
34408 255
35124 199
35844 97
36556 30
37276 48
37992 135
38708 231
39424 252
40144 184
40864 79
41576 24
42292 60
43012 159
43724 240
44444 248
45160 159
45876 63
46592 24
47312 78
48032 179
48744 252
49460 231
50180 143
50892 48
51612 28
52328 96
53044 199
53760 255
54480 224
55200 121
55912 35
56628 31
57348 113
58060 216
58780 255
59496 199
60212 103
60928 30
61648 46
62368 135
63080 227
63796 254
64516 184
65228 83
65948 24
66664 60
67380 156
68096 240
68816 248
69536 163
70248 63
70964 24
71684 71
72396 176
73116 252
73832 231
74548 143
75264 49
75984 28
76704 96
77416 193
78132 255
78852 224
79564 126
80284 39
81000 31
81716 112
82432 211
83152 255
83872 207
84584 103
85300 31
86020 39
86732 127
87452 225
88168 254
88880 192
89600 88
90320 24
91036 56
91752 152
92468 240
93188 248
93900 167
94620 63
95336 24
96048 71
96768 176
97488 248
98204 238
98920 152
99636 56
100356 28
101068 92
101788 192
102504 255
103216 224
103936 127
104656 39
105372 31
106088 110
106804 207
107524 255
108236 207
108956 103
109672 31
110384 39
111104 127
111824 225
112540 254
113256 192
113972 88
114692 24
115404 56
116124 152
116840 240
117552 248
118272 167
118992 71
119708 24
120424 67
121140 167
121860 248
122572 240
123292 152
124008 56
124720 24
125440 88
126160 192
126876 254
127592 225
128308 127
129028 39
129740 31
130460 103
131176 207
131888 255
132608 209
133328 112
134044 31
134760 39
135476 127
136196 224
136908 255
137628 193
138344 92
139056 28
139776 56
140496 147
141212 240
141928 248
142644 176
143364 71
144076 24
144796 63
145512 167
146224 248
146944 240
147664 156
148380 56
149096 24
149812 88
150532 192
151244 254
151964 227
152680 127
153392 44
154112 31
154832 103
155548 207
156264 255
156980 216
157700 112
158412 31
159132 39
159848 124
160560 224
161280 255
162000 195
162716 96
163432 28
164148 49
164868 143
165580 231
166300 252
167016 176
167728 71
168448 24
169168 63
169884 163
170596 248
171316 240
172036 158
172748 60
173468 24
174184 81
174896 184
175616 252
176336 231
177052 135
177764 46
178484 30
179204 99
179916 199
180636 255
181352 216
182064 120
182784 35
4 24
724 79
1444 184
2156 254
2872 231
3592 135
4304 48
5024 30
5744 99
6456 199
7172 255
7892 216
8612 115
9324 31
10040 35
10760 120
11472 220
12192 255
12912 199
13624 96
14340 28
15060 48
15780 142
16492 231
17208 252
17928 184
18640 79
19360 24
20080 63
20792 159
21508 243
22228 241
22948 159
23660 63
24376 24
25096 79
25808 184
26528 252
27248 231
27960 142
28676 48
29396 28
30116 96
30828 199
31544 255
32264 220
32976 120
33696 35
34416 35
35128 115
35844 216
36564 255
37284 199
37996 99
38712 30
39432 48
40144 135
40864 231
41584 252
42296 184
43012 79
43732 24
44452 60
45164 159
45880 241
46600 248
47312 163
48032 63
48752 24
49464 76
50180 177
50900 252
51620 231
52332 143
53048 48
53768 28
54480 96
55200 195
55920 255
56632 224
57348 124
58068 35
58788 31
59500 113
60216 216
60936 255
61648 206
62368 103
63084 30
63800 46
64516 135
65236 227
65956 252
66668 188
67384 81
68104 24
68816 56
69536 156
70252 240
70968 248
71684 167
72404 63
73124 24
73836 71
74552 176
75272 252
75984 238
76704 143
77420 49
78136 28
78852 92
79572 193
80292 255
81004 224
81720 126
82440 39
83152 31
83872 112
84588 211
85304 255
86020 207
86740 103
87460 31
88172 39
88888 127
89608 225
90320 252
91040 192
91756 88
92472 24
93188 56
93908 152
94628 240
95340 248
96056 167
96776 63
97488 24
98208 71
98924 176
99640 248
100356 240
101076 152
101796 51
102508 28
103224 88
103944 192
104656 255
105376 224
106092 127
106808 39
107524 31
108244 110
108964 207
109676 255
110392 207
111112 108
111824 31
112544 39
113260 127
113976 224
114692 255
115412 192
116132 88
116844 28
117560 56
118280 152
118992 240
119712 248
120428 167
121144 71
121860 24
122580 67
123300 167
124012 248
124728 240
125448 152
126160 56
126880 24
127596 88
128312 192
129028 254
129748 225
130468 127
131180 39
131896 31
132616 103
133328 207
134048 255
134764 209
135480 112
136196 31
136916 39
137636 127
138348 224
139064 255
139784 193
140496 92
141216 28
141932 56
142644 145
143364 236
144084 248
144800 176
145516 71
146232 24
146952 63
147664 167
148384 248
149100 240
149812 156
150532 56
151252 24
151968 88
152684 188
153400 254
154120 227
154832 127
155552 44
156268 31
156980 103
157700 206
158420 255
159136 216
159852 112
160568 31
161288 39
162000 124
162720 224
163436 255
164148 195
164868 96
165588 28
166304 49
167020 143
167736 231
168456 252
169168 177
169888 71
170604 24
171316 63
172036 163
172756 248
173472 241
174188 159
174904 60
175624 24
176336 79
177056 184
177772 254
178484 231
179204 135
179924 48
180640 30
181356 99
182072 199
182792 255
4 224
716 255
1436 195
2152 96
2864 28
3584 49
4304 143
5020 231
5736 252
6452 177
7172 76
7884 24
8604 63
9320 163
10032 248
10752 241
11472 159
12188 60
12904 24
13620 79
14340 184
15052 252
15772 231
16488 135
17200 48
17920 30
18640 99
19356 199
20072 255
20788 216
21508 120
22220 35
22940 35
23656 120
24368 220
25088 255
25808 199
26524 96
27240 28
27956 48
28676 142
29388 231
30108 252
30824 184
31536 79
32256 24
32976 63
33692 159
34404 243
35124 243
35844 159
36556 63
37276 24
37992 79
38704 184
39424 252
40144 231
40860 135
41572 48
42292 28
43012 97
43724 199
44444 255
45160 220
45872 120
46592 35
47312 35
48028 120
48740 216
49460 255
50180 199
50892 99
51612 30
52328 48
53040 135
53760 231
54480 252
55196 184
55908 79
56628 24
57348 60
58060 159
58780 241
59496 248
60208 163
60928 63
61648 24
62364 78
63076 177
63796 252
64516 231
65228 143
65948 48
66664 28
67376 96
68096 195
68816 255
69532 224
70244 124
70964 39
71684 31
72396 113
73116 216
73832 255
74544 206
75264 103
75984 30
76700 46
77412 127
78132 227
78852 252
79564 192
80280 83
81000 24
81712 56
82432 156
83152 240
83868 248
84580 167
85300 63
86020 24
86732 71
87448 176
88168 249
88880 236
89600 143
90320 51
91036 28
91748 92
92468 193
93188 255
93900 224
94616 126
95336 39
96048 31
96768 112
97488 211
98204 255
98916 207
99636 103
100356 31
101068 39
101784 127
102504 225
103216 255
103936 192
104656 88
105372 24
106084 56
106804 152
107524 240
108236 248
108952 167
109672 63
110384 24
111104 71
111824 176
112540 248
113252 240
113972 152
114692 56
115404 28
116120 92
116840 192
117552 254
118272 224
118992 127
119708 39
120420 31
121140 110
121860 207
122572 255
123288 207
124008 103
124720 31
125440 39
126160 127
126876 224
127588 254
128308 192
129028 88
129740 24
130456 56
131176 152
131888 240
132608 248
133328 172
134044 71
134756 24
135476 67
136196 167
136908 248
137624 240
138344 152
139056 56
139776 24
140496 88
141212 192
141924 254
142644 225
143364 127
144076 39
144792 31
145512 103
146224 207
146944 255
147664 209
148380 112
149092 31
149812 39
150532 127
151244 224
151960 255
152680 193
153392 92
154112 28
154832 51
155548 147
156260 236
156980 248
157700 176
158412 71
159128 24
159848 63
160560 167
161280 248
161996 240
162716 156
163428 56
164148 24
164868 88
165580 192
166296 254
167016 227
167728 127
168448 39
169164 30
169884 103
170596 206
171316 255
172036 216
172748 113
173464 31
174184 39
174896 124
175616 224
176332 255
177052 195
177764 96
178484 28
179204 49
179916 143
180632 231
181352 252
182064 177
182784 71
4 30
720 46
1440 135
2152 227
2872 252
3588 184
4300 79
5020 24
5740 60
6456 159
7172 240
7888 248
8608 163
9320 63
10040 24
10756 71
11468 176
12188 252
12908 231
13624 143
14340 49
15056 28
15776 96
16488 195
17208 255
17924 224
18636 124
19356 39
20076 31
20792 112
21508 216
22224 255
22944 204
23656 103
24376 31
25092 39
25804 127
26524 227
27244 254
27960 192
28676 88
29392 24
30112 60
30824 156
31544 240
32260 248
32972 167
33692 63
34412 24
35128 71
35844 176
36560 248
37280 236
37992 147
38712 51
39428 28
40140 92
40860 193
41580 255
42296 224
43012 127
43728 39
44448 31
45160 112
45880 209
46596 255
47308 207
48028 103
48748 31
49464 39
50180 127
50896 225
51616 254
52328 192
53048 88
53764 28
54476 56
55196 152
55916 240
56632 248
57348 167
58064 67
58784 24
59496 71
60216 172
60932 248
61644 240
62364 152
63084 56
63800 24
64516 88
65232 192
65952 254
66664 224
67384 127
68100 39
68812 31
69532 103
70252 207
70968 255
71684 207
72400 110
73120 31
73832 39
74552 127
75268 224
75980 255
76700 192
77420 92
78136 24
78852 56
79568 152
80288 240
81000 248
81720 174
82436 71
83148 24
83868 63
84588 167
85304 248
86020 240
86736 152
87456 56
88168 24
88888 88
89604 192
90316 254
91036 225
91756 127
92472 39
93184 31
93904 103
94624 207
95336 255
96056 216
96772 112
97484 31
98204 39
98924 126
99640 224
100352 255
101072 193
101792 92
102504 28
103224 49
103940 143
104652 231
105372 248
106092 176
106808 71
107520 24
108240 63
108960 167
109672 248
110392 240
111108 156
111820 60
112540 24
113260 81
113976 188
114688 254
115408 227
116128 127
116840 46
117560 31
118276 103
118988 199
119708 255
120428 216
121144 112
121856 31
122576 35
123296 124
124008 224
124728 255
125444 195
126156 96
126876 28
127596 48
128312 143
129024 231
129744 252
130464 177
131176 78
131892 24
132612 63
133324 159
134044 248
134764 240
135480 159
136192 60
136912 24
137632 79
138344 184
139060 254
139780 231
140492 135
141212 48
141932 30
142648 99
143360 199
144080 255
144800 216
145512 120
146228 35
146948 35
147660 120
148380 220
149100 255
149816 199
150528 96
151248 28
151968 48
152680 140
153396 231
154116 252
154828 184
155548 79
156268 24
156984 63
157696 159
158416 241
159136 243
159848 159
160564 63
161284 24
161996 78
162716 184
163436 252
164152 231
164864 142
165584 48
166304 28
167016 96
167732 199
168452 255
169164 220
169884 120
170604 35
171320 35
172032 115
172752 216
173472 254
174184 199
174900 99
175620 28
176332 48
177052 135
177772 231
178488 252
179200 184
179920 79
180640 24
181352 60
182068 159
182788 241
4 179
716 252
1436 231
2152 142
2872 48
3584 28
4304 96
5020 199
5736 255
6452 220
7172 120
7884 35
8604 31
9320 115
10040 216
10752 255
11472 199
12188 99
12904 30
13620 48
14340 135
15052 227
15772 254
16488 184
17208 79
17920 24
18640 60
19356 159
20068 241
20788 248
21508 163
22220 63
22940 24
23656 71
24376 177
25088 252
25808 231
26524 143
27236 49
27956 28
28676 96
29388 193
30108 255
30824 224
31544 124
32256 39
32976 31
33692 112
34404 216
35124 255
35844 206
36556 103
37276 31
37992 39
38712 127
39424 227
40144 252
40860 192
41572 88
42292 24
43012 56
43724 156
44444 240
45160 248
45880 167
46592 63
47312 24
48028 71
48740 176
49460 248
50180 236
50892 147
51612 51
52328 28
53048 92
53760 192
54480 255
55196 224
55908 127
56628 39
57348 31
58060 112
58780 209
59496 255
60216 207
60928 103
61648 31
62364 39
63076 127
63796 225
64516 254
65228 192
65944 88
66664 24
67384 56
68096 152
68816 240
69532 248
70244 167
70964 67
71684 24
72396 71
73112 167
73832 248
74552 240
75264 152
75984 56
76700 25
77412 88
78132 192
78852 255
79564 224
80280 127
81000 39
81720 31
82432 103
83152 207
83868 255
84580 207
85300 110
86020 31
86732 39
87448 127
88168 224
88888 254
89600 192
90320 88
91036 28
91748 56
92468 152
93188 240
93900 248
94616 176
95336 71
96056 24
96768 63
97488 167
98204 248
98916 240
99636 156
100356 56
101068 24
101784 88
102504 192
103224 254
103936 227
104656 127
105372 39
106084 31
106804 103
107524 207
108236 255
108952 216
109672 112
110392 31
111104 39
111824 126
112540 224
113252 255
113972 193
114692 92
115404 28
116120 49
116840 143
117560 231
118272 249
118992 176
119708 71
120420 24
121140 63
121860 167
122572 248
123288 240
124008 156
124728 60
125440 24
126160 81
126876 188
127588 252
128308 227
129028 127
129740 46
130456 30
131176 103
131896 206
132608 255
133328 216
134044 113
134756 31
135476 35
136196 124
136908 220
137624 255
138344 195
139064 96
139776 28
140496 48
141212 143
141924 231
142644 252
143364 177
144076 78
144792 24
145512 63
146232 159
146944 243
147660 241
148380 159
149092 62
149812 24
150532 79
151244 184
151960 252
152680 231
153400 135
154112 48
154828 30
155548 99
156260 199
156980 255
157700 216
158412 120
159128 35
159848 35
160568 120
161280 220
161996 255
162716 199
163428 97
164148 28
164868 48
165580 135
166296 231
167016 252
167736 179
168448 79
169164 24
169884 62
170596 159
171316 243
172036 243
172748 159
173464 63
174184 24
174904 79
175616 184
176332 252
177052 231
177764 142
178484 48
179204 28
179916 96
180632 195
181352 255
182072 220
182784 120
