4 0
724 0
1440 67
2156 115
2872 63
3592 0
4312 0
5024 0
5740 0
6460 83
7172 112
7892 49
8608 0
9324 0
10040 0
10760 7
11480 96
12192 103
12908 31
13628 0
14340 0
15060 0
15776 31
16492 103
17208 97
17928 7
18648 0
19360 0
20076 0
20796 48
21508 112
22228 88
22944 0
23660 0
24376 0
25096 0
25816 63
26528 115
27244 71
27964 0
28676 0
29396 0
30112 0
30828 79
31544 112
32264 51
32984 0
33696 0
34412 0
35132 7
35844 96
36564 103
37280 31
37992 0
38712 0
39432 0
40148 30
40864 103
41580 97
42300 14
43012 0
43732 0
44448 0
45160 48
45880 112
46600 88
47316 0
48032 0
48748 0
49468 0
50180 63
50900 113
51616 71
52328 0
53048 0
53768 0
54484 0
55200 79
55916 112
56636 56
57348 0
58068 0
58784 0
59496 3
60216 96
60936 108
61652 31
62368 0
63084 0
63804 0
64516 28
65236 103
65952 97
66664 15
67384 0
68104 0
68820 0
69536 48
70252 112
70972 88
71684 0
72404 0
73120 0
73832 0
74552 63
75272 113
75988 71
76704 0
77420 0
78140 0
78852 0
79572 79
80288 112
81000 56
81720 0
82440 0
83156 0
83872 3
84588 96
85308 110
86020 35
86740 0
87456 0
88168 0
88888 24
89608 103
90324 99
91040 15
91756 0
92476 0
93188 0
93908 44
94624 112
95336 88
96056 0
96776 0
97492 0
98208 0
98924 63
99644 113
100356 71
101076 0
101792 0
102504 0
103224 0
103944 79
104660 113
105376 56
106092 0
106812 0
107524 0
108244 1
108960 92
109672 112
110392 39
111112 0
111828 0
112544 0
113260 24
113980 103
114692 99
115412 17
116128 0
116840 0
117560 0
118280 39
118996 112
119712 92
120428 0
121148 0
121860 0
122580 0
123296 62
124008 113
124728 76
125448 0
126164 0
126876 0
127596 0
128316 78
129028 113
129748 60
130464 0
131176 0
131896 0
132616 0
133332 92
134044 112
134764 39
135484 0
136196 0
136916 0
137632 24
138344 99
139064 103
139784 19
140500 0
141212 0
141932 0
142652 39
143364 112
144084 92
144800 0
145512 0
146232 0
146952 0
147668 60
148380 113
149100 78
149820 0
150532 0
151252 0
151968 0
152680 71
153400 113
154120 60
154836 0
155548 0
156268 0
156988 0
157700 92
158420 112
159136 39
159848 0
160568 0
161288 0
162004 17
162716 99
163436 103
164156 24
164868 0
165584 0
166304 0
167016 39
167736 112
168456 92
169172 0
169884 0
170604 0
171324 0
172036 56
172752 113
173472 79
174184 0
174904 0
175624 0
176340 0
177052 71
177772 113
178492 63
179204 0
179920 0
180640 0
181352 0
182072 88
182792 112
4 88
724 0
1436 0
2156 0
2872 0
3584 63
4304 115
5024 67
5736 0
6456 0
7172 0
7892 0
8604 83
9324 112
10040 51
10752 0
11472 0
12192 0
12904 7
13624 96
14340 103
15060 31
15772 0
16492 0
17208 0
17920 28
18640 103
19360 97
20072 12
20788 0
21508 0
22228 0
22940 48
23660 112
24376 88
25088 0
25808 0
26528 0
27240 0
27956 63
28676 115
29396 71
30108 0
30828 0
31544 0
32256 0
32976 79
33696 112
34408 56
35124 0
35844 0
36564 0
37276 3
37996 96
38712 108
39424 35
40144 0
40864 0
41576 0
42292 28
43012 103
43732 99
44444 15
45164 0
45880 0
46592 0
47312 48
48032 112
48744 88
49460 0
50180 0
50900 0
51612 0
52332 63
53048 113
53760 71
54480 0
55200 0
55912 0
56628 0
57348 79
58068 112
58780 56
59500 0
60216 0
60928 0
61648 3
62368 96
63080 110
63796 35
64516 0
65236 0
65948 0
66664 24
67384 103
68096 99
68816 15
69536 0
70248 0
70964 0
71684 44
72404 112
73116 88
73832 0
74552 0
75264 0
75984 0
76704 63
77416 113
78132 71
78852 0
79572 0
80284 0
81000 0
81720 79
82432 113
83152 56
83872 0
84584 0
85300 0
86020 1
86740 96
87452 112
88168 39
88888 0
89600 0
90320 0
91040 24
91752 103
92468 99
93188 17
93908 0
94620 0
95336 0
96056 39
96768 112
97488 92
98208 0
98920 0
99636 0
100356 0
101076 62
101788 113
102504 71
103224 0
103936 0
104656 0
105376 0
106088 79
106804 113
107524 60
108244 0
108956 0
109672 0
110392 0
111104 92
111824 112
112544 39
113256 0
113972 0
114692 0
115412 24
116124 99
116840 103
117560 19
118272 0
118992 0
119712 0
120424 39
121140 112
121860 92
122580 0
123292 0
124008 0
124728 0
125440 60
126160 113
126880 78
127592 0
128308 0
129028 0
129748 0
130460 71
131176 113
131896 60
132608 0
133328 0
134048 0
134760 0
135476 92
136196 112
136916 39
137628 0
138344 0
139064 0
139776 17
140496 99
141216 103
141928 24
142644 0
143364 0
144084 0
144796 39
145512 112
146232 94
146944 0
147664 0
148380 0
149096 0
149812 56
150532 113
151252 79
151964 0
152680 0
153400 0
154112 0
154832 71
155548 113
156264 63
156980 0
157700 0
158420 0
159132 0
159848 88
160568 112
161280 44
162000 0
162716 0
163432 0
164148 15
164868 99
165588 103
166300 24
167016 0
167736 0
168448 0
169168 35
169884 112
170600 96
171316 3
172036 0
172756 0
173468 0
174184 56
174904 112
175616 79
176336 0
177052 0
177768 0
178484 0
179204 71
179924 113
180636 63
181352 0
182072 0
182784 0
4 0
724 0
1440 0
2160 81
2872 112
3592 56
4308 0
5020 0
5740 0
6460 7
7172 96
7888 108
8608 31
9328 0
10040 0
10760 0
11476 28
12188 103
12908 99
13628 14
14340 0
15056 0
15776 0
16496 48
17208 112
17928 88
18644 0
19356 0
20076 0
20796 0
21508 63
22224 113
22944 71
23664 0
24376 0
25096 0
25812 0
26524 79
27244 112
27964 56
28676 0
29392 0
30112 0
30832 3
31544 96
32264 110
32980 35
33692 0
34412 0
35132 0
35844 24
36560 103
37280 99
38000 15
38712 0
39432 0
40148 0
40860 46
41580 112
42300 88
43012 0
43728 0
44448 0
45168 0
45880 63
46596 113
47316 71
48028 0
48748 0
49468 0
50180 0
50896 79
51616 112
52336 56
53048 0
53764 0
54484 0
55196 1
55916 96
56636 112
57348 39
58064 0
58784 0
59504 0
60216 24
60932 103
61652 99
62364 15
63084 0
63804 0
64516 0
65232 39
65952 112
66672 92
67384 0
68100 0
68820 0
69532 0
70252 62
70972 113
71684 71
72400 0
73120 0
73840 0
74552 0
75268 79
75988 113
76700 60
77420 0
78140 0
78852 0
79568 0
80288 92
81008 112
81720 39
82436 0
83156 0
83868 0
84588 24
85308 103
86020 103
86736 19
87456 0
88176 0
88888 0
89604 39
90324 112
91036 92
91756 0
92476 0
93188 0
93904 0
94624 60
95344 113
96056 78
96772 0
97492 0
98204 0
98924 0
99644 78
100356 113
101072 60
101792 0
102512 0
103224 0
103940 0
104660 92
105372 112
106092 39
106812 0
107524 0
108240 0
108960 19
109680 99
110392 103
111108 24
111828 0
112540 0
113260 0
113980 39
114692 110
115408 92
116128 1
116848 0
117560 0
118276 0
118996 60
119708 113
120428 79
121148 0
121860 0
122576 0
123296 0
124016 71
124728 113
125444 63
126164 0
126876 0
127596 0
128316 0
129028 88
129744 112
130464 44
131184 0
131896 0
132612 0
133332 15
134044 99
134764 103
135480 24
136196 0
136912 0
137632 0
138352 35
139064 110
139780 96
140500 1
141212 0
141932 0
142648 0
143364 56
144080 112
144800 79
145520 0
146232 0
146948 0
147668 0
148380 71
149100 115
149816 63
150532 0
151248 0
151968 0
152688 0
153400 88
154116 112
154836 46
155548 0
156268 0
156984 0
157700 15
158416 99
159136 103
159856 24
160568 0
161284 0
162004 0
162716 31
163436 108
164152 96
164868 3
165584 0
166304 0
167024 0
167736 56
168452 112
169172 79
169884 0
170604 0
171320 0
172036 0
172752 71
173472 113
174192 63
174904 0
175620 0
176340 0
177052 0
177772 88
178488 112
179204 48
179920 0
180640 0
181360 0
182072 12
182788 97
4 63
724 0
1436 0
2152 0
2872 0
3592 88
4304 112
5020 48
5740 0
6452 0
7172 0
7892 15
8604 99
9320 103
10040 28
10760 0
11472 0
12188 0
12908 31
13620 108
14340 96
15060 7
15772 0
16488 0
17208 0
17928 56
18640 112
19356 79
20076 0
20788 0
21508 0
22228 0
22940 71
23656 113
24376 63
25096 0
25808 0
26524 0
27244 0
27956 88
28676 112
29392 48
30108 0
30824 0
31544 0
32264 14
32976 97
33692 103
34412 28
35124 0
35844 0
36560 0
37276 31
37992 103
38712 96
39432 7
40144 0
40860 0
41580 0
42292 51
43012 112
43728 81
44444 0
45160 0
45880 0
46600 0
47312 67
48028 115
48748 63
49460 0
50180 0
50896 0
51612 0
52328 88
53048 112
53768 48
54480 0
55196 0
55916 0
56628 7
57348 97
58064 103
58780 31
59496 0
60216 0
60936 0
61648 31
62364 103
63084 96
63796 7
64516 0
65232 0
65948 0
66664 48
67384 112
68104 88
68816 0
69532 0
70252 0
70964 0
71684 63
72400 113
73116 67
73832 0
74552 0
75272 0
75984 0
76700 83
77420 112
78132 56
78852 0
79568 0
80284 0
81000 7
81720 96
82440 103
83152 31
83868 0
84588 0
85300 0
86020 30
86736 103
87452 97
88168 14
88888 0
89608 0
90320 0
91036 48
91756 112
92468 88
93188 0
93904 0
94620 0
95336 0
96056 63
96776 113
97488 71
98204 0
98924 0
99636 0
100356 0
101072 81
101788 112
102504 56
103224 0
103944 0
104656 0
105372 7
106092 96
106804 108
107524 31
108240 0
108956 0
109672 0
110392 28
111108 103
111824 99
112540 15
113260 0
113972 0
114692 0
115408 48
116120 112
116840 88
117560 0
118276 0
118992 0
119708 0
120428 63
121140 113
121860 71
122576 0
123288 0
124008 0
124728 0
125444 79
126160 113
126876 56
127596 0
128308 0
129028 0
129744 3
130456 96
131176 110
131896 35
132612 0
133328 0
134044 0
134764 24
135476 103
136196 99
136912 15
137624 0
138344 0
139064 0
139780 46
140496 112
141212 88
141932 0
142644 0
143364 0
144080 0
144792 63
145512 113
146232 71
146948 0
147664 0
148380 0
149100 0
149812 79
150532 113
151248 56
151960 0
152680 0
153400 0
154116 1
154832 94
155548 112
156268 39
156980 0
157700 0
158416 0
159128 24
159848 103
160568 99
161284 17
162000 0
162716 0
163436 0
164148 39
164868 112
165584 92
166296 0
167016 0
167736 0
168452 0
169168 60
169884 113
170604 71
171316 0
172036 0
172752 0
173464 0
174184 78
174904 113
175620 60
176336 0
177052 0
177772 0
178484 0
179204 92
179920 112
180632 39
181352 0
182072 0
182788 0
8 7
720 0
1436 0
2156 0
2868 49
3588 112
4304 83
5020 0
5736 0
6456 0
7176 0
7888 67
8604 115
9324 63
10036 0
10756 0
11472 0
12184 0
12904 83
13624 112
14340 49
15056 0
15772 0
16492 0
17204 7
17924 96
18640 103
19352 31
20072 0
20792 0
21508 0
22224 30
22940 103
23660 97
24372 12
25092 0
25808 0
26520 0
27240 48
27960 112
28676 88
29392 0
30108 0
30828 0
31540 0
32260 63
32976 113
33688 71
34408 0
35128 0
35844 0
36560 0
37276 83
37996 112
38708 56
39428 0
40144 0
40856 0
41576 7
42296 96
43012 103
43728 31
44444 0
45164 0
45876 0
46596 28
47312 103
48024 97
48744 14
49464 0
50180 0
50896 0
51612 48
52332 112
53044 88
53764 0
54480 0
55192 0
55912 0
56632 63
57348 113
58064 71
58780 0
59500 0
60212 0
60932 0
61648 79
62360 112
63080 56
63800 0
64516 0
65232 0
65948 3
66668 96
67380 110
68100 35
68816 0
69528 0
70248 0
70968 25
71684 103
72400 99
73116 15
73836 0
74548 0
75268 0
75984 46
76696 112
77416 88
78136 0
78852 0
79568 0
80284 0
81004 63
81716 113
82436 71
83152 0
83864 0
84584 0
85304 0
86020 79
86736 113
87452 56
88172 0
88884 0
89604 0
90320 3
91032 92
91752 112
92472 35
93188 0
93900 0
94620 0
95340 24
96052 103
96772 99
97488 15
98200 0
98920 0
99640 0
100356 44
101068 112
101788 92
102508 0
103220 0
103940 0
104656 0
105368 62
106088 113
106808 71
107524 0
108236 0
108956 0
109676 0
110388 79
111108 113
111824 56
112536 0
113256 0
113976 0
114692 0
115404 92
116124 112
116844 39
117556 0
118276 0
118992 0
119704 24
120424 103
121144 99
121860 19
122572 0
123292 0
124012 0
124724 39
125444 112
126160 92
126872 0
127592 0
128312 0
129028 0
129740 60
130460 113
131180 78
131892 0
132612 0
133328 0
134040 0
134760 78
135480 113
136196 60
136908 0
137628 0
138348 0
139060 0
139776 92
140496 112
141208 39
141928 0
142648 0
143364 0
144076 19
144796 103
145516 103
146228 24
146944 0
147664 0
148376 0
149096 39
149816 112
150532 92
151244 0
151964 0
152684 0
153396 0
154112 60
154832 113
155544 79
156264 0
156984 0
157700 0
158412 0
159132 71
159852 113
160564 63
161280 0
162000 0
162712 0
163432 0
164152 89
164868 112
165580 39
166300 0
167020 0
167732 0
168448 15
169168 99
169880 103
170600 24
171320 0
172036 0
172748 0
173468 35
174188 112
174900 96
175616 1
176336 0
177048 0
177768 0
178488 56
179204 113
179916 79
180636 0
181356 0
182068 0
182784 0
8 0
724 0
1436 39
2156 112
2876 88
3592 0
4304 0
5024 0
5744 0
6456 63
7172 113
7892 71
8604 0
9324 0
10044 0
10760 0
11472 79
12192 112
12912 56
13624 0
14340 0
15060 0
15772 0
16492 92
17212 112
17928 39
18640 0
19360 0
20080 0
20792 24
21508 103
22228 103
22940 19
23660 0
24380 0
25096 0
25808 39
26528 112
27248 92
27960 0
28676 0
29396 0
30108 0
30828 60
31548 113
32264 71
32976 0
33696 0
34416 0
35128 0
35844 78
36564 112
37276 60
37996 0
38716 0
39432 0
40144 0
40864 92
41584 112
42296 39
43012 0
43732 0
44444 0
45164 24
45884 103
46600 103
47312 24
48032 0
48752 0
49464 0
50180 39
50900 112
51612 92
52332 0
53052 0
53768 0
54480 0
55200 60
55920 113
56632 78
57348 0
58068 0
58780 0
59500 0
60220 76
60936 113
61648 62
62368 0
63088 0
63800 0
64516 0
65236 92
65948 112
66668 39
67388 0
68104 0
68816 0
69536 15
70256 99
70968 103
71684 24
72404 0
73116 0
73836 0
74556 39
75272 110
75984 96
76704 1
77424 0
78136 0
78852 0
79572 56
80284 113
81004 79
81720 0
82440 0
83152 0
83872 0
84592 71
85304 115
86020 63
86740 0
87452 0
88172 0
88888 0
89608 92
90320 112
91040 46
91760 0
92472 0
93188 0
93908 15
94620 99
95340 103
96056 24
96776 0
97488 0
98208 0
98928 35
99640 110
100356 96
101076 3
101788 0
102508 0
103224 0
103944 56
104656 112
105376 79
106096 0
106808 0
107524 0
108244 0
108956 71
109676 113
110392 63
111112 0
111824 0
112544 0
113264 0
113976 88
114692 112
115412 48
116124 0
116844 0
117560 0
118280 15
118992 97
119712 103
120432 28
121144 0
121860 0
122580 0
123292 31
124012 103
124728 96
125448 7
126160 0
126880 0
127600 0
128312 56
129028 113
129748 79
130460 0
131180 0
131896 0
132616 0
133328 71
134048 115
134768 63
135480 0
136196 0
136916 0
137628 0
138348 88
139064 112
139784 48
140496 0
141216 0
141936 0
142648 12
143364 97
144084 103
144796 30
145516 0
146232 0
146952 0
147664 31
148384 103
149104 96
149816 7
150532 0
151252 0
151964 0
152684 51
153400 112
154120 81
154832 0
155552 0
156272 0
156984 0
157700 63
158420 115
159132 63
159852 0
160568 0
161288 0
162000 0
162720 88
163436 112
164152 49
164868 0
165588 0
166300 0
167020 7
167736 96
168456 103
169168 31
169888 0
170604 0
171320 0
172036 31
172756 103
173468 97
174188 7
174904 0
175624 0
176336 0
177056 48
177772 112
178488 88
179204 0
179924 0
180636 0
181356 0
182072 63
182792 115
4 0
716 0
1436 0
2156 88
2868 112
3584 48
4304 0
5024 0
5736 0
6452 7
7172 97
7884 103
8604 31
9324 0
10036 0
10752 0
11472 31
12192 103
12904 96
13620 7
14340 0
15052 0
15772 0
16492 49
17204 112
17920 88
18640 0
19360 0
20072 0
20788 0
21508 63
22220 113
22940 67
23660 0
24372 0
25088 0
25808 0
26528 83
27240 112
27956 49
28676 0
29388 0
30108 0
30828 7
31540 96
32256 103
32976 31
33696 0
34408 0
35124 0
35844 30
36556 103
37276 97
37996 7
38708 0
39424 0
40144 0
40864 48
41576 112
42292 88
43012 0
43724 0
44444 0
45164 0
45876 63
46592 113
47312 71
48032 0
48744 0
49460 0
50180 0
50892 81
51612 112
52332 56
53044 0
53760 0
54480 0
55200 7
55912 96
56628 108
57348 31
58060 0
58780 0
59496 0
60212 28
60928 103
61648 97
62368 14
63080 0
63796 0
64516 0
65228 48
65948 112
66664 88
67380 0
68096 0
68816 0
69536 0
70248 63
70964 113
71684 71
72396 0
73116 0
73832 0
74548 0
75264 79
75984 112
76704 56
77416 0
78132 0
78852 0
79564 3
80284 96
81000 110
81716 35
82432 0
83152 0
83872 0
84584 24
85300 103
86020 99
86732 15
87452 0
88168 0
88884 0
89600 46
90320 112
91040 88
91752 0
92468 0
93188 0
93900 0
94620 63
95336 113
96052 71
96768 0
97488 0
98208 0
98920 0
99636 79
100356 113
101068 56
101788 0
102504 0
103220 0
103936 1
104656 96
105376 110
106088 39
106804 0
107524 0
108236 0
108956 24
109672 103
110388 99
111104 17
111824 0
112544 0
113256 0
113972 39
114692 112
115404 92
116124 0
116840 0
117556 0
118272 0
118992 63
119712 113
120424 78
121140 0
121860 0
122572 0
123292 0
124008 79
124724 113
125440 60
126160 0
126880 0
127592 0
128308 0
129028 94
129740 112
130460 39
131176 0
131892 0
132608 0
133328 24
134048 103
134760 103
135476 19
136196 0
136908 0
137628 0
138344 39
139060 112
139776 92
140496 0
141212 0
141928 0
142644 0
143364 60
144076 113
144796 78
145512 0
146224 0
146944 0
147664 0
148380 78
149096 113
149812 62
150532 0
151244 0
151964 0
152680 0
153392 92
154112 112
154832 39
155548 0
156264 0
156980 0
157700 19
158412 99
159132 103
159848 24
160560 0
161280 0
162000 0
162716 39
163432 110
164148 92
164868 0
165580 0
166300 0
167016 0
167728 56
168448 113
169168 79
169884 0
170600 0
171316 0
172036 0
172748 71
173468 113
174184 63
174896 0
175616 0
176336 0
177052 0
177768 88
178484 112
179204 39
179916 0
180636 0
181352 0
182064 15
182784 99
4 0
724 71
1444 113
2156 63
2876 0
3592 0
4304 0
5024 0
5744 88
6460 112
7172 48
7892 0
8612 0
9324 0
10044 15
10760 99
11472 103
12192 28
12912 0
13628 0
14340 0
15060 31
15780 103
16492 96
17212 7
17928 0
18640 0
19360 0
20080 56
20796 112
21508 81
22228 0
22948 0
23660 0
24380 0
25096 71
25808 113
26528 63
27248 0
27964 0
28676 0
29396 0
30116 88
30828 112
31548 48
32264 0
32976 0
33696 0
34416 12
35132 97
35844 103
36564 30
37284 0
37996 0
38716 0
39432 31
40144 103
40864 96
41584 7
42300 0
43012 0
43732 0
44452 51
45164 112
45880 83
46600 0
47312 0
48032 0
48752 0
49468 67
50180 115
50900 63
51620 0
52332 0
53048 0
53768 0
54480 83
55200 112
55920 49
56636 0
57348 0
58068 0
58788 7
59500 96
60216 103
60936 31
61648 0
62368 0
63088 0
63804 31
64516 103
65236 96
65956 7
66668 0
67384 0
68104 0
68816 48
69536 112
70256 88
70972 0
71684 0
72404 0
73124 0
73836 63
74552 113
75272 67
75984 0
76704 0
77424 0
78140 0
78852 81
79572 112
80292 51
81004 0
81720 0
82440 0
83152 7
83872 96
84592 103
85308 31
86020 0
86740 0
87460 0
88172 28
88888 103
89608 97
90320 14
91040 0
91760 0
92476 0
93188 48
93908 112
94628 88
95340 0
96056 0
96776 0
97488 0
98208 63
98928 113
99644 71
100356 0
101076 0
101796 0
102508 0
103224 79
103944 112
104656 56
105376 0
106096 0
106812 0
107524 3
108244 96
108964 110
109676 35
110392 0
111112 0
111824 0
112544 24
113264 103
113980 99
114692 15
115412 0
116132 0
116844 0
117560 48
118280 112
118992 88
119712 0
120432 0
121148 0
121860 0
122580 63
123300 113
124012 71
124728 0
125448 0
126160 0
126880 0
127596 79
128316 112
129028 56
129748 0
130468 0
131180 0
131896 1
132616 96
133328 112
134048 35
134764 0
135484 0
136196 0
136916 24
137636 103
138348 99
139064 15
139784 0
140496 0
141216 0
141932 39
142652 112
143364 92
144084 0
144804 0
145516 0
146232 0
146952 63
147664 113
148384 71
149100 0
149820 0
150532 0
151252 0
151972 79
152684 112
153400 60
154120 0
154832 0
155552 0
156268 0
156988 92
157700 112
158420 39
159140 0
159852 0
160568 0
161288 24
162000 103
162720 103
163436 19
164156 0
164868 0
165588 0
166308 39
167020 112
167736 92
168456 0
169168 0
169888 0
170604 0
171324 62
172036 113
172756 78
173476 0
174188 0
174904 0
175624 0
176336 76
177056 113
177772 60
178492 0
179204 0
179924 0
180644 0
181356 92
182072 112
182792 39
4 0
724 0
1436 92
2152 112
2872 39
3584 0
4304 0
5020 0
5736 19
6452 103
7172 99
7892 19
8604 0
9320 0
10040 0
10752 39
11472 112
12188 92
12904 0
13620 0
14340 0
15060 0
15772 60
16488 113
17208 78
17920 0
18640 0
19356 0
20068 0
20788 78
21508 113
22224 60
22940 0
23656 0
24376 0
25088 0
25808 92
26524 112
27236 39
27956 0
28676 0
29392 0
30108 17
30824 99
31544 103
32256 24
32976 0
33692 0
34404 0
35124 39
35844 112
36560 94
37276 0
37992 0
38712 0
39424 0
40144 60
40860 112
41572 79
42292 0
43012 0
43728 0
44444 0
45160 71
45880 113
46592 63
47312 0
48028 0
48740 0
49460 0
50180 88
50896 112
51612 39
52328 0
53048 0
53760 0
54480 15
55196 99
55908 103
56628 24
57348 0
58064 0
58780 0
59496 35
60216 110
60928 96
61648 3
62364 0
63076 0
63796 0
64516 56
65232 112
65948 79
66664 0
67384 0
68096 0
68816 0
69532 71
70244 113
70964 63
71684 0
72400 0
73116 0
73832 0
74552 88
75264 112
75984 48
76700 0
77412 0
78132 0
78852 15
79568 99
80284 103
81000 28
81720 0
82432 0
83152 0
83868 31
84580 103
85300 96
86020 7
86736 0
87452 0
88168 0
88888 56
89600 112
90320 79
91036 0
91748 0
92468 0
93188 0
93904 71
94620 113
95336 63
96056 0
96768 0
97488 0
98204 0
98916 88
99636 112
100356 48
101072 0
101788 0
102504 0
103224 14
103936 97
104656 103
105372 30
106084 0
106804 0
107524 0
108240 31
108952 103
109672 96
110392 7
111104 0
111824 0
112540 0
113252 51
113972 112
114692 83
115408 0
116120 0
116840 0
117560 0
118272 67
118992 115
119708 63
120420 0
121140 0
121860 0
122576 0
123288 83
124008 112
124728 49
125440 0
126160 0
126876 0
127588 7
128308 96
129028 103
129744 31
130456 0
131176 0
131896 0
132608 30
133328 103
134044 96
134756 7
135476 0
136196 0
136912 0
137624 48
138344 112
139064 88
139776 0
140496 0
141212 0
141924 0
142644 63
143364 115
144080 67
144792 0
145512 0
146232 0
146944 0
147660 81
148380 112
149092 51
149812 0
150532 0
151248 0
151960 7
152680 96
153400 103
154112 31
154828 0
155548 0
156260 0
156980 28
157700 103
158416 97
159128 14
159848 0
160568 0
161280 0
161996 48
162716 112
163428 88
164148 0
164868 0
165584 0
166296 0
167016 63
167736 113
168448 71
169164 0
169884 0
170596 0
171316 0
172036 79
172752 113
173464 56
174184 0
174904 0
175616 0
176332 3
177052 96
177764 110
178484 31
179204 0
179920 0
180632 0
181352 28
182072 103
182784 99
4 0
724 0
1440 0
2156 0
2872 63
3592 115
4312 71
5024 0
5740 0
6460 0
7172 0
7892 79
8608 112
9324 56
10040 0
10760 0
11480 0
12192 3
12908 96
13628 108
14340 35
15060 0
15776 0
16492 0
17208 24
17928 103
18648 99
19360 15
20076 0
20796 0
21508 0
22228 46
22944 112
23660 88
24376 0
25096 0
25816 0
26528 0
27244 63
27964 113
28676 71
29396 0
30112 0
30828 0
31544 0
32264 79
32984 112
33696 56
34412 0
35132 0
35844 0
36564 1
37280 96
37996 110
38712 35
39432 0
40152 0
40864 0
41580 24
42300 103
43012 99
43732 17
44448 0
45160 0
45880 0
46600 39
47316 112
48032 92
48748 0
49468 0
50180 0
50900 0
51616 62
52328 113
53048 71
53768 0
54484 0
55200 0
55916 0
56636 79
57348 112
58068 60
58784 0
59496 0
60216 0
60936 0
61652 92
62368 112
63084 39
63804 0
64516 0
65236 0
65952 24
66664 103
67384 103
68104 19
68820 0
69536 0
70252 0
70972 39
71684 112
72404 92
73120 0
73832 0
74552 0
75272 0
75988 60
76704 113
77420 78
78140 0
78852 0
79572 0
80288 0
81000 71
81720 113
82440 60
83156 0
83872 0
84588 0
85308 0
86020 92
86740 112
87456 39
88168 0
88888 0
89608 0
90324 19
91040 99
91756 103
92476 24
93188 0
93908 0
94624 0
95336 39
96056 112
96776 94
97492 0
98208 0
98924 0
99644 0
100356 56
101076 113
101792 79
102504 0
103224 0
103944 0
104660 0
105376 71
106092 113
106812 63
107524 0
108244 0
108960 0
109672 0
110392 88
111112 112
111828 39
112544 0
113260 0
113980 0
114692 15
115412 99
116128 103
116840 24
117560 0
118280 0
118996 0
119712 35
120428 110
121148 96
121860 3
122580 0
123296 0
124008 0
124728 56
125448 113
126164 79
126876 0
127596 0
128316 0
129028 0
129748 71
130464 113
131176 63
131896 0
132616 0
133332 0
134044 0
134764 88
135484 112
136196 48
136916 0
137632 0
138344 0
139064 15
139784 97
140500 103
141212 28
141932 0
142652 0
143364 0
144084 31
144800 108
145512 96
146232 7
146952 0
147668 0
148380 0
149100 56
149820 112
150532 79
151252 0
151968 0
152680 0
153400 0
154120 71
154836 115
155548 63
156268 0
156988 0
157700 0
158420 0
159136 88
159848 112
160568 48
161288 0
162004 0
162716 0
163436 12
164156 97
164868 103
165588 30
166304 0
167016 0
167736 0
168456 31
169172 103
169884 96
170604 7
171324 0
172036 0
172752 0
173472 51
174184 112
174904 83
175624 0
176340 0
177052 0
177772 0
178492 67
179204 115
179920 63
180640 0
181352 0
182072 0
182792 0
