20 415
132 415
244 415
356 415
468 415
580 415
700 414
812 412
924 408
1036 408
1148 403
1260 399
1372 399
1484 391
1596 391
1716 387
1828 384
1940 384
2052 384
2164 371
2276 368
2388 359
2500 355
2612 352
2732 348
2844 344
2956 335
3068 327
3180 319
3292 318
3404 312
3516 304
3632 295
3748 287
3860 286
3972 280
4084 271
4196 255
4312 255
4424 252
4536 248
4648 240
4764 231
4876 224
4992 216
5104 209
5216 206
5328 199
5440 192
5552 184
5664 179
5784 174
5896 167
6008 159
6120 156
6232 152
6344 143
6456 142
6568 127
6680 127
6800 126
6912 120
7024 115
7136 112
7248 103
7360 103
7472 99
7584 96
7696 96
7816 92
7928 88
8040 88
8152 83
8264 79
8376 79
8488 79
8600 78
8712 78
8832 71
8944 71
9056 71
9168 71
9280 78
9392 78
9508 79
9620 79
9732 79
9848 81
9960 88
10072 88
10188 89
10300 92
10412 96
10524 97
10636 103
10748 103
10864 112
10980 112
11092 120
11204 124
11316 127
11428 127
11540 135
11652 143
11764 147
11876 152
11992 159
12104 163
12216 167
12328 176
12440 184
12552 192
12664 193
12776 199
12888 207
13008 216
13120 224
13232 227
13344 231
13456 241
13568 248
13680 255
13792 255
13908 255
14024 275
14136 284
14248 287
14360 295
14472 302
14588 307
14700 313
14812 319
14924 319
15040 327
15152 335
15268 344
15380 352
15492 352
15604 359
15716 364
15828 368
15940 376
16060 384
16172 384
16284 385
16396 387
16508 391
16620 396
16732 399
16844 399
16956 408
17076 408
17188 409
17300 412
17412 414
17524 414
17636 415
17748 415
17860 415
17972 415
18092 415
18204 415
18316 415
18428 415
18540 415
18652 414
18764 414
18876 412
18988 412
19108 408
19220 408
19332 399
19444 399
19556 396
19668 391
19784 387
19896 384
20008 384
20124 384
20236 376
20348 368
20464 359
20576 359
20688 352
20800 348
20912 344
21024 335
21140 327
21256 319
21368 319
21480 312
21592 305
21704 300
21816 291
21928 287
22040 280
22160 271
22272 255
22384 255
22496 255
22608 248
22720 240
22832 231
22944 225
23056 224
23176 216
23288 207
23400 199
23512 193
23624 192
23736 184
23848 176
23960 167
24072 159
24192 158
24304 152
24416 145
24528 142
24640 135
24752 127
24864 127
24980 121
25092 120
25208 112
25320 108
25432 103
25544 99
25660 97
25772 96
25884 92
25996 88
26108 88
26224 83
26340 79
26452 79
26564 79
26676 79
26788 78
26900 78
27012 71
27124 71
27236 71
27352 71
27464 78
27576 79
27688 79
27800 79
27912 79
28024 83
28136 88
28248 88
28368 92
28480 96
28592 96
28704 99
28816 103
28936 108
29048 112
29160 120
29272 120
29384 126
29504 127
29616 135
29728 142
29840 143
29952 152
30064 158
30176 159
30288 167
30400 176
30520 184
30632 192
30744 192
30856 199
30968 206
31080 211
31192 220
31304 224
31416 231
31536 240
31648 248
31760 255
31872 255
31984 255
32096 271
32208 280
32324 287
32436 291
32552 300
32664 305
32776 312
32888 319
33004 319
33116 327
33228 335
33340 344
33452 348
33568 352
33684 359
33796 359
33908 368
34020 376
34132 384
34244 384
34356 384
34468 387
34588 391
34700 398
34812 399
34924 399
35036 408
35148 408
35260 408
35372 412
35484 414
35604 415
35716 415
35828 415
35940 415
36052 415
36164 415
36276 415
36388 415
36500 415
36620 415
36732 415
36844 414
36956 412
37068 412
37180 408
37292 408
37404 399
37516 399
37632 398
37748 391
37860 387
37972 385
38084 384
38196 384
38312 376
38424 368
38536 364
38648 359
38764 352
38876 352
38992 344
39104 335
39216 327
39328 319
39440 319
39552 316
39664 307
39784 302
39896 295
40008 287
40120 284
40232 275
40344 255
40456 255
40568 255
40680 248
40800 240
40912 231
41024 227
41136 224
41248 216
41360 207
41472 199
41584 195
41696 192
41816 184
41928 176
42040 167
42152 163
42264 159
42376 153
42488 147
42600 143
42712 135
42832 127
42944 127
43056 124
43168 120
43280 112
43392 112
43508 103
43620 99
43732 97
43848 96
43960 94
44072 89
44188 88
44300 83
44412 81
44524 79
44636 79
44748 79
44864 78
44980 76
45092 71
45204 71
45316 71
45428 71
45540 78
45652 78
45764 79
45884 79
45996 79
46108 83
46220 88
46332 88
46444 92
46556 96
46668 96
46780 99
46900 103
47012 103
47124 112
47236 115
47348 120
47460 126
47572 127
47684 127
47796 135
47916 143
48028 152
48140 158
48252 159
48364 167
48476 174
48588 177
48704 184
48816 192
48932 199
49044 206
49156 211
49268 220
49384 225
49496 231
49608 240
49720 248
49832 254
49948 255
50064 255
50176 271
50288 280
50400 286
50512 287
50624 295
50736 304
50848 312
50968 319
51080 319
51192 327
51304 335
51416 344
51528 348
51640 352
51752 355
51864 359
51984 368
52096 376
52208 384
52320 384
52432 384
52544 387
52656 391
52768 391
52880 399
52992 399
53112 408
53224 408
53336 409
53448 412
53560 414
53672 415
53784 415
53900 415
54012 415
54128 415
54240 415
54352 415
54464 415
54576 415
54688 415
54800 415
54912 414
55024 412
55144 412
55256 408
55368 408
55480 399
55592 399
55704 398
55820 391
55932 391
56044 385
56160 384
56272 384
56384 376
56500 368
56612 366
56724 359
56836 353
56948 352
57060 344
57176 335
57292 332
57404 319
57516 319
57628 316
57740 312
57856 304
57972 295
58084 287
58196 284
58308 280
58420 271
58532 255
58644 255
58756 252
58876 241
58988 236
59100 227
59212 224
59324 216
59436 207
59548 199
59660 195
59772 192
59884 184
60004 177
60116 167
60228 163
60340 159
60452 156
60564 152
60676 143
60788 135
60900 127
61020 127
61132 124
61244 120
61356 113
61468 112
61580 103
61692 103
61804 99
61916 96
62036 96
62148 92
62260 88
62372 88
62484 83
62596 79
62708 79
62820 79
62936 78
63052 76
63164 71
63276 71
63388 71
63500 71
63612 78
63728 78
63840 79
63952 79
64068 79
64180 83
64292 88
64408 88
64520 92
64632 96
64744 96
64856 99
64968 103
65084 103
65200 112
65312 113
65424 120
65536 124
65648 127
65760 127
65872 135
65984 143
66104 152
66216 156
66328 159
66440 167
66552 174
66664 177
66776 184
66888 192
67000 195
67120 199
67232 207
67344 216
67456 224
67568 231
67680 240
67792 243
67904 252
68016 255
68136 255
68248 271
68360 280
68472 284
68584 287
68696 295
68808 304
68924 312
69036 316
69152 319
69264 327
69376 335
69488 339
69604 344
69716 352
69828 353
69940 359
70052 368
70168 369
70284 384
70396 384
70508 384
70620 385
70732 391
70844 391
70956 398
71068 399
71188 401
71300 408
71412 408
71524 412
71636 414
71748 414
71860 415
71972 415
72084 415
72204 415
72316 415
72428 415
72540 415
72652 415
72764 415
72876 415
72988 415
73100 414
73220 412
73332 408
73444 408
73556 403
73668 399
73780 399
73892 391
74004 391
74120 387
74236 384
74348 384
74460 384
74572 369
74684 368
74796 359
74912 355
75024 352
75136 345
75252 339
75364 335
75476 327
75592 319
75704 318
75816 312
75928 304
76040 295
76152 287
76264 286
76380 280
76492 271
76604 255
76716 255
76828 252
76940 248
77052 240
77164 231
77276 224
77396 220
77508 209
77620 206
77732 199
77844 192
77956 188
78072 179
78184 176
78296 167
78412 159
78524 156
78636 152
78752 143
78864 135
78976 127
79088 127
79200 126
79312 120
79428 113
79544 112
79656 103
79768 103
79880 99
79992 96
80104 96
80216 92
80328 88
80448 88
80560 83
80672 79
80784 79
80896 79
81008 79
81120 78
81232 71
81344 71
81464 71
81576 71
81688 76
81800 78
81912 79
82024 79
82136 79
82248 79
82360 88
82480 88
82592 92
82704 94
82816 96
82928 97
83040 103
83152 103
83268 112
83380 112
83496 120
83608 124
83720 127
83832 127
83948 135
84060 143
84172 152
84284 153
84396 159
84512 163
84628 167
84740 176
84852 184
84964 192
85076 195
85188 199
85300 207
85412 216
85532 224
85644 227
85756 231
85868 241
85980 248
86092 255
86204 255
86316 255
86428 275
86548 284
86660 287
86780 295
86892 304
87004 312
87116 316
87228 319
87340 319
87452 332
87572 335
87684 344
87796 352
87908 353
88020 359
88132 368
88244 368
88356 384
88468 384
88588 384
88700 385
88812 391
88924 391
89036 398
89148 399
89260 399
89372 408
89488 408
89604 412
89716 412
89828 414
89940 415
90052 415
90168 415
90280 415
90392 415
90504 415
90616 415
90732 415
90848 415
90960 415
91072 415
91184 414
91296 412
91408 409
91520 408
91632 408
91752 399
91864 399
91976 391
92088 391
92200 387
92312 384
92424 384
92536 384
92648 376
92768 368
92880 359
92992 355
93104 352
93216 348
93328 344
93440 335
93552 327
93664 319
93784 318
93896 312
94008 304
94120 295
94232 287
94344 287
94456 280
94568 271
94680 255
94800 255
94912 254
95024 248
95136 240
95248 231
95360 225
95476 220
95588 211
95700 207
95816 199
95928 192
96040 192
96156 184
96268 176
96380 167
96492 159
96604 158
96716 152
96832 143
96948 142
97060 127
97172 127
97284 126
97396 120
97508 115
97620 112
97732 108
97852 103
97964 99
98076 96
98188 96
98300 92
98412 88
98524 88
98636 83
98748 79
98868 79
98980 79
99092 79
99204 78
99316 76
99428 71
99540 71
99652 71
99764 76
99884 78
99996 78
100108 79
100220 79
100332 81
100444 88
100556 88
100672 88
100784 92
100900 96
101012 97
101124 99
101236 103
101352 110
101464 112
101576 120
101688 124
101800 127
101916 127
102032 135
102144 143
102256 147
102368 156
102480 159
102592 163
102704 167
102816 176
102936 184
103048 192
103160 193
103272 199
103384 207
103496 216
103608 224
103720 227
103832 231
103952 241
104064 248
104176 255
104288 255
104400 255
104512 271
104624 280
104736 287
104848 295
104968 304
105080 305
105192 316
105304 319
105416 319
105528 327
105640 335
105752 344
105868 352
105980 353
106096 359
106208 364
106320 368
106432 376
106548 384
106660 384
106772 385
106884 387
106996 391
107112 396
107224 399
107336 399
107448 403
107560 408
107672 408
107784 408
107896 412
108008 412
108128 415
108240 415
108352 415
108464 415
108576 415
108688 415
108800 415
108912 415
109028 415
109144 415
109256 414
109368 412
109480 408
109592 408
109708 408
109820 399
109932 399
110044 396
110160 391
110272 387
110388 384
110500 384
110612 384
110724 376
110836 368
110948 359
111060 359
111180 352
111292 348
111404 344
111516 335
111628 327
111740 319
111852 319
111964 312
112076 305
112196 302
112308 291
112420 287
112532 280
112644 271
112756 255
112868 255
112980 255
113092 248
113212 240
113324 231
113436 225
113548 224
113660 216
113772 207
113884 199
113996 193
114108 192
114228 184
114340 176
114452 167
114564 159
114676 159
114788 152
114904 143
115016 142
115128 135
115244 127
115356 126
115468 120
115584 115
115700 112
115812 110
115924 103
116036 99
116156 97
116268 96
116380 92
116492 88
116604 88
116716 88
116828 81
116940 79
117056 79
117172 79
117284 78
117396 76
117508 71
117620 71
117736 71
117848 71
117960 78
118072 79
118188 79
118300 79
118416 81
118528 83
118640 88
118752 88
118864 92
118976 96
119088 96
119200 99
119320 103
119432 110
119544 112
119656 120
119768 120
119880 127
119992 127
120104 135
120216 142
120336 143
120448 152
120560 158
120672 159
120784 167
120896 176
121008 184
121120 188
121232 192
121352 199
121464 207
121576 216
121688 220
121800 225
121912 231
122024 240
122136 248
122252 255
122368 255
122480 255
122592 271
122704 280
122816 287
122932 287
123044 295
123156 304
123268 312
123384 319
123496 319
123612 327
123724 335
123836 344
123948 348
124060 352
124172 355
124284 359
124404 368
124516 376
124628 384
124740 384
124852 384
124964 387
125076 391
125188 396
125300 399
125420 399
125532 408
125644 408
125756 408
125868 412
125980 414
126092 415
126204 415
126316 415
126436 415
126548 415
126660 415
126772 415
126884 415
126996 415
127108 415
127220 415
127332 414
127452 412
127564 412
127676 408
127788 408
127900 399
128012 399
128128 398
128240 391
128352 387
128468 385
128580 384
128692 384
128808 376
128920 368
129032 364
129144 359
129256 353
129368 352
129484 344
129600 335
129712 327
129824 319
129936 319
130048 312
130160 305
130272 304
130384 295
130504 287
130616 284
130728 275
130840 255
130952 255
131064 255
131176 248
131288 240
131400 231
131520 227
131632 224
131744 216
131856 207
131968 199
132080 195
132192 192
132304 184
132416 176
132536 167
132648 163
132760 159
132872 152
132984 147
133096 143
133208 135
133320 127
133436 127
133552 124
133664 120
133776 112
133888 112
134000 103
134116 103
134228 97
134340 96
134452 96
134568 92
134680 88
134796 88
134908 81
135020 79
135132 79
135244 79
135356 78
135468 76
135580 71
135696 71
135808 71
135920 76
136032 78
136144 78
136256 79
136368 79
136480 79
136592 83
136712 88
136824 88
136936 92
137048 96
137160 96
137272 99
137384 103
137496 103
137608 112
137728 115
137840 120
137952 126
138064 127
138176 127
138288 135
138400 143
138516 152
138628 156
138744 159
138856 167
138968 176
139080 179
139196 188
139308 192
139420 199
139532 206
139644 211
139760 220
139876 224
139988 231
140100 240
140212 248
140324 252
140436 255
140548 255
140660 271
140780 280
140892 286
141004 287
141116 295
141228 304
141340 312
141452 318
141564 319
141676 327
141796 335
141908 344
142020 348
142132 352
142244 355
142356 359
142468 368
142580 369
142692 384
142812 384
142924 384
143036 387
143148 391
143260 391
143372 399
143484 399
143596 403
143712 408
143828 408
143940 412
144052 414
144164 415
144276 415
144392 415
144504 415
144612 415
144724 415
144836 415
144948 415
145060 415
145172 415
145284 415
145404 414
145516 414
145628 412
145740 408
145852 408
145964 399
146080 399
146192 398
146304 391
146420 391
146532 385
146644 384
146760 384
146872 384
146984 369
147096 368
147208 359
147320 353
147436 352
147552 344
147664 335
147776 334
147888 319
148000 319
148112 316
148224 312
148336 304
148456 295
148568 287
148680 284
148792 280
148904 271
149016 255
149128 255
149240 252
149352 243
149472 240
149584 227
149696 224
149808 216
149920 207
150032 199
150144 195
150256 192
150368 185
150488 177
150600 172
150712 167
150824 159
150936 156
151048 152
151160 143
151276 135
151388 127
151504 127
151616 124
151728 120
151840 113
151956 112
152068 103
152180 103
152292 97
152404 96
152520 96
152636 92
152748 88
152860 88
152972 83
153084 79
153196 79
153308 79
153420 78
153540 76
153652 76
153764 71
153876 71
153988 71
154100 78
154212 78
154324 79
154436 79
154556 79
154668 81
154780 88
154892 88
155004 92
155116 96
155228 96
155340 97
155452 103
155572 103
155684 112
155796 113
155908 120
156020 124
156132 127
156244 127
156356 135
156472 143
156588 152
156700 156
156812 159
156924 167
157036 172
157152 177
157264 184
157376 192
157488 195
157600 199
157716 207
157832 216
157944 224
158056 227
158168 238
158280 241
158392 252
158504 255
158616 255
158736 271
158848 280
158960 284
159072 287
159184 295
159296 304
159408 312
159520 316
159632 319
159752 327
159864 334
159976 337
160088 344
160200 352
160312 353
160424 359
160536 368
160648 368
160768 384
160880 384
160992 384
161104 385
161216 391
161328 391
161440 398
161552 399
161668 403
161784 408
161896 408
162008 412
162120 412
162232 414
162348 415
162460 415
162572 415
162684 415
162800 415
162912 415
163028 415
163140 415
163252 415
163364 415
163476 415
163588 414
163700 412
163820 408
163932 408
164044 403
164156 399
164268 399
164380 391
164492 391
164604 387
164716 384
164836 384
164948 384
165060 369
165172 368
165284 359
165396 355
165508 352
165620 348
165732 344
165852 335
165964 327
166076 319
166188 318
166300 312
166412 304
166524 295
166636 287
166748 286
166868 280
166980 271
167092 255
167204 255
167316 252
167428 248
167540 240
167656 231
167768 224
167884 216
167996 209
168108 206
168220 199
168336 192
168448 188
168560 184
168672 176
168784 167
168900 159
169016 158
169128 152
169240 143
169352 135
169464 127
169576 127
169688 126
169800 120
169920 115
170032 112
170144 103
170256 103
170368 99
170480 96
170592 96
170704 92
170816 88
170936 88
171048 83
171160 79
171272 79
171384 79
171496 78
171608 76
171720 71
171832 71
171952 71
172064 71
172176 76
172288 78
172400 79
172512 79
172624 79
172736 81
172852 88
172964 88
173080 92
173192 96
173304 96
173416 97
173528 99
173640 103
173752 110
173872 112
173984 120
174096 124
174208 127
174320 127
174432 135
174544 143
174656 147
174772 152
174888 159
175000 163
175112 167
175224 176
175336 184
175452 192
175564 193
175676 199
175788 207
175904 216
176016 224
176132 227
176244 231
176356 241
176468 248
176580 255
176692 255
176804 255
176924 275
177036 284
177148 287
177260 295
177372 304
177484 307
177596 316
177708 319
177820 319
177940 332
178052 335
178164 344
178276 352
178388 353
178500 359
178612 366
178724 368
178836 376
178956 384
179068 384
179180 385
179292 391
179404 391
179516 398
179628 399
179740 399
179852 408
179972 408
180084 412
180196 412
180308 414
180420 415
180532 415
180648 415
180760 415
180872 415
180988 415
181100 415
181212 415
181328 415
181440 415
181552 415
181664 414
181776 412
181888 408
182004 408
182120 408
182232 399
182344 399
182456 396
182568 391
182680 387
182792 384
182904 384
183024 384
183136 376
183248 368
183360 359
183472 355
183584 352
183696 348
183808 344
183920 335
184040 327
184152 319
184264 319
184376 312
184488 305
184600 295
184712 291
184824 287
184936 280
185056 271
185168 255
185280 255
185392 254
185504 248
185616 240
185728 231
185840 225
185956 220
186072 216
186184 207
186296 199
186408 193
186520 192
186636 184
186748 176
186860 167
186972 163
187084 158
187200 152
187316 143
187428 142
187540 135
187652 127
187764 127
187876 120
187988 120
188100 112
188220 110
188332 103
188444 99
188556 97
188668 96
188780 92
188892 88
189004 88
189116 88
189236 81
189348 79
189460 79
189572 79
189684 78
189796 78
189908 71
190020 71
190132 71
190252 78
190364 78
190476 79
190588 79
190700 79
190812 79
190924 83
191036 88
191152 88
191268 92
191380 96
191492 97
191604 99
191716 103
191832 110
191944 112
192056 120
192168 120
192284 127
192396 127
192512 135
192624 142
192736 143
192848 152
192960 158
193072 159
193184 167
193304 176
193416 184
193528 192
193640 193
193752 199
193864 207
193976 216
194088 224
194200 225
194320 231
194432 240
194544 248
194656 255
194768 255
194880 255
194992 271
195104 280
195216 287
195336 291
195448 295
195560 305
195672 312
195784 318
195896 319
196008 327
196120 335
196232 344
196352 348
196464 352
196576 355
196688 359
196800 368
196912 376
197028 384
197140 384
197252 384
197368 387
197480 391
197592 396
197708 399
197820 399
197932 408
198044 408
198156 412
198268 412
198384 414
198500 415
198612 415
198724 415
198836 415
198948 415
199060 415
199172 415
199284 415
199404 415
199516 415
199628 415
199740 414
199852 412
199964 412
200076 408
200188 408
200300 399
200420 399
200532 398
200644 391
200756 387
200868 384
200980 384
201092 384
201204 376
201316 368
201436 364
201548 359
201660 352
201772 352
201884 344
201996 335
202108 327
202224 319
202336 319
202456 316
202568 305
202680 304
202792 295
202912 287
203024 284
203136 273
203248 255
203360 255
203472 255
203584 248
203696 240
203808 231
203928 227
204040 224
204152 216
204264 207
204376 199
204488 195
204600 192
204712 184
204824 176
204944 167
205056 163
205168 159
205280 152
205392 147
205504 143
205616 135
205732 127
205844 127
205960 124
206072 120
206184 112
206296 110
206412 103
206524 99
206636 97
206748 96
206860 92
206976 92
207092 88
207204 88
207316 81
207428 79
207540 79
207652 79
207764 78
207876 76
207996 71
208108 71
208220 71
208332 71
208444 78
208556 78
208668 79
208780 79
208892 79
209012 83
209124 88
209236 88
209348 92
209460 96
209572 96
209684 99
209796 103
209908 103
210020 112
210140 115
210252 120
210364 126
210476 127
210588 127
210700 135
210812 143
210928 152
211040 156
211156 159
211268 167
211380 176
211492 179
211604 188
211716 192
211828 199
211940 207
212052 209
212172 220
212284 224
212396 231
212508 240
212620 248
212732 252
212848 255
212960 255
213072 271
213188 280
213300 286
213412 287
213528 295
213640 304
213752 312
213864 318
213976 319
214088 327
214204 335
214320 337
214432 344
214544 352
214656 355
214768 359
214880 368
214992 369
215104 384
215224 384
215336 384
215448 387
215560 391
215672 391
215784 399
215896 399
216008 403
216120 408
216240 408
216352 412
216464 414
216576 414
216688 415
216800 415
216912 415
217024 415
217136 415
217256 415
217368 415
217480 415
217592 415
217704 415
217816 414
217928 412
218044 412
218156 408
218272 408
218384 399
218496 399
218608 398
218724 391
218836 391
218948 385
219060 384
219172 384
219288 384
219404 368
219516 368
219628 359
219740 353
219852 352
219964 344
220076 335
220188 334
220308 327
220420 319
220532 316
220644 312
220756 304
220868 295
220980 287
221092 284
221204 280
221324 271
221436 255
221548 255
221660 252
221772 243
221884 238
221996 227
222108 224
222220 216
222340 207
222452 199
222564 195
222676 192
222788 184
222900 177
223012 172
223124 167
223240 159
223356 156
223468 152
223580 143
223692 135
223804 127
223920 127
224032 124
224144 120
224256 113
224372 112
224484 103
224600 103
224712 97
224824 96
224936 96
225048 92
225160 88
225272 88
225392 81
225504 79
225616 79
225728 79
225840 78
225952 76
226064 71
226176 71
226288 71
226400 71
226520 76
226632 78
226744 79
226856 79
226968 79
227080 83
227192 88
227304 88
227416 92
227536 96
227648 96
227760 99
227872 103
227984 103
228096 112
228208 113
228320 120
228436 124
228552 127
228664 127
228776 135
228888 143
229000 152
229116 156
229228 159
229340 167
229452 174
229568 177
229680 184
229796 192
229908 199
230020 204
230132 207
230244 216
230356 224
230468 231
230588 240
230700 248
230812 252
230924 255
231036 255
231148 271
231260 280
