24 1023
136 1016
248 1008
360 999
472 992
584 984
696 975
812 967
924 961
1036 960
1148 952
1260 944
1372 931
1484 927
1596 920
1708 911
1828 903
1940 896
2052 896
2164 888
2276 880
2388 871
2504 864
2616 860
2728 847
2844 844
2956 831
3068 831
3184 824
3296 817
3408 814
3520 807
3632 799
3744 796
3860 783
3976 783
4088 775
4200 768
4312 768
4424 768
4536 768
4648 748
4760 739
4880 736
4992 728
5104 719
5216 716
5328 711
5440 704
5552 704
5664 696
5776 688
5896 684
6008 679
6120 671
6232 670
6344 664
6456 655
6568 654
6680 639
6792 639
6912 639
7024 636
7136 632
7248 624
7360 620
7472 615
7584 609
7700 608
7812 600
7928 600
8040 591
8152 583
8264 575
8380 575
8492 574
8604 568
8716 568
8828 560
8944 551
9060 547
9172 543
9284 542
9396 536
9508 536
9620 527
9732 526
9844 519
9964 515
10076 512
10188 511
10300 508
10412 504
10524 497
10636 496
10748 492
10860 487
10980 481
11092 480
11204 480
11316 472
11428 472
11540 463
11652 462
11764 455
11876 455
11996 449
12108 448
12220 448
12332 440
12444 440
12556 433
12668 432
12780 428
12896 423
13012 419
13124 415
13236 415
13348 412
13460 408
13576 408
13688 399
13800 399
13912 391
14028 391
14140 391
14256 385
14368 384
14480 384
14592 384
14704 384
14816 376
14928 368
15048 368
15160 364
15272 359
15384 359
15496 355
15608 352
15720 352
15832 352
15944 344
16056 344
16176 335
16288 335
16400 335
16512 327
16624 327
16736 319
16848 319
16960 319
17072 319
17192 318
17304 316
17416 312
17528 312
17640 305
17752 304
17864 304
17976 302
18092 295
18208 295
18320 295
18432 287
18544 287
18656 287
18772 286
18884 284
18996 280
19108 280
19224 280
19336 271
19452 271
19564 255
19676 255
19788 255
19900 255
20012 255
20124 255
20244 255
20356 255
20468 254
20580 252
20692 252
20804 248
20916 248
21028 248
21140 240
21260 240
21372 240
21484 238
21596 231
21708 231
21820 231
21932 227
22044 227
22156 224
22276 224
22388 224
22500 224
22612 220
22724 216
22836 216
22948 216
23060 211
23172 207
23292 207
23404 207
23516 206
23628 199
23740 199
23852 199
23964 199
24080 195
24192 195
24308 193
24420 192
24532 192
24644 192
24760 192
24872 192
24984 188
25096 184
25208 184
25324 184
25440 184
25552 177
25664 176
25776 176
25888 176
26000 176
26112 167
26224 167
26344 167
26456 167
26568 167
26680 163
26792 159
26904 159
27016 159
27128 159
27240 159
27360 159
27472 158
27584 156
27696 156
27808 152
27920 152
28032 152
28144 152
28256 152
28376 143
28488 143
28600 143
28712 143
28824 143
20 1020
132 1016
244 1004
364 993
476 992
588 984
700 975
812 967
924 960
1036 952
1148 944
1260 935
1380 927
1492 920
1604 911
1716 903
1828 896
1940 896
2052 888
2168 880
2280 871
2396 865
2508 864
2620 856
2732 847
2848 839
2960 831
3072 830
3184 824
3296 816
3412 812
3528 799
3640 799
3752 792
3864 783
3976 782
4088 775
4200 768
4312 768
4432 768
4544 768
4656 743
4768 739
4880 736
4992 728
5104 719
5216 718
5328 711
5448 705
5560 704
5672 696
5784 688
5896 686
6008 679
6120 671
6232 670
6344 664
6464 655
6576 655
6688 639
6800 639
6912 639
7024 636
7136 632
7248 624
7364 620
7480 615
7592 609
7704 608
7816 600
7928 600
8044 591
8156 583
8268 575
8380 575
8496 574
8608 568
8724 568
8836 560
8948 556
9060 551
9172 543
9284 543
9396 540
9516 536
9628 529
9740 527
9852 524
9964 519
10076 513
10188 511
10300 504
10412 504
10532 496
10644 494
10756 487
10868 483
10980 480
11092 480
11204 472
11316 472
11428 463
11548 463
11660 460
11772 455
11884 451
11996 449
12108 448
12220 448
12332 440
12444 440
12564 433
12676 432
12788 423
12900 423
13012 419
13124 415
13240 415
13352 412
13464 408
13580 408
13692 399
13804 399
13920 391
14032 391
14144 387
14256 385
14368 384
14480 384
14596 384
14712 384
14824 376
14936 368
15048 368
15160 359
15272 359
15384 355
15496 353
15608 352
15724 352
15836 348
15948 344
16060 344
16172 335
16284 335
16396 335
16508 327
16620 327
16740 319
16852 319
16964 319
17076 319
17188 318
17300 316
17412 312
17524 312
17640 305
17756 304
17868 304
17980 300
18092 295
18204 295
18320 291
18432 287
18544 287
18656 287
18772 286
18884 284
19000 280
19112 280
19224 275
19336 271
19448 255
19560 255
19672 255
19792 255
19904 255
20016 255
20128 255
20240 255
20352 255
20464 254
20576 252
20688 248
20808 248
20920 248
21032 243
21144 240
21256 240
21368 240
21480 238
21592 231
21704 231
21824 231
21936 227
22048 225
22160 224
22272 224
22384 224
22496 224
22608 220
22720 216
22840 216
22952 216
23064 211
23176 207
23288 207
23400 207
23516 207
23628 199
23740 199
23856 199
23968 199
24080 195
24196 195
24308 193
24420 192
24532 192
24644 192
24756 192
24872 192
24988 188
25100 184
25212 184
25324 184
25436 184
25548 177
25660 176
25772 176
25892 176
26004 176
26116 167
26228 167
26340 167
26452 167
26564 167
26676 163
26788 163
26908 159
27020 159
27132 159
27244 159
27356 159
27468 158
27580 156
27692 156
27804 152
27924 152
28036 152
28148 152
28260 147
28372 147
28484 143
28596 143
28708 143
28824 143
20 1023
132 1016
244 1008
356 999
468 992
580 984
692 975
804 967
924 960
1036 956
1148 945
1260 940
1372 927
1484 926
1596 920
1708 911
1820 903
1940 896
2052 896
2164 888
2276 880
2388 871
2500 864
2612 856
2724 847
2836 846
2956 831
3068 831
3180 828
3292 824
3404 816
3516 807
3628 799
3740 796
3856 792
3972 783
4084 775
4196 768
4308 768
4420 768
4536 768
4648 743
4760 739
4872 736
4988 728
5100 719
5216 718
5328 711
5440 705
5552 704
5664 696
5776 696
5888 688
6008 679
6120 671
6232 670
6344 664
6456 655
6568 655
6680 639
6792 639
6904 639
7024 636
7136 632
7248 624
7360 620
7472 615
7584 609
7696 608
7808 600
7920 595
8040 591
8152 583
8264 575
8376 575
8488 574
8600 572
8712 568
8824 560
8936 558
9056 551
9168 543
9280 543
9392 540
9504 536
9616 531
9732 527
9844 524
9956 519
10072 515
10184 511
10296 508
10412 504
10524 504
10636 496
10748 492
10860 487
10972 483
11088 480
11204 480
11316 472
11428 472
11540 463
11652 463
11764 455
11876 455
11988 451
12108 448
12220 448
12332 448
12444 440
12556 433
12668 432
12780 428
12892 423
13004 419
13124 415
13236 415
13348 412
13460 408
13572 408
13684 399
13796 399
13908 391
14020 391
14140 387
14252 385
14364 384
14476 384
14588 384
14700 384
14812 376
14928 368
15040 368
15156 359
15268 359
15380 355
15492 353
15608 352
15720 352
15832 348
15944 344
16056 344
16168 335
16284 335
16396 335
16508 327
16620 327
16732 319
16844 319
16956 319
17068 319
17180 318
17300 316
17412 312
17524 312
17636 305
17748 304
17860 304
17972 295
18088 295
18200 295
18316 287
18428 287
18540 287
18652 286
18768 284
18880 280
18992 280
19104 280
19216 271
19332 271
19448 255
19560 255
19672 255
19784 255
19896 255
20008 255
20120 255
20232 255
20352 255
20464 254
20576 252
20688 248
20800 248
20912 248
21024 243
21136 240
21248 240
21368 240
21480 236
21592 231
21704 231
21816 231
21928 227
22040 227
22152 224
22264 224
22384 224
22496 224
22608 220
22720 216
22832 216
22944 216
23056 207
23168 207
23284 207
23400 199
23512 199
23624 199
23736 199
23848 199
23964 195
24076 195
24188 193
24300 192
24416 192
24528 192
24644 192
24756 192
24868 192
24980 184
25092 184
25204 184
25316 184
25436 184
25548 177
25660 176
25772 176
25884 176
25996 176
26108 172
26220 167
26332 167
26452 167
26564 167
26676 163
26788 163
26900 159
27012 159
27124 159
27236 159
27348 159
27468 158
27580 156
27692 156
27804 152
27916 152
28028 152
28140 152
28252 152
28364 147
28484 143
28596 143
28708 143
28820 143
20 1022
132 1016
244 1008
356 995
476 992
588 984
700 975
812 967
924 960
1036 952
1148 945
1260 940
1372 927
1492 924
1604 920
1716 911
1828 903
1940 896
2052 896
2164 888
2276 876
2388 867
2508 864
2620 856
2732 847
2844 844
2956 831
3068 831
3180 824
3292 816
3404 807
3524 799
3636 798
3748 792
3860 783
3972 775
4084 771
4196 768
4312 768
4424 768
4540 768
4652 743
4764 736
4876 736
4992 728
5104 719
5216 711
5328 707
5440 704
5556 704
5672 696
5784 688
5896 684
6008 679
6120 671
6232 670
6344 664
6456 655
6576 654
6688 639
6800 639
6912 639
7024 636
7136 632
7248 624
7360 620
7472 615
7592 608
7704 608
7816 600
7928 600
8040 591
8152 583
8264 575
8376 575
8488 574
8608 568
8720 568
8832 560
8944 556
9056 551
9168 543
9280 543
9392 540
9508 536
9624 527
9736 527
9848 519
9960 519
10072 515
10188 511
10300 508
10412 504
10524 504
10640 496
10752 492
10868 487
10980 483
11092 480
11204 480
11316 472
11428 472
11540 463
11660 463
11772 455
11884 455
11996 451
12108 448
12220 448
12332 448
12444 440
12556 433
12676 432
12788 428
12900 423
13012 419
13124 415
13236 415
13348 412
13460 408
13572 408
13692 399
13804 399
13916 391
14028 391
14140 387
14252 385
14364 384
14476 384
14588 384
14708 384
14820 376
14932 368
15044 368
15156 368
15268 359
15384 355
15496 355
15608 352
15724 352
15836 348
15948 344
16064 344
16176 335
16288 335
16400 334
16512 327
16624 327
16736 319
16852 319
16964 319
17076 318
17188 316
17300 312
17412 312
17524 312
17636 305
17748 304
17868 304
17980 295
18092 295
18204 295
18316 287
18428 287
18544 287
18656 287
18768 284
18884 284
18996 280
19108 280
19224 271
19336 271
19448 255
19560 255
19672 255
19784 255
19900 255
20016 255
20128 255
20240 255
20352 255
20464 254
20576 252
20688 248
20800 248
20920 248
21032 243
21144 240
21256 240
21368 240
21480 238
21592 231
21704 231
21816 227
21936 227
22048 225
22160 224
22272 224
22384 224
22496 224
22608 220
22720 216
22832 216
22952 216
23064 211
23176 207
23288 207
23400 207
23512 207
23624 199
23740 199
23852 199
23968 199
24080 195
24192 195
24304 193
24420 192
24532 192
24644 192
24756 192
24868 192
24984 188
25100 184
25212 184
25324 184
25436 184
25548 177
25660 176
25772 176
25884 176
26004 176
26116 174
26228 167
26340 167
26452 167
26564 167
26676 163
26788 163
26900 159
27020 159
27132 159
27244 159
27356 159
27468 158
27580 156
27692 156
27804 152
27916 152
28036 152
28148 152
28260 152
28372 145
28484 143
28596 143
28708 143
28820 143
20 1022
132 1016
244 1008
356 999
468 992
580 984
692 975
808 967
920 960
1036 956
1148 945
1260 940
1372 927
1484 926
1600 920
1712 911
1824 903
1936 896
2052 896
2164 881
2280 876
2392 867
2504 864
2616 856
2728 847
2840 839
2952 831
3072 830
3184 824
3296 816
3408 812
3520 799
3632 799
3744 792
3856 783
3968 782
4088 775
4200 768
4312 768
4424 768
4536 768
4648 743
4760 739
4872 736
4984 728
5104 719
5216 718
5328 711
5440 705
5552 704
5664 696
5776 696
5888 688
6000 679
6120 671
6232 670
6344 664
6456 655
6568 655
6680 639
6796 639
6908 639
7020 636
7136 632
7248 624
7360 620
7472 615
7588 609
7700 608
7812 604
7924 600
8036 591
8152 588
8268 575
8380 575
8492 575
8604 568
8716 568
8828 560
8940 551
9052 551
9172 543
9284 542
9396 540
9508 536
9620 527
9732 526
9844 519
9956 519
10068 513
10188 511
10300 508
10412 504
10524 497
10636 496
10748 492
10860 487
10972 483
11084 480
11204 480
11316 476
11428 472
11540 463
11652 463
11764 460
11876 455
11988 451
12104 448
12220 448
12332 448
12444 440
12556 440
12668 432
12784 430
12896 423
13008 419
13120 415
13236 415
13348 414
13464 408
13576 408
13688 399
13800 399
13912 398
14024 391
14136 391
14256 385
14368 384
14480 384
14592 384
14704 384
14816 376
14928 368
15040 368
15152 368
15264 359
15384 359
15496 355
15608 352
15720 352
15832 352
15944 344
16056 344
16168 339
16280 335
16400 335
16512 327
16624 327
16736 319
16848 319
16960 319
17072 319
17184 318
17300 316
17416 312
17528 312
17640 305
17752 304
17864 304
17980 300
18092 295
18204 295
18316 287
18432 287
18544 287
18660 287
18772 286
18884 284
18996 280
19108 280
19220 275
19332 271
19452 255
19564 255
19676 255
19788 255
19900 255
20012 255
20124 255
20236 255
20348 255
20468 254
20580 252
20692 248
20804 248
20916 248
21028 243
21140 240
21252 240
21364 240
21484 231
21596 231
21708 231
21820 227
21932 227
22044 225
22156 224
22268 224
22380 224
22500 224
22612 220
22724 216
22836 216
22948 216
23060 211
23176 207
23288 207
23400 207
23516 206
23628 199
23740 199
23856 199
23968 199
24080 195
24192 195
24304 193
24416 192
24532 192
24648 192
24760 192
24872 192
24984 188
25096 184
25208 184
25320 184
25432 184
25552 177
25664 176
25776 176
25888 176
26000 176
26112 167
26224 167
26336 167
26448 167
26568 167
26680 163
26792 159
26904 159
27016 159
27128 159
27240 159
27352 159
27464 158
27584 156
27696 156
27808 152
27920 152
28032 152
28144 152
28256 152
28372 145
28484 143
28600 143
28712 143
28824 143
