20 0
132 7
252 15
364 24
476 31
588 39
700 48
812 56
924 62
1036 63
1148 71
1268 81
1380 92
1492 97
1604 103
1716 112
1828 120
1944 126
2056 127
2168 135
2280 143
2396 152
2508 159
2624 163
2736 174
2848 177
2960 184
3072 192
3184 199
3296 199
3416 207
3528 216
3640 224
3752 227
3864 231
3976 240
4088 248
4200 254
4312 255
4432 255
4544 255
4656 275
4768 284
4880 287
4992 287
5104 295
5216 304
5328 312
5448 316
5560 319
5672 319
5784 327
5896 335
6008 344
6120 352
6232 352
6344 355
6464 359
6576 368
6688 376
6800 384
6912 384
7024 384
7140 391
7252 391
7364 399
7480 408
7592 412
7704 415
7820 415
7932 423
8044 432
8156 433
8268 440
8380 448
8496 448
8612 451
8724 455
8836 462
8948 463
9060 472
9172 476
9284 480
9396 481
9516 487
9628 492
9740 496
9852 499
9964 504
10076 508
10188 511
10300 513
10412 519
10532 519
10644 527
10756 527
10868 536
10980 540
11092 542
11204 543
11316 547
11428 551
11548 556
11660 560
11772 561
11884 568
11996 572
12108 575
12220 575
12336 575
12448 575
12564 583
12676 591
12788 591
12900 600
13016 600
13128 608
13240 608
13352 609
13464 611
13580 615
13696 620
13808 624
13920 625
14032 632
14144 632
14256 636
14368 639
14480 639
14600 639
14712 639
14824 639
14936 652
15048 655
15160 655
15272 664
15384 664
15496 668
15616 670
15728 671
15840 671
15952 675
16064 679
16176 684
16288 688
16400 688
16512 696
16632 696
16744 696
16856 704
16968 704
17080 704
17192 704
17304 707
17416 711
17532 711
17644 711
17760 719
17872 719
17984 719
18096 728
18212 728
18324 732
18436 736
18548 736
18660 736
18776 737
18888 739
19000 743
19112 743
19224 743
19336 768
19448 768
19560 768
19672 768
19792 768
19904 768
20016 768
20128 768
20240 768
20352 768
20464 768
20576 769
20692 771
20808 775
20920 775
21032 775
21144 780
21256 783
21372 783
21484 783
21596 783
21708 792
21824 792
21936 796
22052 796
22164 798
22276 799
22388 799
22500 799
22612 799
22724 799
22844 807
22956 807
23068 807
23180 812
23292 816
23404 816
23516 816
23628 817
23740 824
23860 824
23972 824
24084 824
24196 828
24308 828
24420 830
24532 831
24644 831
24756 831
24876 831
24988 831
25100 831
25212 839
25324 839
25436 839
25548 844
25660 846
25772 847
25892 847
26004 847
26116 847
26228 847
26340 847
26452 856
26568 856
26680 856
26792 856
26908 860
27020 860
27132 864
27248 864
27360 864
27472 864
27584 865
27696 867
27808 867
27924 867
28040 871
28152 871
28264 871
28376 871
28488 876
28600 878
28712 880
28824 880
20 0
132 7
244 15
356 24
468 31
580 39
692 48
812 56
924 62
1036 63
1148 71
1260 81
1372 92
1484 96
1596 103
1708 112
1820 120
1940 126
2052 127
2164 135
2276 143
2388 152
2500 159
2612 163
2724 174
2836 177
2956 188
3068 192
3180 195
3292 199
3404 207
3516 216
3628 224
3740 227
3852 231
3972 240
4084 248
4196 255
4308 255
4420 255
4532 255
4644 280
4756 284
4872 287
4988 291
5100 295
5212 304
5324 312
5436 316
5548 319
5664 319
5776 327
5888 335
6004 344
6116 352
6228 352
6344 355
6456 359
6568 368
6680 376
6792 384
6904 384
7020 387
7136 391
7248 398
7360 399
7472 408
7584 412
7696 415
7808 419
7920 423
8040 432
8152 433
8264 440
8376 448
8488 448
8600 449
8712 451
8824 455
8936 463
9056 463
9168 472
9280 476
9392 480
9504 483
9616 487
9728 496
9840 496
9952 504
10072 508
10184 511
10296 513
10408 515
10520 519
10632 526
10744 527
10860 536
10972 536
11088 542
11200 543
11312 543
11424 551
11540 556
11652 560
11764 561
11876 568
11988 572
12104 574
12220 575
12332 575
12444 575
12556 583
12668 591
12780 591
12892 600
13004 600
13124 604
13236 608
13348 608
13460 611
13572 615
13684 620
13796 624
13908 625
14020 632
14140 632
14252 636
14364 639
14476 639
14588 639
14700 639
14812 639
14924 654
15036 655
15156 655
15268 664
15380 664
15492 668
15604 671
15716 671
15828 671
15940 675
16056 679
16172 679
16284 688
16396 688
16508 696
16620 696
16736 696
16848 704
16960 704
17072 704
17188 705
17300 707
17416 711
17528 711
17640 716
17752 719
17864 719
17976 719
18088 728
18200 728
18316 732
18428 736
18540 736
18652 736
18764 737
18876 739
18988 743
19100 743
19212 748
19332 768
19444 768
19556 768
19668 768
19780 768
19892 768
20004 768
20116 768
20228 768
20348 768
20460 768
20572 769
20684 771
20796 775
20908 775
21020 775
21136 782
21248 783
21364 783
21476 783
21588 783
21700 792
21816 792
21928 792
22040 796
22152 798
22264 799
22380 799
22496 799
22608 799
22720 799
22832 807
22944 807
23056 807
23168 812
23280 816
23400 816
23512 816
23624 817
23736 824
23848 824
23960 824
24072 824
24184 828
24296 828
24416 830
24528 831
24640 831
24752 831
24864 831
24976 831
25088 831
25200 831
25312 839
25432 839
25544 839
25656 844
25768 847
25880 847
25992 847
26104 847
26216 847
26332 856
26448 856
26560 856
26672 856
26784 860
26896 860
27012 864
27124 864
27236 864
27348 864
27464 864
27576 865
27692 867
27804 867
27916 871
28028 871
28140 871
28252 871
28364 871
28484 876
28596 876
28708 880
28820 880
20 0
132 7
244 15
364 24
476 31
588 39
700 48
812 56
924 63
1036 63
1148 71
1260 81
1372 92
1492 96
1604 103
1716 112
1828 120
1940 126
2052 127
2164 135
2276 143
2392 152
2508 159
2620 163
2732 174
2844 177
2956 184
3072 192
3184 195
3296 199
3408 207
3524 220
3636 224
3748 227
3864 231
3976 240
4088 248
4200 254
4312 255
4424 255
4540 255
4656 280
4768 284
4880 287
4992 291
5104 295
5216 304
5328 312
5440 316
5560 319
5672 319
5784 327
5896 335
6008 344
6120 352
6232 352
6344 355
6456 359
6576 368
6688 376
6800 384
6912 384
7024 387
7136 391
7248 399
7360 399
7472 408
7592 412
7704 415
7816 419
7928 423
8040 432
8152 433
8264 440
8380 448
8492 448
8608 451
8720 455
8832 462
8944 463
9060 472
9172 476
9284 480
9396 480
9508 483
9624 487
9740 496
9852 497
9964 504
10076 508
10188 511
10300 513
10412 519
10524 519
10644 527
10756 527
10868 536
10980 536
11092 542
11204 543
11316 543
11428 551
11540 556
11660 560
11772 561
11884 568
11996 572
12108 574
12220 575
12332 575
12444 575
12556 583
12676 590
12788 591
12900 600
13012 600
13124 604
13236 608
13348 608
13460 611
13576 615
13692 615
13804 624
13916 624
14028 632
14140 632
14256 636
14368 638
14480 639
14592 639
14708 639
14820 639
14936 652
15048 655
15160 655
15272 664
15384 664
15496 668
15608 670
15728 671
15840 671
15952 671
16064 679
16176 679
16288 688
16400 688
16512 688
16624 696
16736 696
16856 696
16968 696
17080 704
17192 704
17304 704
17416 707
17528 711
17640 711
17752 718
17872 719
17984 719
18096 728
18208 728
18320 728
18432 736
18544 736
18656 736
18768 737
18888 739
19000 743
19112 743
19224 748
19336 768
19448 768
19560 768
19672 768
19784 768
19904 768
20016 768
20128 768
20240 768
20352 768
20464 768
20576 768
20692 771
20804 771
20920 771
21032 775
21144 775
21256 775
21372 780
21484 782
21596 783
21708 783
21820 783
21936 792
22052 792
22164 796
22276 796
22388 796
22500 799
22612 799
22724 799
22836 799
22956 807
23068 807
23180 812
23292 816
23404 816
23516 816
23628 824
23740 824
23852 824
23972 824
24084 828
24196 828
24308 830
24420 831
24532 831
24644 831
24756 831
24868 831
24988 831
25100 831
25212 839
25324 839
25436 844
25548 846
25660 847
25772 847
25888 847
26004 847
26116 847
26228 856
26340 856
26452 856
26568 856
26680 860
26792 860
26904 864
27020 864
27132 864
27248 864
27360 865
27472 865
27584 867
27696 867
27808 871
27920 871
28040 871
28152 871
28264 876
28376 876
28488 880
28600 880
28712 880
28824 880
16 0
132 7
244 15
356 24
468 31
580 39
692 48
804 56
924 62
1036 63
1148 71
1260 81
1372 92
1484 96
1596 103
1708 112
1820 120
1932 126
2052 127
2164 135
2276 143
2388 152
2500 159
2612 163
2724 174
2836 177
2948 184
3068 192
3180 195
3292 199
3404 207
3516 220
3628 224
3740 227
3852 231
3964 240
4084 248
4196 254
4308 255
4420 255
4532 255
4644 280
4760 284
4872 287
4984 291
5100 295
5212 304
5324 312
5440 316
5552 319
5664 319
5776 327
5888 335
6000 344
6116 352
6232 352
6344 355
6456 359
6568 368
6680 376
6792 384
6904 384
7016 385
7136 391
7248 399
7360 399
7472 408
7584 412
7696 415
7808 419
7920 423
8032 432
8152 433
8264 440
8376 448
8488 448
8600 451
8712 455
8824 462
8936 463
9048 472
9168 476
9280 480
9392 481
9504 487
9616 487
9728 496
9840 497
9956 504
10068 508
10184 511
10296 513
10408 519
10520 519
10632 527
10748 527
10860 536
10972 540
11084 542
11200 543
11312 543
11428 551
11540 556
11652 560
11764 561
11876 568
11988 572
12100 574
12220 575
12332 575
12444 575
12556 583
12668 591
12780 591
12892 600
13004 600
13116 608
13236 608
13348 608
13460 611
13572 615
13684 615
13796 624
13908 624
14020 632
14132 632
14252 636
14364 636
14476 639
14588 639
14700 639
14812 639
14924 639
15036 652
15148 655
15268 655
15380 664
15492 664
15604 668
15716 671
15828 671
15944 671
16056 679
16168 679
16284 686
16396 688
16508 688
16624 696
16736 696
16848 704
16960 704
17072 704
17184 704
17300 705
17416 707
17528 711
17640 711
17752 718
17864 719
17976 719
18088 728
18200 728
18312 728
18428 736
18540 736
18652 736
18764 736
18876 739
18988 739
19100 743
19212 743
19324 768
19444 768
19556 768
19668 768
19780 768
19892 768
20004 768
20116 768
20228 768
20344 768
20460 768
20572 769
20684 771
20796 775
20908 775
21024 780
21136 782
21248 783
21360 783
21476 783
21588 783
21704 792
21816 792
21928 792
22040 796
22152 798
22264 799
22376 799
22496 799
22608 799
22720 799
22832 807
22944 807
23056 807
23168 812
23280 816
23392 816
23512 816
23624 817
23736 824
23848 824
23960 824
24072 824
24184 828
24296 828
24408 830
24528 831
24640 831
24752 831
24864 831
24976 831
25088 831
25200 839
25312 839
25424 839
25544 844
25656 846
25768 847
25880 847
25992 847
26104 847
26220 856
26332 856
26444 856
26560 856
26672 856
26784 860
26900 864
27012 864
27124 864
27236 864
27348 864
27460 864
27576 865
27692 867
27804 867
27916 871
28028 871
28140 871
28252 871
28364 876
28476 876
28596 880
28708 880
28820 880
20 0
132 7
244 15
360 24
476 31
588 39
700 48
812 56
924 62
1040 63
1152 71
1264 81
1376 92
1492 96
1604 103
1720 112
1832 120
1944 126
2056 127
2168 135
2280 143
2392 152
2504 159
2624 163
2736 174
2848 177
2960 184
3072 192
3184 195
3296 199
3408 207
3520 216
3640 224
3752 227
3864 231
3976 240
4088 248
4200 254
4312 255
4424 255
4536 255
4656 280
4768 284
4880 287
4992 291
5104 295
5216 304
5328 312
5440 316
5556 319
5672 319
5784 327
5896 335
6008 344
6120 348
6236 352
6348 355
6460 359
6572 368
6688 376
6800 384
6916 384
7028 385
7140 391
7252 391
7364 399
7476 408
7588 412
7708 415
7820 415
7932 423
8044 432
8156 433
8268 440
8380 448
8492 448
8604 451
8724 455
8836 463
8948 463
9060 472
9172 476
9284 480
9396 483
9508 487
9620 494
9740 496
9852 504
9964 504
10076 510
10188 512
10300 515
10412 519
10524 519
10636 527
10756 527
10868 536
10980 540
11092 542
11204 543
11316 543
11432 551
11544 556
11656 560
11772 568
11884 568
11996 572
12112 575
12224 575
12336 575
12448 575
12560 583
12672 591
12788 591
12904 600
13016 600
13128 608
13240 608
13352 609
13464 611
13576 615
13688 615
13808 622
13920 624
14032 625
14144 632
14256 632
14368 638
14480 639
14592 639
14704 639
14824 639
14936 654
15048 655
15160 655
15272 664
15384 664
15496 668
15608 671
15720 671
15840 671
15952 675
16064 679
16176 684
16288 688
16400 688
16512 696
16628 696
16740 696
16856 704
16968 704
17080 704
17192 704
17308 707
17420 711
17532 711
17644 711
17756 718
17872 719
17984 719
18100 728
18212 728
18324 728
18436 736
18548 736
18660 736
18772 736
18884 739
19000 739
19112 743
19224 743
19336 768
19448 768
19560 768
19672 768
19784 768
19896 768
20016 768
20128 768
20240 768
20352 768
20464 768
20576 769
20688 771
20800 775
20912 775
21032 775
21144 780
21256 782
21368 783
21480 783
21592 783
21704 792
21820 792
21932 792
22048 796
22160 798
22272 799
22384 799
22500 799
22612 799
22724 799
22836 807
22948 807
23064 807
23180 812
23292 816
23404 816
23516 816
23628 816
23740 824
23852 824
23964 824
24084 824
24196 824
24308 828
24420 830
24532 831
24644 831
24756 831
24868 831
24980 831
25100 831
25212 839
25324 839
25436 839
25548 844
25660 846
25772 847
25884 847
25996 847
26116 847
26228 856
26340 856
26452 856
26564 856
26676 856
26788 860
26900 860
27016 864
27132 864
27244 864
27356 864
27468 865
27580 867
27696 867
27808 867
27920 871
28032 871
28148 871
28260 871
28376 876
28488 880
28600 880
28712 880
28824 880
