20 0
232 15
444 30
656 39
872 60
1084 71
1296 88
1512 97
1728 112
1940 126
2152 135
2364 152
2576 159
2796 176
3008 192
3220 199
3432 211
3644 224
3864 231
4076 248
4288 255
4500 255
4712 280
4932 287
5144 304
5356 312
5568 319
5780 327
6000 344
6212 352
6424 359
6636 371
6856 384
7068 387
7280 399
7492 408
7704 415
7924 423
8136 433
8348 448
8560 451
8772 455
8992 467
9204 480
9416 481
9628 492
9840 497
10060 508
10272 513
10484 519
10696 527
10908 536
11124 543
11340 547
11552 556
11764 561
11980 572
12192 575
12408 575
12620 590
12832 591
13048 604
13260 608
13472 611
13688 620
13900 624
14116 632
14328 638
14540 639
14752 639
14968 639
15184 655
15396 664
15608 668
15820 671
16032 679
16252 688
16464 688
16676 696
16888 704
17108 704
17320 707
17532 711
17744 719
17956 719
18176 728
18388 736
18600 736
18812 737
19024 743
19244 748
19456 768
19668 768
19880 768
20092 768
20312 768
20524 769
20736 771
20948 775
21168 782
21380 783
21592 783
21804 792
22016 796
22236 798
22448 799
22660 799
22872 807
23084 807
23304 816
23516 816
23728 824
23940 824
24152 824
24368 828
24584 831
24796 831
25008 831
25220 831
25436 839
25652 846
25864 847
26076 847
26292 847
26504 856
26716 856
26932 860
27144 864
27360 864
27572 867
27784 867
27996 871
28212 876
28428 876
28640 880
28852 880
29064 880
29276 880
29496 888
29708 888
29920 896
30132 896
30344 896
30564 896
30776 896
30988 899
31200 899
31420 903
31632 903
31844 908
32056 910
32268 911
32488 911
32700 911
32912 911
33124 920
33336 920
33556 920
33768 924
33980 924
34192 924
34404 926
34624 927
34836 927
35048 927
35260 927
35472 927
35692 927
35904 931
36116 935
36328 935
36544 935
36760 940
36972 944
37184 944
37396 944
37612 944
37828 945
38040 952
38252 952
38464 952
38680 952
38892 952
39108 952
39320 952
39532 960
39748 960
39960 960
40172 960
40388 960
40600 960
40816 960
41028 960
41240 960
41452 961
41672 961
41884 961
42096 963
42308 963
42520 963
42740 967
42952 967
43164 967
43376 967
43588 967
43808 972
44020 972
44232 972
44444 967
44656 967
44876 967
45088 972
45300 974
45512 975
45724 975
45944 975
46156 975
46368 984
46580 984
46800 984
47012 984
47224 984
47436 984
47648 984
47868 988
48080 988
48292 988
48504 988
48716 988
48936 988
49148 988
49360 988
49572 992
49784 992
50004 992
50216 992
50428 992
50640 992
50852 992
51072 992
51284 992
51496 993
51708 993
51924 993
52136 993
52352 993
52564 995
52776 995
52992 995
53204 995
53416 995
53632 995
53844 999
54060 999
54272 999
54484 999
20 0
232 15
444 30
660 39
872 56
1088 71
1300 88
1512 97
1724 112
1940 126
2156 135
2368 152
2580 159
2792 176
3012 192
3224 199
3436 216
3648 224
3860 231
4080 248
4292 255
4504 255
4716 280
4928 287
5148 304
5360 312
5572 319
5784 327
5996 344
6216 352
6428 359
6640 369
6852 384
7064 387
7284 399
7496 408
7708 415
7920 423
8136 432
8348 448
8564 449
8776 455
8988 463
9204 476
9416 481
9628 487
9844 497
10056 504
10272 512
10484 519
10696 527
10908 536
11124 542
11340 543
11552 556
11764 561
11976 568
12196 575
12408 575
12620 590
12832 591
13044 600
13264 608
13476 611
13688 620
13900 624
14112 632
14332 638
14544 639
14756 639
14968 654
15180 655
15400 664
15612 668
15824 671
16036 679
16248 684
16468 688
16680 696
16892 704
17104 704
17324 707
17536 711
17748 718
17960 719
18172 728
18392 736
18604 736
18816 737
19028 743
19240 748
19460 768
19672 768
19884 768
20096 768
20308 768
20524 769
20740 771
20952 775
21164 782
21376 783
21592 783
21808 792
22020 796
22232 798
22448 799
22660 799
22872 807
23088 807
23300 816
23516 816
23728 824
23940 824
24152 824
24368 828
24584 831
24796 831
25008 831
25220 839
25432 839
25652 846
25864 847
26076 847
26288 856
26500 856
26720 860
26932 860
27144 864
27356 864
27576 865
27788 867
28000 871
28212 871
28424 876
28644 880
28856 880
29068 880
29280 888
29492 888
29712 896
29924 896
30136 896
30348 896
30560 896
30780 896
30992 897
31204 899
31416 903
31628 903
31848 903
32060 908
32272 910
32484 911
32700 911
32916 911
33128 911
33340 920
33552 920
33768 920
33984 920
34196 924
34408 924
34620 926
34836 927
35048 927
35264 927
35476 927
35688 931
35904 935
36116 935
36328 935
36544 940
36756 940
36972 942
37184 944
37396 944
37608 944
37828 944
38040 945
38252 952
38464 952
38676 952
38896 952
39108 952
39320 952
39532 960
39744 960
39964 960
40176 960
40388 960
40600 960
40812 960
41032 960
41244 960
41456 961
41668 963
41880 963
42100 963
42312 963
42524 967
42736 967
42952 967
43168 967
43380 967
43592 972
43804 972
44020 972
44232 972
44448 974
44660 975
44872 975
45088 975
45300 975
45512 975
45728 974
45940 975
46156 975
46368 975
46580 975
46792 975
47012 984
47224 984
47436 984
47648 984
47860 984
48080 984
48292 988
48504 988
48716 988
48928 988
49148 988
49360 992
49572 992
49784 992
49996 992
50216 992
50428 992
50640 992
50852 992
51064 992
51284 992
51496 992
51708 992
51920 992
52140 992
52352 993
52564 993
52776 993
52988 995
53208 995
53420 995
53632 995
53844 995
54056 995
54276 995
54488 995
20 0
240 15
452 31
664 39
876 60
1088 71
1308 88
1520 97
1732 112
1944 126
2156 135
2372 152
2588 159
2800 176
3012 192
3228 199
3440 211
3656 224
3868 231
4080 248
4296 255
4508 255
4720 280
4936 287
5148 304
5364 312
5576 319
5788 327
6000 344
6216 352
6432 359
6644 369
6856 384
7068 387
7280 398
7500 408
7712 415
7924 423
8136 432
8356 448
8568 451
8780 460
8992 472
9204 480
9424 483
9636 494
9848 504
10060 508
10272 513
10492 519
10704 527
10916 536
11128 543
11340 551
11560 560
11772 568
11984 572
12196 575
12408 575
12628 591
12840 600
13052 604
13264 608
13484 615
13696 624
13908 625
14120 632
14332 639
14552 639
14764 639
14976 655
15188 655
15400 664
15616 670
15832 671
16044 671
16256 679
16468 684
16684 688
16900 696
17112 704
17324 704
17536 711
17752 716
17964 719
18180 728
18392 732
18608 736
18820 737
19032 743
19244 748
19460 768
19676 768
19888 768
20100 768
20312 768
20524 768
20744 771
20956 775
21168 782
21380 783
21592 792
21812 792
22024 796
22236 799
22448 799
22660 799
22880 807
23092 812
23304 816
23516 816
23736 824
23948 824
24160 828
24372 831
24584 831
24804 831
25016 831
25228 839
25440 839
25652 846
25872 847
26084 847
26296 856
26508 856
26720 860
26940 864
27152 864
27364 864
27576 867
27796 871
28008 871
28220 876
28432 878
28644 880
28860 880
29076 888
29288 888
29500 896
29712 896
29928 896
30140 896
30356 896
30568 896
30780 897
30996 899
31208 899
31420 903
31636 903
31848 908
32064 908
32276 910
32488 911
32700 911
32920 911
33132 920
33344 920
33556 920
33768 924
33988 924
34200 924
34412 926
34624 927
34836 927
35056 927
35268 927
35480 927
35692 935
35904 935
36124 935
36336 935
36548 940
36760 940
36972 942
37192 944
37404 944
37616 944
37828 944
38048 945
38260 952
38472 952
38684 952
38896 952
39116 952
39328 952
39540 960
39752 960
39964 960
40184 960
40396 960
40608 960
40820 960
41032 960
41252 960
41464 961
41676 961
41888 961
42100 963
42316 963
42532 967
42744 967
42956 967
43172 967
43384 967
43600 967
43812 972
44024 974
44240 974
44452 975
44664 975
44880 975
45092 975
45308 975
45520 975
45732 975
45944 975
46160 975
46376 975
46588 975
46800 975
47012 975
47224 975
47444 984
47656 984
47868 984
48080 984
48300 988
48512 988
48724 988
48936 992
49148 992
49368 992
49580 992
49792 992
50004 992
50216 992
50436 992
50648 992
50860 992
51072 992
51284 993
51504 993
51716 993
51928 993
52140 993
52352 993
52572 993
52784 995
52996 995
53208 995
53428 995
53640 995
53852 995
54064 999
54276 999
54496 999
20 0
232 15
452 31
664 39
876 60
1088 71
1300 88
1520 99
1732 112
1944 127
2156 135
2368 152
2588 159
2800 176
3012 192
3224 199
3436 211
3656 224
3868 231
4080 248
4292 255
4512 255
4724 280
4936 287
5148 304
5360 312
5576 319
5792 327
6004 344
6216 352
6428 359
6644 369
6860 384
7072 387
7284 399
7496 408
7712 415
7924 423
8140 432
8352 448
8564 449
8780 455
8992 465
9204 476
9420 481
9636 487
9848 497
10060 508
10272 512
10484 519
10704 527
10916 536
11128 543
11340 547
11552 556
11772 561
11984 572
12196 575
12408 575
12620 590
12840 591
13052 600
13264 608
13476 611
13688 620
13908 624
14120 632
14332 638
14544 639
14764 639
14976 655
15188 655
15400 664
15612 670
15832 671
16044 679
16256 684
16468 688
16680 696
16900 696
17112 704
17324 704
17536 707
17748 711
17968 718
18180 719
18392 728
18604 732
18820 736
19036 739
19248 743
19460 768
19672 768
19888 768
20104 768
20316 768
20528 769
20740 775
20956 775
21168 783
21384 783
21596 792
21808 792
22024 796
22236 799
22448 799
22664 807
22876 807
23092 812
23304 816
23516 816
23728 824
23948 824
24160 828
24372 830
24584 831
24796 831
25016 831
25228 839
25440 839
25652 846
25864 847
26084 847
26296 856
26508 856
26720 860
26932 864
27152 864
27364 864
27576 865
27788 867
28000 871
28220 871
28432 880
28644 880
28856 880
29076 880
29288 888
29500 888
29712 896
29924 896
30144 896
30356 896
30568 896
30780 896
30992 897
31212 899
31424 903
31636 903
31848 903
32060 908
32276 911
32492 911
32704 911
32916 911
33128 920
33344 920
33560 920
33772 920
33984 924
34200 924
34412 924
34624 926
34840 927
35052 927
35268 927
35480 927
35692 931
35904 935
36120 935
36336 935
36548 940
36760 940
36972 944
37184 944
37404 944
37616 944
37828 952
38040 952
38252 952
38472 952
38684 952
38896 952
39108 952
39328 952
39540 952
39752 952
39964 952
40176 960
40396 960
40608 960
40820 960
41032 960
41244 961
41464 961
41676 963
41888 963
42100 967
42312 967
42532 967
42744 967
42956 967
43168 967
43380 967
43600 972
43812 972
44024 974
44236 975
44456 975
44668 975
44880 975
45092 975
45304 975
45520 975
45736 975
45948 975
46160 984
46372 984
46588 984
46804 984
47016 975
47228 975
47440 975
47656 975
47868 975
48084 975
48296 984
48508 984
48724 984
48936 988
49148 988
49364 988
49580 988
49792 992
50004 992
50216 992
50428 992
50648 992
50860 992
51072 992
51284 992
51496 992
51716 992
51928 993
52140 993
52352 995
52564 995
52784 995
52996 999
53208 995
53420 995
53640 995
53852 999
54064 999
54276 999
54488 999
20 0
232 15
444 30
660 39
876 60
1088 71
1300 88
1512 97
1728 112
1940 126
2156 135
2368 152
2580 159
2796 176
3008 192
3220 199
3436 211
3648 224
3864 231
4076 248
4288 255
4500 255
4716 280
4932 287
5144 304
5356 312
5568 319
5788 327
6000 344
6212 352
6424 359
6636 369
6856 384
7068 387
7280 399
7492 408
7704 415
7924 423
8136 433
8348 448
8560 449
8772 455
8992 467
9204 476
9416 481
9628 492
9848 497
10060 508
10272 513
10484 519
10696 527
10916 536
11128 543
11340 547
11552 560
11764 561
11984 568
12196 575
12408 575
12620 588
12832 591
13052 600
13264 608
13476 611
13688 620
13900 624
14116 632
14332 638
14544 639
14756 639
14972 654
15184 655
15400 664
15612 670
15824 671
16040 679
16252 684
16464 688
16680 696
16892 704
17108 704
17320 707
17532 711
17744 711
17960 719
18176 719
18388 728
18600 728
18812 736
19024 736
19244 743
19456 743
19668 768
19880 768
20100 768
20312 768
20524 768
20736 771
20948 775
21168 783
21380 783
21592 792
21804 792
22016 796
22236 799
22448 799
22660 799
22872 807
23084 812
23304 816
23516 817
23728 824
23940 824
24152 828
24372 831
24584 831
24796 831
25008 831
25228 839
25440 844
25652 847
25864 847
26076 847
26292 856
26508 856
26720 860
26932 864
27144 864
27360 864
27576 867
27788 871
28000 871
28212 871
28428 876
28640 876
28856 876
29068 878
29280 880
29496 880
29708 881
29920 896
30136 896
30352 896
30564 896
30776 896
30988 899
31200 903
31420 903
31632 903
31844 903
32056 910
32268 911
32488 911
32700 911
32912 911
33124 920
33336 920
33556 920
33768 920
33980 924
34192 924
34404 926
34624 927
34836 927
35048 927
35260 927
35480 927
35692 931
35904 935
36116 935
36328 935
36548 935
36760 940
36972 942
37184 944
37396 944
37616 944
37828 945
38040 952
38252 952
38464 952
38684 952
38896 952
39108 952
39320 952
39532 960
39752 960
39964 960
40176 960
40388 960
40604 960
40820 960
41032 961
41244 961
41456 963
41672 963
41884 963
42100 963
42312 967
42524 967
42740 967
42952 967
43164 967
43380 967
43592 972
43808 974
44020 974
44232 975
44444 975
44664 975
44876 975
45088 975
45300 975
45512 975
45732 975
45944 975
46156 975
46368 984
46580 984
46800 984
47012 984
47224 984
47436 984
47648 984
47868 984
48080 984
48292 984
48504 984
48716 984
48936 984
49148 984
49360 984
49572 988
49792 988
50004 992
50216 992
50428 992
50640 992
50860 992
51072 993
51284 993
51496 993
51708 993
51928 993
52140 993
52352 993
52564 995
52776 995
52996 995
53208 995
53420 993
53632 993
53844 995
54060 995
54276 995
54488 999
