20 1023
240 1008
452 992
664 984
876 963
1096 952
1308 935
1520 924
1732 911
1944 896
2164 888
2376 871
2588 860
2800 847
3012 831
3232 824
3444 807
3656 798
3868 783
4080 775
4300 768
4512 768
4724 739
4936 736
5148 719
5364 711
5580 704
5792 689
6004 679
6220 671
6432 655
6648 639
6860 639
7072 632
7288 624
7500 611
7712 608
7928 595
8140 583
8356 575
8568 572
8780 561
8992 551
9208 543
9424 540
9636 527
9848 519
10060 513
10272 508
10492 504
10704 496
10916 483
11128 480
11348 472
11560 463
11772 455
11984 451
12196 448
12416 440
12628 432
12840 423
13052 415
13264 415
13484 408
13696 399
13908 391
14120 387
14332 384
14552 384
14764 376
14976 368
15188 359
15400 355
15620 352
15832 352
16044 344
16256 335
16476 334
16688 327
16900 319
17112 319
17324 316
17540 312
17756 304
17968 300
18180 295
18392 287
18608 287
18824 284
19036 280
19248 271
19460 255
19676 255
19888 255
20104 255
20316 255
20528 252
20744 248
20956 248
21168 240
21380 240
21600 231
21812 231
22024 225
22236 224
22448 224
22668 216
22880 216
23092 207
23304 207
23516 206
23732 199
23948 199
24160 195
24372 192
24584 192
24800 192
25012 188
25228 184
25440 184
25652 176
25868 176
26080 174
26292 167
26508 167
26724 163
26936 159
27148 159
27360 159
27572 156
27792 152
28004 152
28216 152
28428 143
28640 143
28860 143
29072 135
29284 135
29496 127
29708 127
29928 127
30140 127
30352 127
30564 127
30784 126
30996 124
31208 120
31420 120
31632 120
31852 115
32064 112
32276 112
32488 112
32700 110
32920 103
33132 103
33344 103
33556 103
33768 99
33988 97
34200 97
34412 96
34624 96
34836 96
35056 96
35268 92
35480 92
35692 88
35908 88
36124 88
36336 88
36548 83
36760 79
36976 79
37192 79
37404 79
37616 79
37828 78
38044 71
38256 71
38472 71
38684 71
38896 71
39112 71
39324 63
39536 63
39752 63
39964 63
40180 63
40392 63
40604 63
40816 63
41036 62
41248 62
41460 60
41672 60
41884 60
42104 60
42316 56
42528 56
42740 56
42952 56
43172 56
43384 56
43596 49
43808 49
44020 49
44240 48
44452 48
44664 48
44876 48
45088 48
45308 48
45520 46
45732 46
45944 39
46164 39
46376 39
46588 39
46800 39
47012 39
47232 39
47444 39
47656 39
47868 39
48080 35
48300 35
48512 35
48724 35
48936 31
49148 31
49368 31
49580 31
49792 31
50004 31
50216 31
50432 31
50648 31
50860 31
51072 31
51288 30
51500 30
51716 30
51928 30
52140 28
52356 28
52568 28
52780 28
52992 28
53208 28
53424 28
53636 24
53848 24
54060 24
54272 24
54492 24
20 1023
232 1008
452 992
664 975
876 961
1088 952
1300 935
1520 924
1732 908
1944 896
2156 888
2376 871
2588 860
2800 847
3012 831
3224 824
3444 807
3656 799
3868 783
4080 775
4292 768
4512 768
4724 739
4936 736
5148 719
5360 711
5580 704
5792 689
6004 679
6216 671
6428 664
6644 639
6860 639
7072 632
7284 624
7500 615
7712 608
7924 600
8140 588
8352 575
8568 572
8780 561
8992 551
9204 543
9420 540
9636 527
9848 524
10060 515
10272 510
10484 504
10704 496
10916 487
11128 480
11340 472
11552 463
11772 455
11984 451
12196 448
12408 440
12628 432
12840 423
13052 415
13264 415
13476 408
13696 399
13908 398
14120 391
14332 384
14544 384
14760 384
14976 368
15188 359
15400 355
15612 352
15828 352
16044 344
16256 335
16468 334
16680 327
16896 319
17108 319
17324 316
17536 312
17752 304
17964 300
18176 295
18388 287
18604 287
18820 284
19032 280
19244 271
19456 255
19668 255
19888 255
20100 255
20312 255
20524 252
20736 248
20956 248
21168 240
21380 240
21592 231
21812 231
22024 225
22236 224
22448 224
22660 216
22880 216
23092 207
23304 207
23516 206
23728 199
23948 195
24160 193
24372 192
24584 192
24796 192
25016 184
25228 184
25440 179
25652 176
25864 176
26084 174
26296 167
26508 167
26720 163
26940 159
27152 159
27364 159
27576 156
27788 156
28004 152
28220 152
28432 143
28644 143
28856 143
29072 142
29288 135
29500 135
29712 127
29924 127
30140 127
30352 127
30568 127
30780 126
30992 124
31208 120
31420 120
31632 120
31848 115
32064 113
32276 112
32488 112
32700 112
32912 103
33132 103
33344 103
33556 103
33768 99
33980 99
34200 97
34412 96
34624 96
34836 96
35048 96
35268 92
35480 92
35692 88
35904 88
36116 88
36336 88
36548 83
36760 79
36972 79
37192 79
37404 79
37616 78
37828 78
38040 71
38260 71
38472 71
38684 71
38896 71
39108 71
39328 63
39540 63
39752 63
39964 63
40176 63
40396 63
40608 63
40820 63
41032 63
41244 62
41464 60
41676 60
41888 60
42100 56
42316 56
42532 56
42744 56
42956 56
43168 56
43384 56
43596 49
43812 49
44024 49
44236 48
44452 48
44664 48
44876 48
45092 48
45304 48
45520 46
45732 39
45944 39
46156 39
46372 39
46588 39
46800 39
47012 39
47224 39
47444 39
47656 39
47868 35
48080 35
48292 35
48512 35
48724 35
48936 31
49148 31
49360 31
49580 31
49792 31
50004 31
50216 31
50428 31
50648 31
50860 31
51072 31
51284 31
51496 30
51712 31
51928 30
52140 28
52352 30
52568 28
52780 28
52992 28
53208 28
53420 28
53636 28
53848 24
54060 24
54272 24
54488 24
20 1022
232 1008
444 992
660 975
872 963
1088 952
1300 935
1512 926
1728 911
1940 896
2152 888
2368 871
2584 860
2796 847
3008 831
3220 824
3432 807
3652 798
3864 783
4076 775
4288 768
4500 768
4720 743
4932 736
5144 719
5356 707
5568 696
5788 686
6000 671
6212 664
6424 655
6636 639
6856 639
7068 632
7280 624
7492 611
7712 608
7924 600
8136 583
8348 575
8560 572
8780 561
8992 551
9204 543
9416 540
9628 527
9848 519
10060 513
10272 508
10484 504
10696 496
10916 483
11128 480
11340 472
11552 463
11764 455
11980 451
12196 448
12408 440
12620 432
12836 423
13048 415
13264 415
13476 408
13688 399
13904 391
14116 391
14328 384
14544 384
14756 384
14972 368
15184 359
15396 355
15608 352
15824 348
16040 344
16252 335
16464 334
16676 327
16888 319
17108 319
17320 316
17532 312
17744 304
17964 302
18176 295
18388 287
18600 287
18812 284
19032 280
19244 271
19456 255
19668 255
19880 255
20100 255
20312 255
20524 254
20736 248
20948 248
21168 240
21380 240
21592 231
21804 231
22016 227
22236 224
22448 224
22660 220
22872 216
23092 207
23304 207
23516 206
23728 199
23940 199
24160 195
24372 192
24584 192
24796 192
25008 184
25224 184
25440 177
25652 176
25864 176
26076 167
26292 167
26508 167
26720 163
26932 159
27144 159
27360 158
27572 156
27784 152
27996 152
28216 152
28428 143
28640 143
28852 143
29064 142
29284 135
29496 127
29708 127
29920 127
30132 127
30348 127
30564 127
30776 126
30988 124
31200 120
31416 120
31632 120
31844 115
32056 113
32268 112
32484 112
32696 112
32912 103
33124 103
33340 103
33552 103
33764 99
33976 99
34192 97
34408 96
34620 96
34832 96
35044 96
35256 92
35476 92
35688 88
35900 88
36112 88
36324 88
36544 83
36756 79
36968 79
37180 79
37400 79
37612 79
37824 78
38036 71
38248 71
38468 71
38680 71
38892 71
39104 71
39316 63
39536 63
39748 63
39960 63
40172 63
40384 63
40604 63
40816 63
41028 62
41240 62
41452 60
41672 60
41884 60
42096 56
42308 56
42528 56
42740 56
42952 56
43164 56
43376 51
43592 51
43808 49
44020 48
44232 49
44444 48
44660 48
44876 48
45088 48
45300 48
45512 46
45728 39
45940 39
46156 39
46368 39
46580 39
46796 39
47008 39
47220 39
47436 39
47652 39
47864 39
48076 35
48288 35
48500 35
48720 35
48932 31
49144 31
49356 31
49568 31
49788 31
50000 31
50212 31
50424 31
50636 31
50856 31
51068 31
51280 31
51492 30
51704 31
51924 30
52136 28
52348 28
52560 28
52780 28
52992 28
53204 28
53416 24
53628 28
53848 24
54060 24
54272 24
54484 24
20 1023
232 1008
444 992
656 984
876 963
1088 952
1300 935
1512 924
1724 911
1944 896
2156 888
2368 867
2580 856
2792 846
3012 831
3224 824
3436 812
3648 799
3864 783
4080 775
4292 768
4504 768
4716 743
4932 736
5144 719
5360 711
5572 704
5784 696
6000 679
6212 671
6424 664
6640 652
6852 639
7068 632
7280 624
7492 615
7704 608
7920 600
8136 588
8348 575
8560 572
8772 561
8992 551
9204 543
9416 540
9628 531
9840 519
10060 515
10272 508
10484 504
10696 494
10908 483
11128 480
11340 472
11552 463
11764 455
11976 451
12196 448
12408 440
12620 432
12832 423
13044 419
13264 415
13476 408
13688 399
13900 398
14120 391
14332 384
14544 384
14756 384
14968 368
15188 359
15400 355
15612 352
15824 352
16036 344
16256 335
16468 327
16680 319
16892 319
17104 316
17320 312
17536 307
17748 304
17960 295
18172 295
18388 287
18604 287
18816 284
19028 280
19244 271
19456 255
19668 255
19884 255
20096 255
20312 255
20524 254
20736 248
20948 248
21164 240
21380 240
21592 231
21804 231
22016 227
22228 224
22448 224
22660 220
22872 216
23084 211
23296 207
23516 206
23728 199
23940 199
24152 195
24372 193
24584 192
24796 192
25008 188
25220 184
25440 184
25652 176
25864 176
26076 167
26288 167
26508 163
26720 163
26932 159
27144 159
27356 158
27576 156
27788 152
28000 152
28212 152
28432 143
28644 143
28856 143
29068 142
29280 135
29500 135
29712 127
29924 127
30136 127
30348 127
30564 127
30780 126
30992 124
31204 124
31416 120
31632 120
31848 115
32060 113
32272 112
32484 112
32700 112
32912 103
33128 103
33340 103
33556 103
33768 99
33980 99
34192 97
34408 96
34624 96
34836 96
35048 64
35260 92
35472 92
35692 88
35904 88
36116 88
36328 88
36540 81
36760 79
36972 79
37184 79
37396 79
37608 78
37828 78
38040 71
38252 71
38464 71
38684 71
38896 71
39108 71
39320 63
39532 63
39752 63
39964 63
40176 63
40388 63
40600 63
40820 63
41032 63
41244 62
41456 60
41668 60
41888 60
42100 56
42312 56
42524 56
42736 56
42956 56
43168 56
43380 56
43592 51
43808 49
44024 49
44236 48
44448 48
44660 48
44876 48
45092 48
45304 48
45516 46
45728 46
45944 39
46156 39
46372 39
46584 39
46796 39
47012 39
47224 39
47436 39
47652 39
47864 39
48080 35
48292 35
48504 35
48716 35
48936 31
49148 31
49360 31
49572 31
49784 31
50004 31
50216 31
50428 31
50640 31
50852 31
51072 31
51284 31
51496 30
51708 30
51920 30
52140 28
52352 28
52564 28
52776 28
52988 28
53208 28
53420 24
53632 24
53844 24
54064 24
54276 24
54488 24
20 1023
232 1008
444 992
660 975
872 963
1088 952
1300 935
1512 924
1724 911
1940 896
2156 888
2368 871
2580 860
2792 847
3004 831
3224 824
3436 807
3648 796
3860 783
4072 771
4292 768
4504 768
4716 739
4928 736
5148 719
5360 711
5572 704
5784 689
5996 679
6216 670
6428 664
6640 639
6852 639
7064 632
7284 624
7496 611
7708 608
7920 600
8132 588
8352 575
8564 572
8776 561
8988 556
9200 543
9416 540
9628 527
9840 519
10052 513
10272 508
10484 504
10696 496
10908 487
11120 480
11340 472
11552 463
11764 460
11976 451
12188 448
12404 440
12620 432
12832 423
13044 419
13256 415
13472 408
13684 399
13900 398
14112 391
14324 384
14540 384
14752 384
14964 368
15180 364
15396 359
15608 352
15820 352
16032 344
16244 335
16464 334
16676 327
16888 319
17100 318
17312 312
17532 312
17744 304
17956 302
18168 295
18380 287
18600 287
18812 284
19024 280
19236 275
19456 271
19668 255
19880 255
20092 255
20304 255
20524 252
20736 248
20948 248
21160 240
21372 240
21592 231
21804 227
22016 225
22228 224
22440 224
22660 216
22872 216
23084 209
23296 207
23508 206
23728 199
23940 199
24152 195
24364 192
24580 192
24796 192
25008 184
25220 184
25432 177
25648 176
25864 176
26076 167
26288 167
26500 167
26716 163
26928 159
27144 159
27356 158
27568 156
27784 152
27996 152
28208 147
28424 143
28636 143
28852 143
29064 135
29276 135
29488 127
29708 127
29920 127
30132 127
30344 127
30556 127
30776 126
30988 124
31200 120
31412 120
31624 120
31844 123
32056 113
32268 112
32480 112
32692 112
32912 103
33124 103
33336 103
33548 103
33760 99
33980 99
34192 97
34404 96
34616 96
34836 96
35048 96
35260 94
35472 92
35684 88
35904 88
36116 88
36328 88
36540 83
36752 79
36972 79
37184 79
37396 79
37608 79
37820 78
38040 71
38252 71
38464 71
38676 71
38888 71
39104 71
39320 63
39532 63
39744 63
39960 63
40172 63
40388 63
40600 63
40812 63
41028 63
41240 62
41452 60
41668 60
41880 60
42096 56
42308 56
42520 56
42732 56
42948 56
43164 56
43376 51
43588 49
43800 49
44012 49
44232 48
44444 48
44656 48
44868 48
45088 48
45300 48
45512 46
45724 39
45936 39
46156 39
46368 39
46580 39
46792 39
47004 39
47220 39
47436 39
47648 39
47860 35
48072 35
48288 35
48504 35
48716 35
48928 33
49140 31
49356 31
49568 31
49784 31
49996 31
50212 31
50424 31
50636 31
50848 31
51064 31
51280 31
51492 30
51704 30
51916 30
52128 30
52348 28
52560 28
52772 28
52984 28
53196 28
53416 28
53628 24
53840 24
54052 24
54272 24
54484 24
