20 0
332 24
644 39
964 63
1276 88
1588 103
1900 124
2220 142
2532 159
2844 177
3164 195
3476 216
3788 231
4104 248
4420 255
4732 284
5048 295
5360 312
5672 327
5988 344
6304 355
6616 369
6928 384
7248 399
7560 412
7872 423
8192 440
8504 448
8816 462
9128 472
9444 483
9756 496
10068 508
10388 519
10700 527
11012 540
11328 543
11640 560
11956 568
12272 575
12584 575
12896 591
13208 604
13528 611
13840 624
14152 632
14472 639
14784 639
15096 655
15416 668
15728 671
16040 679
16356 688
16672 696
16984 704
17296 707
17612 711
17924 719
18236 728
18556 736
18868 739
19180 743
19500 768
19812 768
20124 768
20444 768
20756 775
21068 780
21380 783
21700 792
22012 796
22324 799
22640 799
22956 807
23268 816
23584 817
23896 824
24208 828
24528 831
24840 831
25152 831
25464 839
25784 847
26096 847
26408 856
26728 856
27040 864
27352 864
27672 867
27984 871
28296 876
28612 880
28924 880
29240 888
29552 896
29868 896
30180 896
30492 896
30812 897
31124 899
31436 903
31756 903
32068 903
32380 903
32700 908
33012 911
33324 920
33636 920
33956 924
34268 924
34580 927
34896 927
35208 927
35524 927
35840 931
36152 935
36464 935
36776 935
37096 935
37408 942
37720 944
38040 952
38352 952
38664 952
38984 952
39296 952
39608 960
39924 960
40240 960
40552 960
40864 960
41180 961
41492 963
41808 963
42124 967
42436 967
42748 967
43068 967
43380 972
43692 972
44012 967
44324 972
44636 974
44948 975
45268 975
45580 984
45892 984
46208 984
46524 984
46836 984
47152 984
47464 984
47776 984
48096 988
48408 988
48720 988
49032 988
49352 988
49664 988
49976 992
50296 992
50608 992
50920 992
51240 992
51552 992
51864 992
52180 992
52496 993
52808 993
53120 995
53436 995
53748 995
54060 995
54380 995
54692 999
55004 999
55324 999
55636 999
55948 999
56268 999
56580 999
56892 999
57204 1004
57524 1004
57836 1004
58148 1006
58464 1008
58776 1008
59092 1008
59408 1008
59720 1008
60032 1008
60352 1008
60664 1008
60976 1008
61288 1008
61608 1008
61920 1006
62232 1004
62552 1004
62864 1004
63176 1008
63492 1008
63808 1009
64120 1016
64436 1016
64748 1016
65060 1016
65376 1016
65692 1016
66004 1016
66316 1016
66636 1016
66948 1016
67260 1016
67580 1016
67892 1016
68204 1016
68516 1016
68836 1016
69148 1016
69460 1016
69776 1016
70092 1016
70404 1016
70720 1016
71032 1016
71344 1016
71664 1016
71976 1016
72288 1016
72600 1016
72920 1016
73232 1016
73544 1016
73864 1016
74176 1016
74488 1016
74808 1020
75120 1020
75432 1020
75748 1016
76064 1016
76376 1016
76688 1016
77004 1020
77316 1020
77628 1020
77948 1020
78260 1020
78572 1020
78892 1020
79204 1020
79516 1020
79836 1020
80148 1020
20 0
336 24
652 39
964 63
1276 83
1592 103
1904 124
2220 143
2536 159
2848 177
3160 195
3480 216
3792 231
4104 248
4424 255
4736 280
5048 295
5360 312
5680 319
5992 344
6304 353
6620 368
6936 384
7248 398
7564 412
7876 423
8188 440
8508 448
8820 455
9132 472
9444 480
9764 496
10076 508
10388 515
10708 527
11020 540
11332 547
11652 560
11964 572
12276 575
12588 590
12904 600
13216 608
13528 615
13848 624
14160 632
14472 639
14788 639
15104 655
15416 664
15732 671
16044 679
16356 688
16672 696
16988 704
17300 707
17612 711
17932 719
18244 728
18556 736
18876 736
19188 739
19500 748
19820 768
20132 768
20444 768
20756 775
21072 782
21388 783
21700 792
22016 798
22328 799
22640 799
22960 807
23272 816
23584 817
23904 824
24216 828
24528 831
24840 831
25160 831
25472 839
25784 846
26104 847
26416 856
26728 856
27044 864
27360 864
27672 865
27988 871
28300 871
28612 878
28924 880
29244 888
29556 896
29868 896
30188 896
30500 896
30812 896
31132 899
31444 903
31756 903
32076 910
32388 911
32700 911
33012 920
33328 920
33644 920
33956 924
34272 926
34584 927
34896 927
35216 927
35528 931
35840 927
36160 935
36472 935
36784 940
37096 944
37416 944
37728 945
38040 952
38360 952
38672 945
38984 944
39300 945
39612 952
39928 952
40240 960
40556 960
40868 960
41180 960
41500 963
41812 967
42124 967
42444 967
42756 967
43068 967
43388 967
43700 972
44012 974
44324 975
44640 975
44956 975
45268 975
45584 975
45896 975
46208 984
46528 984
46840 984
47152 984
47472 984
47784 984
48096 984
48408 988
48728 988
49040 988
49352 992
49672 992
49984 992
50296 992
50612 992
50928 992
51240 992
51556 992
51868 993
52180 993
52492 995
52812 995
53124 995
53436 995
53756 995
54068 999
54380 999
54700 999
55012 999
55324 999
55644 999
55956 999
56268 999
56580 999
56896 1004
57212 1004
57524 1004
57840 1004
58152 1004
58464 1006
58784 1006
59096 1008
59408 1008
59728 1008
60040 1008
60352 1008
60664 1008
60984 1008
61296 1008
61608 1008
61928 1008
62240 1008
62552 1008
62868 1008
63180 1008
63496 1008
63812 1009
64124 1009
64436 1009
64748 1016
65068 1016
65380 1016
65692 1016
66012 1016
66324 1016
66636 1016
66956 1016
67268 1016
67580 1016
67896 1016
68212 1016
68524 1009
68836 1008
69152 1008
69464 1008
69780 1008
70096 1008
70408 1016
70720 1016
71040 1016
71352 1016
71664 1016
71976 1020
72296 1020
72608 1020
72920 1020
73240 1020
73552 1016
73864 1016
74180 1020
74496 1020
74808 1020
75124 1020
75436 1020
75748 1020
76064 1020
76380 1016
76692 1016
77004 1020
77324 1020
77636 1020
77948 1020
78268 1020
78580 1020
78892 1020
79212 1020
79524 1020
79836 1020
80148 1020
20 0
336 24
652 39
964 63
1280 88
1592 103
1904 124
2216 143
2536 159
2848 177
3160 195
3480 216
3792 231
4104 248
4424 255
4736 280
5048 295
5368 312
5680 319
5992 344
6304 355
6620 369
6936 384
7248 398
7564 412
7876 423
8188 440
8508 448
8820 462
9132 472
9452 483
9764 496
10076 508
10388 515
10708 527
11020 540
11332 543
11652 560
11964 568
12276 575
12592 588
12904 600
13220 608
13536 615
13848 624
14160 632
14472 639
14792 639
15104 655
15416 664
15736 671
16048 679
16360 688
16680 696
16992 704
17304 705
17620 711
17936 719
18248 728
18560 736
18876 739
19188 743
19504 768
19820 768
20132 768
20444 768
20764 771
21076 775
21388 783
21708 792
22020 792
22332 799
22644 799
22964 807
23276 816
23588 816
23904 824
24220 828
24532 830
24848 831
25160 831
25472 839
25788 847
26104 847
26416 856
26728 856
27048 864
27360 864
27672 865
27988 871
28304 876
28616 880
28932 880
29244 888
29556 896
29872 896
30188 896
30500 896
30812 897
31132 899
31444 903
31756 903
32076 910
32388 911
32700 911
33020 911
33332 920
33644 920
33956 924
34272 924
34588 927
34900 927
35216 927
35528 927
35840 935
36160 935
36472 935
36784 940
37104 944
37416 944
37728 944
38040 945
38360 952
38672 952
38984 952
39304 952
39616 960
39928 960
40244 960
40556 960
40872 960
41188 960
41500 960
41812 961
42124 963
42444 963
42756 967
43068 967
43388 967
43700 967
44012 972
44332 974
44644 974
44956 975
45272 975
45588 975
45900 975
46212 975
46528 984
46840 984
47156 984
47472 984
47784 984
48096 984
48416 984
48728 988
49040 988
49360 988
49672 992
49984 992
50296 992
50616 992
50928 992
51240 992
51556 992
51872 993
52184 993
52500 995
52812 995
53124 995
53440 995
53756 995
54068 995
54380 999
54700 999
55012 999
55324 999
55644 999
55956 999
56268 1004
56588 1004
56900 1004
57212 1004
57524 1004
57840 999
58156 1004
58468 1004
58784 1004
59096 1006
59408 1008
59728 1008
60040 1008
60352 1008
60672 1008
60984 1008
61296 1008
61608 1008
61928 1008
62240 1008
62552 1008
62872 1008
63184 1008
63496 1008
63812 1008
64128 1008
64440 1008
64756 1009
65068 1016
65380 1016
65692 1016
66012 1016
66324 1016
66636 1016
66956 1016
67268 1016
67580 1016
67900 1016
68212 1016
68524 1016
68844 1016
69156 1016
69468 1016
69780 1016
70096 1016
70412 1016
70724 1016
71040 1016
71352 1016
71664 1016
71984 1016
72296 1016
72608 1016
72928 1016
73240 1016
73552 1016
73864 1016
74184 1016
74496 1020
74808 1020
75124 1016
75440 1016
75752 1016
76068 1016
76380 1016
76692 1016
77012 1016
77324 1016
77636 1016
77948 1020
78268 1020
78580 1020
78892 1020
79212 1020
79524 1020
79836 1022
80156 1020
20 0
332 24
652 39
964 63
1276 83
1588 103
1908 124
2220 143
2532 159
2848 179
3160 195
3472 216
3792 231
4104 248
4416 255
4736 280
5048 295
5360 312
5672 319
5992 344
6304 355
6616 369
6936 384
7248 399
7560 412
7876 423
8192 440
8504 448
8820 462
9132 472
9444 483
9756 496
10076 504
10388 515
10700 527
11020 540
11332 547
11644 560
11964 568
12276 575
12588 588
12908 600
13220 608
13532 615
13844 624
14160 632
14476 639
14788 639
15104 655
15416 664
15728 671
16048 671
16360 684
16672 696
16992 704
17304 705
17616 711
17928 718
18248 728
18560 736
18872 737
19188 743
19504 768
19816 768
20132 768
20444 768
20756 775
21076 780
21388 783
21700 792
22012 796
22332 799
22644 799
22956 807
23276 816
23588 824
23900 824
24220 828
24532 831
24844 831
25160 831
25476 839
25788 839
26100 847
26416 847
26728 856
27040 864
27360 864
27672 867
27984 871
28304 876
28616 880
28928 880
29248 888
29560 896
29872 896
30184 896
30504 896
30816 896
31128 899
31444 903
31760 903
32072 903
32388 903
32700 908
33012 910
33324 911
33644 911
33956 920
34268 924
34588 927
34900 927
35212 927
35528 935
35844 935
36156 935
36472 940
36784 944
37096 944
37408 944
37728 945
38040 952
38352 952
38672 952
38984 952
39296 960
39616 960
39928 960
40240 960
40560 960
40872 960
41184 961
41496 960
41812 960
42128 960
42440 963
42756 967
43068 967
43380 967
43700 972
44012 974
44324 975
44644 975
44956 975
45268 975
45580 975
45900 984
46212 975
46524 975
46844 984
47156 984
47468 984
47784 984
48096 988
48412 988
48728 992
49040 992
49352 992
49664 992
49984 992
50296 992
50608 992
50928 992
51240 992
51552 992
51872 993
52184 993
52496 995
52812 995
53128 995
53440 995
53752 995
54068 995
54380 999
54696 999
55012 999
55324 999
55636 999
55956 995
56268 999
56580 999
56900 999
57212 999
57524 999
57836 1004
58156 1004
58468 1004
58780 1004
59096 1008
59412 1008
59724 1008
60040 1008
60352 1008
60664 1008
60976 1008
61296 1008
61608 1008
61920 1008
62240 1008
62552 1008
62864 1016
63184 1009
63496 1009
63808 1016
64128 1016
64440 1016
64752 1016
65064 1016
65380 1016
65696 1016
66008 1016
66324 1016
66636 1016
66948 1016
67268 1016
67580 1016
67892 1016
68212 1016
68524 1016
68836 1016
69148 1016
69468 1016
69780 1016
70092 1016
70412 1016
70724 1016
71036 1016
71352 1016
71664 1016
71980 1016
72296 1016
72608 1016
72920 1016
73232 1016
73552 1016
73864 1016
74176 1016
74496 1020
74808 1016
75120 1016
75440 1016
75752 1016
76064 1016
76380 1016
76696 1016
77008 1020
77320 1020
77636 1020
77948 1020
78264 1020
78580 1020
78892 1020
79204 1020
79524 1020
79836 1020
80148 1020
20 0
332 24
652 39
964 63
1276 83
1596 103
1908 124
2220 143
2536 159
2852 177
3164 195
3476 216
3792 231
4104 248
4416 255
4736 280
5048 295
5360 312
5680 327
5992 344
6304 355
6624 369
6936 384
7248 398
7560 412
7880 423
8192 440
8504 448
8820 462
9136 472
9448 483
9764 496
10076 508
10388 515
10708 527
11020 540
11332 543
11644 560
11964 568
12276 575
12588 583
12908 600
13220 608
13532 615
13852 624
14164 632
14476 639
14788 639
15104 655
15420 664
15732 671
16048 679
16360 688
16672 696
16992 704
17304 707
17616 711
17936 719
18248 728
18560 736
18872 739
19192 748
19504 768
19816 768
20136 768
20448 771
20760 775
21076 783
21388 792
21704 796
22020 799
22332 799
22644 807
22956 807
23276 816
23588 816
23900 824
24220 830
24532 831
24844 831
25164 839
25476 847
25788 847
26104 856
26420 856
26732 856
27044 860
27360 864
27672 864
27988 867
28304 871
28616 876
28928 880
29248 888
29560 896
29872 896
30192 896
30504 896
30816 899
31128 903
31448 903
31760 908
32072 910
32388 911
32704 910
33016 911
33332 911
33644 920
33956 924
34276 926
34588 927
34900 927
35212 931
35532 935
35844 935
36156 935
36476 935
36788 935
37100 940
37420 944
37732 945
38044 952
38360 952
38676 952
38988 960
39300 960
39616 960
39928 952
40240 956
40560 960
40872 960
41184 960
41504 960
41816 960
42128 961
42448 963
42760 967
43072 972
43384 974
43704 974
44016 974
44328 975
44644 975
44960 975
45272 975
45588 984
45900 984
46212 984
46524 984
46844 984
47156 984
47468 984
47788 988
48100 988
48412 988
48728 988
49040 992
49356 992
49672 988
49984 984
50296 988
50608 992
50928 992
51240 992
51552 993
51872 992
52184 992
52496 992
52816 995
53128 993
53440 992
53756 992
54072 992
54384 993
54696 995
55012 995
55324 995
55640 999
55956 999
56268 1004
56580 1004
56900 1006
57212 1008
57524 1008
57844 1008
58156 1008
58468 1008
58780 1008
59100 1008
59412 1008
59724 1008
60040 1008
60356 1008
60668 1008
60984 1008
61296 1008
61608 1009
61928 1016
62240 1016
62552 1008
62864 1008
63184 1006
63496 1006
63808 1008
64128 1008
64440 1016
64752 1009
65072 1008
65384 1016
65696 1016
66012 1016
66328 1016
66640 1008
66952 1008
67268 1008
67580 1008
67892 1009
68212 1016
68524 1009
68836 1016
69156 1016
69468 1016
69780 1016
70100 1016
70412 1020
70724 1020
71036 1020
71356 1020
71668 1020
71980 1020
72296 1020
72612 1020
72924 1020
73240 1020
73552 1020
73864 1020
74176 1020
74496 1020
74808 1020
75120 1020
75440 1020
75752 1020
76064 1016
76384 1016
76696 1016
77008 1016
77328 1016
77640 1020
77952 1020
78264 1022
78580 1022
78896 1022
79208 1022
79524 1022
79836 1020
80148 1016
