20 1023
332 999
644 984
964 960
1276 940
1588 920
1900 899
2216 880
2528 864
2844 846
3160 828
3472 807
3784 792
4104 771
4416 768
4728 739
5048 728
5360 707
5672 696
5984 679
6304 668
6616 654
6928 639
7244 624
7560 609
7872 600
8188 583
8500 574
8812 560
9128 543
9444 536
9756 526
10068 513
10388 504
10700 496
11012 481
11328 472
11644 463
11956 451
12272 448
12584 433
12896 423
13212 415
13528 408
13840 399
14152 387
14472 384
14784 376
15096 368
15416 355
15728 352
16040 344
16360 335
16672 327
16984 319
17296 316
17612 312
17928 304
18240 295
18556 287
18868 284
19180 275
19500 255
19812 255
20124 255
20444 254
20756 248
21068 241
21380 240
21700 231
22012 227
22324 224
22644 220
22956 216
23268 207
23584 199
23900 199
24212 193
24528 192
24840 192
25152 184
25464 179
25784 176
26096 167
26408 167
26728 159
27040 159
27352 158
27672 156
27984 152
28296 147
28616 143
28928 142
29240 135
29552 127
29868 127
30184 127
30496 127
30812 124
31124 124
31436 120
31756 120
32068 113
32380 112
32700 112
33012 103
33324 103
33636 103
33956 99
34268 97
34580 96
34900 96
35212 92
35524 92
35840 88
36152 88
36468 83
36780 79
37096 79
37408 79
37720 78
38040 71
38352 71
38664 71
38984 71
39296 67
39608 63
39928 63
40240 63
40552 63
40864 63
41184 62
41496 60
41808 60
42124 56
42436 56
42752 56
43068 56
43380 51
43692 49
44012 49
44324 48
44636 48
44948 48
45268 48
45580 46
45892 39
46212 39
46524 39
46836 39
47152 39
47468 39
47780 39
48096 35
48408 35
48720 31
49032 31
49352 31
49664 31
49976 31
50296 31
50608 31
50920 31
51240 31
51552 30
51864 30
52184 28
52496 28
52808 28
53120 28
53436 24
53752 24
54064 24
54380 24
54692 24
55004 24
55324 24
55636 24
55948 24
56268 24
56580 19
56892 19
57204 19
57524 17
57836 17
58148 15
58468 15
58780 15
59092 15
59408 15
59720 15
60036 15
60352 15
60664 15
60976 15
61288 15
61608 15
61920 14
62232 15
62552 14
62864 14
63176 14
63496 14
63808 7
64120 7
64436 7
64752 7
65064 7
65376 7
65692 7
66004 7
66320 7
66636 7
66948 7
67260 7
67580 7
67892 7
68204 7
68516 7
68836 7
69148 7
69460 7
69780 7
70092 7
70404 7
70720 7
71036 7
71348 7
71664 7
71976 7
72288 3
72604 3
72920 3
73232 3
73544 3
73864 3
74176 3
74488 3
74808 3
75120 3
75432 3
75752 3
76064 3
76376 3
76688 3
77004 3
77320 3
77632 3
77948 3
78260 3
78572 3
78892 3
79204 1
79516 1
79836 1
80148 1
20 1022
332 999
644 975
964 960
1276 935
1588 920
1908 896
2220 880
2532 860
2844 831
3164 824
3476 799
3788 783
4104 771
4416 768
4732 739
5048 728
5360 711
5672 696
5992 679
6304 668
6616 654
6928 639
7248 624
7560 611
7872 600
8192 583
8504 575
8816 560
9132 547
9448 540
9760 527
10076 513
10388 504
10700 496
11016 481
11332 472
11644 463
11956 451
12276 448
12588 432
12900 423
13220 415
13532 408
13844 399
14164 387
14476 384
14788 376
15100 368
15416 355
15732 352
16044 344
16360 335
16672 327
16984 319
17304 316
17616 307
17928 304
18248 291
18560 287
18872 284
19184 280
19504 255
19816 255
20128 255
20448 254
20760 248
21072 241
21388 240
21704 231
22016 225
22332 224
22644 220
22956 216
23268 207
23588 199
23900 199
24212 195
24532 192
24844 192
25156 184
25476 179
25788 176
26100 167
26420 167
26732 163
27044 159
27356 159
27672 156
27988 152
28300 147
28616 143
28928 143
29240 135
29560 127
29872 127
30184 127
30496 127
30816 126
31128 120
31440 120
31760 120
32072 113
32384 112
32700 112
33016 103
33328 103
33644 99
33956 99
34268 97
34584 96
34900 96
35212 96
35524 92
35844 88
36156 88
36468 88
36788 79
37100 79
37412 79
37732 78
38044 71
38356 71
38668 71
38984 71
39300 63
39612 63
39928 63
40240 63
40552 63
40872 63
41184 62
41496 60
41816 60
42128 56
42440 56
42752 56
43072 56
43384 51
43696 49
44016 48
44328 48
44640 48
44956 48
45272 48
45584 46
45900 39
46212 39
46524 39
46836 39
47156 39
47468 39
47780 39
48100 35
48412 35
48724 31
49044 31
49356 31
49668 31
49988 31
50300 31
50612 31
50924 31
51240 31
51556 30
51868 30
52184 28
52496 28
52808 28
53128 28
53440 28
53752 24
54072 24
54384 24
54696 24
55008 24
55328 24
55640 24
55952 24
56272 24
56584 24
56896 19
57212 19
57524 17
57840 17
58152 15
58468 15
58780 15
59092 15
59412 15
59724 15
60036 15
60356 15
60668 15
60980 15
61300 15
61612 15
61924 14
62236 14
62556 14
62868 14
63180 12
63496 7
63808 7
64124 7
64440 7
64752 7
65064 7
65384 7
65696 7
66008 7
66320 7
66640 7
66952 7
67264 7
67584 7
67896 7
68208 7
68524 7
68840 7
69152 7
69468 7
69780 7
70092 7
70408 7
70724 7
71036 7
71348 7
71668 7
71980 7
72292 7
72612 3
72924 3
73236 3
73556 3
73868 3
74180 3
74492 3
74808 3
75124 3
75436 3
75752 3
76064 3
76376 3
76696 3
77008 3
77320 3
77640 3
77952 1
78264 3
78576 3
78896 1
79208 1
79520 1
79840 1
80152 1
20 1016
340 992
652 972
964 952
1280 935
1596 920
1908 897
2220 880
2536 864
2848 844
3164 828
3480 807
3792 792
4104 775
4424 768
4736 739
5048 728
5368 707
5680 696
5992 679
6304 668
6624 652
6936 638
7248 624
7564 609
7880 600
8192 583
8508 574
8820 560
9132 547
9452 536
9764 519
10076 511
10388 504
10708 487
11020 480
11332 472
11652 463
11964 451
12276 448
12596 432
12908 423
13220 415
13536 408
13852 399
14164 387
14476 384
14792 376
15104 359
15416 355
15736 352
16048 344
16360 335
16680 327
16992 319
17304 316
17624 305
17936 295
18248 291
18560 287
18880 284
19192 280
19504 255
19820 255
20132 255
20448 254
20764 248
21076 241
21388 240
21708 231
22020 227
22332 224
22644 220
22964 216
23276 207
23588 199
23908 199
24220 193
24532 192
24848 192
25164 184
25476 179
25792 176
26104 167
26416 167
26732 163
27048 159
27360 159
27672 156
27992 152
28304 147
28616 143
28936 142
29248 135
29560 127
29880 127
30192 127
30504 127
30816 124
31132 124
31448 120
31760 120
32076 113
32388 112
32700 110
33020 103
33332 103
33644 103
33956 99
34276 96
34588 96
34900 96
35220 92
35532 88
35844 88
36160 88
36472 83
36784 79
37104 79
37416 79
37728 78
38040 71
38360 71
38672 71
38984 71
39304 63
39616 63
39928 63
40248 63
40560 63
40872 63
41188 62
41504 60
41816 60
42128 56
42444 56
42756 56
43068 56
43388 56
43700 49
44012 49
44332 48
44644 48
44956 48
45276 48
45588 46
45900 46
46212 39
46532 39
46844 39
47156 39
47472 39
47788 39
48100 35
48416 35
48728 35
49040 31
49360 31
49672 31
49984 31
50296 31
50616 31
50928 31
51240 31
51560 30
51872 28
52184 28
52504 28
52816 28
53128 28
53444 24
53756 24
54072 24
54384 24
54700 24
55012 24
55324 24
55644 24
55956 24
56268 24
56588 19
56900 19
57212 19
57532 17
57844 17
58156 15
58468 15
58788 15
59100 15
59412 15
59728 15
60040 15
60356 15
60672 15
60984 15
61296 15
61608 15
61928 15
62240 14
62552 14
62872 14
63184 14
63496 14
63816 7
64128 7
64440 7
64756 7
65072 7
65384 7
65696 7
66012 7
66324 7
66636 7
66956 7
67268 7
67580 7
67900 7
68212 7
68524 7
68844 7
69156 7
69468 7
69780 7
70100 7
70412 7
70724 7
71040 3
71356 7
71668 7
71984 7
72296 3
72608 3
72928 3
73240 3
73552 3
73864 3
74184 3
74496 3
74808 3
75128 3
75440 3
75752 3
76072 3
76384 3
76696 3
77012 3
77324 3
77640 3
77952 3
78268 3
78580 1
78892 1
79212 1
79524 1
79836 1
80156 1
20 1023
332 999
652 984
964 960
1276 940
1588 920
1908 897
2220 880
2532 864
2852 844
3164 828
3476 807
3792 792
4104 771
4420 768
4736 739
5048 728
5360 707
5672 696
5992 671
6304 664
6616 639
6936 638
7248 624
7560 608
7880 595
8192 575
8504 568
8820 558
9136 543
9448 536
9760 526
10076 513
10388 504
10700 494
11020 481
11332 472
11644 463
11964 451
12276 448
12588 432
12908 423
13220 415
13532 408
13844 391
14164 387
14476 384
14788 376
15104 368
15420 355
15732 352
16048 344
16360 335
16672 327
16992 319
17304 316
17616 307
17928 304
18248 295
18560 287
18872 284
19192 280
19504 255
19816 255
20136 255
20448 255
20760 248
21076 240
21388 236
21704 231
22016 225
22332 224
22644 220
22956 216
23276 207
23588 206
23900 199
24220 193
24532 192
24844 192
25156 184
25476 184
25788 176
26100 174
26420 167
26732 163
27044 159
27360 159
27672 156
27988 152
28304 147
28616 143
28928 142
29240 135
29560 127
29872 127
30184 127
30504 127
30816 124
31128 121
31448 120
31760 120
32072 113
32388 112
32704 110
33016 103
33328 103
33644 103
33956 99
34272 97
34588 96
34900 96
35212 92
35532 92
35844 88
36156 88
36476 83
36788 79
37100 79
37412 79
37732 78
38044 71
38356 71
38672 71
38988 71
39300 63
39616 63
39928 63
40240 63
40560 63
40872 63
41184 60
41496 60
41816 60
42128 56
42440 56
42760 56
43072 56
43384 56
43704 49
44016 49
44328 48
44644 48
44960 48
45272 48
45584 46
45900 39
46212 39
46524 39
46844 39
47156 39
47468 39
47788 39
48100 35
48412 35
48732 33
49044 31
49356 31
49668 31
49988 31
50300 31
50612 31
50928 31
51240 30
51556 30
51872 30
52184 28
52496 28
52816 28
53128 28
53440 24
53752 24
54072 24
54384 24
54696 24
55016 24
55328 24
55640 24
55956 24
56272 24
56584 19
56896 19
57212 19
57524 19
57836 17
58156 15
58468 15
58780 15
59096 15
59408 15
59724 15
60040 15
60352 15
60664 15
60976 15
61296 15
61608 15
61920 15
62240 14
62552 14
62864 14
63184 14
63496 14
63808 12
64124 7
64440 7
64752 7
65064 7
65380 7
65692 7
66008 7
66324 7
66636 7
66948 7
67268 7
67580 7
67892 7
68212 7
68524 7
68836 7
69148 7
69468 7
69780 7
70092 7
70408 7
70724 7
71036 7
71352 7
71664 7
71976 7
72296 3
72608 3
72920 3
73232 3
73552 3
73864 3
74176 3
74496 3
74808 3
75120 3
75440 3
75752 3
76064 3
76380 3
76696 3
77008 3
77320 3
77636 3
77948 3
78260 3
78580 3
78892 3
79204 1
79524 1
79836 1
80148 1
20 1023
332 1004
644 984
960 960
1272 942
1584 920
1896 897
2216 880
2528 864
2840 839
3160 824
3472 807
3784 792
4104 775
4416 768
4728 743
5048 728
5360 711
5672 696
5984 679
6300 668
6616 654
6928 639
7244 624
7556 611
7868 600
8188 583
8500 575
8812 561
9124 551
9444 540
9756 527
10068 515
10388 504
10700 496
11012 483
11332 476
11644 463
11956 451
12272 448
12584 433
12900 423
13212 415
13528 408
13840 399
14152 391
14472 384
14784 384
15096 368
15416 355
15728 352
16040 344
16360 335
16672 327
16984 319
17296 316
17616 312
17928 304
18240 295
18556 287
18868 284
19184 280
19500 255
19812 255
20124 255
20444 254
20756 248
21068 241
21380 238
21700 231
22012 227
22324 224
22644 220
22956 216
23268 207
23584 199
23900 199
24212 195
24528 192
24840 192
25152 184
25468 179
25784 176
26096 167
26408 167
26728 159
27040 159
27352 159
27672 156
27984 152
28296 152
28616 143
28928 143
29240 135
29552 127
29868 127
30184 127
30496 127
30812 126
31124 124
31436 120
31756 120
32068 113
32380 112
32700 112
33012 103
33324 103
33636 103
33956 99
34268 97
34580 96
34900 96
35212 92
35524 92
35840 88
36152 88
36468 88
36780 79
37096 79
37408 79
37720 78
38040 71
38352 71
38664 71
38984 71
39296 63
39608 63
39928 63
40240 63
40552 63
40864 63
41184 62
41496 60
41808 60
42124 56
42436 56
42752 56
43068 56
43380 51
43692 49
44012 49
44324 48
44636 48
44948 48
45268 48
45580 46
45892 39
46212 39
46524 39
46836 39
47152 39
47468 39
47780 39
48096 35
48408 35
48720 35
49036 31
49352 31
49664 31
49976 31
50296 31
50608 31
50920 31
51240 31
51552 30
51864 30
52184 28
52496 28
52808 28
53120 28
53436 28
53752 28
54064 24
54380 24
54692 24
55004 24
55324 24
55636 24
55948 24
56268 24
56580 24
56892 19
57204 19
57524 17
57836 17
58148 15
58468 15
58780 15
59092 15
59408 15
59724 15
60036 15
60352 15
60664 15
60976 15
61288 15
61608 15
61920 15
62232 14
62552 14
62864 14
63176 12
63496 12
63808 7
64120 7
64440 7
64752 7
65064 7
65376 7
65692 7
66008 7
66320 7
66636 7
66948 7
67260 7
67580 7
67892 7
68204 7
68516 7
68836 7
69148 7
69460 7
69780 7
70092 7
70404 7
70724 7
71036 7
71348 7
71664 7
71976 7
72292 7
72604 3
72920 7
73232 7
73544 3
73864 3
74176 3
74488 3
74808 3
75120 3
75432 3
75752 3
76064 3
76376 3
76688 3
77008 3
77320 3
77632 3
77948 3
78260 3
78572 3
78892 3
79204 3
79516 1
79836 1
80148 1
