20 1022
432 992
844 963
1264 935
1676 911
2096 896
2508 864
2920 839
3340 816
3752 792
4168 769
4580 768
4992 728
5412 705
5824 688
6244 670
6656 639
7068 632
7488 611
7900 600
8316 575
8728 568
9144 543
9560 536
9972 519
10392 504
10804 487
11216 472
11636 455
12048 448
12464 435
12880 423
13296 414
13708 399
14120 391
14540 384
14952 368
15372 359
15784 352
16196 335
16616 327
17028 319
17444 312
17856 304
18272 291
18688 286
19100 280
19520 255
19932 255
20344 255
20764 248
21176 240
21592 231
22008 227
22420 224
22836 216
23248 207
23668 199
24080 195
24492 192
24912 192
25324 184
25744 176
26156 167
26568 167
26984 159
27400 158
27816 152
28228 152
28648 143
29060 135
29472 135
29892 127
30304 127
30720 126
31136 124
31548 120
31964 113
32376 112
32796 110
33208 103
33620 103
34040 97
34452 96
34872 96
35284 92
35696 88
36112 88
36528 81
36944 79
37356 79
37768 78
38188 71
38600 71
39020 71
39432 63
39844 63
40264 63
40676 63
41092 62
41504 60
41916 56
42336 56
42748 56
43168 56
43580 49
44000 49
44412 48
44824 48
45240 48
45656 46
46072 39
46484 39
46896 39
47316 39
47728 39
48148 35
48560 35
48972 31
49392 31
49804 31
50220 31
50632 31
51044 31
51464 31
51876 30
52296 28
52708 28
53120 28
53540 24
53952 24
54368 24
54780 24
55196 24
55612 24
56024 24
56444 24
56856 19
57268 19
57688 17
58100 15
58516 15
58932 15
59344 15
59760 15
60172 15
60592 15
61004 15
61424 15
61836 15
62248 14
62668 14
63080 14
63496 14
63908 7
64324 7
64740 7
65152 7
65572 7
65984 7
66396 7
66816 7
67228 7
67644 7
68060 7
68472 7
68888 7
69300 7
69720 7
70132 7
70544 7
70964 7
71376 7
71796 7
72208 7
72620 3
73036 3
73452 3
73868 3
74280 3
74692 3
75112 3
75524 3
75944 3
76356 3
76772 3
77188 3
77600 3
78016 3
78428 3
78848 3
79260 1
79672 1
80092 1
80504 1
80924 1
81336 1
81748 1
82164 1
82580 1
82996 1
83408 1
83820 0
84240 1
84652 1
85072 1
85484 0
85896 0
86316 0
86728 0
87144 0
87556 0
87968 0
88388 0
88800 0
89220 0
89632 0
90044 0
90464 0
90876 0
91292 0
91708 0
92124 0
92536 0
92948 0
93368 0
93780 0
94200 0
94612 0
95024 0
95440 0
95856 0
96272 0
96684 0
97096 0
97516 0
97928 0
98348 0
98760 0
99172 0
99592 0
100004 0
100420 0
100832 0
101248 0
101664 0
102076 0
102496 0
102908 0
103320 0
103740 0
104152 0
104568 0
104984 0
105396 0
105812 0
20 1022
436 992
848 967
1264 940
1680 911
2092 896
2512 864
2924 831
3336 816
3756 792
4168 771
4584 768
5000 728
5412 707
5828 688
6240 670
6660 639
7072 632
7484 611
7904 591
8316 575
8736 568
9148 547
9560 536
9976 519
10392 504
10808 487
11220 480
11632 463
12052 448
12464 440
12884 423
13296 414
13712 399
14128 387
14540 384
14956 368
15368 355
15788 352
16200 335
16612 327
17032 319
17444 312
17864 302
18276 287
18688 286
19104 280
19516 255
19936 255
20348 255
20760 248
21180 240
21592 231
22012 227
22424 224
22836 216
23252 207
23668 199
24084 195
24496 192
24908 192
25328 184
25740 176
26160 167
26572 167
26984 159
27404 158
27816 152
28232 152
28644 143
29060 135
29476 127
29888 127
30308 127
30720 127
31140 124
31552 120
31964 113
32380 112
32796 108
33212 103
33624 103
34036 97
34456 96
34868 96
35288 92
35700 88
36112 88
36532 83
36944 79
37360 79
37772 78
38188 71
38604 71
39016 71
39436 63
39848 63
40260 63
40680 63
41092 63
41508 60
41924 60
42336 56
42752 56
43164 51
43584 51
43996 49
44408 48
44828 48
45240 48
45660 46
46072 39
46488 39
46900 39
47316 39
47732 39
48144 35
48564 35
48976 31
49388 31
49808 31
50220 31
50636 31
51052 31
51464 31
51880 30
52292 28
52712 28
53124 28
53536 24
53956 24
54368 24
54788 24
55200 24
55612 24
56028 24
56444 24
56860 19
57272 17
57684 15
58104 17
58516 15
58936 15
59348 15
59760 15
60180 15
60592 15
61008 15
61420 15
61840 15
62252 14
62664 14
63084 14
63496 12
63916 7
64328 7
64740 7
65156 7
65568 7
65988 7
66400 7
66812 7
67232 7
67644 7
68064 7
68476 7
68888 7
69304 7
69720 7
70136 7
70548 7
70960 7
71380 7
71792 7
72212 7
72624 3
73036 3
73456 3
73868 3
74284 3
74696 3
75112 3
75528 3
75940 3
76360 3
76772 3
77184 3
77600 3
78012 1
78432 3
78844 1
79260 1
79672 3
80084 1
80504 1
80916 1
81336 1
81748 1
82160 1
82580 1
82992 1
83408 1
83824 1
84236 1
84652 0
85064 1
85484 0
85896 0
86308 1
86728 0
87140 0
87560 0
87972 1
88384 0
88800 0
89212 0
89632 0
90044 0
90456 0
90876 0
91288 0
91708 0
92120 0
92532 0
92948 0
93364 0
93780 0
94192 0
94612 0
95024 0
95436 0
95856 0
96268 0
96688 0
97100 0
97512 0
97928 0
98340 0
98760 0
99172 0
99584 0
100004 0
100416 0
100836 0
101248 0
101660 0
102076 0
102492 0
102908 0
103320 0
103732 0
104152 0
104564 0
104984 0
105396 0
105808 0
20 1023
440 993
852 967
1264 940
1684 911
2096 896
2512 864
2928 831
3340 816
3756 792
4168 768
4588 743
5000 728
5412 704
5832 688
6244 670
6664 639
7076 632
7488 615
7904 600
8316 575
8736 568
9148 543
9564 536
9976 519
10388 504
10808 487
11220 480
11640 463
12052 448
12464 440
12884 423
13296 414
13712 399
14124 391
14540 384
14956 368
15368 355
15788 352
16200 335
16612 327
17032 319
17444 312
17860 304
18276 291
18688 287
19104 280
19516 255
19936 255
20348 255
20760 248
21180 240
21592 231
22012 227
22424 224
22836 216
23252 207
23668 199
24084 195
24496 192
24916 192
25328 184
25740 176
26160 167
26572 167
26988 159
27404 158
27816 152
28232 152
28644 143
29064 135
29476 127
29888 127
30308 127
30720 126
31140 120
31552 120
31964 113
32380 112
32792 108
33212 103
33624 99
34036 97
34456 96
34868 96
35288 92
35700 88
36112 88
36528 81
36944 79
37360 79
37772 78
38184 71
38604 71
39016 71
39436 63
39848 63
40260 63
40680 63
41092 62
41508 60
41920 60
42340 56
42752 56
43164 56
43584 51
43996 49
44416 48
44828 48
45240 48
45656 46
46072 39
46488 39
46900 39
47312 39
47732 35
48144 35
48564 35
48976 31
49388 31
49808 31
50220 31
50636 31
51048 31
51464 30
51880 30
52292 28
52712 28
53124 28
53536 24
53956 24
54368 24
54784 24
55200 24
55612 24
56028 24
56440 19
56860 19
57272 19
57692 17
58104 15
58516 15
58936 15
59348 15
59764 15
60176 15
60592 15
61008 15
61420 15
61840 15
62252 14
62664 14
63084 12
63496 14
63912 7
64328 7
64740 7
65156 7
65568 7
65988 7
66400 7
66812 7
67232 7
67644 7
68064 7
68476 7
68888 7
69304 7
69720 7
70136 7
70548 7
70960 7
71380 7
71792 7
72212 3
72624 3
73040 3
73456 3
73868 3
74284 3
74696 3
75116 3
75528 3
75940 3
76360 3
76772 3
77192 3
77604 3
78016 3
78432 3
78844 3
79264 1
79676 1
80088 1
80508 1
80920 1
81340 1
81752 1
82164 1
82580 1
82996 1
83412 1
83824 1
84236 1
84656 1
85068 1
85488 0
85900 0
86312 1
86732 0
87144 0
87560 0
87972 1
88388 0
88804 0
89216 0
89636 0
90048 0
90468 0
90880 0
91292 0
91708 0
92124 0
92540 0
92952 0
93364 0
93784 0
94196 0
94616 0
95028 0
95440 0
95860 0
96272 0
96688 0
97100 0
97516 0
97932 0
98344 0
98764 0
99176 0
99588 0
100008 0
100420 0
100836 0
101252 0
101664 0
102080 0
102492 0
102912 0
103324 0
103736 0
104156 0
104568 0
104988 0
105400 0
105816 0
20 1023
440 993
852 967
1264 935
1684 903
2096 880
2512 860
2928 831
3344 816
3756 792
4168 768
4588 748
5000 728
5420 705
5832 688
6244 670
6664 639
7076 632
7492 615
7904 600
8316 575
8736 568
9148 543
9568 536
9980 515
10392 504
10812 487
11224 480
11640 462
12056 448
12468 440
12884 423
13296 414
13716 399
14128 387
14540 384
14960 368
15372 355
15792 352
16204 335
16616 327
17032 319
17444 312
17864 304
18276 291
18688 286
19108 280
19520 255
19940 255
20352 255
20768 248
21184 240
21596 231
22012 225
22424 224
22844 216
23256 207
23668 199
24088 195
24500 192
24920 192
25332 184
25744 176
26160 167
26572 167
26992 159
27404 158
27816 152
28236 147
28648 143
29068 135
29480 127
29892 127
30308 127
30724 126
31140 120
31552 120
31964 113
32384 112
32796 110
33216 103
33628 103
34040 97
34460 96
34872 96
35288 92
35700 88
36120 88
36532 83
36944 79
37364 79
37776 78
38196 71
38608 71
39020 71
39436 63
39852 63
40268 63
40680 63
41092 62
41512 60
41924 60
42344 56
42756 56
43168 56
43588 51
44000 49
44416 48
44828 48
45240 48
45660 46
46072 39
46492 39
46904 39
47316 39
47736 39
48148 35
48564 35
48980 31
49392 31
49808 31
50220 31
50640 31
51052 31
51472 31
51884 30
52296 28
52716 28
53128 28
53544 24
53956 24
54368 24
54788 24
55200 24
55620 24
56032 24
56444 24
56864 19
57276 19
57692 17
58108 15
58520 15
58936 15
59348 15
59768 15
60180 15
60592 15
61012 15
61424 15
61844 15
62256 14
62668 14
63084 14
63496 12
63916 7
64328 7
64740 7
65160 7
65572 7
65992 7
66404 7
66816 7
67232 7
67644 7
68064 7
68476 7
68892 7
69304 7
69720 7
70136 7
70548 7
70968 7
71380 7
71792 7
72212 3
72624 3
73040 3
73456 3
73868 3
74284 3
74696 3
75116 3
75528 3
75940 3
76360 3
76772 3
77192 3
77604 3
78016 3
78432 3
78848 3
79264 1
79676 1
80088 1
80508 1
80920 1
81340 1
81752 1
82164 1
82584 1
82996 1
83412 0
83824 1
84244 1
84656 0
85068 1
85488 0
85900 1
86320 0
86732 1
87144 0
87560 0
87972 0
88392 0
88804 0
89216 0
89636 0
90048 0
90468 0
90880 0
91292 0
91708 0
92124 0
92540 0
92952 0
93364 0
93784 0
94196 0
94616 0
95028 0
95440 0
95860 0
96272 0
96688 0
97100 0
97516 0
97932 0
98344 0
98764 0
99176 0
99588 0
100008 0
100420 0
100836 0
101252 0
101668 0
102080 0
102492 0
102912 0
103324 0
103744 0
104156 0
104568 0
104988 0
105400 0
105816 0
20 1023
436 992
848 960
1268 935
1680 911
2092 896
2512 864
2924 831
3340 816
3752 792
4168 768
4584 743
4996 719
5416 704
5828 688
6240 670
6660 639
7072 632
7488 615
7904 600
8316 575
8732 561
9144 543
9564 536
9976 519
10388 504
10808 487
11220 480
11640 463
12052 449
12464 440
12880 423
13292 415
13712 399
14124 391
14544 384
14956 368
15368 359
15788 352
16200 335
16616 327
17032 319
17444 312
17860 304
18272 295
18692 287
19104 280
19516 255
19936 255
20348 255
20768 248
21180 240
21592 231
22008 225
22420 224
22840 216
23252 207
23664 199
24084 195
24496 192
24916 184
25328 184
25740 176
26156 167
26572 163
26988 159
27400 158
27812 152
28232 152
28644 143
29064 142
29476 127
29896 127
30308 127
30720 126
31136 120
31548 120
31968 113
32380 112
32792 110
33212 103
33624 103
34044 97
34456 96
34868 96
35284 92
35700 88
36116 88
36528 83
36940 79
37360 79
37772 78
38192 71
38604 71
39016 71
39436 63
39848 63
40264 63
40676 63
41092 62
41508 60
41920 60
42340 56
42752 56
43164 56
43584 49
43996 49
44412 48
44828 48
45240 48
45656 46
46068 39
46488 39
46900 39
47320 39
47732 35
48144 35
48564 35
48976 31
49392 31
49804 31
50220 31
50636 31
51048 31
51468 31
51880 30
52292 28
52712 28
53124 28
53540 24
53956 24
54368 24
54784 24
55196 24
55616 24
56028 24
56440 24
56860 19
57272 19
57692 17
58104 17
58516 15
58932 15
59344 15
59764 15
60176 15
60588 15
61008 15
61420 15
61840 15
62252 14
62668 14
63084 7
63496 12
63912 7
64324 7
64744 7
65156 7
65568 7
65988 7
66400 7
66820 7
67232 7
67644 7
68060 7
68472 7
68892 7
69304 7
69716 7
70136 7
70548 7
70968 7
71380 7
71792 3
72208 7
72624 3
73040 3
73452 3
73864 3
74284 3
74696 3
75116 3
75528 3
75940 3
76360 3
76772 3
77188 3
77600 3
78020 3
78432 1
78844 1
79264 1
79676 1
80096 1
80508 1
80920 1
81336 1
81752 1
82168 1
82580 1
82992 0
83412 1
83824 1
84244 1
84656 1
85068 0
85488 0
85900 0
86316 0
86728 0
87144 0
87560 0
87972 0
88392 1
88804 0
89216 0
89636 0
90048 0
90464 0
90880 0
91292 0
91708 0
92120 0
92540 0
92952 0
93364 0
93784 0
94196 0
94616 0
95028 0
95444 0
95856 0
96272 0
96688 0
97100 0
97520 0
97932 0
98344 0
98764 0
99176 0
99592 0
100008 0
100420 0
100836 0
101248 0
101668 0
102080 0
102492 0
102912 0
103324 0
103744 0
104156 0
104568 0
104984 0
105396 0
105816 0
