20 0
432 30
852 56
1264 81
1676 110
2092 127
2508 159
2924 184
3336 207
3756 227
4168 252
4580 271
5000 291
5412 312
5832 334
6244 352
6656 376
7072 387
7484 408
7904 423
8316 440
8728 455
9148 472
9560 487
9980 504
10392 519
10804 536
11220 543
11636 560
12052 572
12464 583
12876 600
13296 608
13708 615
14128 632
14540 639
14952 654
15372 664
15784 671
16200 684
16612 696
17028 704
17444 711
17856 719
18276 728
18688 736
19100 739
19516 768
19928 768
20348 768
20760 775
21176 782
21588 783
22000 792
22420 799
22832 807
23252 816
23664 824
24076 824
24496 831
24908 831
25324 839
25740 846
26152 847
26568 856
26980 864
27400 864
27812 867
28224 871
28644 880
29056 880
29476 881
29888 896
30300 896
30716 896
31128 899
31548 903
31960 903
32372 911
32792 911
33204 920
33624 920
34036 924
34448 927
34864 927
35280 927
35696 935
36108 935
36528 940
36940 944
37352 942
37772 944
38184 944
38600 952
39016 952
39428 956
39844 960
40256 960
40676 960
41088 960
41500 961
41920 963
42332 967
42752 967
43164 967
43576 972
43992 972
44408 974
44824 975
45236 975
45648 975
46068 975
46480 975
46900 984
47312 984
47724 984
48144 984
48556 984
48972 984
49384 984
49796 984
50216 992
50628 992
51048 992
51460 993
51872 993
52292 995
52704 995
53120 995
53536 999
53952 999
54364 999
54776 999
55196 999
55608 999
56028 999
56440 1004
56852 1004
57272 1006
57684 1004
58100 1006
58512 1006
58924 1008
59344 1008
59756 1008
60176 1008
60588 1008
61000 1008
61420 1006
61832 1008
62248 1008
62664 1008
63076 1008
63492 1016
63904 1016
64324 1009
64736 1009
65148 1009
65568 1016
65980 1016
66400 1016
66812 1016
67224 1016
67640 1016
68052 1016
68472 1016
68884 1016
69304 1016
69716 1016
70128 1016
70548 1016
70960 1016
71376 1016
71792 1016
72204 1020
72620 1016
73032 1020
73452 1020
73864 1020
74276 1020
74696 1020
75108 1020
75528 1020
75940 1020
76352 1020
76768 1020
77180 1020
77600 1016
78012 1016
78424 1020
78844 1020
79256 1016
79676 1016
80088 1016
80500 1020
80916 1020
81332 1020
81748 1020
82160 1020
82572 1020
82992 1022
83404 1022
83824 1022
84236 1022
84652 1022
85068 1022
85480 1016
85896 1020
86308 1020
86728 1022
87140 1022
87552 1022
87972 1022
88384 1022
88804 1022
89216 1023
89628 1022
90044 1022
90460 1023
90876 1023
91288 1023
91700 1022
92120 1022
92532 1022
92952 1022
93364 1020
93776 1020
94196 1022
94608 1023
95024 1023
95436 1023
95848 1023
96268 1023
96680 1023
97100 1023
97512 1023
97924 1023
98344 1020
98756 1020
99172 1020
99588 1022
100000 1023
100416 1023
100828 1023
101248 1023
101660 1020
102080 1022
102492 1023
102904 1023
103324 1023
103736 1023
104152 1023
104564 1023
104976 1023
105396 1023
105808 1023
20 0
432 30
852 56
1264 79
1680 112
2092 127
2508 159
2924 184
3336 207
3756 227
4168 252
4580 271
5000 291
5412 316
5828 334
6244 352
6656 376
7072 387
7484 408
7904 423
8316 448
8728 455
9148 472
9560 487
9980 504
10392 515
10804 536
11220 543
11632 560
12052 574
12464 583
12876 600
13296 608
13708 620
14128 632
14540 639
14956 654
15372 664
15784 671
16200 684
16612 696
17032 704
17444 711
17856 719
18276 728
18688 736
19108 743
19520 768
19932 768
20348 768
20760 771
21180 780
21592 783
22004 796
22424 799
22836 803
23256 812
23668 824
24080 824
24496 831
24912 831
25328 831
25740 839
26152 847
26572 856
26984 864
27404 864
27816 865
28228 871
28648 880
29060 888
29476 896
29888 896
30308 896
30720 896
31132 899
31552 903
31964 908
32384 911
32796 911
33208 920
33624 920
34040 924
34456 926
34868 927
35280 927
35700 931
36112 935
36532 940
36944 944
37356 944
37776 944
38188 952
38604 952
39016 952
39432 960
39848 960
40260 960
40680 960
41092 960
41504 961
41924 963
42336 963
42752 967
43168 967
43580 967
43996 967
44408 967
44828 967
45240 974
45652 975
46072 975
46484 984
46904 984
47316 984
47732 984
48144 984
48556 988
48976 988
49388 992
49808 992
50220 992
50632 992
51052 992
51464 992
51880 993
52296 993
52708 995
53124 995
53536 995
53956 999
54368 999
54780 999
55200 995
55612 993
56032 999
56444 999
56856 1004
57272 1004
57684 1006
58104 1008
58516 1006
58928 1008
59348 1008
59760 1008
60180 1008
60592 1008
61004 1008
61420 1008
61836 1008
62252 1008
62664 1008
63084 1008
63496 1008
63908 1008
64328 1009
64740 1009
65160 1016
65572 1016
65984 1016
66400 1016
66812 1016
67232 1016
67644 1016
68056 1016
68476 1016
68888 1016
69308 1016
69720 1016
70132 1016
70548 1016
70964 1016
71380 1016
71792 1016
72204 1016
72624 1016
73036 1016
73456 1016
73868 1016
74280 1016
74700 1016
75112 1016
75528 1016
75940 1016
76356 1020
76772 1020
77184 1020
77604 1020
78016 1020
78436 1020
78848 1020
79260 1020
79676 1020
80092 1020
80508 1020
80920 1020
81332 1020
81752 1020
82164 1020
82584 1020
82996 1020
83408 1020
83828 1020
84240 1020
84656 1020
85068 1016
85484 1016
85900 1016
86312 1020
86732 1022
87144 1022
87556 1023
87976 1023
88388 1023
88804 1022
89220 1023
89632 1023
90048 1023
90460 1023
90880 1023
91292 1023
91704 1023
92124 1023
92536 1023
92956 1023
93368 1023
93780 1023
94196 1020
94608 1016
95028 1017
95440 1020
95860 1023
96272 1023
96684 1023
97104 1023
97516 1023
97932 1023
98348 1023
98760 1023
99176 1023
99588 1023
100008 1023
100420 1023
100832 1023
101252 1023
101664 1023
102084 1023
102496 1023
102908 1023
103324 1023
103736 1023
104156 1023
104568 1023
104980 1023
105400 1023
105812 1023
24 0
436 30
848 56
1268 83
1680 110
2096 127
2512 159
2924 184
3340 207
3752 227
4172 252
4584 271
4996 291
5416 316
5828 335
6248 352
6660 376
7072 391
7488 408
7904 423
8320 448
8732 455
9144 472
9564 487
9976 504
10396 519
10808 536
11220 543
11640 560
12052 572
12468 583
12880 600
13292 608
13712 622
14124 632
14544 639
14956 654
15376 664
15788 671
16200 684
16616 696
17032 704
17448 711
17860 719
18272 728
18692 736
19104 743
19524 768
19936 768
20348 768
20764 771
21180 780
21596 783
22008 796
22420 799
22840 807
23252 812
23672 817
24084 824
24496 831
24916 831
25328 839
25744 847
26156 847
26572 856
26988 864
27400 864
27820 867
28232 871
28644 880
29064 880
29476 888
29892 896
30308 896
30720 896
31136 899
31548 903
31968 903
32380 910
32796 911
33208 920
33620 920
34040 924
34452 926
34872 927
35284 927
35696 931
36116 935
36528 935
36944 940
37356 944
37768 944
38188 952
38600 952
39020 952
39432 952
39844 960
40264 960
40676 960
41092 960
41508 960
41920 961
42336 963
42748 967
43168 967
43580 972
43992 974
44412 975
44824 975
45244 975
45656 975
46068 984
46484 984
46896 984
47316 984
47728 984
48148 984
48560 988
48972 988
49392 988
49804 992
50220 992
50636 992
51048 992
51464 992
51876 992
52296 993
52708 995
53120 995
53540 995
53952 999
54372 999
54784 999
55196 999
55612 999
56024 999
56444 999
56856 999
57268 1004
57688 1004
58100 1004
58520 1004
58932 1006
59344 1006
59760 1006
60176 1008
60592 1008
61004 1008
61416 1008
61836 1008
62248 1008
62668 1008
63080 1008
63492 1008
63912 1008
64324 1008
64740 1009
65152 1016
65572 1016
65984 1016
66396 1016
66816 1016
67228 1016
67648 1016
68060 1016
68472 1016
68888 1016
69304 1016
69720 1016
70132 1016
70544 1016
70964 1016
71376 1016
71796 1016
72208 1016
72620 1016
73040 1016
73452 1016
73868 1016
74280 1020
74692 1016
75112 1016
75524 1016
75944 1016
76356 1016
76768 1016
77188 1016
77600 1020
78016 1020
78432 1020
78844 1020
79260 1020
79672 1020
80092 1020
80504 1020
80924 1020
81336 1020
81748 1020
82168 1020
82580 1020
82996 1020
83408 1020
83820 1022
84240 1022
84652 1022
85072 1022
85484 1022
85896 1022
86316 1022
86728 1022
87144 1022
87560 1022
87972 1022
88388 1022
88800 1022
89220 1022
89632 1023
90044 1022
90464 1022
90876 1020
91296 1020
91708 1020
92120 1020
92536 1020
92948 1022
93368 1023
93780 1023
94192 1023
94612 1023
95024 1023
95444 1023
95856 1023
96272 1023
96688 1023
97100 1023
97516 1023
97928 1023
98348 1023
98760 1023
99172 1023
99592 1023
100004 1023
100424 1022
100836 1022
101248 1022
101664 1023
102076 1022
102496 1022
102908 1022
103320 1022
103740 1023
104152 1023
104572 1023
104984 1023
105396 1023
105812 1023
20 0
432 30
848 56
1264 81
1680 112
2092 127
2504 159
2924 184
3336 207
3756 227
4168 252
4588 271
5000 291
5412 316
5828 335
6240 352
6660 376
7072 391
7484 408
7904 423
8316 440
8736 455
9148 472
9560 483
9976 504
10392 515
10808 536
11220 543
11632 560
12052 574
12464 583
12884 600
13296 608
13708 624
14128 632
14540 639
14956 654
15368 664
15784 671
16200 684
16612 696
17032 704
17444 711
17856 719
18276 728
18688 736
19104 743
19520 768
19936 768
20348 768
20760 775
21180 782
21592 783
22012 796
22424 799
22836 807
23256 816
23668 824
24084 828
24496 831
24912 831
25328 839
25740 847
26160 856
26572 856
26984 864
27404 864
27816 867
28232 871
28648 880
29060 881
29476 896
29888 896
30308 896
30720 896
31132 899
31552 903
31964 903
32384 910
32796 911
33208 920
33624 920
34036 924
34456 926
34868 927
35288 927
35700 931
36112 935
36532 935
36944 940
37360 944
37776 944
38188 944
38604 944
39016 944
39436 944
39848 952
40260 952
40680 960
41092 960
41512 967
41924 967
42336 967
42752 967
43164 972
43584 972
43996 975
44408 975
44828 975
45240 975
45660 984
46072 984
46484 984
46900 984
47316 984
47732 984
48144 984
48556 988
48976 988
49388 992
49808 992
50220 992
50632 992
51048 992
51460 992
51880 992
52292 992
52708 993
53120 995
53532 995
53952 999
54364 999
54784 999
55196 999
55608 999
56028 999
56440 999
56856 1004
57268 1004
57680 1004
58100 1004
58512 1004
58932 1004
59344 1008
59756 1006
60176 1008
60588 1008
61004 1008
61420 1008
61832 1008
62248 1008
62660 1008
63080 1008
63492 1009
63904 1016
64324 1016
64736 1016
65156 1016
65568 1016
65980 1016
66396 1016
66808 1016
67228 1016
67640 1016
68060 1016
68472 1016
68884 1016
69304 1008
69716 1008
70132 1008
70548 1016
70960 1016
71376 1016
71788 1016
72208 1016
72620 1016
73032 1016
73452 1016
73864 1016
74280 1016
74696 1020
75108 1016
75524 1016
75936 1020
76356 1020
76768 1017
77180 1020
77600 1020
78012 1020
78432 1020
78844 1020
79256 1020
79672 1020
80088 1020
80504 1020
80916 1022
81328 1022
81748 1022
82160 1022
82580 1022
82992 1022
83404 1022
83824 1022
84236 1022
84652 1022
85064 1022
85484 1022
85896 1022
86308 1022
86728 1022
87140 1022
87560 1022
87972 1022
88384 1016
88800 1016
89216 1016
89632 1016
90044 1020
90456 1022
90876 1023
91288 1023
91708 1023
92120 1023
92532 1023
92952 1023
93364 1023
93780 1023
94192 1023
94604 1023
95024 1023
95436 1023
95856 1023
96268 1023
96680 1023
97100 1023
97512 1023
97928 1023
98344 1023
98756 1023
99172 1016
99584 1016
100004 1016
100416 1020
100836 1022
101248 1023
101660 1023
102080 1020
102492 1022
102908 1023
103320 1023
103732 1023
104152 1023
104564 1023
104984 1023
105396 1023
105808 1023
20 0
432 30
844 56
1264 81
1676 110
2092 127
2508 159
2920 184
3336 207
3748 227
4168 252
4580 271
4992 291
5412 316
5824 335
6244 352
6656 376
7072 387
7484 408
7900 423
8316 440
8728 455
9148 472
9560 487
9972 504
10392 515
10804 536
11220 543
11636 560
12048 568
12464 575
12876 591
13296 608
13708 620
14120 632
14540 639
14952 654
15372 664
15784 671
16196 684
16612 696
17028 704
17444 711
17856 719
18268 728
18688 736
19100 743
19520 768
19932 768
20344 768
20764 768
21176 775
21592 783
22004 792
22424 799
22836 799
23248 812
23668 816
24080 824
24500 828
24912 831
25324 839
25740 846
26156 847
26572 856
26984 864
27396 864
27816 867
28228 871
28648 880
29060 888
29472 896
29892 896
30304 896
30720 897
31132 903
31544 903
31964 910
32376 911
32796 911
33208 920
33620 920
34040 924
34452 927
34868 926
35284 927
35696 927
36112 927
36524 935
36944 944
37356 944
37768 952
38188 952
38600 952
39020 952
39432 960
39848 960
40260 960
40672 960
41092 961
41504 963
41924 960
42336 960
42748 961
43168 967
43580 972
43996 967
44408 974
44824 975
45240 975
45652 984
46072 984
46484 984
46896 984
47316 984
47728 984
48144 988
48560 988
48972 992
49388 992
49800 992
50220 992
50632 992
51044 992
51464 993
51876 992
52296 992
52708 993
53120 995
53536 995
53952 995
54368 999
54780 999
55200 999
55612 999
56024 999
56444 1004
56856 1006
57272 1004
57688 1004
58100 1004
58516 1006
58928 1008
59348 1008
59760 1004
60172 1006
60592 1008
61004 1008
61424 1008
61836 1009
62248 1009
62664 1009
63080 1016
63496 1016
63908 1016
64320 1016
64740 1016
65152 1016
65572 1016
65984 1016
66396 1016
66816 1016
67228 1016
67644 1016
68056 1009
68468 1016
68888 1016
69300 1016
69720 1016
70132 1016
70552 1016
70964 1016
71376 1016
71792 1009
72208 1008
72624 1008
73036 1016
73448 1016
73868 1016
74280 1016
74700 1020
75112 1020
75524 1020
75944 1016
76356 1020
76772 1020
77184 1022
77596 1020
78016 1020
78428 1022
78848 1022
79260 1022
79672 1022
80092 1022
80504 1022
80920 1022
81336 1022
81748 1022
82164 1022
82576 1020
82996 1022
83408 1022
83820 1016
84240 1020
84652 1020
85072 1016
85484 1016
85896 1016
86312 1020
86724 1022
87144 1022
87556 1023
87976 1023
88388 1023
88800 1023
89220 1023
89632 1023
90048 1023
90460 1023
90876 1023
91292 1023
91704 1022
92124 1016
92536 1020
92948 1022
93368 1022
93780 1023
94196 1023
94612 1023
95024 1023
95440 1023
95852 1023
96272 1023
96684 1023
97096 1023
97516 1023
97928 1023
98348 1023
98760 1023
99172 1023
99588 1023
100004 1020
100420 1022
100832 1023
101244 1023
101664 1020
102076 1016
102496 1016
102908 1020
103324 1023
103740 1023
104152 1023
104568 1023
104980 1023
105400 1023
105812 1023
