20 0
532 31
1048 63
1564 99
2080 127
2592 163
3112 193
3624 224
4144 252
4656 280
5172 304
5688 319
6204 352
6716 384
7236 398
7748 415
8268 440
8780 455
9296 480
9812 496
10328 513
10840 536
11360 547
11872 568
12392 575
12904 600
13420 609
13936 624
14452 639
14964 654
15484 664
15996 675
16516 688
17032 704
17544 711
18064 719
18576 736
19096 743
19608 768
20124 768
20636 771
21156 780
21668 792
22188 798
22700 799
23220 816
23732 824
24248 828
24760 831
25280 839
25792 847
26312 856
26824 860
27344 864
27856 867
28372 871
28884 880
29404 888
29916 896
30436 896
30948 897
31468 903
31980 908
32496 911
33008 911
33528 920
34040 920
34560 924
35072 927
35592 927
36104 935
36620 935
37132 940
37652 944
38164 952
38684 952
39196 952
39716 960
40228 960
40744 960
41256 960
41776 960
42288 963
42808 967
43320 972
43840 974
44352 975
44868 975
45380 975
45900 984
46412 984
46932 984
47444 984
47964 984
48476 988
48992 988
49504 992
50024 992
50536 992
51056 992
51568 992
52088 992
52600 992
53116 993
53628 995
54148 995
54660 999
55180 999
55692 999
56212 999
56724 999
57240 999
57752 1004
58272 1004
58784 1006
59304 1008
59816 1008
60336 1008
60848 1008
61364 1008
61876 1008
62396 1008
62908 1008
63428 1009
63940 1009
64460 1016
64972 1016
65488 1016
66000 1016
66520 1016
67032 1016
67552 1016
68064 1016
68584 1016
69096 1016
69612 1016
70124 1016
70644 1016
71156 1016
71676 1016
72188 1016
72708 1016
73220 1016
73736 1016
74248 1016
74768 1016
75280 1016
75800 1016
76312 1016
76832 1016
77344 1020
77860 1020
78372 1020
78892 1020
79404 1020
79924 1020
80436 1020
80956 1020
81468 1020
81984 1020
82496 1020
83016 1020
83528 1020
84048 1022
84560 1022
85076 1022
85592 1022
86108 1022
86620 1022
87140 1022
87652 1022
88172 1022
88684 1022
89200 1022
89716 1023
90232 1022
90744 1022
91264 1020
91784 1020
92296 1022
92812 1022
93328 1023
93844 1022
94356 1022
94876 1023
95388 1022
95908 1022
96420 1022
96936 1023
97452 1022
97968 1022
98480 1022
99000 1022
99512 1023
100032 1023
100544 1023
101060 1023
101576 1023
102092 1023
102604 1023
103124 1023
103636 1023
104156 1023
104668 1023
105184 1023
105700 1023
106216 1022
106728 1023
107248 1023
107760 1023
108280 1023
108792 1023
109308 1023
109824 1023
110340 1023
110852 1023
111372 1023
111884 1023
112404 1023
112916 1023
113432 1023
113948 1023
114464 1023
114976 1023
115496 1023
116008 1023
116528 1023
117040 1023
117556 1023
118072 1023
118588 1023
119100 1023
119620 1023
120132 1023
120652 1023
121164 1023
121680 1023
122196 1023
122712 1023
123224 1023
123744 1023
124256 1023
124776 1023
125288 1023
125804 1023
126316 1023
126836 1023
127348 1023
127868 1023
128380 1023
128900 1023
129412 1023
129928 1023
130440 1023
130960 1023
131472 1023
20 0
540 35
1052 63
1572 99
2084 127
2604 163
3116 193
3632 224
4144 252
4664 280
5176 304
5696 327
6208 352
6728 384
7240 398
7756 415
8268 440
8788 455
9308 480
9820 496
10340 513
10852 536
11368 551
11880 568
12400 575
12912 600
13432 609
13944 625
14464 639
14976 654
15492 668
16004 679
16524 688
17036 704
17556 705
18068 719
18588 736
19100 743
19616 768
20128 768
20648 771
21160 782
21680 792
22192 799
22712 799
23224 816
23740 824
24252 828
24772 831
25284 839
25804 847
26316 856
26836 864
27348 864
27864 871
28376 876
28896 880
29408 888
29928 896
30440 896
30960 897
31472 903
31988 908
32500 911
33020 911
33532 920
34052 924
34564 927
35084 927
35596 931
36112 935
36624 935
37144 940
37656 944
38176 945
38688 952
39208 952
39720 960
40236 960
40748 960
41268 960
41780 963
42300 961
42812 960
43328 963
43844 967
44360 974
44872 975
45392 975
45904 984
46424 984
46936 975
47452 975
47968 984
48484 984
48996 988
49516 992
50028 992
50548 992
51060 992
51576 993
52092 995
52608 995
53120 995
53640 995
54152 999
54672 999
55184 999
55700 999
56216 999
56732 999
57244 1004
57764 1004
58276 1006
58796 1004
59308 1006
59824 1006
60340 1008
60856 1008
61368 1008
61888 1008
62400 1008
62920 1008
63432 1008
63948 1009
64464 1016
64980 1016
65492 1016
66012 1016
66524 1016
67044 1016
67556 1016
68072 1016
68588 1016
69104 1016
69616 1016
70136 1016
70648 1016
71168 1016
71680 1016
72196 1020
72712 1016
73228 1016
73740 1016
74260 1016
74772 1016
75292 1016
75804 1016
76320 1016
76836 1020
77352 1016
77864 1016
78384 1016
78896 1020
79416 1020
79928 1020
80444 1020
80960 1020
81476 1020
81988 1022
82508 1022
83020 1022
83536 1022
84048 1022
84568 1022
85084 1023
85596 1022
86116 1023
86628 1022
87148 1022
87660 1023
88176 1022
88692 1022
89208 1022
89720 1022
90240 1022
90752 1022
91272 1022
91784 1023
92300 1020
92816 1016
93332 1016
93844 1020
94364 1023
94876 1023
95396 1023
95908 1023
96424 1023
96940 1023
97456 1023
97968 1023
98488 1023
99000 1023
99520 1023
100032 1023
100548 1023
101064 1023
101580 1023
102092 1023
102612 1023
103124 1023
103644 1023
104156 1023
104672 1023
105188 1023
105704 1023
106216 1023
106736 1023
107248 1016
107768 1020
108280 1022
108796 1023
109312 1023
109828 1023
110340 1023
110860 1023
111372 1023
111892 1023
112404 1023
112920 1023
113436 1023
113952 1023
114464 1023
114984 1023
115496 1023
116016 1023
116528 1023
117044 1023
117560 1023
118076 1023
118588 1023
119108 1023
119620 1023
120140 1023
120652 1023
121168 1023
121684 1023
122200 1023
122712 1023
123232 1023
123744 1023
124264 1023
124776 1023
125292 1023
125808 1023
126324 1023
126836 1023
127356 1023
127868 1023
128388 1023
128900 1023
129416 1023
129928 1023
130448 1023
130960 1023
131480 1023
20 0
540 35
1052 67
1572 99
2088 127
2600 163
3120 193
3632 224
4152 252
4664 280
5180 304
5696 327
6212 352
6724 384
7244 398
7756 415
8276 440
8788 460
9304 480
9820 496
10336 515
10848 536
11368 551
11880 568
12400 575
12912 600
13428 611
13944 632
14460 639
14972 655
15492 668
16004 679
16524 696
17036 704
17552 711
18068 719
18584 728
19096 739
19616 768
20128 768
20648 771
21160 782
21676 792
22192 798
22708 799
23220 814
23740 824
24252 828
24772 831
25284 839
25800 847
26316 856
26832 860
27344 864
27864 871
28376 876
28896 880
29408 888
29924 896
30440 896
30956 899
31468 903
31988 908
32500 911
33020 911
33532 920
34048 924
34564 927
35080 927
35592 927
36112 935
36624 935
37144 944
37656 944
38172 952
38688 952
39204 952
39716 960
40236 960
40748 960
41268 960
41780 961
42296 963
42808 967
43328 963
43840 963
44360 967
44872 975
45392 975
45904 984
46420 984
46932 984
47452 984
47964 984
48484 984
48996 984
49516 988
50028 992
50544 992
51056 993
51576 995
52088 992
52608 993
53120 995
53640 999
54152 999
54668 999
55180 999
55700 999
56212 1004
56732 1004
57244 1004
57764 1004
58276 1004
58792 1006
59304 1006
59824 1008
60336 1008
60856 1008
61368 1008
61888 1008
62400 1008
62916 1008
63428 1008
63948 1009
64460 1016
64980 1016
65492 1016
66012 1016
66524 1016
67040 1016
67552 1016
68072 1016
68584 1016
69104 1016
69616 1016
70136 1016
70648 1016
71164 1016
71676 1016
72196 1016
72708 1016
73228 1016
73740 1016
74260 1016
74772 1016
75288 1016
75800 1016
76320 1016
76840 1020
77352 1020
77872 1016
78384 1016
78900 1016
79412 1016
79932 1020
80444 1020
80964 1020
81476 1020
81996 1022
82508 1022
83024 1022
83536 1022
84056 1022
84568 1023
85088 1023
85600 1022
86116 1020
86632 1022
87148 1023
87660 1022
88180 1022
88692 1022
89212 1023
89724 1023
90240 1023
90756 1023
91272 1023
91784 1023
92304 1023
92816 1023
93336 1020
93848 1016
94364 1016
94880 1022
95396 1023
95908 1023
96428 1023
96940 1023
97460 1023
97972 1023
98488 1023
99004 1023
99520 1023
100032 1023
100552 1022
101064 1022
101584 1022
102096 1022
102612 1022
103128 1022
103644 1023
104156 1023
104676 1023
105188 1023
105708 1023
106220 1023
106736 1023
107252 1023
107768 1023
108280 1016
108800 1016
109312 1022
109832 1023
110344 1023
110860 1023
111376 1023
111892 1023
112404 1023
112924 1023
113436 1023
113956 1023
114468 1023
114984 1023
115500 1022
116016 1020
116528 1022
117048 1023
117560 1023
118080 1023
118592 1023
119108 1022
119624 1023
120140 1023
120652 1023
121172 1023
121684 1023
122204 1023
122716 1023
123232 1023
123748 1023
124264 1023
124776 1023
125296 1023
125808 1023
126328 1023
126840 1023
127356 1023
127872 1023
128388 1023
128900 1023
129420 1023
129932 1023
130452 1023
130964 1023
131480 1023
20 0
532 31
1052 63
1564 99
2080 127
2596 163
3112 192
3624 224
4144 252
4656 280
5176 304
5688 319
6204 352
6720 384
7236 391
7748 415
8268 440
8780 455
9300 480
9812 496
10328 513
10844 536
11360 543
11872 568
12392 575
12904 600
13424 611
13936 632
14452 639
14968 654
15484 668
15996 679
16516 696
17028 704
17548 711
18060 719
18576 736
19092 743
19608 768
20120 768
20640 775
21152 780
21672 792
22184 799
22700 807
23216 816
23732 824
24244 828
24764 831
25276 831
25796 847
26308 856
26824 864
27340 865
27856 871
28368 878
28888 880
29400 896
29920 896
30432 896
30948 899
31464 903
31980 910
32492 911
33012 920
33524 920
34044 924
34556 927
35072 927
35588 931
36104 935
36616 942
37136 944
37648 944
38168 952
38680 952
39196 952
39712 960
40228 960
40740 960
41260 960
41772 961
42292 963
42804 967
43320 963
43836 963
44352 967
44864 974
45384 975
45896 975
46416 984
46928 984
47444 984
47960 984
48476 984
48988 984
49508 988
50020 992
50540 992
51052 993
51568 993
52084 995
52600 995
53112 995
53632 999
54144 999
54664 999
55176 999
55692 999
56208 999
56724 999
57236 1004
57756 1004
58268 1006
58788 1004
59300 1004
59816 1008
60332 1008
60848 1008
61360 1008
61880 1008
62392 1009
62912 1008
63424 1009
63940 1009
64456 1009
64972 1009
65484 1016
66004 1016
66516 1016
67036 1016
67552 1016
68064 1016
68584 1016
69096 1016
69616 1016
70128 1016
70648 1016
71160 1016
71676 1016
72188 1020
72708 1016
73220 1016
73740 1020
74252 1020
74772 1016
75284 1016
75800 1020
76312 1020
76832 1020
77344 1020
77864 1020
78376 1016
78896 1016
79408 1016
79924 1020
80436 1020
80956 1020
81468 1016
81988 1016
82500 1016
83020 1020
83532 1020
84048 1022
84560 1022
85080 1022
85592 1022
86112 1022
86624 1023
87144 1023
87656 1023
88172 1023
88684 1023
89204 1023
89716 1022
90236 1022
90748 1023
91268 1022
91780 1022
92296 1023
92808 1023
93328 1016
93840 1016
94360 1016
94872 1022
95392 1023
95904 1023
96420 1023
96932 1023
97452 1023
97964 1023
98484 1023
98996 1023
99516 1023
100028 1023
100544 1023
101056 1023
101576 1023
102088 1023
102608 1023
103120 1023
103640 1023
104152 1023
104668 1023
105180 1023
105700 1023
106212 1023
106732 1023
107244 1023
107764 1022
108276 1016
108792 1016
109304 1022
109824 1023
110336 1023
110856 1023
111368 1023
111888 1023
112400 1023
112916 1023
113428 1023
113948 1023
114460 1023
114980 1023
115492 1023
116012 1023
116524 1023
117040 1023
117552 1023
118072 1023
118584 1023
119104 1023
119616 1023
120136 1023
120648 1023
121164 1023
121676 1023
122196 1023
122708 1023
123228 1023
123740 1023
124260 1023
124772 1023
125288 1023
125800 1023
126320 1023
126832 1023
127352 1023
127864 1023
128384 1023
128896 1023
129412 1023
129924 1023
130444 1023
130956 1023
131476 1023
20 0
540 35
1052 67
1572 103
2084 127
2600 163
3116 193
3632 224
4144 252
4664 280
5176 304
5696 319
6208 352
6724 384
7240 398
7756 415
8268 440
8788 455
9300 480
9820 497
10332 515
10848 536
11364 551
11880 568
12392 575
12912 600
13424 611
13944 625
14456 639
14972 655
15488 668
16004 679
16516 689
17036 704
17548 711
18068 719
18580 736
19096 743
19612 768
20128 768
20640 769
21160 780
21672 792
22192 798
22704 799
23220 814
23736 824
24252 824
24764 831
25284 831
25796 846
26316 847
26828 856
27344 864
27860 867
28376 876
28888 880
29408 896
29920 896
30440 896
30952 897
31468 903
31984 908
32500 911
33012 920
33532 920
34044 924
34564 927
35076 927
35592 931
36108 935
36624 940
37136 944
37656 944
38168 952
38688 952
39200 952
39716 960
40232 960
40748 960
41260 961
41780 963
42292 963
42812 967
43324 967
43840 967
44352 972
44872 974
45384 975
45904 975
46416 984
46936 984
47448 984
47964 984
48476 988
48996 988
49508 988
50028 992
50540 992
51060 992
51572 992
52088 993
52600 995
53120 995
53632 995
54152 999
54664 999
55184 999
55696 999
56212 999
56732 1004
57244 1004
57764 1004
58276 1006
58796 1008
59308 1008
59824 1004
60336 1008
60856 1008
61368 1008
61888 1008
62400 1008
62920 1008
63432 1009
63948 1008
64460 1016
64980 1009
65492 1008
66012 1008
66524 1009
67044 1016
67556 1016
68072 1016
68584 1016
69104 1016
69616 1016
70136 1016
70648 1016
71168 1016
71680 1016
72196 1016
72708 1016
73228 1016
73740 1020
74260 1020
74772 1020
75292 1020
75804 1020
76320 1020
76832 1020
77352 1020
77864 1020
78384 1016
78896 1016
79416 1016
79928 1020
80444 1020
80956 1020
81476 1020
81988 1020
82508 1020
83020 1022
83540 1020
84052 1020
84568 1020
85080 1020
85600 1020
86112 1022
86632 1022
87144 1022
87660 1022
88176 1022
88692 1022
89204 1023
89724 1023
90236 1022
90756 1022
91268 1023
91784 1023
92300 1023
92816 1023
93328 1023
93848 1020
94360 1020
94880 1020
95392 1023
95908 1023
96424 1023
96940 1023
97452 1023
97972 1023
98484 1023
99004 1023
99516 1023
100032 1023
100548 1023
101064 1023
101576 1023
102096 1023
102608 1023
103128 1023
103640 1023
104156 1023
104672 1023
105188 1023
105700 1023
106220 1023
106732 1023
107252 1022
107764 1023
108280 1022
108796 1020
109312 1022
109824 1022
110344 1023
110856 1023
111376 1023
111888 1023
112404 1023
112920 1023
113436 1023
113948 1023
114468 1023
114980 1023
115500 1023
116012 1023
116528 1023
117044 1023
117560 1023
118072 1023
118592 1023
119104 1023
119624 1023
120136 1023
120652 1023
121168 1023
121684 1023
122196 1023
122716 1023
123228 1023
123748 1023
124260 1023
124776 1023
125292 1023
125808 1023
126320 1023
126840 1023
127352 1023
127872 1023
128384 1023
128900 1023
129416 1023
129932 1023
130444 1023
130964 1023
131484 1023
