20 1022
532 988
1048 952
1560 920
2080 896
2592 856
3112 824
3624 798
4140 769
4656 743
5172 719
5684 696
6204 671
6716 639
7236 624
7748 604
8264 575
8780 561
9296 543
9808 524
10328 508
10840 487
11360 472
11872 455
12388 440
12904 423
13420 412
13932 391
14452 384
14964 368
15484 355
15996 344
16512 327
17028 319
17544 312
18056 295
18576 287
19088 280
19608 255
20120 255
20636 252
21148 240
21668 231
22184 224
22696 216
23216 207
23728 199
24248 193
24760 192
25280 184
25792 176
26308 167
26820 159
27340 159
27852 152
28372 145
28884 143
29400 135
29916 127
30432 127
30944 124
31464 120
31976 113
32496 112
33008 103
33524 103
34040 97
34556 96
35068 96
35588 88
36100 88
36620 83
37132 79
37648 78
38164 71
38680 71
39192 67
39712 63
40224 63
40744 63
41256 62
41772 60
42288 56
42804 56
43316 51
43836 49
44348 48
44868 48
45380 46
45896 39
46412 39
46928 39
47440 39
47960 35
48472 35
48992 31
49504 31
50020 31
50536 31
51052 31
51564 30
52084 30
52596 28
53116 28
53628 24
54144 24
54660 24
55176 24
55688 24
56208 24
56720 19
57240 17
57752 17
58268 15
58784 15
59300 15
59812 15
60332 15
60844 15
61364 15
61876 15
62392 15
62908 14
63424 7
63936 7
64456 7
64968 7
65488 7
66000 7
66516 7
67032 7
67548 7
68060 7
68580 7
69092 7
69612 7
70124 7
70640 7
71156 7
71672 7
72184 7
72704 3
73216 3
73736 3
74248 3
74764 3
75280 3
75796 3
76308 3
76828 3
77340 3
77860 3
78372 3
78888 1
79404 1
79920 1
80432 3
80952 1
81464 1
81984 1
82496 1
83012 1
83528 1
84044 1
84556 0
85076 0
85588 0
86108 0
86620 1
87136 0
87652 0
88168 0
88680 0
89200 0
89712 0
90232 0
90744 0
91260 0
91776 0
92292 0
92804 0
93324 0
93836 0
94356 0
94868 0
95384 0
95900 0
96416 0
96936 0
97448 0
97968 0
98480 0
98996 0
99508 0
100028 0
100540 0
101060 0
101572 0
102092 0
102604 0
103120 0
103632 0
104152 0
104664 0
105184 0
105696 0
106216 0
106728 0
107244 0
107756 0
108276 0
108788 0
109308 0
109820 0
110340 0
110852 0
111368 0
111880 0
112400 0
112912 0
113432 0
113944 0
114464 0
114976 0
115492 0
116004 0
116524 0
117036 0
117556 0
118068 0
118588 0
119100 0
119616 0
120128 0
120648 0
121160 0
121680 0
122192 0
122712 0
123224 0
123740 0
124252 0
124772 0
125284 0
125804 0
126316 0
126836 0
127348 0
127864 0
128376 0
128896 0
129408 0
129928 0
130440 0
130960 0
131472 0
20 1022
532 988
1048 952
1560 920
2080 896
2592 860
3112 828
3624 796
4140 768
4656 739
5172 718
5684 696
6204 671
6716 639
7236 624
7748 604
8264 575
8780 561
9296 543
9808 526
10328 508
10840 487
11360 472
11872 455
12388 440
12904 423
13420 412
13940 391
14452 384
14972 368
15484 355
16000 344
16512 327
17032 319
17544 312
18064 295
18576 287
19096 280
19608 255
20124 255
20636 252
21156 240
21668 231
22188 224
22700 216
23220 207
23732 199
24248 193
24760 192
25280 184
25792 176
26312 167
26824 159
27344 159
27856 152
28372 143
28884 143
29404 255
29916 127
30436 127
30948 124
31468 120
31980 113
32496 112
33008 103
33528 103
34040 97
34560 96
35072 96
35592 88
36104 88
36620 83
37132 79
37652 78
38164 71
38684 71
39196 63
39716 63
40228 63
40744 63
41256 60
41776 60
42288 56
42808 56
43320 51
43840 49
44352 48
44868 48
45380 46
45900 39
46412 39
46932 39
47444 39
47964 35
48476 35
48992 31
49504 31
50024 31
50536 31
51056 31
51568 30
52088 30
52600 28
53116 28
53628 24
54148 24
54660 24
55180 24
55692 24
56212 24
56724 24
57240 19
57752 17
58272 15
58784 15
59304 15
59816 15
60336 15
60848 15
61364 15
61876 14
62396 14
62908 14
63428 7
63940 7
64460 7
64972 7
65488 7
66000 7
66520 7
67032 7
67552 7
68064 7
68584 7
69096 7
69612 7
70124 7
70644 7
71156 7
71676 7
72188 7
72708 3
73220 3
73736 3
74248 3
74768 3
75280 3
75800 3
76312 3
76828 3
77344 3
77860 3
78372 3
78892 1
79404 1
79924 1
80436 1
80952 1
81468 1
81984 1
82496 1
83016 1
83528 1
84048 1
84560 1
85076 0
85592 0
86108 0
86620 0
87140 1
87652 0
88168 0
88680 0
89200 0
89716 0
90228 0
90748 0
91260 0
91780 0
92292 0
92808 0
93324 0
93840 0
94352 0
94872 0
95384 0
95904 0
96416 0
96932 0
97448 0
97964 0
98476 0
98996 0
99508 0
100028 0
100540 0
101056 0
101572 0
102088 0
102600 0
103120 0
103632 0
104152 0
104664 0
105180 0
105696 0
106212 0
106724 0
107244 0
107756 0
108276 0
108788 0
109304 0
109820 0
110336 0
110848 0
111368 0
111880 0
112400 0
112912 0
113428 0
113944 0
114460 0
114972 0
115492 0
116004 0
116524 0
117036 0
117552 0
118068 0
118584 0
119096 0
119616 0
120128 0
120648 0
121160 0
121676 0
122192 0
122708 0
123220 0
123740 0
124252 0
124772 0
125284 0
125800 0
126316 0
126832 0
127344 0
127864 0
128376 0
128896 0
129408 0
129924 0
130440 0
130956 0
131468 0
20 1022
532 992
1048 956
1560 920
2080 896
2592 860
3112 830
3628 796
4140 768
4660 743
5172 718
5692 696
6204 671
6720 639
7236 624
7752 604
8264 575
8784 560
9296 543
9816 524
10328 508
10844 487
11360 472
11876 455
12388 440
12908 423
13420 412
13940 391
14452 384
14968 368
15484 355
16000 344
16512 327
17032 319
17544 312
18064 295
18576 287
19092 280
19608 255
20124 255
20636 252
21156 240
21668 231
22188 224
22700 216
23216 207
23732 199
24248 193
24760 192
25280 184
25792 176
26312 167
26824 159
27340 158
27856 152
28372 143
28884 143
29404 135
29916 127
30436 127
30948 124
31464 120
31976 113
32496 112
33008 103
33528 103
34040 97
34560 96
35072 96
35588 92
36100 88
36620 81
37132 79
37652 78
38164 71
38684 71
39196 63
39712 63
40224 63
40744 63
41256 62
41776 60
42288 56
42808 56
43320 56
43836 51
44348 48
44868 48
45380 48
45900 39
46412 39
46932 39
47444 39
47960 35
48472 35
48992 31
49504 31
50024 31
50536 31
51056 31
51568 30
52084 30
52596 28
53116 28
53628 28
54148 24
54660 24
55180 24
55692 24
56208 19
56720 19
57240 19
57752 17
58272 15
58784 15
59304 15
59816 15
60332 15
60844 15
61364 15
61876 14
62396 14
62908 14
63428 7
63940 7
64456 7
64968 7
65488 7
66000 7
66520 7
67032 7
67552 7
68064 7
68580 7
69092 7
69612 7
70124 7
70644 7
71156 7
71676 7
72188 7
72704 3
73216 3
73736 3
74248 3
74768 3
75280 3
75800 3
76312 3
76828 3
77340 3
77860 3
78380 3
78892 1
79408 1
79924 3
80440 3
80952 1
81472 1
81984 1
82504 1
83016 1
83532 1
84048 0
84564 0
85076 0
85596 0
86108 1
86628 1
87140 0
87656 0
88172 0
88688 0
89200 0
89720 0
90232 0
90752 0
91264 0
91780 0
92296 0
92812 0
93324 0
93844 0
94356 0
94876 0
95388 0
95904 0
96420 0
96936 0
97448 0
97968 0
98480 0
99000 0
99512 0
100028 0
100544 0
101060 0
101572 0
102092 0
102604 0
103124 0
103636 0
104152 0
104668 0
105184 0
105696 0
106216 0
106728 0
107248 0
107760 0
108276 0
108792 0
109308 0
109820 0
110340 0
110852 0
111372 0
111884 0
112400 0
112916 0
113432 0
113944 0
114464 0
114976 0
115496 0
116008 0
116524 0
117040 0
117556 0
118068 0
118588 0
119100 0
119620 0
120132 0
120648 0
121164 0
121680 0
122192 0
122712 0
123224 0
123744 0
124256 0
124772 0
125288 0
125804 0
126316 0
126836 0
127348 0
127868 0
128380 0
128896 0
129412 0
129928 0
130440 0
130960 0
131472 0
20 1023
540 988
1052 952
1572 920
2084 896
2600 860
3116 830
3632 799
4144 771
4664 739
5176 711
5696 696
6208 670
6724 639
7240 624
7756 604
8268 575
8788 561
9300 543
9820 524
10332 508
10848 487
11364 472
11880 455
12392 440
12912 423
13424 408
13944 391
14456 384
14972 368
15488 353
16004 344
16516 327
17036 319
17548 312
18068 295
18580 287
19096 280
19612 255
20128 255
20640 252
21160 240
21672 231
22192 224
22704 216
23220 207
23736 199
24252 193
24764 192
25284 184
25796 176
26316 167
26828 159
27344 159
27860 152
28376 143
28888 143
29408 127
29920 127
30440 127
30952 124
31468 120
31984 113
32500 112
33012 103
33532 103
34044 99
34564 96
35076 92
35592 88
36104 88
36624 81
37136 79
37656 79
38168 71
38688 71
39200 67
39716 63
40228 63
40748 63
41260 62
41780 60
42292 56
42812 56
43324 56
43840 49
44352 48
44872 48
45384 48
45904 39
46416 39
46936 39
47448 39
47964 35
48476 35
48996 31
49508 31
50028 31
50540 31
51060 31
51572 30
52088 28
52600 28
53120 28
53632 24
54152 24
54664 24
55184 24
55696 24
56212 24
56724 19
57244 19
57756 17
58276 15
58788 15
59308 15
59820 15
60336 15
60848 15
61368 15
61880 15
62400 14
62912 14
63432 14
63944 7
64460 7
64972 7
65492 7
66004 7
66524 7
67036 7
67556 7
68068 7
68584 7
69096 7
69616 7
70136 7
70648 7
71168 7
71680 7
72196 3
72708 3
73228 3
73740 3
74260 3
74772 3
75292 3
75804 3
76320 3
76832 3
77352 3
77864 3
78384 3
78896 3
79412 1
79928 1
80444 1
80956 1
81476 1
81988 1
82508 1
83020 1
83536 1
84052 1
84568 1
85080 1
85600 0
86112 1
86632 0
87144 0
87660 0
88176 0
88692 0
89204 0
89724 0
90236 0
90756 0
91268 0
91784 0
92300 0
92816 0
93328 0
93848 0
94360 0
94880 0
95392 0
95908 0
96424 0
96940 0
97452 0
97972 0
98484 0
99004 0
99516 0
100032 0
100548 0
101064 0
101576 0
102096 0
102608 0
103128 0
103640 0
104156 0
104672 0
105188 0
105700 0
106220 0
106732 0
107252 0
107764 0
108280 0
108796 0
109312 0
109824 0
110344 0
110856 0
111376 0
111888 0
112404 0
112920 0
113436 0
113948 0
114468 0
114980 0
115500 0
116012 0
116528 0
117044 0
117560 0
118072 0
118592 0
119104 0
119624 0
120136 0
120652 0
121168 0
121684 0
122196 0
122716 0
123228 0
123748 0
124260 0
124776 0
125292 0
125808 0
126320 0
126840 0
127352 0
127872 0
128384 0
128900 0
129416 0
129932 0
130444 0
130964 0
131476 0
20 1022
532 984
1052 952
1564 920
2084 896
2596 856
3112 828
3628 799
4144 769
4656 743
5176 719
5688 696
6208 670
6720 639
7236 624
7752 604
8268 575
8780 561
9300 543
9812 526
10332 508
10844 487
11360 472
11876 455
12392 440
12904 423
13424 408
13936 391
14456 384
14968 368
15484 353
16000 344
16516 327
17028 319
17548 312
18060 295
18580 287
19092 280
19608 255
20124 255
20640 252
21152 240
21672 231
22184 224
22704 216
23216 207
23732 199
24248 195
24764 192
25276 184
25796 176
26308 167
26828 159
27340 158
27856 152
28372 143
28888 142
29400 135
29920 127
30432 127
30952 124
31464 120
31980 113
32496 112
33012 103
33524 103
34044 99
34556 96
35076 96
35588 92
36104 88
36616 83
37136 79
37648 79
38168 71
38680 71
39200 67
39712 63
40228 63
40740 63
41260 62
41772 60
42292 56
42804 56
43324 56
43836 49
44352 48
44864 48
45384 48
45896 39
46416 39
46928 39
47448 39
47960 35
48476 35
48988 31
49508 31
50020 31
50540 31
51052 31
51572 30
52084 28
52600 28
53112 28
53632 24
54144 24
54664 24
55176 24
55696 24
56208 24
56724 27
57236 17
57756 17
58272 15
58784 15
59304 15
59816 15
60336 15
60848 15
61364 15
61880 14
62396 14
62908 14
63428 14
63940 7
64460 7
64972 7
65488 7
66004 7
66520 7
67032 7
67552 7
68064 7
68584 7
69096 7
69612 7
70128 7
70644 7
71156 3
71676 3
72188 7
72708 3
73220 3
73736 3
74252 3
74768 3
75280 3
75800 3
76312 3
76832 3
77344 3
77860 3
78372 3
78892 3
79404 1
79924 1
80436 1
80956 1
81468 1
81984 1
82496 1
83016 1
83528 1
84048 1
84560 1
85080 1
85592 0
86108 0
86620 0
87140 0
87652 0
88172 0
88684 0
89204 0
89716 0
90232 0
90744 0
91264 0
91776 0
92296 0
92808 0
93328 0
93840 0
94356 0
94868 0
95388 0
95900 0
96420 0
96932 0
97452 0
97964 0
98480 0
98992 0
99512 0
100024 0
100544 0
101056 0
101576 0
102088 0
102604 0
103116 0
103636 0
104148 0
104668 0
105180 0
105700 0
106212 0
106728 0
107240 0
107760 0
108272 0
108792 0
109304 0
109824 0
110336 0
110852 0
111364 0
111884 0
112396 0
112916 0
113428 0
113948 0
114460 0
114976 0
115488 0
116008 0
116520 0
117040 0
117552 0
118072 0
118584 0
119100 0
119612 0
120132 0
120644 0
121164 0
121676 0
122196 0
122708 0
123224 0
123736 0
124256 0
124768 0
125288 0
125800 0
126320 0
126832 0
127348 0
127860 0
128380 0
128892 0
129412 0
129924 0
130444 0
130956 0
131472 0
