20 1022
640 975
1252 940
1872 899
2488 864
3104 830
3720 796
4332 768
4952 732
5572 704
6184 671
6800 639
7416 615
8032 591
8652 568
9264 543
9884 519
10500 504
11112 480
11732 460
12344 448
12964 423
13580 408
14196 387
14812 376
15424 355
16044 344
16664 327
17276 316
17892 304
18508 287
19124 280
19744 255
20356 255
20976 248
21588 231
22204 224
22824 216
23436 207
24056 195
24668 192
25284 184
25904 176
26516 167
27136 159
27748 156
28368 143
28984 142
29596 127
30216 127
30828 126
31448 120
32068 113
32680 112
33296 103
33908 99
34528 96
35148 92
35760 88
36376 88
36992 79
37608 79
38228 71
38840 71
39460 63
40072 63
40688 63
41308 60
41920 60
42540 56
43152 56
43772 51
44388 48
45000 48
45620 46
46232 39
46852 39
47468 39
48084 35
48700 35
49312 31
49932 31
50552 31
51164 31
51780 30
52396 28
53012 28
53632 24
54244 24
54864 24
55476 24
56092 24
56712 24
57324 17
57944 15
58556 15
59176 15
59792 15
60404 15
61024 15
61636 15
62256 14
62872 14
63488 14
64104 7
64716 7
65336 7
65956 7
66568 7
67184 7
67796 7
68416 7
69036 7
69648 7
70264 7
70880 7
71496 7
72116 7
72728 3
73348 3
73960 3
74576 3
75196 3
75808 3
76428 3
77040 3
77660 3
78276 3
78888 3
79508 1
80120 1
80740 1
81356 1
81972 1
82588 1
83208 1
83820 1
84440 1
85052 1
85668 1
86288 0
86900 0
87520 0
88132 0
88752 0
89368 0
89980 0
90600 0
91212 0
91832 0
92448 0
93064 0
93680 0
94292 0
94912 0
95532 0
96144 0
96760 0
97376 0
97992 0
98612 0
99224 0
99844 0
100456 0
101072 0
101692 0
102304 0
102924 0
103536 0
104156 0
104772 0
105384 0
106004 0
106616 0
107236 0
107852 0
108464 0
109084 0
109696 0
110316 0
110936 0
111548 0
112164 0
112776 0
113396 0
114016 0
114628 0
115244 0
115860 0
116476 0
117096 0
117708 0
118328 0
118940 0
119556 0
120176 0
120788 0
121408 0
122020 0
122640 0
123256 0
123868 0
124488 0
125100 0
125720 0
126336 0
126952 0
127568 0
128180 0
128800 0
129420 0
130032 0
130648 0
131264 0
131880 0
132500 0
133112 0
133732 0
134344 0
134960 0
135580 0
136192 0
136812 0
137424 0
138044 0
138660 0
139272 0
139892 0
140504 0
141124 0
141740 0
142356 0
142972 0
143584 0
144204 0
144824 0
145436 0
146052 0
146664 0
147284 0
147904 0
148516 0
149136 0
149748 0
150364 0
150984 0
151596 0
152212 0
152824 0
153444 0
154064 0
154676 0
155296 0
155912 0
156524 0
157144 0
20 1022
640 984
1252 940
1868 899
2488 864
3100 828
3720 796
4332 768
4952 732
5568 704
6180 670
6800 639
7412 615
8032 590
8652 568
9264 543
9880 519
10492 504
11112 480
11732 460
12344 448
12960 423
13576 408
14192 385
14812 376
15424 355
16044 344
16656 327
17272 316
17892 304
18504 287
19124 280
19736 255
20356 255
20972 241
21584 231
22204 224
22816 216
23436 207
24052 195
24668 192
25284 184
25896 176
26516 167
27136 159
27748 156
28364 145
28976 142
29596 127
30216 127
30828 126
31448 120
32060 113
32676 112
33296 103
33908 99
34528 96
35140 94
35756 88
36376 88
36988 79
37608 79
38220 71
38840 71
39456 63
40068 63
40688 63
41300 62
41920 60
42540 56
43152 56
43768 49
44380 48
45000 48
45620 46
46232 39
46848 39
47464 39
48080 35
48700 35
49312 31
49932 31
50544 31
51160 31
51780 30
52392 28
53012 28
53624 24
54244 24
54860 24
55472 24
56092 24
56704 19
57324 17
57940 15
58556 15
59172 15
59784 15
60404 15
61024 15
61636 14
62252 14
62868 14
63484 12
64104 7
64716 7
65336 7
65948 7
66564 7
67184 7
67796 7
68416 7
69028 7
69648 7
70264 7
70876 7
71496 7
72108 3
72728 7
73344 7
73956 3
74576 3
75196 3
75808 3
76428 3
77040 3
77656 3
78276 3
78888 3
79508 1
80120 1
80736 1
81356 1
81968 1
82588 1
83200 1
83820 1
84436 1
85048 1
85668 1
86280 0
86900 0
87520 0
88132 0
88748 0
89360 0
89980 0
90600 0
91212 0
91828 0
92444 0
93060 0
93680 0
94292 0
94912 0
95524 0
96140 0
96760 0
97372 0
97992 0
98604 0
99224 0
99840 0
100452 0
101072 0
101684 0
102304 0
102920 0
103536 0
104152 0
104764 0
105384 0
106004 0
106616 0
107232 0
107848 0
108464 0
109084 0
109696 0
110316 0
110928 0
111544 0
112164 0
112776 0
113396 0
114008 0
114624 0
115244 0
115856 0
116476 0
117088 0
117708 0
118324 0
118936 0
119556 0
120168 0
120788 0
121408 0
122020 0
122636 0
123248 0
123868 0
124488 0
125100 0
125716 0
126332 0
126948 0
127568 0
128180 0
128800 0
129412 0
130028 0
130648 0
131260 0
131880 0
132492 0
133112 0
133728 0
134340 0
134960 0
135572 0
136192 0
136808 0
137424 0
138040 0
138652 0
139272 0
139892 0
140504 0
141120 0
141736 0
142352 0
142972 0
143584 0
144200 0
144812 0
145432 0
146052 0
146664 0
147280 0
147900 0
148512 0
149132 0
149744 0
150364 0
150980 0
151592 0
152212 0
152824 0
153444 0
154064 0
154676 0
155292 0
155904 0
156524 0
157144 0
20 1016
640 975
1252 940
1872 899
2484 864
3100 830
3720 796
4332 768
4952 732
5564 704
6180 671
6800 639
7412 615
8032 591
8644 568
9264 543
9880 519
10492 504
11112 480
11724 462
12344 448
12964 423
13576 408
14192 387
14804 376
15424 355
16044 344
16656 327
17272 316
17888 304
18504 287
19124 280
19736 255
20356 255
20968 248
21584 231
22204 224
22816 216
23436 207
24048 195
24668 192
25284 184
25896 176
26516 163
27128 159
27748 152
28364 145
28980 142
29596 127
30208 127
30828 124
31448 120
32060 113
32676 112
33292 103
33908 99
34528 96
35140 94
35760 88
36372 88
36988 79
37608 79
38220 71
38840 71
39452 63
40068 63
40688 63
41300 60
41920 56
42532 56
43152 56
43768 49
44380 48
45000 48
45612 46
46232 39
46852 39
47464 39
48080 35
48692 35
49312 31
49932 31
50544 31
51160 31
51776 30
52392 28
53012 28
53624 24
54244 24
54856 24
55472 24
56092 24
56704 19
57324 17
57936 17
58556 15
59172 15
59784 15
60404 15
61016 15
61636 15
62252 14
62868 14
63484 12
64104 7
64716 7
65336 7
65948 7
66564 7
67184 7
67796 7
68416 7
69028 7
69648 7
70264 7
70876 7
71496 7
72108 3
72728 7
73344 3
73960 3
74576 3
75188 3
75808 3
76428 3
77040 3
77656 3
78268 3
78888 1
79508 1
80120 1
80740 1
81352 1
81968 1
82588 1
83200 1
83820 1
84432 1
85048 1
85668 1
86280 0
86900 0
87512 0
88132 0
88748 0
89360 0
89980 0
90592 0
91212 0
91832 0
92444 0
93060 0
93672 0
94292 0
94912 0
95524 0
96140 0
96756 0
97372 0
97992 0
98604 0
99224 0
99836 0
100452 0
101072 0
101684 0
102304 0
102916 0
103536 0
104152 0
104764 0
105384 0
105996 0
106616 0
107232 0
107848 0
108464 0
109076 0
109696 0
110316 0
110928 0
111544 0
112160 0
112776 0
113396 0
114008 0
114628 0
115240 0
115856 0
116476 0
117088 0
117708 0
118320 0
118940 0
119556 0
120168 0
120788 0
121400 0
122020 0
122636 0
123248 0
123868 0
124480 0
125100 0
125720 0
126332 0
126948 0
127560 0
128180 0
128800 0
129412 0
130028 0
130644 0
131260 0
131880 0
132492 0
133112 0
133724 0
134340 0
134960 0
135572 0
136192 0
136812 0
137424 0
138040 0
138652 0
139272 0
139892 0
140504 0
141120 0
141736 0
142352 0
142972 0
143584 0
144204 0
144816 0
145432 0
146052 0
146664 0
147284 0
147896 0
148516 0
149132 0
149744 0
150364 0
150976 0
151596 0
152212 0
152828 0
153444 0
154056 0
154676 0
155296 0
155908 0
156524 0
157140 0
20 1022
632 984
1248 935
1868 899
2480 864
3100 828
3712 796
4328 768
4948 732
5560 704
6180 671
6792 639
7412 615
8028 591
8640 568
9260 542
9872 519
10492 504
11112 480
11724 462
12340 448
12952 423
13572 408
14192 387
14804 376
15420 355
16036 344
16652 327
17272 316
17884 304
18504 287
19116 280
19732 255
20352 255
20964 248
21584 231
22196 224
22816 216
23432 207
24044 195
24664 192
25276 184
25896 176
26512 167
27128 159
27744 152
28356 145
28976 142
29596 127
30208 127
30824 126
31440 120
32056 113
32676 112
33288 103
33908 99
34520 96
35136 96
35756 88
36368 88
36988 79
37600 79
38220 71
38836 71
39448 63
40068 63
40680 63
41300 62
41916 60
42528 56
43148 56
43760 49
44380 48
45000 48
45612 39
46228 39
46840 39
47460 39
48080 35
48692 35
49308 31
49924 31
50540 31
51160 31
51772 30
52392 28
53004 28
53620 28
54240 24
54852 24
55472 24
56092 24
56704 24
57320 17
57932 15
58552 15
59172 15
59784 15
60400 15
61016 15
61632 15
62252 14
62864 14
63484 12
64096 7
64712 7
65332 7
65944 7
66564 7
67176 7
67796 7
68412 7
69024 7
69644 7
70256 7
70876 7
71492 7
72108 7
72724 3
73336 3
73956 3
74576 3
75188 3
75804 3
76420 3
77036 3
77656 3
78268 3
78888 1
79500 1
80116 1
80736 1
81348 1
81968 1
82580 1
83196 1
83816 1
84428 1
85048 1
85660 0
86280 0
86896 0
87508 0
88128 0
88740 0
89360 0
89980 0
90592 0
91208 0
91820 0
92440 0
93060 0
93672 0
94288 0
94904 0
95520 0
96140 0
96752 0
97372 0
97984 0
98600 0
99220 0
99832 0
100452 0
101064 0
101684 0
102300 0
102912 0
103532 0
104144 0
104764 0
105380 0
105996 0
106612 0
107224 0
107844 0
108464 0
109076 0
109692 0
110308 0
110924 0
111544 0
112156 0
112776 0
113388 0
114004 0
114624 0
115236 0
115856 0
116468 0
117088 0
117704 0
118316 0
118936 0
119548 0
120168 0
120784 0
121400 0
122016 0
122628 0
123248 0
123868 0
124480 0
125096 0
125708 0
126328 0
126948 0
127560 0
128176 0
128796 0
129408 0
130028 0
130640 0
131260 0
131876 0
132488 0
133108 0
133720 0
134340 0
134960 0
135572 0
136188 0
136800 0
137420 0
138040 0
138652 0
139268 0
139884 0
140500 0
141120 0
141732 0
142352 0
142964 0
143580 0
144200 0
144812 0
145432 0
146044 0
146664 0
147280 0
147892 0
148512 0
149124 0
149744 0
150360 0
150976 0
151592 0
152204 0
152824 0
153444 0
154056 0
154672 0
155288 0
155904 0
156524 0
157136 0
20 1023
640 984
1252 944
1872 903
2484 864
3104 824
3720 792
4332 768
4952 728
5564 704
6184 671
6800 639
7416 620
8032 591
8644 572
9264 543
9884 524
10496 504
11112 480
11732 462
12344 448
12964 423
13576 408
14196 387
14812 376
15424 355
16044 344
16656 327
17276 316
17892 304
18508 287
19124 280
19736 255
20356 255
20976 248
21588 231
22204 224
22816 216
23436 207
24056 199
24668 192
25288 184
25900 176
26516 167
27136 159
27748 156
28368 147
28980 143
29596 127
30216 127
30828 126
31448 120
32060 113
32680 112
33296 103
33908 99
34528 96
35140 96
35760 88
36380 88
36992 79
37608 79
38220 71
38840 71
39460 63
40072 63
40688 63
41304 62
41920 60
42540 56
43152 56
43772 49
44384 48
45000 48
45620 46
46232 39
46852 39
47464 39
48084 35
48700 35
49312 31
49932 31
50544 31
51164 31
51780 30
52396 28
53012 28
53624 24
54244 24
54864 24
55476 24
56092 24
56704 19
57324 17
57944 17
58556 15
59176 15
59788 15
60404 15
61024 14
61636 15
62256 14
62868 14
63484 12
64104 7
64716 7
65336 7
65948 7
66568 7
67184 7
67796 7
68416 7
69028 7
69648 7
70268 7
70880 7
71496 7
72108 3
72728 3
73348 3
73960 3
74576 7
75192 3
75808 3
76428 3
77040 3
77660 3
78272 1
78888 1
79508 1
80120 1
80736 1
81348 1
81968 1
82588 1
83200 1
83816 1
84436 1
85048 0
85668 0
86280 1
86900 0
87516 1
88128 0
88748 0
89360 0
89980 0
90596 0
91212 0
91828 0
92440 0
93060 0
93680 0
94292 0
94908 0
95520 0
96140 0
96760 0
97372 0
97992 0
98604 0
99220 0
99840 0
100452 0
101072 0
101684 0
102300 0
102920 0
103532 0
104152 0
104764 0
105384 0
106000 0
106612 0
107232 0
107844 0
108464 0
109084 0
109696 0
110312 0
110924 0
111544 0
112164 0
112776 0
113392 0
114008 0
114624 0
115244 0
115856 0
116476 0
117088 0
117704 0
118324 0
118936 0
119556 0
120168 0
120788 0
121404 0
122016 0
122636 0
123248 0
123868 0
124484 0
125100 0
125716 0
126328 0
126948 0
127568 0
128180 0
128796 0
129412 0
130028 0
130648 0
131260 0
131880 0
132492 0
133108 0
133728 0
134340 0
134960 0
135572 0
136188 0
136808 0
137420 0
138040 0
138652 0
139272 0
139888 0
140500 0
141120 0
141732 0
142352 0
142972 0
143584 0
144200 0
144812 0
145432 0
146052 0
146664 0
147280 0
147896 0
148512 0
149132 0
149744 0
150364 0
150976 0
151592 0
152212 0
152824 0
153440 0
154052 0
154672 0
155292 0
155904 0
156520 0
157140 0
