20 0
632 39
1252 79
1872 120
2484 158
3100 192
3712 225
4332 255
4952 287
5564 319
6180 352
6796 384
7412 408
8032 432
8644 451
9264 480
9876 504
10492 519
11112 543
11724 560
12344 575
12956 600
13576 615
14192 632
14804 639
15424 664
16036 679
16656 696
17272 705
17888 716
18504 728
19116 743
19736 768
20356 768
20968 775
21584 792
22196 798
22816 807
23436 816
24048 824
24668 831
25280 839
25896 847
26516 856
27128 864
27748 867
28360 876
28976 880
29596 896
30208 896
30828 897
31440 903
32060 908
32676 911
33288 920
33908 924
34520 927
35140 927
35760 931
36372 935
36988 944
37600 944
38220 952
38840 952
39452 956
40068 960
40684 960
41300 960
41920 963
42532 967
43152 967
43764 972
44380 972
45000 967
45612 972
46232 975
46844 984
47464 984
48080 975
48692 984
49312 988
49924 992
50544 992
51160 993
51776 993
52392 993
53004 995
53624 999
54244 999
54856 999
55472 999
56084 1004
56704 1004
57324 1006
57936 1008
58556 1008
59168 1008
59784 1008
60404 1008
61016 1008
61636 1008
62248 1008
62864 1008
63484 1009
64096 1008
64716 1008
65328 1016
65948 1016
66564 1016
67176 1016
67796 1016
68408 1016
69028 1016
69648 1016
70260 1016
70876 1016
71496 1016
72108 1016
72728 1016
73340 1020
73956 1020
74576 1020
75188 1020
75808 1020
76420 1020
77040 1020
77656 1016
78268 1016
78888 1016
79500 1020
80120 1020
80740 1020
81352 1022
81968 1022
82580 1020
83200 1022
83820 1020
84432 1022
85048 1022
85664 1022
86280 1022
86900 1022
87512 1022
88132 1022
88744 1022
89360 1022
89980 1022
90592 1023
91212 1023
91824 1022
92444 1022
93060 1022
93672 1020
94292 1022
94904 1016
95524 1016
96140 1022
96756 1023
97372 1023
97984 1023
98604 1023
99224 1023
99836 1023
100452 1023
101064 1023
101684 1023
102304 1023
102916 1023
103536 1023
104148 1023
104764 1023
105384 1023
105996 1023
106616 1023
107228 1023
107844 1022
108464 1020
109076 1022
109696 1023
110308 1023
110928 1023
111544 1023
112156 1023
112776 1023
113388 1023
114008 1023
114628 1023
115240 1023
115856 1023
116468 1023
117088 1023
117708 1023
118320 1023
118936 1023
119552 1023
120168 1022
120788 1023
121400 1023
122020 1023
122632 1023
123248 1023
123868 1023
124480 1023
125100 1023
125712 1023
126332 1023
126948 1023
127560 1023
128180 1023
128792 1023
129412 1023
130028 1023
130644 1023
131260 1023
131872 1023
132492 1020
133112 1020
133724 1023
134340 1023
134952 1023
135572 1023
136192 1023
136804 1023
137424 1023
138036 1020
138652 1020
139268 1023
139884 1023
140500 1023
141112 1023
141732 1023
142352 1023
142964 1023
143580 1023
144200 1023
144812 1020
145432 1016
146044 1022
146660 1023
147280 1023
147892 1023
148512 1023
149124 1023
149744 1023
150360 1023
150972 1023
151592 1022
152204 1023
152824 1023
153444 1023
154056 1023
154672 1023
155284 1023
155904 1023
156524 1023
157136 1023
20 0
640 39
1252 79
1872 120
2484 159
3100 192
3720 225
4332 255
4952 287
5564 319
6180 352
6800 384
7412 403
8032 432
8644 451
9264 480
9880 497
10492 519
11112 542
11724 560
12344 575
12960 600
13576 611
14192 632
14804 639
15424 664
16044 679
16656 696
17272 707
17888 719
18504 736
19124 743
19736 768
20356 768
20972 775
21584 792
22204 799
22816 807
23436 816
24052 824
24668 831
25284 839
25896 847
26516 847
27136 856
27748 864
28364 871
28980 880
29596 896
30216 896
30828 897
31448 903
32060 910
32676 911
33296 920
33908 924
34528 927
35140 927
35760 935
36376 940
36988 944
37608 944
38220 952
38840 952
39456 960
40072 960
40688 960
41300 961
41920 963
42540 967
43152 967
43768 972
44380 974
45000 975
45620 975
46232 984
46852 984
47464 984
48080 984
48700 984
49312 984
49932 992
50544 992
51160 992
51780 992
52392 993
53012 995
53624 995
54244 999
54860 999
55472 999
56092 999
56704 995
57324 995
57940 1004
58556 1008
59172 1008
59784 1008
60404 1008
61024 1008
61636 1008
62252 1009
62868 1008
63484 1006
64104 1004
64716 1008
65336 1016
65948 1016
66564 1016
67184 1016
67796 1016
68416 1016
69028 1016
69648 1016
70264 1016
70876 1016
71496 1016
72108 1020
72728 1020
73344 1017
73960 1020
74576 1020
75188 1020
75808 1020
76428 1020
77040 1020
77656 1020
78268 1020
78888 1020
79508 1020
80120 1020
80740 1020
81352 1020
81968 1020
82588 1020
83200 1020
83820 1020
84432 1022
85048 1022
85668 1022
86280 1020
86900 1016
87512 1016
88132 1020
88748 1023
89360 1023
89980 1023
90592 1023
91212 1023
91832 1023
92444 1023
93060 1023
93680 1023
94292 1023
94912 1023
95524 1023
96140 1023
96760 1023
97372 1023
97992 1023
98604 1023
99224 1023
99840 1023
100452 1023
101072 1023
101684 1023
102304 1023
102920 1023
103536 1023
104152 1023
104764 1023
105384 1023
106004 1023
106616 1023
107232 1023
107848 1022
108464 1023
109084 1022
109696 1022
110316 1022
110928 1022
111544 1023
112164 1023
112776 1023
113396 1020
114008 1016
114628 1020
115244 1023
115856 1023
116476 1022
117088 1016
117708 1022
118324 1022
118940 1023
119556 1023
120168 1023
120788 1023
121408 1023
122020 1023
122636 1023
123248 1023
123868 1023
124488 1023
125100 1023
125720 1023
126332 1023
126948 1023
127568 1023
128180 1023
128800 1023
129412 1023
130028 1023
130648 1023
131260 1023
131880 1023
132492 1023
133112 1023
133728 1023
134340 1023
134960 1023
135572 1023
136192 1023
136808 1023
137424 1023
138040 1023
138652 1023
139272 1023
139892 1023
140504 1023
141120 1023
141736 1023
142352 1023
142972 1023
143584 1023
144204 1023
144816 1023
145432 1023
146052 1023
146664 1020
147284 1016
147896 1022
148516 1023
149132 1023
149744 1023
150364 1023
150976 1023
151596 1023
152212 1023
152828 1023
153444 1023
154056 1023
154676 1023
155296 1023
155908 1023
156524 1023
157136 1023
20 0
632 39
1252 79
1872 120
2484 159
3100 192
3712 225
4332 255
4952 287
5564 319
6180 352
6796 384
7412 399
8032 430
8644 451
9264 480
9876 504
10492 519
11112 543
11724 560
12344 575
12960 600
13576 615
14192 636
14804 639
15424 664
16044 679
16656 696
17272 705
17884 719
18504 736
19124 743
19736 768
20356 768
20968 775
21584 783
22204 798
22816 807
23436 816
24048 824
24664 831
25284 839
25896 847
26516 856
27128 864
27748 867
28364 871
28976 880
29596 888
30208 896
30828 896
31448 903
32060 908
32676 911
33288 920
33908 920
34528 920
35140 927
35756 931
36372 935
36988 935
37608 940
38220 952
38840 952
39452 960
40068 960
40688 960
41300 963
41920 963
42532 967
43152 967
43768 972
44380 975
45000 975
45612 975
46232 984
46848 984
47464 984
48080 988
48692 988
49312 988
49932 992
50544 992
51160 992
51776 992
52392 992
53012 993
53624 995
54244 999
54856 999
55472 999
56092 999
56704 1004
57324 1004
57936 1006
58552 1006
59172 1008
59784 1008
60404 1008
61016 1008
61636 1008
62252 1008
62864 1008
63484 1016
64096 1009
64716 1016
65336 1016
65948 1016
66564 1016
67176 1008
67796 1008
68416 1016
69028 1016
69644 1016
70260 1016
70876 1016
71496 1016
72108 1016
72728 1016
73340 1016
73956 1020
74576 1020
75188 1016
75808 1020
76420 1020
77040 1020
77656 1020
78268 1020
78888 1022
79500 1020
80120 1020
80736 1020
81352 1020
81968 1020
82580 1020
83200 1020
83820 1016
84432 1016
85048 1016
85668 1020
86280 1023
86900 1023
87512 1023
88132 1023
88748 1022
89360 1023
89980 1022
90592 1022
91212 1022
91828 1022
92444 1022
93060 1022
93672 1023
94292 1023
94912 1023
95524 1023
96140 1023
96756 1020
97372 1016
97992 1020
98604 1022
99224 1023
99836 1023
100452 1023
101072 1023
101684 1023
102304 1023
102916 1023
103532 1023
104152 1023
104764 1023
105384 1023
105996 1023
106616 1023
107232 1023
107844 1023
108464 1023
109076 1023
109696 1023
110316 1023
110928 1023
111544 1023
112156 1023
112776 1023
113396 1023
114008 1023
114624 1023
115240 1023
115856 1023
116476 1023
117088 1023
117708 1023
118320 1023
118936 1023
119556 1023
120168 1023
120788 1023
121400 1023
122020 1023
122636 1023
123248 1023
123868 1023
124480 1023
125100 1023
125716 1023
126332 1023
126948 1020
127560 1016
128180 1020
128800 1022
129412 1020
130028 1020
130644 1020
131260 1022
131880 1020
132492 1022
133112 1022
133724 1020
134340 1020
134960 1022
135572 1023
136192 1023
136804 1023
137424 1023
138040 1023
138652 1023
139272 1023
139884 1023
140504 1023
141120 1023
141732 1023
142352 1023
142964 1023
143584 1023
144204 1023
144816 1023
145432 1023
146044 1023
146664 1023
147284 1022
147896 1022
148512 1023
149128 1023
149744 1023
150364 1023
150976 1023
151596 1023
152208 1023
152824 1023
153444 1023
154056 1023
154672 1023
155284 1023
155904 1023
156524 1023
157136 1023
24 0
636 39
1252 79
1864 120
2484 159
3104 192
3716 225
4332 255
4952 287
5564 319
6184 352
6796 384
7416 403
8032 432
8644 451
9264 480
9876 496
10496 519
11112 543
11728 560
12344 575
12956 600
13576 615
14196 636
14808 639
15424 664
16040 679
16656 696
17276 707
17888 719
18508 736
19120 743
19736 768
20356 768
20968 775
21588 783
22200 798
22816 807
23436 816
24048 824
24668 831
25280 839
25900 847
26516 856
27128 864
27748 867
28360 876
28980 880
29600 896
30212 896
30828 896
31440 903
32060 908
32680 911
33292 920
33908 924
34524 927
35140 927
35760 931
36372 935
36992 942
37604 944
38220 952
38840 952
39452 956
40072 960
40684 960
41304 961
41920 963
42532 967
43152 967
43764 972
44384 974
45000 975
45616 975
46232 975
46844 975
47464 984
48084 984
48696 988
49312 988
49928 992
50544 992
51164 992
51776 992
52396 992
53008 993
53624 993
54244 995
54856 999
55476 999
56088 999
56708 1004
57324 1004
57936 1006
58556 1008
59168 1008
59788 1008
60404 1008
61016 1008
61636 1008
62248 1008
62868 1009
63488 1009
64100 1009
64716 1009
65328 1016
65948 1016
66568 1016
67180 1016
67796 1016
68412 1016
69028 1016
69648 1016
70260 1016
70880 1016
71492 1016
72108 1016
72728 1016
73340 1020
73956 1016
74568 1020
75188 1020
75808 1020
76420 1016
77036 1016
77656 1020
78268 1020
78888 1020
79500 1022
80120 1020
80736 1020
81348 1020
81968 1020
82580 1022
83200 1022
83816 1020
84432 1020
85048 1022
85660 1022
86280 1020
86900 1020
87512 1020
88128 1022
88744 1022
89360 1022
89980 1020
90592 1022
91212 1020
91824 1022
92440 1022
93060 1023
93672 1023
94292 1023
94904 1023
95524 1023
96140 1023
96752 1023
97372 1023
97984 1023
98604 1023
99220 1023
99836 1023
100452 1023
101064 1023
101684 1023
102304 1023
102916 1023
103532 1020
104144 1020
104764 1023
105384 1023
105996 1023
106612 1020
107228 1022
107844 1023
108464 1023
109076 1023
109696 1023
110308 1023
110924 1023
111544 1023
112156 1023
112776 1023
113388 1023
114008 1023
114624 1023
115236 1023
115856 1023
116468 1023
117088 1023
117704 1023
118320 1023
118936 1023
119548 1023
120168 1023
120788 1023
121400 1023
122016 1023
122632 1023
123248 1023
123868 1023
124480 1023
125100 1023
125712 1023
126328 1023
126948 1022
127560 1023
128180 1022
128792 1023
129412 1023
130028 1022
130640 1023
131260 1023
131872 1023
132492 1023
133108 1023
133724 1023
134340 1023
134952 1023
135572 1023
136192 1023
136804 1023
137420 1023
138032 1023
138652 1023
139272 1023
139884 1023
140504 1023
141116 1023
141732 1023
142352 1023
142964 1023
143584 1023
144196 1023
144812 1023
145432 1023
146044 1023
146660 1023
147272 1023
147892 1023
148512 1023
149124 1023
149740 1023
150360 1023
150972 1023
151592 1023
152204 1023
152824 1023
153440 1023
154052 1023
154672 1023
155284 1023
155904 1023
156520 1023
157136 1023
20 0
632 39
1248 79
1860 120
2480 158
3100 192
3712 227
4328 255
4944 287
5560 319
6180 352
6792 384
7412 403
8024 432
8640 451
9260 480
9872 497
10492 519
11104 543
11724 561
12340 575
12952 600
13572 615
14184 636
14804 639
15420 664
16036 679
16652 696
17264 705
17884 719
18504 736
19116 743
19732 768
20348 768
20964 775
21584 783
22196 792
22816 799
23428 807
24044 824
24664 828
25276 831
25896 844
26508 847
27124 860
27744 865
28356 876
28976 888
29588 896
30208 896
30824 897
31436 903
32056 911
32668 911
33288 920
33908 924
34520 927
35136 927
35748 927
36368 935
36988 935
37600 944
38216 952
38832 952
39448 960
40068 960
40680 960
41300 961
41912 967
42528 967
43148 967
43760 974
44380 975
44992 975
45612 975
46228 975
46840 975
47460 984
48072 984
48692 988
49308 992
49924 992
50540 992
51152 992
51772 995
52392 995
53004 995
53620 999
54236 999
54852 999
55472 999
56084 999
56704 999
57316 1004
57932 1006
58552 1006
59164 1006
59784 1008
60396 1008
61012 1008
61632 1008
62244 1008
62860 1008
63472 1009
64092 1016
64712 1016
65324 1016
65944 1016
66560 1016
67172 1016
67792 1016
68404 1016
69024 1016
69640 1016
70252 1008
70872 1016
71484 1016
72104 1016
72724 1016
73336 1016
73952 1016
74564 1020
75184 1020
75804 1020
76416 1020
77032 1020
77648 1020
78264 1020
78884 1020
79496 1022
80116 1022
80728 1020
81344 1022
81964 1022
82576 1020
83196 1020
83808 1020
84428 1020
85044 1020
85656 1020
86276 1022
86888 1020
87508 1020
88124 1020
88740 1020
89356 1022
89968 1022
90588 1022
91208 1023
91820 1023
92436 1023
93052 1023
93668 1022
94288 1020
94900 1023
95520 1023
96132 1023
96748 1023
97368 1023
97980 1023
98600 1023
99212 1023
99832 1023
100448 1020
101060 1022
101680 1023
102292 1022
102912 1023
103528 1023
104144 1023
104760 1023
105372 1023
105992 1023
106612 1023
107224 1023
107840 1023
108452 1023
109072 1023
109692 1022
110304 1020
110920 1022
111536 1023
112152 1023
112772 1023
113384 1023
114004 1023
114616 1023
115232 1023
115852 1022
116464 1023
117084 1023
117696 1023
118316 1020
118932 1023
119544 1023
120164 1023
120776 1023
121396 1023
122012 1023
122628 1020
123244 1020
123856 1023
124476 1023
125096 1023
125708 1023
126324 1022
126940 1023
127556 1023
128176 1023
128788 1023
129408 1023
130020 1023
130636 1022
131256 1023
131868 1023
132488 1023
133100 1023
133716 1023
134336 1023
134948 1023
135564 1023
136176 1023
136796 1023
137416 1023
138028 1023
138648 1023
139264 1023
139876 1023
140496 1023
141108 1023
141728 1023
142344 1022
142960 1023
143576 1023
144188 1023
144808 1023
145428 1023
146040 1023
146656 1023
147268 1023
147888 1023
148508 1023
149120 1023
149740 1023
150352 1023
150968 1023
151588 1023
152200 1023
152820 1023
153432 1023
154048 1023
154668 1023
155280 1023
155900 1023
156512 1023
157132 1023
