20 0
736 48
1456 96
2168 135
2888 184
3604 224
4320 255
5036 295
5756 327
6468 359
7188 391
7904 423
8624 451
9336 480
10056 504
10772 527
11488 551
12204 575
12924 591
13636 615
14356 638
15072 655
15792 671
16504 696
17224 705
17940 719
18656 736
19372 768
20092 768
20804 775
21524 783
22240 799
22960 807
23672 824
24392 828
25108 831
25824 846
26540 856
27260 864
27972 871
28692 880
29408 888
30128 896
30840 896
31560 903
32276 910
32992 911
33708 920
34428 926
35140 927
35860 935
36576 940
37296 944
38008 952
38728 952
39444 956
40156 960
40876 960
41596 961
42308 963
43028 963
43744 972
44464 974
45176 975
45896 975
46612 975
47324 975
48044 984
48764 988
49476 992
50196 992
50912 992
51632 992
52344 993
53064 995
53780 999
54492 999
55212 999
55932 999
56644 1004
57364 1004
58080 1006
58800 1008
59512 1008
60232 1008
60948 1008
61660 1008
62380 1008
63100 1008
63812 1016
64532 1009
65248 1016
65968 1016
66680 1016
67400 1016
68116 1016
68828 1016
69548 1016
70268 1016
70980 1016
71700 1016
72416 1016
73136 1016
73848 1016
74568 1016
75284 1020
75996 1020
76716 1020
77436 1020
78148 1016
78868 1020
79584 1020
80304 1020
81016 1020
81736 1020
82452 1020
83164 1022
83884 1022
84604 1022
85316 1022
86032 1022
86752 1022
87472 1020
88184 1020
88904 1020
89620 1020
90332 1020
91052 1020
91772 1020
92484 1022
93200 1022
93920 1023
94640 1023
95352 1023
96072 1023
96788 1023
97500 1022
98220 1023
98940 1023
99652 1023
100368 1023
101088 1023
101808 1023
102520 1020
103240 1020
103956 1023
104668 1023
105388 1023
106108 1023
106820 1023
107536 1023
108256 1023
108976 1023
109688 1023
110408 1022
111124 1023
111836 1023
112556 1023
113276 1023
113988 1023
114704 1023
115424 1023
116144 1023
116856 1023
117576 1023
118292 1020
119004 1022
119724 1023
120444 1023
121156 1023
121872 1023
122592 1023
123312 1023
124024 1023
124744 1023
125460 1023
126172 1022
126892 1023
127612 1023
128324 1023
129040 1023
129760 1023
130480 1023
131192 1023
131912 1023
132628 1022
133340 1022
134060 1022
134780 1023
135492 1023
136208 1023
136928 1023
137648 1023
138360 1023
139080 1023
139796 1023
140508 1023
141228 1023
141948 1023
142660 1023
143376 1023
144096 1023
144816 1023
145528 1023
146248 1023
146964 1022
147676 1023
148396 1023
149116 1023
149828 1023
150544 1023
151264 1023
151984 1023
152696 1023
153416 1023
154132 1023
154844 1023
155564 1023
156284 1023
156996 1023
157712 1023
158432 1023
159152 1023
159864 1023
160584 1023
161300 1023
162012 1023
162732 1022
163452 1022
164164 1023
164880 1023
165600 1023
166320 1023
167032 1023
167752 1023
168468 1023
169180 1023
169900 1023
170620 1023
171332 1023
172048 1023
172768 1023
173488 1023
174200 1023
174916 1023
175636 1023
176348 1023
177068 1023
177788 1023
178500 1023
179216 1023
179936 1023
180656 1023
181368 1023
182084 1022
182804 1020
20 0
736 48
1456 96
2168 135
2888 184
3604 224
4316 255
5036 295
5756 327
6468 359
7184 391
7904 423
8624 451
9336 480
10056 508
10772 527
11484 551
12204 575
12924 600
13636 615
14352 636
15072 639
15792 671
16504 688
17220 704
17940 719
18652 736
19372 768
20092 768
20804 775
21520 783
22240 799
22960 807
23672 824
24388 828
25108 831
25820 839
26540 847
27260 860
27972 865
28688 871
29408 880
30128 896
30840 896
31556 899
32276 908
32988 911
33708 920
34428 924
35140 927
35856 927
36576 935
37296 944
38008 952
38724 952
39444 960
40156 960
40876 960
41596 960
42308 963
43024 967
43744 967
44464 972
45176 975
45892 975
46612 984
47324 984
48044 988
48764 988
49476 988
50192 992
50912 992
51632 992
52344 992
53060 993
53780 999
54492 999
55212 995
55932 999
56644 999
57360 999
58080 999
58800 1004
59512 1006
60228 1008
60948 1008
61660 1008
62380 1016
63100 1016
63812 1016
64528 1016
65248 1016
65968 1016
66680 1016
67396 1016
68116 1016
68828 1016
69548 1016
70268 1020
70980 1020
71696 1020
72416 1020
73136 1020
73848 1020
74564 1016
75284 1016
75996 1020
76716 1020
77436 1016
78148 1016
78864 1020
79584 1023
80304 1022
81016 1016
81732 1016
82452 1016
83164 1016
83884 1020
84604 1020
85316 1020
86032 1020
86752 1020
87472 1022
88184 1020
88900 1020
89620 1022
90332 1022
91052 1022
91772 1023
92484 1022
93200 1023
93920 1023
94640 1023
95352 1023
96068 1023
96788 1023
97500 1023
98220 1023
98940 1023
99652 1023
100368 1023
101088 1020
101808 1023
102520 1023
103236 1023
103956 1023
104668 1022
105388 1022
106104 1023
106820 1023
107536 1023
108256 1023
108976 1023
109688 1023
110404 1023
111124 1023
111836 1023
112556 1023
113272 1023
113988 1023
114704 1023
115424 1023
116144 1023
116856 1023
117572 1023
118292 1023
119004 1023
119724 1023
120440 1023
121156 1023
121872 1023
122592 1023
123312 1023
124024 1023
124740 1023
125460 1023
126172 1023
126892 1023
127608 1023
128324 1023
129040 1023
129760 1023
130480 1023
131192 1023
131908 1023
132628 1023
133340 1023
134060 1022
134776 1016
135492 1020
136208 1023
136928 1023
137648 1023
138360 1023
139076 1023
139796 1023
140508 1023
141228 1023
141944 1023
142660 1020
143376 1022
144096 1023
144816 1023
145528 1023
146244 1023
146964 1023
147676 1023
148396 1023
149112 1023
149828 1023
150544 1023
151264 1023
151984 1023
152696 1023
153412 1023
154132 1023
154844 1022
155564 1023
156280 1023
156996 1023
157712 1023
158432 1023
159152 1023
159864 1023
160580 1023
161300 1023
162012 1023
162732 1023
163448 1023
164164 1020
164880 1016
165600 1020
166320 1023
167032 1023
167748 1023
168468 1023
169180 1023
169900 1023
170616 1023
171332 1023
172048 1023
172768 1023
173488 1023
174200 1023
174916 1023
175636 1023
176348 1022
177068 1023
177784 1023
178500 1023
179216 1023
179936 1023
180656 1023
181368 1023
182084 1020
182804 1023
20 0
736 48
1448 96
2168 135
2888 184
3604 224
4316 255
5036 295
5756 327
6468 359
7184 391
7904 423
8616 451
9336 480
10056 508
10772 527
11484 551
12204 575
12924 600
13636 615
14352 639
15072 655
15784 671
16504 689
17224 705
17940 719
18652 736
19372 768
20092 768
20804 775
21520 783
22240 799
22952 807
23672 816
24392 828
25108 831
25820 846
26540 856
27260 864
27972 871
28688 880
29408 888
30120 896
30840 897
31560 903
32276 911
32988 920
33708 920
34428 926
35140 927
35856 935
36576 935
37288 944
38008 945
38728 952
39444 956
40156 960
40876 960
41596 961
42308 963
43024 967
43744 967
44456 974
45176 975
45896 975
46612 984
47324 984
48044 984
48764 988
49476 988
50192 992
50912 992
51624 993
52344 995
53064 993
53780 995
54492 999
55212 999
55932 999
56644 999
57360 1004
58080 1006
58792 1006
59512 1006
60232 1008
60948 1006
61660 1008
62380 1008
63100 1008
63812 1008
64528 1009
65248 1016
65960 1016
66680 1016
67400 1016
68116 1016
68828 1016
69548 1016
70268 1016
70980 1016
71696 1016
72416 1016
73128 1016
73848 1016
74568 1016
75284 1016
75996 1020
76716 1016
77436 1016
78148 1020
78864 1022
79584 1020
80296 1020
81016 1020
81732 1020
82452 1020
83164 1022
83884 1020
84604 1020
85316 1020
86032 1020
86752 1020
87464 1020
88184 1022
88900 1023
89620 1022
90332 1022
91052 1023
91772 1023
92484 1020
93200 1020
93920 1023
94632 1023
95352 1023
96068 1023
96788 1023
97500 1023
98220 1023
98940 1023
99652 1023
100368 1023
101088 1020
101800 1020
102520 1020
103236 1022
103956 1023
104668 1023
105388 1023
106108 1023
106820 1023
107536 1023
108256 1023
108968 1023
109688 1023
110404 1023
111124 1023
111836 1023
112556 1023
113276 1023
113988 1023
114704 1023
115424 1023
116136 1023
116856 1022
117572 1023
118292 1023
119004 1023
119724 1023
120444 1023
121156 1023
121872 1023
122592 1023
123304 1023
124024 1023
124740 1022
125460 1022
126172 1023
126892 1023
127612 1023
128324 1023
129040 1023
129760 1023
130472 1023
131192 1023
131908 1023
132628 1020
133340 1022
134060 1023
134780 1023
135492 1023
136208 1023
136928 1023
137640 1023
138360 1023
139076 1023
139796 1023
140508 1023
141228 1023
141948 1023
142660 1020
143376 1023
144096 1023
144808 1023
145528 1023
146244 1023
146964 1023
147676 1023
148396 1022
149116 1020
149828 1023
150544 1023
151264 1023
151976 1023
152696 1023
153412 1023
154132 1023
154844 1023
155564 1023
156284 1023
156996 1022
157712 1023
158432 1023
159144 1023
159864 1023
160580 1023
161300 1023
162012 1023
162732 1022
163448 1023
164164 1023
164880 1023
165600 1023
166312 1023
167032 1023
167748 1023
168468 1023
169180 1023
169900 1023
170616 1023
171332 1023
172048 1023
172768 1022
173480 1023
174200 1023
174916 1023
175636 1023
176348 1023
177068 1023
177784 1023
178500 1023
179216 1023
179936 1023
180648 1023
181368 1023
182084 1023
182804 1023
20 0
732 48
1452 96
2172 135
2884 184
3600 224
4320 255
5032 295
5752 327
6468 359
7188 391
7900 423
8620 451
9340 480
10052 508
10768 527
11488 551
12200 575
12920 600
13636 615
14356 638
15068 655
15788 671
16508 696
17220 705
17936 719
18656 736
19368 768
20088 768
20804 775
21524 783
22236 798
22956 807
23676 824
24388 830
25104 831
25824 847
26536 856
27256 864
27972 871
28692 880
29404 888
30124 896
30844 896
31556 903
32272 910
32992 911
33704 920
34424 926
35140 927
35860 931
36572 940
37292 944
38012 944
38724 952
39440 960
40160 960
40872 961
41592 963
42308 967
43028 967
43740 972
44460 974
45180 975
45892 975
46608 984
47328 984
48040 984
48760 988
49476 992
50196 992
50908 992
51628 992
52344 993
53060 993
53776 995
54496 999
55208 999
55928 999
56644 1004
57364 1004
58076 1006
58796 1006
59512 1008
60228 1008
60944 1008
61664 1008
62376 1008
63096 1008
63812 1009
64532 1016
65244 1016
65964 1016
66680 1016
67396 1016
68112 1008
68832 1016
69544 1016
70264 1016
70980 1016
71700 1016
72412 1016
73132 1016
73848 1016
74564 1020
75280 1016
76000 1020
76712 1020
77432 1020
78148 1020
78868 1020
79580 1020
80300 1020
81016 1020
81732 1020
82448 1022
83168 1020
83880 1022
84600 1022
85316 1022
86036 1022
86748 1022
87468 1022
88184 1016
88900 1016
89616 1020
90336 1020
91048 1020
91768 1022
92484 1022
93204 1022
93916 1023
94636 1023
95352 1023
96068 1023
96784 1023
97504 1022
98216 1020
98936 1022
99652 1023
100372 1023
101084 1023
101804 1023
102520 1023
103236 1023
103952 1023
104672 1023
105384 1023
106104 1023
106820 1023
107540 1023
108252 1023
108972 1023
109688 1022
110404 1022
111120 1023
111840 1023
112552 1023
113272 1023
113988 1023
114708 1023
115420 1023
116140 1023
116856 1023
117572 1023
118288 1023
119008 1023
119720 1023
120440 1023
121156 1023
121876 1023
122588 1023
123308 1023
124024 1023
124740 1023
125456 1023
126176 1023
126888 1023
127608 1022
128324 1020
129044 1022
129756 1023
130476 1023
131192 1023
131908 1023
132624 1023
133344 1023
134056 1023
134776 1023
135492 1023
136212 1023
136924 1023
137644 1023
138360 1020
139072 1023
139792 1023
140512 1023
141224 1023
141944 1023
142660 1023
143380 1023
144092 1023
144812 1023
145528 1023
146240 1023
146960 1023
147680 1023
148392 1023
149112 1023
149828 1022
150548 1022
151260 1023
151980 1023
152696 1023
153408 1023
154128 1023
154848 1023
155560 1023
156280 1023
156996 1023
157716 1023
158428 1020
159148 1023
159864 1023
160576 1023
161296 1023
162016 1023
162728 1023
163448 1023
164164 1023
164884 1023
165596 1023
166316 1023
167032 1023
167744 1023
168464 1023
169184 1023
169896 1023
170616 1023
171332 1023
172052 1023
172764 1023
173484 1023
174200 1023
174912 1023
175632 1023
176352 1023
177064 1023
177784 1023
178500 1023
179220 1023
179932 1023
180652 1023
181368 1023
182080 1023
182800 1023
20 0
740 48
1452 96
2172 135
2888 184
3608 224
4320 255
5040 295
5756 327
6472 364
7188 391
7908 423
8620 451
9340 480
10056 508
10776 527
11488 551
12208 575
12924 600
13640 615
14356 638
15076 655
15788 671
16508 688
17224 704
17944 719
18656 736
19376 768
20092 768
20808 775
21524 783
22244 799
22956 807
23676 824
24392 830
25112 831
25824 847
26544 856
27260 864
27972 871
28692 880
29412 888
30124 896
30844 896
31560 903
32280 910
32992 908
33712 911
34428 924
35140 927
35860 935
36580 935
37292 944
38012 952
38728 952
39448 960
40160 960
40880 960
41596 961
42308 963
43028 967
43748 972
44460 975
45180 975
45896 975
46616 984
47328 984
48048 988
48764 988
49476 988
50196 992
50916 992
51628 992
52348 993
53064 995
53784 995
54496 999
55216 999
55932 999
56644 999
57364 1004
58084 1008
58796 1008
59516 1006
60232 1008
60952 1008
61664 1008
62384 1008
63100 1006
63812 1008
64532 1009
65252 1016
65964 1016
66684 1016
67400 1016
68120 1016
68832 1016
69552 1016
70268 1016
70980 1016
71700 1016
72420 1016
73132 1016
73848 1016
74568 1016
75288 1016
76000 1016
76720 1016
77436 1020
78148 1020
78868 1020
79588 1020
80300 1020
81016 1022
81736 1022
82456 1020
83168 1016
83888 1016
84604 1022
85316 1023
86036 1022
86756 1022
87468 1023
88184 1023
88904 1022
89624 1022
90336 1022
91056 1023
91772 1022
92484 1020
93204 1016
93924 1020
94636 1022
95352 1023
96072 1023
96792 1023
97504 1023
98224 1023
98940 1023
99652 1023
100372 1023
101092 1023
101804 1023
102520 1023
103240 1023
103960 1023
104672 1023
105392 1023
106108 1023
106820 1023
107540 1023
108260 1023
108972 1023
109688 1023
110408 1023
111128 1023
111840 1023
112560 1023
113276 1023
113988 1023
114708 1023
115428 1023
116140 1023
116856 1023
117576 1023
118296 1023
119008 1023
119728 1023
120444 1023
121156 1023
121876 1023
122596 1020
123308 1016
124024 1022
124744 1023
125464 1023
126176 1023
126896 1023
127612 1023
128324 1023
129044 1023
129764 1023
130476 1023
131192 1023
131912 1023
132632 1022
133344 1016
134064 1020
134780 1022
135492 1023
136212 1023
136932 1023
137644 1023
138360 1023
139080 1023
139800 1023
140512 1023
141232 1023
141948 1023
142660 1023
143380 1023
144100 1023
144812 1023
145528 1023
146248 1023
146968 1023
147680 1023
148400 1023
149116 1023
149828 1023
150548 1020
151268 1022
151980 1023
152696 1020
153416 1016
154136 1022
154848 1023
155564 1023
156284 1023
156996 1023
157716 1023
158436 1023
159148 1023
159864 1023
160584 1023
161304 1023
162016 1023
162732 1023
163452 1023
164164 1023
164884 1023
165604 1023
166316 1023
167032 1023
167752 1023
168472 1023
169184 1023
169900 1023
170620 1023
171332 1023
172052 1023
172772 1023
173484 1023
174200 1023
174920 1023
175640 1023
176352 1023
177068 1023
177788 1023
178500 1023
179220 1023
179940 1023
180652 1023
181368 1023
182088 1023
182808 1020
