20 1023
736 975
1456 927
2168 888
2888 839
3604 799
4316 768
5036 728
5756 696
6468 655
7184 632
7904 600
8624 568
9336 542
10056 515
10772 487
11484 467
12204 448
12924 423
13636 403
14352 384
15072 368
15792 352
16504 327
17224 316
17940 304
18652 287
19372 271
20092 255
20804 248
21520 231
22240 224
22960 216
23672 199
24392 192
25108 184
25820 176
26540 167
27260 159
27972 152
28688 143
29408 135
30128 127
30840 126
31560 120
32276 112
32988 103
33708 99
34428 96
35140 92
35856 88
36576 81
37296 79
38008 71
38728 71
39444 63
40156 63
40876 63
41596 60
42308 56
43024 56
43744 49
44464 48
45176 48
45896 39
46612 39
47324 39
48044 39
48764 35
49476 31
50192 31
50912 31
51632 30
52344 28
53064 28
53780 24
54492 24
55212 24
55932 24
56644 19
57360 17
58080 15
58800 15
59512 15
60228 15
60948 15
61660 15
62380 14
63100 14
63812 12
64528 7
65248 7
65968 7
66680 7
67396 7
68116 7
68828 7
69548 7
70268 7
70980 7
71696 7
72416 3
73136 3
73848 3
74564 3
75284 3
75996 3
76716 3
77436 3
78148 3
78864 3
79584 1
80304 1
81016 1
81732 1
82452 1
83164 1
83884 1
84604 0
85316 1
86032 0
86752 0
87472 1
88184 0
88900 0
89620 0
90332 0
91052 0
91772 0
92484 0
93200 0
93920 0
94640 0
95352 0
96068 0
96788 0
97500 0
98220 0
98940 0
99652 0
100368 0
101088 0
101808 0
102520 0
103236 0
103956 0
104668 0
105388 0
106108 0
106820 0
107536 0
108256 0
108976 0
109688 0
110404 0
111124 0
111836 0
112556 0
113276 0
113988 0
114704 0
115424 0
116144 0
116856 0
117572 0
118292 0
119004 0
119724 0
120444 0
121156 0
121872 0
122592 0
123312 0
124024 0
124740 0
125460 0
126172 0
126892 0
127612 0
128324 0
129040 0
129760 0
130480 0
131192 0
131908 0
132628 0
133340 0
134060 0
134780 0
135492 0
136208 0
136928 0
137648 0
138360 0
139076 0
139796 0
140508 0
141228 0
141948 0
142660 0
143376 0
144096 0
144816 0
145528 0
146244 0
146964 0
147676 0
148396 0
149112 0
149828 0
150544 0
151264 0
151984 0
152696 0
153412 0
154132 0
154844 0
155564 0
156280 0
156996 0
157712 0
158432 0
159152 0
159864 0
160580 0
161300 0
162012 0
162732 0
163448 0
164164 0
164880 0
165600 0
166320 0
167032 0
167748 0
168468 0
169180 0
169900 0
170616 0
171332 0
172048 0
172768 0
173488 0
174200 0
174916 0
175636 0
176348 0
177068 0
177784 0
178500 0
179216 0
179936 0
180656 0
181368 0
182084 0
182804 0
20 1023
732 975
1448 926
2168 880
2880 839
3600 799
4316 768
5036 728
5748 696
6468 664
7188 632
7900 600
8616 568
9336 542
10048 515
10768 494
11484 472
12204 448
12916 423
13636 403
14356 385
15068 368
15784 352
16504 327
17216 318
17936 304
18652 287
19372 271
20084 255
20804 248
21524 231
22236 224
22952 211
23672 199
24384 192
25104 184
25820 176
26540 167
27252 159
27972 152
28692 143
29404 135
30120 127
30840 126
31552 120
32272 112
32988 103
33708 99
34420 96
35140 96
35856 88
36572 83
37288 79
38008 71
38720 71
39440 63
40156 63
40876 63
41588 60
42308 56
43024 56
43740 49
44456 48
45176 48
45888 39
46608 39
47324 39
48044 35
48756 35
49476 31
50192 31
50908 31
51624 30
52344 28
53056 28
53776 24
54492 24
55212 24
55924 24
56644 24
57360 19
58076 15
58792 15
59512 15
60224 15
60944 15
61660 15
62380 14
63092 14
63812 7
64528 7
65244 7
65960 7
66680 7
67392 7
68112 7
68828 7
69548 7
70260 7
70980 7
71696 7
72412 7
73128 3
73848 3
74560 3
75280 3
75996 3
76716 3
77428 3
78148 3
78864 1
79580 1
80296 1
81016 1
81728 1
82448 1
83164 1
83884 1
84596 1
85316 0
86032 0
86748 1
87464 0
88184 0
88896 0
89616 0
90332 0
91052 0
91764 0
92484 0
93200 0
93916 0
94632 0
95352 0
96064 0
96784 0
97500 0
98220 0
98932 0
99652 0
100368 0
101084 0
101800 0
102520 0
103232 0
103952 0
104668 0
105388 0
106100 0
106820 0
107536 0
108252 0
108968 0
109688 0
110400 0
111120 0
111836 0
112556 0
113268 0
113988 0
114704 0
115420 0
116136 0
116856 0
117568 0
118288 0
119004 0
119724 0
120436 0
121156 0
121872 0
122584 0
123304 0
124024 0
124736 0
125456 0
126172 0
126892 0
127604 0
128324 0
129040 0
129752 0
130472 0
131192 0
131904 0
132624 0
133340 0
134060 0
134772 0
135492 0
136208 0
136920 0
137640 0
138360 0
139072 0
139792 0
140508 0
141228 0
141940 0
142660 0
143376 0
144088 0
144808 0
145528 0
146240 0
146960 0
147676 0
148396 0
149108 0
149828 0
150544 0
151256 0
151976 0
152696 0
153408 0
154128 0
154844 0
155564 0
156276 0
156996 0
157712 0
158424 0
159144 0
159864 0
160576 0
161296 0
162012 0
162732 0
163444 0
164164 0
164880 0
165592 0
166312 0
167032 0
167744 0
168460 0
169180 0
169900 0
170612 0
171332 0
172048 0
172760 0
173480 0
174200 0
174912 0
175628 0
176348 0
177068 0
177780 0
178500 0
179216 0
179928 0
180648 0
181368 0
182080 0
182796 0
20 1023
732 975
1452 927
2168 888
2880 839
3600 799
4320 768
5032 728
5752 696
6468 655
7188 625
7900 600
8620 568
9336 542
10048 515
10768 487
11488 467
12200 448
12916 423
13636 403
14356 384
15068 368
15788 352
16504 327
17216 316
17936 304
18656 286
19368 255
20084 255
20804 248
21524 231
22236 224
22956 216
23672 199
24384 192
25104 184
25824 176
26536 167
27252 159
27972 152
28692 143
29404 135
30124 127
30840 124
31552 120
32272 112
32992 103
33704 99
34420 96
35140 96
35860 88
36572 83
37292 79
38008 71
38720 71
39440 63
40160 63
40872 63
41588 60
42308 56
43028 56
43740 49
44460 48
45176 48
45888 39
46608 39
47328 39
48040 35
48756 35
49476 31
50196 31
50908 31
51628 30
52344 28
53056 28
53776 24
54496 24
55208 24
55924 24
56644 24
57364 19
58076 15
58796 15
59512 15
60224 15
60944 15
61664 15
62376 14
63092 14
63812 12
64532 7
65244 7
65964 7
66680 7
67392 7
68112 7
68832 7
69544 7
70260 7
70980 7
71700 7
72412 3
73132 3
73848 3
74560 3
75280 3
76000 3
76712 3
77428 3
78148 1
78868 3
79580 1
80300 1
81016 3
81728 1
82448 1
83168 1
83880 1
84596 1
85316 1
86036 0
86748 0
87468 0
88184 0
88896 0
89616 0
90336 0
91048 0
91764 0
92484 0
93204 0
93916 0
94632 0
95352 0
96064 0
96784 0
97504 0
98216 0
98932 0
99652 0
100372 0
101084 0
101800 0
102520 0
103232 0
103952 0
104672 0
105384 0
106100 0
106820 0
107540 0
108252 0
108968 0
109688 0
110400 0
111120 0
111840 0
112552 0
113268 0
113988 0
114708 0
115420 0
116136 0
116856 0
117568 0
118288 0
119008 0
119720 0
120436 0
121156 0
121876 0
122588 0
123304 0
124024 0
124736 0
125456 0
126176 0
126888 0
127604 0
128324 0
129044 0
129756 0
130472 0
131192 0
131904 0
132624 0
133344 0
134056 0
134772 0
135492 0
136212 0
136924 0
137640 0
138360 0
139072 0
139792 0
140512 0
141224 0
141940 0
142660 0
143380 0
144092 0
144808 0
145528 0
146240 0
146960 0
147680 0
148392 0
149108 0
149828 0
150548 0
151260 0
151976 0
152696 0
153408 0
154128 0
154848 0
155560 0
156276 0
156996 0
157716 0
158428 0
159144 0
159864 0
160576 0
161296 0
162016 0
162728 0
163444 0
164164 0
164884 0
165596 0
166312 0
167032 0
167744 0
168464 0
169184 0
169896 0
170612 0
171332 0
172052 0
172764 0
173480 0
174200 0
174912 0
175632 0
176352 0
177064 0
177780 0
178500 0
179220 0
179932 0
180648 0
181368 0
182080 0
182800 0
20 1022
732 975
1452 927
2172 881
2884 839
3604 799
4320 768
5032 728
5752 696
6472 655
7188 625
7900 600
8620 568
9340 542
10052 513
10772 492
11488 467
12200 448
12920 423
13640 403
14356 384
15068 359
15788 352
16508 327
17220 318
17940 304
18656 287
19368 271
20088 255
20808 248
21524 231
22236 224
22956 216
23676 199
24388 192
25108 184
25824 176
26536 167
27256 159
27976 152
28692 143
29404 135
30124 127
30844 126
31556 120
32272 112
32992 103
33704 99
34424 96
35144 92
35860 88
36572 81
37292 79
38012 71
38724 71
39440 63
40160 63
40872 63
41592 60
42312 56
43028 56
43740 49
44460 48
45180 48
45892 39
46608 39
47328 39
48040 35
48760 35
49480 31
50196 31
50908 31
51628 30
52348 28
53060 28
53776 24
54496 24
55208 24
55928 24
56648 19
57364 17
58076 15
58796 15
59516 15
60228 15
60944 15
61664 15
62376 14
63096 14
63816 12
64532 14
65244 7
65964 7
66684 7
67396 7
68112 7
68832 7
69544 7
70264 7
70984 7
71700 7
72412 3
73132 3
73852 3
74564 3
75280 3
76000 3
76712 3
77432 3
78152 3
78868 1
79580 1
80300 1
81020 1
81732 1
82448 1
83168 1
83880 1
84600 1
85320 0
86036 0
86748 0
87468 0
88188 0
88900 0
89616 0
90336 0
91048 0
91768 0
92488 0
93204 0
93916 0
94636 0
95356 0
96068 0
96784 0
97504 0
98216 0
98936 0
99656 0
100372 0
101084 0
101804 0
102524 0
103236 0
103952 0
104672 0
105384 0
106104 0
106824 0
107540 0
108252 0
108972 0
109692 0
110404 0
111120 0
111840 0
112552 0
113272 0
113988 0
114708 0
115420 0
116140 0
116860 0
117572 0
118288 0
119008 0
119720 0
120440 0
121156 0
121876 0
122588 0
123308 0
124028 0
124740 0
125456 0
126176 0
126888 0
127608 0
128324 0
129044 0
129756 0
130476 0
131196 0
131908 0
132624 0
133344 0
134056 0
134776 0
135492 0
136212 0
136924 0
137644 0
138364 0
139076 0
139792 0
140512 0
141224 0
141944 0
142660 0
143380 0
144092 0
144812 0
145532 0
146244 0
146960 0
147680 0
148392 0
149112 0
149828 0
150548 0
151260 0
151980 0
152700 0
153412 0
154128 0
154848 0
155560 0
156280 0
156996 0
157716 0
158428 0
159148 0
159868 0
160580 0
161296 0
162016 0
162728 0
163448 0
164164 0
164884 0
165596 0
166316 0
167036 0
167748 0
168464 0
169184 0
169896 0
170616 0
171332 0
172052 0
172764 0
173484 0
174204 0
174916 0
175632 0
176352 0
177064 0
177784 0
178500 0
179220 0
179932 0
180652 0
181372 0
182084 0
182800 0
20 1020
732 974
1452 927
2172 881
2884 839
3600 799
4320 768
5032 728
5752 696
6468 655
7188 625
7900 600
8620 568
9340 540
10052 512
10768 487
11488 467
12200 448
12920 423
13636 408
14356 384
15068 368
15788 352
16508 327
17220 316
17936 302
18656 287
19368 271
20088 255
20804 248
21524 231
22236 224
22956 216
23676 199
24388 192
25104 184
25824 176
26536 167
27256 159
27972 152
28692 143
29404 135
30124 127
30844 124
31556 120
32272 112
32992 103
33704 99
34424 96
35140 94
35860 88
36572 83
37292 79
38012 71
38724 71
39440 63
40160 63
40872 63
41592 60
42308 56
43028 56
43740 49
44460 48
45180 48
45892 39
46608 39
47328 39
48040 35
48760 35
49476 31
50196 31
50908 31
51628 30
52348 30
53060 28
53776 28
54496 24
55208 24
55928 24
56644 19
57364 17
58076 15
58796 15
59516 15
60228 15
60944 15
61664 15
62376 14
63096 14
63812 7
64532 7
65244 7
65964 7
66684 7
67396 7
68112 7
68832 7
69544 7
70264 7
70980 7
71700 7
72412 7
73132 3
73852 3
74564 3
75280 3
76000 3
76712 3
77432 3
78148 3
78868 1
79580 1
80300 1
81020 1
81732 1
82448 1
83168 1
83880 1
84600 1
85316 1
86036 0
86748 1
87468 0
88184 0
88900 0
89616 0
90336 0
91048 0
91768 0
92484 0
93204 0
93916 0
94636 0
95352 0
96068 0
96784 0
97504 0
98216 0
98936 0
99652 0
100372 0
101084 0
101804 0
102520 0
103236 0
103952 0
104672 0
105384 0
106104 0
106820 0
107540 0
108252 0
108972 0
109688 0
110404 0
111120 0
111840 0
112552 0
113272 0
113988 0
114708 0
115420 0
116140 0
116856 0
117572 0
118288 0
119008 0
119720 0
120440 0
121156 0
121876 0
122588 0
123308 0
124024 0
124740 0
125456 0
126176 0
126888 0
127608 0
128324 0
129044 0
129756 0
130476 0
131192 0
131908 0
132624 0
133344 0
134056 0
134776 0
135492 0
136212 0
136924 0
137644 0
138360 0
139076 0
139792 0
140512 0
141224 0
141944 0
142660 0
143380 0
144092 0
144812 0
145528 0
146244 0
146960 0
147680 0
148392 0
149112 0
149828 0
150548 0
151260 0
151980 0
152696 0
153412 0
154128 0
154848 0
155560 0
156280 0
156996 0
157716 0
158428 0
159148 0
159864 0
160580 0
161296 0
162016 0
162728 0
163448 0
164164 0
164884 0
165596 0
166316 0
167032 0
167748 0
168464 0
169184 0
169896 0
170616 0
171332 0
172052 0
172764 0
173484 0
174200 0
174912 0
175632 0
176352 0
177064 0
177784 0
178500 0
179220 0
179932 0
180652 0
181368 0
182080 0
182800 0
