20 0
840 56
1656 103
2472 158
3288 199
4108 248
4928 287
5744 327
6556 368
7376 399
8196 440
9012 472
9832 497
10644 527
11464 551
12284 575
13100 604
13920 625
14732 639
15552 668
16368 688
17188 704
18008 719
18820 736
19636 768
20456 768
21276 782
22096 796
22908 807
23724 824
24544 831
25364 839
26180 847
26992 864
27812 867
28632 880
29448 888
30268 896
31080 897
31900 903
32720 911
33536 920
34356 924
35168 927
35988 935
36804 940
37624 944
38444 952
39256 952
40076 960
40892 960
41712 961
42532 967
43344 972
44160 974
44980 975
45800 975
46616 984
47428 984
48248 984
49068 984
49884 992
50700 992
51516 992
52336 993
53152 995
53972 999
54784 999
55604 999
56420 1004
57240 1004
58060 1004
58872 1004
59692 1004
60508 1006
61328 1008
62148 1008
62960 1008
63776 1016
64596 1016
65416 1016
66232 1016
67048 1016
67864 1016
68684 1016
69504 1016
70320 1016
71132 1016
71952 1016
72772 1016
73588 1020
74408 1016
75220 1016
76040 1020
76856 1016
77676 1020
78496 1020
79308 1020
80128 1016
80944 1020
81764 1020
82584 1020
83396 1022
84212 1022
85032 1022
85852 1022
86668 1022
87484 1022
88300 1022
89120 1022
89940 1020
90756 1023
91568 1023
92388 1023
93208 1022
94024 1022
94844 1023
95656 1023
96476 1023
97292 1023
98112 1023
98932 1023
99744 1022
100564 1022
101380 1020
102200 1022
103020 1023
103832 1023
104648 1023
105468 1023
106288 1023
107104 1023
107920 1023
108736 1023
109556 1023
110376 1023
111192 1023
112004 1023
112824 1023
113644 1023
114460 1023
115280 1023
116092 1023
116912 1023
117732 1022
118548 1023
119368 1022
120180 1022
121000 1023
121816 1023
122636 1023
123456 1023
124268 1023
125084 1022
125904 1023
126724 1023
127540 1023
128356 1023
129172 1023
129992 1022
130812 1023
131628 1023
132440 1023
133260 1022
134080 1023
134896 1023
135716 1023
136528 1023
137348 1023
138168 1023
138984 1023
139804 1023
140616 1023
141436 1020
142252 1023
143072 1023
143884 1023
144704 1023
145520 1023
146340 1023
147160 1023
147972 1023
148792 1023
149608 1020
150428 1022
151248 1023
152060 1022
152876 1023
153696 1023
154516 1023
155332 1023
156148 1023
156964 1023
157784 1023
158604 1023
159420 1023
160232 1023
161052 1023
161872 1023
162688 1023
163508 1023
164320 1023
165140 1020
165960 1023
166776 1023
167596 1023
168408 1023
169228 1023
170044 1023
170864 1023
171684 1023
172496 1023
173312 1020
174132 1020
174952 1023
175768 1023
176584 1023
177400 1023
178220 1023
179040 1023
179856 1020
180668 1022
181488 1020
182308 1023
183124 1023
183944 1023
184756 1023
185576 1022
186396 1023
187212 1023
188032 1023
188844 1022
189664 1023
190480 1023
191300 1023
192120 1023
192932 1023
193748 1023
194568 1023
195388 1022
196208 1022
197020 1020
197836 1023
198656 1022
199476 1023
200292 1022
201104 1023
201924 1023
202744 1023
203560 1023
204380 1023
205192 1022
206012 1023
206832 1023
207648 1023
208468 1023
20 0
832 56
1652 103
2472 158
3288 206
4108 252
4920 287
5740 327
6560 368
7376 399
8196 433
9008 472
9828 504
10644 527
11464 551
12284 575
13096 608
13912 632
14732 639
15552 668
16364 688
17180 704
17996 718
18816 736
19636 768
20448 768
21264 775
22084 792
22904 799
23724 816
24536 828
25352 831
26172 847
26992 860
27808 867
28620 880
29440 896
30260 896
31076 899
31896 908
32708 911
33528 920
34348 924
35164 927
35984 935
36796 944
37616 952
38432 952
39252 960
40072 960
40884 960
41700 963
42520 967
43340 972
44160 967
44972 975
45788 984
46608 984
47428 988
48244 984
49056 988
49876 992
50696 992
51512 993
52332 995
53144 999
53964 999
54784 999
55600 999
56420 999
57232 999
58052 995
58868 999
59688 1008
60508 1008
61320 1008
62140 1008
62956 1009
63776 1016
64596 1016
65408 1016
66224 1016
67044 1016
67864 1016
68680 1016
69496 1016
70312 1016
71132 1016
71952 1016
72768 1016
73580 1020
74400 1016
75220 1016
76036 1020
76856 1020
77668 1016
78488 1016
79304 1016
80124 1020
80944 1020
81756 1022
82576 1022
83392 1022
84212 1022
85032 1020
85844 1022
86660 1022
87480 1023
88300 1023
89116 1023
89932 1020
90748 1022
91568 1023
92388 1023
93204 1023
94016 1023
94836 1023
95656 1023
96472 1023
97292 1023
98104 1023
98924 1022
99740 1022
100560 1022
101380 1022
102192 1022
103012 1022
103828 1023
104648 1023
105468 1023
106280 1023
107096 1023
107916 1016
108736 1020
109548 1023
110364 1023
111184 1023
112000 1023
112820 1023
113632 1023
114452 1023
115268 1023
116088 1023
116908 1023
117720 1023
118540 1023
119356 1023
120176 1023
120996 1023
121808 1023
122624 1023
123444 1023
124264 1023
125080 1023
125892 1023
126712 1023
127532 1023
128348 1023
129168 1023
129980 1023
130800 1023
131620 1023
132436 1023
133256 1023
134068 1023
134888 1023
135704 1023
136524 1023
137344 1022
138156 1016
138976 1022
139792 1023
140612 1023
141432 1023
142244 1023
143060 1023
143880 1023
144700 1022
145516 1020
146332 1020
147148 1020
147968 1020
148788 1020
149604 1020
150416 1020
151236 1022
152056 1023
152872 1023
153692 1023
154504 1023
155324 1023
156140 1023
156960 1023
157780 1023
158592 1022
159412 1023
160228 1023
161048 1023
161868 1023
162680 1023
163496 1023
164316 1023
165136 1023
165952 1023
166768 1023
167584 1023
168404 1020
169224 1023
170040 1023
170852 1023
171672 1023
172492 1023
173308 1023
174128 1023
174940 1023
175760 1023
176576 1023
177396 1023
178216 1023
179028 1023
179848 1023
180664 1023
181484 1022
182304 1023
183116 1023
183932 1023
184752 1023
185572 1023
186388 1023
187204 1023
188020 1023
188840 1023
189660 1023
190476 1023
191288 1023
192108 1023
192928 1023
193744 1023
194564 1023
195376 1023
196196 1023
197016 1020
197832 1016
198652 1016
199464 1016
200284 1016
201100 1020
201920 1020
202732 1020
203552 1022
204368 1022
205188 1022
206008 1022
206820 1022
207640 1023
208456 1023
20 0
840 56
1656 103
2468 158
3288 199
4108 248
4924 287
5744 327
6556 368
7376 399
8196 432
9012 463
9832 497
10644 527
11464 551
12280 575
13100 608
13920 624
14732 639
15548 670
16368 688
17188 704
18008 719
18820 739
19636 768
20456 768
21276 783
22092 796
22904 807
23724 824
24544 830
25360 839
26180 856
26992 864
27812 867
28632 880
29448 888
30268 896
31080 899
31900 908
32716 911
33536 920
34356 926
35168 927
35984 935
36804 942
37624 942
38444 944
39256 952
40072 960
40892 960
41712 960
42528 963
43340 967
44160 974
44980 975
45796 975
46616 984
47428 984
48248 988
49068 992
49884 992
50704 992
51516 993
52336 995
53152 995
53972 999
54792 999
55604 999
56424 1004
57240 1004
58060 1004
58880 1006
59692 1008
60508 1008
61328 1008
62148 1004
62960 1008
63780 1009
64596 1016
65416 1016
66236 1016
67048 1016
67864 1009
68684 1008
69504 1016
70320 1016
71132 1016
71952 1016
72772 1020
73588 1020
74408 1020
75220 1020
76040 1022
76860 1020
77676 1020
78496 1020
79308 1020
80128 1020
80944 1020
81764 1020
82584 1020
83396 1016
84212 1020
85032 1022
85852 1016
86672 1020
87484 1023
88300 1023
89120 1023
89940 1023
90756 1016
91568 1016
92388 1023
93208 1023
94024 1020
94844 1023
95656 1023
96476 1023
97296 1023
98112 1020
98932 1020
99744 1023
100564 1023
101380 1023
102200 1020
103020 1023
103832 1023
104652 1023
105468 1023
106288 1023
107108 1023
107920 1023
108736 1023
109556 1023
110376 1020
111192 1023
112008 1023
112824 1023
113644 1023
114460 1023
115280 1023
116092 1023
116912 1023
117732 1022
118548 1023
119368 1023
120180 1023
121000 1023
121816 1023
122636 1022
123456 1023
124268 1023
125088 1023
125904 1023
126724 1023
127544 1023
128356 1020
129172 1022
129992 1023
130812 1023
131628 1023
132444 1023
133260 1023
134080 1020
134900 1023
135716 1023
136528 1023
137348 1023
138168 1023
138984 1023
139804 1023
140616 1020
141436 1016
142252 1020
143072 1023
143892 1023
144704 1022
145524 1023
146340 1023
147160 1023
147980 1023
148792 1023
149608 1023
150428 1023
151248 1023
152064 1023
152880 1023
153696 1023
154516 1023
155336 1023
156152 1023
156964 1023
157784 1020
158604 1016
159420 1022
160232 1023
161052 1023
161872 1023
162688 1023
163508 1023
164320 1023
165140 1023
165956 1022
166776 1023
167596 1023
168408 1023
169224 1023
170044 1023
170864 1023
171680 1023
172496 1023
173312 1023
174132 1020
174952 1023
175768 1023
176580 1023
177400 1023
178220 1023
179036 1023
179856 1023
180668 1023
181488 1023
182308 1023
183124 1023
183944 1023
184756 1023
185576 1023
186392 1023
187212 1023
188032 1022
188844 1016
189660 1023
190480 1023
191300 1020
192120 1023
192932 1023
193748 1023
194568 1023
195388 1023
196204 1023
197016 1023
197836 1020
198656 1023
199472 1023
200292 1023
201104 1023
201924 1023
202744 1023
203560 1023
204380 1023
205192 1023
206012 1023
206828 1023
207648 1023
208468 1023
20 0
836 56
1652 103
2472 158
3288 199
4108 248
4920 287
5740 327
6556 368
7376 399
8196 440
9008 465
9828 496
10644 527
11464 551
12284 575
13096 604
13912 624
14732 639
15552 668
16368 688
17184 704
18000 719
18820 736
19640 768
20456 768
21268 782
22088 796
22908 807
23724 824
24536 831
25356 839
26176 847
26992 856
27812 867
28624 880
29444 896
30264 896
31080 899
31900 908
32712 911
33532 920
34348 926
35168 927
35988 935
36800 940
37620 944
38436 952
39256 952
40076 960
40888 960
41704 963
42524 967
43344 967
44160 972
44976 975
45792 975
46612 984
47432 984
48248 988
49060 988
49880 992
50700 992
51516 992
52336 993
53148 995
53968 995
54784 999
55604 999
56424 993
57236 995
58056 1004
58872 1008
59692 1008
60512 1008
61324 1008
62140 1008
62960 1008
63780 1008
64596 1009
65412 1016
66228 1016
67048 1016
67868 1016
68684 1016
69496 1008
70316 1016
71136 1016
71952 1020
72772 1020
73584 1020
74404 1020
75220 1020
76040 1020
76860 1020
77672 1020
78492 1016
79308 1016
80128 1020
80948 1020
81760 1020
82576 1020
83396 1022
84216 1022
85032 1022
85848 1022
86664 1016
87484 1016
88304 1020
89120 1020
89932 1023
90752 1023
91572 1023
92388 1023
93208 1023
94020 1023
94840 1023
95660 1023
96476 1023
97296 1023
98108 1023
98928 1023
99744 1023
100564 1023
101384 1022
102196 1022
103012 1022
103832 1022
104652 1023
105472 1023
106284 1023
107100 1023
107920 1023
108740 1023
109556 1023
110368 1023
111188 1023
112008 1023
112824 1023
113644 1023
114456 1023
115276 1023
116096 1023
116912 1016
117732 1020
118544 1023
119364 1016
120180 1020
121000 1023
121812 1023
122632 1023
123448 1023
124268 1023
125088 1023
125900 1023
126720 1023
127536 1023
128356 1023
129176 1023
129988 1023
130804 1023
131624 1023
132444 1023
133260 1023
134076 1023
134892 1023
135712 1023
136532 1023
137348 1023
138160 1023
138980 1023
139800 1023
140616 1023
141436 1023
142248 1023
143068 1023
143888 1023
144704 1023
145524 1023
146336 1020
147156 1016
147972 1023
148792 1023
149612 1023
150424 1023
151240 1023
152060 1023
152880 1023
153696 1023
154512 1023
155328 1023
156148 1023
156968 1023
157784 1023
158596 1023
159416 1023
160236 1023
161052 1023
161872 1023
162684 1023
163504 1023
164324 1023
165140 1023
165960 1023
166772 1023
167592 1023
168408 1023
169228 1020
170048 1020
170860 1023
171676 1023
172496 1023
173316 1023
174136 1023
174948 1023
175764 1023
176584 1020
177404 1020
178220 1023
179032 1023
179852 1023
180672 1023
181488 1023
182308 1023
183120 1023
183940 1022
184760 1023
185576 1023
186396 1023
187208 1023
188028 1023
188844 1023
189664 1023
190484 1023
191296 1023
192112 1023
192932 1023
193752 1023
194572 1023
195384 1023
196200 1023
197020 1023
197840 1023
198656 1023
199468 1023
200288 1023
201108 1023
201924 1023
202744 1023
203556 1023
204376 1023
205196 1023
206012 1022
206832 1016
207644 1020
208464 1023
20 0
832 56
1648 103
2468 158
3288 199
4104 248
4916 287
5736 327
6556 368
7372 403
8192 440
9004 465
9824 496
10640 527
11460 551
12280 575
13092 600
13912 624
14728 639
15548 664
16368 684
17180 704
17996 719
18816 737
19636 768
20452 768
21268 783
22084 798
22904 807
23724 824
24540 831
25352 839
26172 847
26992 864
27808 867
28628 880
29440 896
30260 896
31076 897
31896 908
32716 911
33528 920
34348 926
35164 927
35984 935
36796 940
37612 944
38432 952
39248 952
40068 960
40880 960
41700 961
42516 967
43336 967
44156 975
44968 975
45784 972
46604 975
47424 984
48240 984
49056 988
49872 992
50692 992
51512 993
52328 995
53140 995
53960 995
54780 999
55596 999
56416 999
57228 1004
58048 1004
58864 999
59684 1006
60504 1008
61316 1008
62136 1008
62952 1008
63772 1009
64592 1016
65404 1016
66220 1016
67040 1016
67860 1016
68676 1016
69492 1016
70308 1016
71128 1016
71948 1016
72764 1016
73576 1016
74396 1020
75216 1016
76032 1016
76852 1016
77664 1020
78484 1020
79304 1020
80120 1020
80940 1020
81752 1020
82572 1022
83388 1022
84208 1023
85028 1023
85840 1022
86656 1022
87476 1022
88296 1022
89116 1022
89928 1023
90744 1023
91564 1022
92384 1023
93200 1022
94012 1022
94832 1022
95652 1023
96468 1022
97288 1022
98100 1020
98920 1020
99740 1022
100556 1023
101376 1023
102188 1023
103008 1023
103824 1023
104644 1023
105464 1020
106276 1020
107092 1023
107912 1023
108732 1023
109552 1023
110364 1023
111180 1023
112000 1023
112820 1023
113636 1023
114448 1023
115268 1023
116088 1023
116904 1023
117724 1023
118536 1023
119356 1022
120176 1022
120992 1023
121812 1023
122624 1023
123444 1023
124260 1023
125080 1023
125900 1023
126712 1023
127532 1023
128348 1023
129168 1023
129980 1023
130796 1023
131616 1023
132432 1023
133252 1023
134064 1023
134884 1023
135700 1020
136520 1022
137340 1023
138152 1023
138968 1023
139788 1023
140608 1023
141424 1023
142236 1023
143056 1023
143876 1023
144692 1023
145512 1023
146324 1023
147144 1023
147964 1023
148780 1023
149600 1023
150412 1023
151232 1023
152048 1023
152868 1023
153688 1023
154500 1023
155320 1023
156136 1023
156956 1023
157776 1023
158588 1023
159404 1023
160224 1023
161044 1023
161860 1023
162676 1023
163492 1023
164312 1023
165132 1023
165948 1023
166760 1023
167580 1023
168400 1023
169216 1023
170036 1023
170848 1023
171668 1023
172484 1023
173304 1023
174124 1023
174936 1023
175756 1023
176572 1023
177392 1023
178212 1023
179024 1023
179840 1023
180660 1023
181480 1023
182296 1023
183112 1023
183928 1023
184748 1023
185568 1023
186384 1023
187196 1023
188016 1023
188836 1023
189652 1023
190472 1023
191284 1023
192104 1023
192920 1023
193740 1023
194560 1023
195372 1023
196192 1020
197008 1022
197828 1023
198648 1020
199460 1023
200276 1023
201096 1023
201916 1023
202732 1023
203548 1023
204364 1023
205184 1023
206004 1023
206820 1023
207632 1023
208452 1023
