20 1020
836 967
1648 920
2468 864
3288 816
4104 771
4924 732
5736 696
6556 655
7372 624
8192 583
9012 556
9824 527
10644 496
11460 472
12280 448
13100 415
13912 398
14728 384
15548 355
16368 335
17184 319
18000 302
18816 284
19636 255
20452 252
21272 240
22084 224
22904 216
23724 199
24540 192
25360 184
26172 167
26992 159
27808 152
28628 143
29448 135
30260 127
31080 120
31896 115
32716 112
33536 103
34348 97
35164 94
35984 88
36804 81
37620 79
38436 71
39252 67
40072 63
40892 63
41708 60
42520 56
43340 56
44160 48
44976 48
45796 39
46608 39
47428 39
48244 35
49064 31
49884 31
50696 31
51516 31
52332 30
53152 28
53972 24
54784 24
55600 24
56420 24
57240 19
58056 17
58872 15
59688 15
60508 15
61328 15
62144 14
62956 14
63776 7
64596 7
65412 7
66232 7
67044 7
67864 7
68680 7
69500 7
70320 7
71132 7
71952 7
72768 3
73588 3
74408 3
75220 3
76036 3
76856 3
77676 3
78492 3
79308 1
80124 1
80944 1
81764 1
82580 1
83392 1
84212 1
85032 0
85848 0
86668 1
87480 0
88300 0
89120 0
89936 0
90756 0
91568 0
92388 0
93204 0
94024 0
94844 0
95656 0
96472 0
97292 0
98112 0
98924 0
99740 0
100556 0
101376 0
102196 0
103008 0
103824 0
104644 0
105464 0
106280 0
107096 0
107912 0
108732 0
109552 0
110368 0
111180 0
112000 0
112820 0
113636 0
114456 0
115268 0
116088 0
116908 0
117724 0
118544 0
119356 0
120176 0
120992 0
121812 0
122632 0
123444 0
124260 0
125080 0
125900 0
126720 0
127532 0
128348 0
129168 0
129988 0
130804 0
131616 0
132436 0
133256 0
134072 0
134892 0
135704 0
136524 0
137344 0
138160 0
138980 0
139792 0
140612 0
141428 0
142248 0
143068 0
143880 0
144700 0
145516 0
146336 0
147156 0
147968 0
148784 0
149604 0
150424 0
151240 0
152052 0
152872 0
153692 0
154508 0
155328 0
156140 0
156960 0
157780 0
158596 0
159416 0
160228 0
161048 0
161864 0
162684 0
163504 0
164316 0
165136 0
165952 0
166772 0
167592 0
168404 0
169220 0
170040 0
170860 0
171676 0
172492 0
173308 0
174128 0
174948 0
175764 0
176576 0
177396 0
178216 0
179032 0
179852 0
180664 0
181484 0
182300 0
183120 0
183940 0
184752 0
185572 0
186388 0
187208 0
188028 0
188840 0
189656 0
190476 0
191296 0
192108 0
192924 0
193744 0
194560 0
195380 0
196192 0
197012 0
197828 0
198648 0
199468 0
200280 0
201096 0
201916 0
202736 0
203556 0
204368 0
205184 0
206004 0
206824 0
207640 0
208452 0
20 1023
836 967
1656 911
2476 864
3292 816
4108 771
4924 736
5744 696
6564 654
7380 615
8192 583
9012 551
9832 519
10648 496
11468 467
12280 448
13100 415
13916 391
14736 384
15556 352
16368 334
17188 318
18004 295
18824 284
19644 255
20456 254
21272 240
22092 225
22912 216
23728 199
24544 192
25360 184
26180 167
27000 159
27816 152
28628 143
29448 135
30268 127
31084 124
31904 113
32716 112
33536 103
34352 96
35172 92
35992 88
36804 79
37624 79
38440 71
39260 67
40080 63
40892 63
41708 60
42528 56
43348 56
44164 48
44980 48
45796 39
46616 39
47436 39
48252 35
49064 31
49884 31
50704 31
51520 30
52336 30
53152 28
53972 24
54788 24
55608 24
56420 24
57240 19
58056 17
58876 15
59696 15
60508 15
61324 15
62144 14
62964 14
63780 7
64596 7
65412 7
66232 7
67052 7
67868 7
68680 7
69500 7
70320 7
71136 7
71956 7
72768 3
73588 3
74408 3
75224 3
76044 3
76856 3
77676 3
78492 3
79312 1
80132 1
80944 1
81760 1
82580 1
83400 1
84220 1
85032 0
85848 0
86668 0
87488 0
88304 0
89116 0
89936 0
90756 0
91572 0
92392 0
93204 0
94024 0
94844 0
95660 0
96480 0
97292 0
98112 0
98928 0
99748 0
100568 0
101380 0
102196 0
103016 0
103836 0
104656 0
105468 0
106284 0
107104 0
107924 0
108740 0
109552 0
110372 0
111192 0
112008 0
112828 0
113640 0
114460 0
115280 0
116096 0
116916 0
117728 0
118548 0
119364 0
120184 0
121004 0
121816 0
122636 0
123452 0
124272 0
125092 0
125904 0
126720 0
127540 0
128360 0
129176 0
129992 0
130808 0
131628 0
132448 0
133264 0
134076 0
134896 0
135716 0
136532 0
137352 0
138164 0
138984 0
139800 0
140620 0
141440 0
142252 0
143072 0
143888 0
144708 0
145520 0
146336 0
147156 0
147972 0
148792 0
149604 0
150424 0
151240 0
152060 0
152880 0
153692 0
154508 0
155328 0
156148 0
156964 0
157780 0
158596 0
159416 0
160236 0
161052 0
161864 0
162684 0
163504 0
164320 0
165140 0
165952 0
166772 0
167588 0
168408 0
169228 0
170040 0
170860 0
171676 0
172496 0
173316 0
174128 0
174944 0
175764 0
176584 0
177400 0
178216 0
179032 0
179852 0
180672 0
181488 0
182300 0
183120 0
183940 0
184756 0
185576 0
186388 0
187208 0
188024 0
188844 0
189664 0
190476 0
191296 0
192112 0
192932 0
193752 0
194564 0
195380 0
196200 0
197020 0
197836 0
198652 0
199468 0
200288 0
201108 0
201924 0
202736 0
203556 0
204376 0
205192 0
206012 0
206824 0
207644 0
208464 0
20 1023
840 967
1656 911
2468 864
3288 817
4108 771
4924 732
5744 696
6556 655
7376 615
8192 583
9012 551
9832 519
10644 496
11464 467
12280 448
13100 415
13920 391
14732 384
15548 353
16368 335
17188 318
18000 295
18816 284
19636 255
20452 254
21272 240
22084 225
22904 216
23720 199
24540 192
25360 184
26172 167
26992 159
27808 152
28628 143
29448 135
30260 127
31076 124
31896 115
32716 112
33532 103
34348 96
35164 92
35984 88
36804 79
37620 79
38432 71
39252 67
40072 63
40888 62
41708 60
42520 56
43340 56
44156 48
44976 48
45796 44
46608 39
47428 39
48244 35
49064 31
49884 31
50696 31
51512 30
52332 28
53152 28
53968 24
54784 24
55600 24
56420 24
57240 17
58056 15
58868 15
59688 15
60508 15
61324 15
62144 15
62956 14
63776 7
64592 7
65412 7
66232 7
67044 7
67864 7
68680 7
69500 7
70320 7
71132 7
71948 7
72768 3
73588 3
74404 3
75220 3
76036 3
76856 3
77676 3
78492 3
79304 1
80124 1
80944 1
81760 1
82580 1
83392 1
84212 1
85032 1
85848 1
86668 1
87480 0
88300 0
89116 0
89936 0
90756 0
91568 0
92384 0
93204 0
94024 0
94840 0
95656 0
96472 0
97292 0
98112 0
98928 0
99740 0
100560 0
101380 0
102196 0
103016 0
103828 0
104648 0
105468 0
106284 0
107104 0
107916 0
108736 0
109552 0
110372 0
111184 0
112004 0
112820 0
113640 0
114460 0
115272 0
116092 0
116908 0
117728 0
118548 0
119360 0
120176 0
120996 0
121816 0
122632 0
123448 0
124264 0
125084 0
125904 0
126720 0
127532 0
128352 0
129172 0
129988 0
130808 0
131620 0
132440 0
133260 0
134076 0
134896 0
135708 0
136528 0
137344 0
138164 0
138984 0
139796 0
140612 0
141432 0
142252 0
143068 0
143884 0
144700 0
145520 0
146340 0
147156 0
147968 0
148788 0
149608 0
150424 0
151244 0
152056 0
152876 0
153696 0
154512 0
155332 0
156144 0
156964 0
157780 0
158600 0
159420 0
160232 0
161048 0
161868 0
162688 0
163508 0
164320 0
165136 0
165956 0
166776 0
167592 0
168404 0
169224 0
170044 0
170860 0
171680 0
172492 0
173312 0
174132 0
174948 0
175768 0
176580 0
177400 0
178216 0
179036 0
179856 0
180668 0
181484 0
182304 0
183124 0
183944 0
184756 0
185572 0
186392 0
187212 0
188028 0
188840 0
189660 0
190480 0
191296 0
192116 0
192928 0
193748 0
194568 0
195384 0
196204 0
197016 0
197836 0
198652 0
199472 0
200292 0
201104 0
201924 0
202740 0
203560 0
204372 0
205192 0
206008 0
206828 0
207648 0
208460 0
20 1023
840 967
1660 911
2476 864
3296 816
4108 771
4928 732
5744 696
6564 654
7384 615
8196 583
9012 551
9832 519
10652 496
11468 472
12284 448
13100 415
13920 398
14740 384
15556 353
16368 335
17188 318
18008 295
18824 284
19644 255
20456 254
21276 240
22096 225
22912 216
23732 199
24544 192
25364 184
26180 167
27000 159
27820 152
28632 143
29448 127
30268 127
31088 124
31908 113
32720 112
33536 103
34356 96
35176 92
35992 88
36804 79
37624 78
38444 71
39260 63
40080 63
40892 63
41712 60
42532 56
43348 51
44168 48
44980 48
45800 39
46616 39
47436 39
48256 35
49068 31
49884 31
50704 31
51524 30
52344 28
53156 28
53972 24
54792 24
55612 24
56428 24
57240 19
58060 17
58880 15
59696 15
60516 15
61328 15
62148 14
62968 14
63784 12
64604 7
65416 7
66236 7
67052 7
67872 7
68692 7
69504 7
70324 7
71140 7
71960 3
72772 3
73588 3
74408 3
75224 3
76044 3
76856 3
77676 3
78492 1
79312 1
80132 1
80944 1
81760 1
82580 1
83400 1
84216 1
85028 0
85848 0
86668 0
87484 0
88304 0
89116 0
89936 0
90756 0
91572 0
92392 0
93204 0
94024 0
94840 0
95660 0
96480 0
97292 0
98112 0
98928 0
99748 0
100568 0
101380 0
102196 0
103016 0
103836 0
104652 0
105468 0
106284 0
107104 0
107924 0
108740 0
109552 0
110372 0
111192 0
112008 0
112828 0
113640 0
114460 0
115276 0
116096 0
116916 0
117728 0
118548 0
119364 0
120184 0
121004 0
121816 0
122632 0
123452 0
124272 0
125088 0
125904 0
126720 0
127540 0
128360 0
129176 0
129988 0
130808 0
131628 0
132444 0
133264 0
134076 0
134896 0
135712 0
136532 0
137352 0
138164 0
138984 0
139800 0
140620 0
141440 0
142252 0
143068 0
143888 0
144708 0
145524 0
146340 0
147156 0
147976 0
148796 0
149612 0
150424 0
151244 0
152064 0
152880 0
153700 0
154512 0
155332 0
156152 0
156968 0
157788 0
158600 0
159420 0
160236 0
161056 0
161876 0
162688 0
163504 0
164324 0
165144 0
165956 0
166772 0
167588 0
168408 0
169228 0
170040 0
170856 0
171676 0
172496 0
173312 0
174128 0
174944 0
175764 0
176584 0
177400 0
178212 0
179032 0
179852 0
180668 0
181488 0
182300 0
183120 0
183940 0
184756 0
185576 0
186388 0
187208 0
188024 0
188844 0
189664 0
190476 0
191292 0
192112 0
192932 0
193752 0
194564 0
195380 0
196200 0
197020 0
197836 0
198648 0
199468 0
200288 0
201104 0
201924 0
202736 0
203556 0
204376 0
205192 0
206012 0
206824 0
207644 0
208460 0
20 1022
840 967
1660 911
2476 864
3296 816
4108 771
4928 728
5748 688
6564 654
7384 615
8196 583
9016 551
9832 524
10652 496
11472 472
12284 440
13100 415
13920 391
14740 384
15560 353
16372 335
17188 318
18008 302
18828 284
19644 255
20456 254
21276 240
22096 225
22912 216
23732 199
24544 192
25364 184
26184 167
27000 159
27820 152
28632 143
29452 135
30268 127
31088 124
31908 115
32720 112
33540 103
34356 96
35176 92
35996 88
36808 79
37624 78
38444 71
39264 63
40080 63
40892 63
41712 60
42532 56
43348 51
44168 48
44980 48
45800 39
46620 39
47436 39
48256 35
49068 31
49888 31
50704 31
51524 30
52344 28
53156 28
53976 24
54792 24
55612 24
56432 24
57244 17
58060 15
58880 15
59700 15
60516 15
61332 15
62148 14
62968 14
63788 7
64604 7
65416 7
66236 7
67056 7
67872 7
68692 7
69504 7
70324 7
71140 7
71960 7
72780 3
73592 3
74412 3
75228 3
76048 3
76860 3
77676 3
78496 3
79312 3
80132 1
80944 1
81764 1
82580 1
83400 1
84220 0
85032 1
85848 0
86668 0
87488 0
88304 0
89120 0
89936 0
90756 0
91576 0
92392 0
93204 0
94024 0
94844 0
95660 0
96480 0
97292 0
98112 0
98928 0
99748 0
100568 0
101380 0
102200 0
103016 0
103836 0
104656 0
105468 0
106284 0
107104 0
107924 0
108740 0
109556 0
110372 0
111192 0
112012 0
112828 0
113640 0
114460 0
115280 0
116096 0
116916 0
117728 0
118548 0
119368 0
120184 0
121004 0
121816 0
122636 0
123452 0
124272 0
125092 0
125904 0
126720 0
127540 0
128360 0
129176 0
129992 0
130808 0
131628 0
132448 0
133264 0
134076 0
134896 0
135716 0
136532 0
137352 0
138164 0
138984 0
139804 0
140620 0
141440 0
142252 0
143072 0
143888 0
144708 0
145528 0
146340 0
147156 0
147976 0
148796 0
149616 0
150428 0
151244 0
152064 0
152884 0
153700 0
154512 0
155332 0
156152 0
156968 0
157788 0
158600 0
159420 0
160240 0
161056 0
161876 0
162688 0
163508 0
164324 0
165144 0
165964 0
166776 0
167592 0
168412 0
169232 0
170044 0
170860 0
171676 0
172496 0
173316 0
174128 0
174944 0
175764 0
176584 0
177404 0
178216 0
179032 0
179852 0
180672 0
181488 0
182300 0
183120 0
183940 0
184756 0
185576 0
186388 0
187208 0
188028 0
188844 0
189664 0
190476 0
191296 0
192112 0
192932 0
193752 0
194564 0
195384 0
196200 0
197020 0
197840 0
198652 0
199468 0
200288 0
201108 0
201924 0
202740 0
203556 0
204376 0
205192 0
206012 0
206824 0
207644 0
208464 0
