20 1023
540 1016
1052 1008
1568 1004
2080 995
2600 992
3112 984
3632 975
4144 967
4660 960
5176 960
5692 952
6204 944
6724 940
7236 927
7756 926
8268 924
8784 920
9300 910
9816 903
10328 896
10848 896
11360 896
11880 880
12392 876
12908 867
13424 864
13940 860
14452 856
14972 847
15484 839
16000 831
16512 831
17032 824
17548 824
18060 816
18580 807
19092 799
19612 799
20124 792
20640 783
21156 782
21672 775
22184 769
22704 768
23216 768
23736 768
24248 768
24764 768
25280 743
25796 739
26308 736
26828 732
27340 728
27860 719
28372 716
28888 711
29404 705
29920 704
30432 704
30952 696
31464 688
31984 686
32496 679
33012 671
33528 670
34044 664
34556 664
35076 655
35588 655
36108 639
36620 639
37136 639
37652 639
38168 636
38680 632
39200 624
39712 624
40232 615
40744 611
41260 608
41776 608
42292 600
42804 600
43324 591
43836 590
44356 583
44868 575
45384 575
45900 575
46416 572
46928 568
47448 568
47960 560
48480 558
48992 551
49508 547
50024 543
50540 543
51052 540
51572 536
52084 531
52604 527
53116 526
53632 519
54148 519
54664 513
55176 508
55696 508
56208 508
56728 504
57240 497
57756 496
58272 492
58788 487
59300 483
59820 481
60332 480
60852 480
61364 476
61880 472
62396 465
62912 463
63424 462
63944 455
64456 451
64976 451
65488 449
66004 448
66520 448
67036 440
67548 440
68068 433
68580 432
69100 432
69612 423
70128 423
70640 419
71160 415
71672 415
72192 414
72704 412
73224 408
73736 408
74252 399
74764 399
75284 398
75796 391
76316 391
76828 387
77348 387
77860 384
78376 384
78888 384
79408 384
79920 384
80440 376
80952 369
81472 368
81984 368
82500 359
83012 359
83532 359
84044 355
84564 353
85076 352
85596 352
86108 348
86624 344
87136 344
87656 344
88168 335
88688 335
89200 335
89720 332
90232 327
90748 327
91260 319
91780 319
92300 319
92812 319
93332 318
93844 316
94360 312
94872 312
95392 312
95904 305
96424 304
96936 304
97456 304
97968 295
98484 295
98996 295
99516 291
100028 287
100548 287
101060 287
101580 287
102092 286
102608 284
103120 280
103640 280
104152 280
104672 271
105184 271
105704 271
106216 271
106732 255
107244 255
107764 255
108276 255
108796 255
109308 255
109828 255
110340 255
110856 255
111368 254
111888 252
112400 252
112920 248
113432 248
113948 248
114464 243
114980 241
115492 240
116012 240
116524 240
117044 231
117556 231
118072 231
118588 231
119104 227
119616 227
120136 225
120648 224
121168 224
121680 224
122196 224
122712 220
123228 220
123740 216
124260 216
124772 216
125292 216
125804 209
126320 207
126836 207
127352 207
127864 207
128384 206
128896 199
129416 199
129928 199
130444 199
130960 195
131476 195
