20 0
532 7
1052 12
1564 17
2084 25
2596 31
3112 39
3624 46
4144 49
4656 56
5176 63
5688 71
6208 78
6720 79
7236 88
7748 96
8268 99
8780 103
9300 112
9812 120
10332 124
10844 127
11360 135
11872 142
12392 143
12904 152
13424 159
13936 159
14456 167
14968 176
15484 179
15996 184
16516 192
17028 195
17548 199
18060 207
18580 211
19092 216
19608 224
20120 227
20640 231
21152 240
21672 241
22184 248
22704 254
23216 255
23732 255
24244 255
24764 271
25276 275
25796 284
26308 287
26828 287
27340 295
27856 304
28368 305
28888 312
29400 316
29920 319
30432 319
30952 327
31464 334
31980 335
32492 344
33012 348
33524 352
34044 353
34556 359
35076 364
35588 368
36104 376
36616 384
37136 384
37648 384
38168 387
38680 391
39200 398
39712 399
40228 408
40740 408
41260 414
41772 415
42292 419
42804 423
43324 428
43836 432
44352 440
44864 440
45384 448
45896 448
46416 451
46928 455
47448 455
47960 462
48476 463
48988 472
49508 472
50020 476
50540 480
51052 481
51572 487
52084 487
52600 494
53120 496
53632 504
54152 504
54664 508
55180 510
55696 512
56212 515
56724 519
57244 524
57756 527
58276 527
58788 536
59304 536
59820 540
60336 543
60848 543
61368 543
61880 551
62400 551
62912 560
63428 560
63944 568
64460 568
64972 569
65492 572
66004 575
66524 575
67036 575
67552 583
68068 583
68584 590
69096 591
69616 591
70128 600
70648 600
71160 604
71676 608
72192 608
72708 609
73220 615
73740 615
74252 620
74772 624
75284 624
75800 625
76316 632
76832 632
77344 636
77864 638
78376 639
78896 639
79408 639
79924 639
80440 639
80956 652
81468 654
81988 655
82500 655
83020 664
83532 664
84048 668
84564 668
85080 670
85592 671
86112 671
86624 675
87144 679
87656 679
88172 684
88688 688
89204 688
89716 688
90236 696
90748 696
91268 696
91780 704
92296 704
92812 704
93328 704
93840 705
94360 707
94872 711
95392 711
95904 711
96420 718
96936 719
97452 719
97964 719
98484 728
98996 728
99516 728
100028 732
100544 736
101060 736
101576 736
102088 736
102608 737
103120 739
103640 743
104152 743
104668 743
105184 768
105700 768
106212 768
106732 768
107244 768
107764 768
108276 768
108792 768
109308 768
109824 768
110336 768
110856 768
111368 768
111888 769
112400 771
112916 771
113432 775
113948 775
114460 775
114980 775
115492 782
116012 783
116524 783
117040 783
117556 783
118072 792
118584 792
119104 792
119616 792
120136 796
120648 798
121164 798
121680 799
122196 799
122708 799
123228 799
123740 799
124260 807
124772 807
125288 807
125800 807
126320 812
126832 814
127352 816
127872 816
128384 816
128900 817
129412 824
129932 824
130444 824
130964 824
131476 824
