#Creator: wheelEventBuffer
#Creation time: Thu Apr 11 09:51:51 2019
#Time	Angular velocity
#[s]	[rad/s]
0.867150	2.466896
0.976552	4.423906
1.040496	5.897932
1.090458	6.963984
1.134310	7.530184
1.175844	7.675901
1.216788	7.675901
1.257738	7.666535
1.298730	7.661674
1.339746	7.656072
1.380788	7.654207
1.421834	7.652342
1.462886	7.652342
1.503944	7.650852
1.545006	7.652342
1.586070	7.647871
1.627152	7.646382
1.668232	7.648616
1.709316	7.644522
1.750424	7.640432
1.791554	7.637088
1.832714	7.629669
1.873906	7.622635
1.915148	7.613398
1.956428	7.605289
1.997762	7.597196
2.039132	7.590588
2.080540	7.582527
2.121984	7.577772
2.163456	7.571927
2.204956	7.569738
2.246460	7.567550
2.287972	7.567550
2.329486	7.566821
2.371004	7.569008
2.412518	7.565363
2.454050	7.563542
2.495584	7.563906
2.537130	7.559538
2.578698	7.555538
2.620292	7.551905
2.661916	7.545013
2.703568	7.538496
2.745268	7.529823
2.787008	7.521530
2.828804	7.513255
2.870634	7.507151
2.912506	7.497834
2.954416	7.493900
2.996352	7.487827
3.038316	7.486756
3.080282	7.484259
3.122256	7.483903
3.164236	7.482833
3.206222	7.483903
3.248206	7.481051
3.290204	7.479626
3.332198	7.482120
3.374200	7.477490
3.416224	7.473577
3.458278	7.469312
3.500362	7.461506
3.542482	7.454778
3.584652	7.445591
3.626864	7.437835
3.669128	7.430095
3.711428	7.423423
3.753770	7.414663
3.796154	7.410116
3.838568	7.403131
3.881010	7.401736
3.923456	7.399992
3.965906	7.400341
4.008362	7.398946
4.050822	7.401038
4.093278	7.397204
4.135754	7.395463
4.178232	7.395463
4.220722	7.392331
4.263230	7.388506
4.305766	7.384685
4.348330	7.378095
4.390928	7.371170
4.433578	7.361497
4.476270	7.353915
4.519020	7.345318
4.561810	7.338455
4.604642	7.329552
4.647518	7.325109
4.690420	7.319306
4.733350	7.317601
4.776288	7.314875
4.819232	7.315216
4.862182	7.313513
4.905136	7.315897
4.948084	7.313173
4.991048	7.311130
5.034014	7.312492
5.076990	7.307729
5.119992	7.303651
5.163022	7.299239
5.206088	7.292124
5.249188	7.285021
5.292338	7.276585
5.335532	7.268504
5.378782	7.260776
5.422070	7.253400
5.465406	7.244702
5.508784	7.240027
5.552192	7.233693
5.595628	7.232693
5.639068	7.230363
5.682514	7.231029
5.725964	7.229365
5.769422	7.230696
5.812880	7.226704
5.856354	7.225374
5.899830	7.226704
5.943312	7.223713
5.986814	7.219397
6.030346	7.216080
6.073908	7.208464
6.117512	7.200533
6.161170	7.191632
6.204874	7.182753
6.248644	7.174879
6.292448	7.168004
6.336300	7.159509
6.380194	7.154944
6.424118	7.148757
6.468074	7.146805
6.512038	7.143880
6.556008	7.144530
6.599984	7.143230
6.643962	7.145505
6.687934	7.142905
6.731924	7.140632
6.775916	7.141606
6.819920	7.137064
6.863954	7.131879
6.908018	7.128642
6.952116	7.121209
6.996248	7.114436
7.040436	7.105425
7.084672	7.097399
7.128964	7.089711
7.173298	7.082359
7.217682	7.073110
7.262114	7.068018
7.306578	7.062298
7.351070	7.060393
7.395572	7.057856
7.440082	7.057538
7.484602	7.055636
7.529134	7.055636
7.573670	7.051202
7.618234	7.048355
7.662798	7.050253
7.707372	7.046458
7.751968	7.042035
7.796600	7.037618
7.841266	7.030688
7.885972	7.022516
7.930740	7.013423
7.975552	7.005603
8.020428	6.997489
8.065348	6.990016
8.110316	6.981317
8.155332	6.976356
8.200382	6.969855
8.245466	6.968000
8.290556	6.965837
8.335650	6.966455
8.380748	6.965528
8.425852	6.967382
8.470948	6.964293
8.516068	6.961515
8.561192	6.962132
8.606332	6.957815
8.651494	6.954427
8.696684	6.950734
8.741908	6.943974
8.787172	6.936308
8.832498	6.926826
8.877872	6.918893
8.923314	6.909763
8.968802	6.902475
9.014344	6.893388
9.059932	6.888853
9.105554	6.882515
9.151212	6.880404
9.196874	6.878295
9.242548	6.877994
9.288228	6.876188
9.333916	6.877994
9.379596	6.875285
9.425298	6.873781
9.470996	6.874984
9.516708	6.870774
9.562448	6.865969
9.608220	6.862069
9.654034	6.854284
9.699890	6.846517
9.745806	6.837576
9.791776	6.829549
9.837812	6.820357
9.883896	6.813552
9.930030	6.804697
9.976216	6.799395
10.022440	6.792927
10.068696	6.791458
10.114958	6.789403
10.161232	6.788230
10.207516	6.786470
10.253818	6.786177
10.300134	6.779148
10.346496	6.773301
10.392878	6.771549
10.439288	6.768048
10.485718	6.763968
10.532180	6.760475
10.578682	6.752918
10.625228	6.744799
10.671840	6.735256
10.718512	6.726315
10.765252	6.717685
10.812042	6.710511
10.858886	6.701350
10.905784	6.696493
10.952718	6.689933
10.999688	6.687939
11.046668	6.685378
11.093658	6.685093
11.140654	6.683955
11.187656	6.685947
11.234648	6.683671
11.281662	6.681681
11.328672	6.682818
11.375702	6.678272
11.422760	6.673449
11.469856	6.668632
11.516996	6.661845
11.564178	6.653943
11.611424	6.645498
11.658724	6.636794
11.706096	6.628112
11.753522	6.620290
11.801006	6.610817
11.848548	6.605258
11.896128	6.599430
11.943744	6.596936
11.991370	6.594997
12.039004	6.594720
12.086644	6.593889
12.134292	6.594443
12.181938	6.591952
12.229604	6.590016
12.277268	6.591399
12.324944	6.588082
12.372644	6.584216
12.420380	6.579803
12.468160	6.571820
12.515988	6.563856
12.563888	6.554270
12.611848	6.545257
12.659882	6.536814
12.707968	6.528934
12.756118	6.519721
12.804324	6.514583
12.852568	6.508105
12.900852	6.505949
12.949144	6.503794
12.997444	6.503794
13.045750	6.502986
13.094058	6.505141
13.142362	6.502179
13.190688	6.499757
13.239016	6.500564
13.287362	6.496263
13.335738	6.491967
13.384146	6.488213
13.432600	6.481252
13.481098	6.473240
13.529668	6.463650
13.578300	6.454885
13.627008	6.445879
13.675778	6.437690
13.724608	6.428469
13.773498	6.423211
13.822428	6.417176
13.871396	6.414817
13.920378	6.412461
13.969366	6.412199
14.018364	6.410629
14.067372	6.411937
14.116374	6.409582
14.165394	6.408013
14.214412	6.409844
14.263442	6.405400
14.312506	6.400963
14.361610	6.396271
14.410762	6.388207
14.459966	6.380164
14.509244	6.370331
14.558592	6.361560
14.608012	6.353326
14.657490	6.345114
14.707036	6.335900
14.756640	6.330793
14.806288	6.323911
14.855978	6.321621
14.905676	6.319840
14.955386	6.319332
15.005102	6.318315
15.054824	6.320095
15.104544	6.316791
15.154286	6.314505
15.204030	6.315775
15.253790	6.311968
15.303576	6.308166
15.353400	6.304115
15.403270	6.296282
15.453196	6.287964
15.503200	6.277912
15.553272	6.268892
15.603430	6.259649
15.653646	6.251677
15.703934	6.242236
15.754284	6.236784
15.804676	6.230846
15.855112	6.228129
15.905562	6.225167
15.956022	6.225413
16.006490	6.224180
16.056960	6.226647
16.107422	6.224180
16.157906	6.222208
16.208388	6.223194
16.258892	6.219005
16.309428	6.213593
16.360012	6.208681
16.410652	6.200838
16.461344	6.192771
16.512112	6.183751
16.562950	6.174514
16.613872	6.165547
16.664858	6.157329
16.715918	6.147690
16.767046	6.141201
16.818224	6.135204
16.869442	6.133048
16.920672	6.130655
16.971912	6.130655
17.023160	6.129698
17.074416	6.130415
17.125670	6.127546
17.176950	6.125634
17.228226	6.127068
17.279518	6.123485
17.330838	6.119429
17.382202	6.114665
17.433620	6.106820
17.485096	6.098285
17.536654	6.088358
17.588294	6.078463
17.640018	6.069772
17.691812	6.060873
17.743682	6.051999
17.795616	6.046175
17.847602	6.039666
17.899632	6.036881
17.951676	6.035257
18.003728	6.034330
18.055794	6.033634
18.107860	6.035257
18.159924	6.032707
18.212010	6.030854
18.264098	6.030854
18.316210	6.026689
18.368358	6.022299
18.420546	6.017916
18.472790	6.010547
18.525090	6.002049
18.577478	5.992204
18.629940	5.982846
18.682500	5.973518
18.735126	5.964898
18.787834	5.955174
18.840614	5.949310
18.893444	5.943008
18.946320	5.940760
18.999208	5.938289
19.052112	5.937616
19.105028	5.936045
19.157952	5.937392
19.210872	5.934700
19.263816	5.933579
19.316752	5.935148
19.369704	5.931114
19.422694	5.926415
19.475730	5.921723
19.528826	5.913252
19.581990	5.904361
19.635246	5.894391
19.688582	5.884675
19.742016	5.875430
19.795522	5.866872
19.849108	5.857683
19.902772	5.851355
19.956484	5.845041
20.010254	5.841563
20.064038	5.839392
20.117836	5.839174
20.171642	5.837872
20.225452	5.840043
20.279258	5.837222
20.333090	5.834836
20.386926	5.835704
20.440780	5.831587
20.494670	5.827693
20.548604	5.823372
20.602598	5.814964
20.656658	5.806581
20.710814	5.796083
20.765056	5.786261
20.819402	5.776686
20.873826	5.767777
20.928336	5.757840
20.982928	5.751726
21.037576	5.744994
21.092276	5.742264
21.146994	5.739746
21.201728	5.738907
21.256472	5.737859
21.311226	5.739327
21.365970	5.737230
21.420736	5.735764
21.475502	5.736811
21.530288	5.732206
21.585118	5.727190
21.640002	5.722183
21.694954	5.713233
21.749976	5.704933
21.805094	5.695212
21.860298	5.685523
21.915606	5.675867
21.971000	5.666858
22.026482	5.656858
22.082052	5.649940
22.137684	5.643444
22.193368	5.640810
22.249072	5.637975
22.304788	5.638178
22.360512	5.637368
22.416240	5.638380
22.471972	5.635548
22.527728	5.633527
22.583486	5.634335
22.639264	5.630902
22.695078	5.626867
22.750938	5.622034
22.806866	5.613997
22.862868	5.604782
22.918976	5.594004
22.975182	5.583862
23.031504	5.573164
23.087916	5.564280
23.144426	5.554050
23.201018	5.548164
23.257672	5.541314
23.314386	5.538579
23.371118	5.535456
23.427874	5.534286
23.484648	5.532726
23.541440	5.532337
23.598242	5.528442
23.655082	5.525720
23.711932	5.526108
23.768808	5.521641
23.825726	5.517180
23.882704	5.511566
23.939752	5.503263
23.996882	5.494408
24.054114	5.484241
24.111448	5.473921
24.168898	5.463829
24.226444	5.454343
24.284092	5.444324
24.341828	5.437916
24.399632	5.431335
24.457492	5.428519
24.515374	5.425519
24.573276	5.425332
24.631186	5.424395
24.689106	5.424770
24.747026	5.422897
24.804966	5.421400
24.862904	5.422897
24.920858	5.419155
24.978856	5.414672
25.036910	5.409451
25.095042	5.400524
25.153264	5.390701
25.211602	5.379439
25.270054	5.369142
25.328628	5.358885
25.387300	5.349759
25.446076	5.339576
25.504946	5.333230
25.563886	5.326358
25.622892	5.322749
25.681924	5.319864
25.740976	5.319324
25.800038	5.318783
25.859100	5.320585
25.918160	5.317883
25.977250	5.315904
26.036342	5.316263
26.095464	5.311589
26.154636	5.307282
26.213864	5.302087
26.273168	5.293867
26.332562	5.284606
26.392074	5.273783
26.451696	5.263534
26.511448	5.252972
26.571308	5.242978
26.631286	5.232325
26.691364	5.225884
26.751516	5.218766
26.811734	5.215820
26.871978	5.212877
26.932242	5.212531
26.992516	5.211494
27.052800	5.212531
27.113078	5.210457
27.173384	5.208729
27.233692	5.209420
27.294026	5.205104
27.354410	5.200279
27.414864	5.194432
27.475404	5.185344
27.536044	5.175606
27.596810	5.164545
27.657696	5.154039
27.718720	5.143406
27.779854	5.133825
27.841106	5.123443
27.902468	5.116100
27.963908	5.109278
28.025420	5.106122
28.086956	5.103634
28.148508	5.103302
28.210072	5.102473
28.271642	5.103634
28.333212	5.101147
28.394814	5.098664
28.456426	5.098829
28.518062	5.095521
28.579742	5.091227
28.641486	5.086446
28.703310	5.077732
28.765236	5.068066
28.827298	5.056483
28.889490	5.045276
28.951834	5.034281
29.014300	5.023815
29.076894	5.013393
29.139600	5.006363
29.202390	4.999670
29.265250	4.996330
29.328144	4.993154
29.391062	4.992202
29.453994	4.991409
29.516934	4.992678
29.579870	4.990616
29.642832	4.988714
29.705800	4.989348
29.768798	4.984914
29.831850	4.980173
29.894982	4.973708
29.958210	4.964590
30.021550	4.954568
30.085030	4.943653
30.148646	4.932476
30.212414	4.921812
30.276306	4.911655
30.340334	4.900928
30.404482	4.893751
30.468720	4.886596
30.533048	4.881585
30.597428	4.877189
30.661870	4.872953
30.726380	4.866763
30.790990	4.860137
30.855694	4.849783
30.920516	4.842308
30.985390	4.841562
31.050302	4.838430
31.115266	4.833814
31.180304	4.828020
31.245446	4.818689
31.310712	4.808070
31.376136	4.795885
31.441714	4.784637
31.507460	4.773006
31.573346	4.762875
31.639378	4.751925
31.705538	4.744748
31.771798	4.737164
31.838148	4.733310
31.904536	4.730032
31.970954	4.729035
32.037386	4.728750
32.103818	4.730459
32.170244	4.728323
32.236700	4.726616
32.303160	4.726758
32.369662	4.722211
32.436226	4.717248
32.502874	4.711164
32.569634	4.701857
32.636516	4.691745
32.703562	4.680282
32.770760	4.669014
32.838138	4.657523
32.905668	4.646227
32.973364	4.634848
33.041202	4.626793
33.109148	4.619582
33.177186	4.615781
33.245266	4.612528
33.313370	4.612392
33.381490	4.611174
33.449618	4.612392
33.517738	4.610903
33.585888	4.609144
33.654038	4.610091
33.722218	4.606036
33.790464	4.600909
33.858802	4.594584
33.927262	4.584660
33.995862	4.573847
34.064642	4.561760
34.133592	4.550131
34.202736	4.537775
34.272052	4.526791
34.341532	4.515340
34.411168	4.507436
34.480918	4.499818
34.550768	4.495954
34.620660	4.492996
34.690578	4.492482
34.760510	4.492097
34.830444	4.493510
34.900374	4.491198
34.970344	4.489016
35.040324	4.488887
35.110344	4.485042
35.180428	4.480437
35.250598	4.474821
35.320888	4.465534
35.391320	4.454896
35.461944	4.442423
35.532756	4.429770
35.603788	4.416940
35.675004	4.405049
35.746414	4.393221
35.817984	4.385372
35.889672	4.378404
35.961462	4.374381
36.033298	4.371216
36.105170	4.370243
36.177062	4.369270
36.248962	4.370364
36.320860	4.368541
36.392790	4.366841
36.464724	4.367205
36.536702	4.363081
36.608748	4.357997
36.680906	4.350754
36.753210	4.340655
36.825678	4.329051
36.898354	4.316798
36.971226	4.304495
37.044326	4.292028
37.117614	4.280449
37.191106	4.268932
37.264766	4.260364
37.338566	4.252867
37.412476	4.248496
37.486450	4.244592
37.560470	4.243217
37.634518	4.241612
37.708594	4.241727
37.782674	4.239209
37.856800	4.237493
37.930926	4.238293
38.005086	4.234866
38.079316	4.229962
38.153656	4.223252
38.228146	4.212831
38.302822	4.201001
38.377724	4.187785
38.452852	4.174652
38.528234	4.161601
38.603826	4.149727
38.679636	4.137703
38.755634	4.129654
38.831774	4.121527
38.908046	4.116882
38.984382	4.113324
39.060756	4.112463
39.137150	4.111925
39.213544	4.113755
39.289922	4.112355
39.366338	4.110633
39.442760	4.110633
39.519236	4.105798
39.595810	4.100011
39.672514	4.092640
39.749384	4.082005
39.826450	4.070686
39.903750	4.058066
39.981282	4.045212
40.059082	4.031922
40.137120	4.019232
40.215402	4.006520
40.293900	3.997242
40.372572	3.988615
40.451400	3.982648
40.530314	3.978412
40.609286	3.976800
40.688288	3.976096
40.767302	3.976901
40.846314	3.974989
40.925372	3.972978
41.004444	3.972677
41.083570	3.968662
41.162786	3.963455
41.242136	3.956068
41.321666	3.945436
41.401412	3.933383
41.481426	3.919641
41.561708	3.905899
41.642296	3.892060
41.723140	3.879084
41.804252	3.866671
41.885592	3.857650
41.967108	3.849331
42.048776	3.844620
42.130520	3.840953
42.212310	3.840202
42.294124	3.839451
42.375944	3.840672
42.457760	3.838795
42.539630	3.836357
42.621516	3.836170
42.703462	3.831865
42.785506	3.826637
42.867696	3.819473
42.950078	3.808637
43.032694	3.796303
43.115604	3.782499
43.198812	3.768163
43.282352	3.753845
43.366194	3.739902
43.450338	3.726593
43.534738	3.717333
43.619334	3.709082
43.704094	3.704359
43.788930	3.700781
43.873830	3.699299
43.958766	3.698080
44.043714	3.699038
44.128660	3.697470
44.213646	3.695904
44.298644	3.695991
44.383698	3.691995
44.468858	3.686536
44.554186	3.678421
44.639744	3.666487
44.725584	3.653015
44.811756	3.638629
44.898260	3.624273
44.985124	3.609864
45.072310	3.596392
45.159816	3.583184
45.247612	3.573240
45.335630	3.564321
45.423852	3.558185
45.512198	3.553034
45.600670	3.548860
45.689284	3.542058
45.778098	3.534009
45.867152	3.521570
45.956526	3.508826
46.046180	3.498667
46.136080	3.489418
46.226204	3.482455
46.316538	3.474137
46.407140	3.462115
46.498062	3.448207
46.589382	3.432684
46.681106	3.416929
46.773274	3.401023
46.865848	3.385629
46.958824	3.371531
47.052142	3.361071
47.145726	3.352105
47.239526	3.346534
47.333454	3.341978
47.427462	3.340698
47.521504	3.340272
47.615546	3.341764
47.709566	3.340840
47.803630	3.339278
47.897716	3.338639
47.991890	3.333962
48.086224	3.327394
48.180788	3.317976
48.275670	3.305339
48.370916	3.291142
48.466608	3.275563
48.562760	3.258846
48.659444	3.240961
48.756652	3.222609
48.854406	3.204268
48.952656	3.190147
49.051316	3.177820
49.150346	3.167439
49.249694	3.156555
49.349344	3.147825
49.449252	3.140713
49.549358	3.136011
49.649578	3.132321
49.749906	3.130573
49.850260	3.130012
49.950708	3.125963
50.051320	3.119754
50.152190	3.110365
50.253422	3.097607
50.355102	3.081987
50.457326	3.064789
50.560122	3.047250
50.663534	3.029384
50.767522	3.012362
50.872064	2.997017
50.977088	2.985170
51.082486	2.975275
51.188192	2.968864
51.294074	2.964270
51.400070	2.962649
51.506108	2.962258
51.612152	2.963655
51.718174	2.962593
51.824264	2.960304
51.930408	2.959077
52.036666	2.954568
52.143136	2.947527
52.249912	2.938100
52.357100	2.924969
52.464800	2.909259
52.573116	2.891799
52.682086	2.874074
52.791768	2.855318
52.902134	2.837267
53.013180	2.820253
53.124810	2.807550
53.236904	2.797002
53.349358	2.790295
53.462020	2.785643
53.574820	2.783767
53.687690	2.782732
53.800588	2.783225
53.913492	2.781795
54.026472	2.779728
54.139492	2.779383
54.252626	2.775209
54.365986	2.768265
54.479724	2.757525
54.593998	2.742168
54.708946	2.724097
54.824694	2.704725
54.941254	2.685306
55.058704	2.665348
55.177008	2.645730
55.296266	2.623372
55.416554	2.600656
55.537914	2.576639
55.660402	2.553725
55.783964	2.530889
55.908586	2.510302
56.034158	2.492299
56.160530	2.479513
56.287532	2.467245
56.415098	2.457518
56.543000	2.453564
56.671190	2.448668
56.799718	2.440792
56.928782	2.428904
57.058590	2.412861
57.189322	2.393631
57.321168	2.372482
57.454196	2.350717
57.588508	2.328244
57.724070	2.306264
57.860872	2.285992
57.998758	2.270002
58.137514	2.257216
58.276952	2.248620
58.416834	2.242201
58.556998	2.239548
58.697290	2.238622
58.837608	2.239612
58.977910	2.238782
59.118322	2.236614
59.258832	2.234864
59.399610	2.229376
59.540872	2.219736
59.682902	2.205586
59.825998	2.186764
59.970370	2.165481
60.116212	2.143203
60.263588	2.120291
60.412634	2.096296
60.563354	2.072373
60.715764	2.049604
60.869726	2.030817
61.024984	2.015107
61.181308	2.003873
61.338338	1.996005
61.495792	1.993270
61.653426	1.992334
61.811132	1.992562
61.968896	1.990138
62.126900	1.986791
62.285114	1.984331
62.443712	1.978408
62.602954	1.968416
62.763218	1.953678
62.924914	1.933883
63.088432	1.909551
63.254168	1.882411
63.422354	1.853884
63.593222	1.824280
63.766772	1.795853
63.942886	1.770849
64.121244	1.751127
64.301408	1.735284
64.483070	1.723423
64.666032	1.710977
64.850320	1.698287
65.036004	1.685603
65.223160	1.672537
65.411988	1.655788
65.602922	1.635939
65.796088	1.616511
65.991736	1.595721
66.189932	1.574512
66.390894	1.553106
66.594992	1.527418
66.802852	1.496709
67.015198	1.463466
67.232552	1.428412
67.455598	1.390565
67.684700	1.352444
67.919964	1.317771
68.160928	1.289049
68.406750	1.265781
68.656626	1.248120
68.909514	1.235010
69.164444	1.228250
69.420486	1.225003
69.677034	1.224191
69.933922	1.222077
70.191488	1.217823
70.449724	1.214856
70.709280	1.207785
70.971354	1.192237
71.238010	1.167132
71.511716	1.132122
71.795098	1.088374
72.090736	1.039911
72.401094	0.988053
72.729114	0.931930
73.077740	0.873971
73.451152	0.813871
73.854612	0.749866
74.296548	0.680057
74.790712	0.603000
75.360964	0.515272
76.057516	0.413260
77.061260	0.276459
