#Creator: wheelEventBuffer
#Creation time: Thu Apr 11 09:51:51 2019
#Time	Angular velocity
#[s]	[rad/s]
1.868538	0.725678
2.257726	0.998256
2.550160	1.197792
2.798498	1.359691
3.019434	1.501904
3.220788	1.632064
3.407034	1.751967
3.581134	1.865554
3.744950	1.976565
3.899904	2.085137
4.047008	2.191493
4.187202	2.295546
4.321196	2.398529
4.449564	2.501069
4.572786	2.601949
4.691454	2.698175
4.806030	2.789650
4.916958	2.877496
5.024618	2.963096
5.129286	3.042999
5.231302	3.118825
5.330944	3.189499
5.428460	3.255941
5.524058	3.319028
5.617888	3.378856
5.710072	3.438545
5.800694	3.495630
5.889856	3.552713
5.977560	3.611358
6.063854	3.670943
6.148716	3.733058
6.232184	3.795478
6.314280	3.858976
6.395032	3.923460
6.474446	3.988514
6.552624	4.050950
6.629604	4.112140
6.705446	4.172656
6.780228	4.232241
6.853986	4.287693
6.926804	4.341615
6.998758	4.391870
7.069912	4.439284
7.140326	4.485426
7.210030	4.529401
7.279054	4.574247
7.347410	4.617273
7.415144	4.660287
7.482232	4.704814
7.548690	4.750201
7.614486	4.798229
7.679634	4.846790
7.744118	4.897261
7.807944	4.948325
7.871094	5.000625
7.933622	5.049818
7.995542	5.097836
8.056874	5.146102
8.117652	5.194604
8.177868	5.240180
8.237566	5.284962
8.296780	5.327081
8.355544	5.365475
8.413898	5.403310
8.471854	5.438481
8.529424	5.475638
8.586612	5.510793
8.643442	5.546989
8.699878	5.584656
8.755946	5.623040
8.811608	5.663589
8.866878	5.704726
8.921748	5.746886
8.976210	5.790741
9.030242	5.835920
9.083884	5.879829
9.137128	5.921500
9.189988	5.963766
9.242496	6.005262
9.294650	6.042454
9.346478	6.080345
9.397994	6.116570
9.449218	6.149856
9.500162	6.184724
9.550828	6.216790
9.601226	6.250682
9.651358	6.282180
9.701248	6.313236
9.750876	6.346395
9.800254	6.378868
9.849356	6.415603
9.898188	6.451704
9.946740	6.490089
9.995006	6.528392
10.042978	6.567973
10.090682	6.604702
10.138118	6.641283
10.185284	6.678840
10.232198	6.716823
10.278852	6.750887
10.325270	6.785297
10.371462	6.817396
10.417446	6.845920
10.463244	6.875586
10.508846	6.902779
10.554260	6.932329
10.599484	6.960281
10.644534	6.988461
10.689390	7.018123
10.734062	7.047722
10.778530	7.080124
10.822802	7.112181
10.866866	7.147130
10.910716	7.183082
10.954334	7.220392
10.997750	7.253400
11.040964	7.286373
11.083976	7.319988
11.126806	7.353571
11.169440	7.383296
11.211896	7.415713
11.254178	7.444885
11.296298	7.471799
11.338272	7.499624
11.380094	7.524052
11.421776	7.550453
11.463310	7.575579
11.504718	7.600873
11.545970	7.627817
11.587086	7.655326
11.628038	7.685666
11.668832	7.716626
11.709464	7.747454
11.749932	7.780071
11.790220	7.812964
11.830358	7.843785
11.870330	7.874455
11.910140	7.906958
11.949804	7.938527
11.989306	7.965903
12.028672	7.995095
12.067900	8.022043
12.107006	8.045052
12.145998	8.070265
12.184870	8.093551
12.223626	8.119069
12.262262	8.141794
12.300796	8.165920
12.339206	8.190616
12.377506	8.215892
12.415676	8.243054
12.453722	8.271703
12.491634	8.301429
12.529410	8.332695
12.567036	8.364643
12.604538	8.391454
12.641912	8.420243
12.679154	8.448775
12.716282	8.478417
12.753278	8.504122
12.790156	8.532763
12.826920	8.558332
12.863580	8.580304
12.900148	8.603803
12.936620	8.623642
12.972998	8.648331
13.009278	8.668854
13.045476	8.691398
13.081568	8.715026
13.117570	8.738783
13.153462	8.765115
13.189250	8.791606
13.224930	8.818753
13.260500	8.846566
13.295944	8.878067
13.331282	8.904236
13.366510	8.931576
13.401626	8.959085
13.436644	8.987792
13.471552	9.010993
13.506368	9.035354
13.541092	9.058802
13.575732	9.079223
13.610292	9.102372
13.644770	9.122460
13.679166	9.145298
13.713476	9.165575
13.747720	9.184869
13.781880	9.207481
13.815962	9.228578
13.849952	9.254677
13.883852	9.279279
13.917658	9.306768
13.951370	9.333866
13.984972	9.362238
14.018490	9.385733
14.051916	9.411038
14.085250	9.436479
14.118500	9.463769
14.151656	9.486058
14.184726	9.512483
14.217716	9.533845
14.250634	9.552979
14.283488	9.573356
14.316274	9.590892
14.348992	9.613785
14.381636	9.632060
14.414222	9.651590
14.446734	9.672391
14.479180	9.694478
14.511544	9.716667
14.543838	9.740164
14.576050	9.765597
14.608180	9.791774
14.640212	9.820546
14.672168	9.843933
14.704044	9.866811
14.735840	9.892287
14.767566	9.916643
14.799214	9.936718
14.830790	9.960030
14.862296	9.982183
14.893740	10.000613
14.925122	10.021669
14.956446	10.038320
14.987710	10.058246
15.018914	10.076959
15.050066	10.094443
15.081154	10.113942
15.112186	10.134824
15.143146	10.157762
15.174038	10.180805
15.204862	10.204615
15.235614	10.228536
15.266284	10.255248
15.296890	10.276046
15.327426	10.300304
15.357888	10.323320
15.388288	10.349847
15.418612	10.368977
15.448878	10.390926
15.479082	10.410898
15.509234	10.427485
15.539336	10.446903
15.569384	10.462908
15.599382	10.483158
15.629322	10.501379
15.659216	10.518960
15.689054	10.537307
15.718844	10.555718
15.748572	10.577041
15.778244	10.598450
15.807854	10.622101
15.837394	10.648745
15.866858	10.673346
15.896268	10.694419
15.925612	10.716307
15.954896	10.737551
15.984128	10.762565
16.013292	10.779552
16.042404	10.802533
16.071458	10.822629
16.100466	10.838310
16.129428	10.857789
16.158350	10.868306
16.187240	10.881105
16.216110	10.882613
16.244992	10.878091
16.273888	10.864548
16.302836	10.845045
16.331830	10.822629
16.360898	10.794367
16.390038	10.768467
16.419246	10.744161
16.448510	10.723623
16.477844	10.698061
16.507248	10.671171
16.536720	10.645858
16.566268	10.621383
16.595888	10.592018
16.625582	10.565658
16.655358	10.536600
16.685220	10.503486
16.715176	10.473372
16.745216	10.442736
16.775338	10.415040
16.805550	10.382684
16.835858	10.349847
16.866254	10.319929
16.896742	10.290182
16.927306	10.263959
16.957954	10.237202
16.988682	10.211912
17.019486	10.186086
17.050358	10.164335
17.081312	10.136132
17.112350	10.107434
17.143470	10.080839
17.174678	10.055671
17.205964	10.026786
17.237338	9.999340
17.268804	9.969512
17.300370	9.935461
17.332042	9.903514
17.363818	9.870531
17.395696	9.839616
17.427676	9.805833
17.459772	9.773496
17.491962	9.743185
17.524260	9.711861
17.556652	9.683124
17.589146	9.653963
17.621736	9.626157
17.654416	9.600858
17.687176	9.576275
17.720034	9.548333
17.752984	9.519978
17.786030	9.492364
17.819180	9.464909
17.852428	9.432513
17.885786	9.402588
17.919252	9.372293
17.952834	9.337195
17.986542	9.304012
18.020374	9.268875
18.054326	9.236718
18.088402	9.201548
18.122614	9.165575
18.156950	9.132537
18.191414	9.098681
18.225992	9.070310
18.260690	9.038994
18.295500	9.010993
18.330422	8.982138
18.365446	8.955509
18.400592	8.923965
18.435854	8.894153
18.471230	8.865039
18.506732	8.837110
18.542348	8.803925
18.578094	8.772458
18.613978	8.738297
18.650006	8.701027
18.686190	8.665028
18.722526	8.626957
18.759016	8.592038
18.795658	8.554604
18.832464	8.518418
18.869420	8.481622
18.906542	8.446050
18.943804	8.413929
18.981216	8.380262
19.018774	8.349526
19.056470	8.319896
19.094290	8.291350
19.132258	8.259090
19.170374	8.225787
19.208636	8.193607
19.247062	8.162101
19.285634	8.125789
19.324376	8.092300
19.363284	8.057019
19.402372	8.017130
19.441656	7.978851
19.481136	7.936922
19.520812	7.898609
19.560690	7.857518
19.600778	7.817241
19.641064	7.777760
19.681558	7.739819
19.722236	7.704514
19.763108	7.668032
19.804170	7.634490
19.845416	7.600137
19.886836	7.567914
19.928448	7.532350
19.970256	7.497119
20.012250	7.462924
20.054456	7.427635
20.096864	7.388853
20.139492	7.350130
20.182356	7.308749
20.225470	7.264806
20.268846	7.221720
20.312490	7.175863
20.356400	7.133498
20.400578	7.087791
20.445050	7.042982
20.489792	6.998736
20.534824	6.955042
20.580122	6.914325
20.625690	6.873781
20.671526	6.835196
20.717620	6.797042
20.763958	6.760475
20.810576	6.719984
20.857470	6.678840
20.904646	6.638757
20.952122	6.598321
20.999892	6.554817
21.047980	6.511073
21.096404	6.465247
21.145186	6.415341
21.194354	6.365427
21.243916	6.312475
21.293884	6.262394
21.344260	6.209908
21.395068	6.157812
21.446296	6.107058
21.497952	6.057133
21.550020	6.009397
21.602508	5.961276
21.655414	5.915256
21.708734	5.869941
21.762446	5.826396
21.816592	5.779874
21.871168	5.732833
21.926194	5.685729
21.981698	5.637166
22.037692	5.584656
22.094214	5.532142
22.151294	5.476402
22.208974	5.417660
22.267288	5.358702
22.326256	5.297617
22.385906	5.236861
22.446262	5.173731
22.507368	5.110275
22.569222	5.047708
22.631848	4.986338
22.695220	4.927525
22.759364	4.868573
22.824276	4.811604
22.889964	4.755090
22.956420	4.698903
23.023716	4.640051
23.091870	4.579982
23.160918	4.519627
23.230926	4.458436
23.301918	4.393467
23.373986	4.326190
23.447222	4.255286
23.521734	4.179206
23.597646	4.100653
23.675048	4.018924
23.754052	3.936636
23.834748	3.851124
23.917266	3.765814
24.001656	3.680662
24.088036	3.596063
24.176434	3.512593
24.266988	3.428264
24.359790	3.344397
24.454950	3.261079
24.552562	3.177434
24.652880	3.089929
24.756140	2.998561
24.862652	2.903720
24.972826	2.805144
25.087096	2.699056
25.206134	2.585886
25.330782	2.463337
25.462156	2.329487
25.601716	2.184939
25.751374	2.028352
25.913878	1.857436
26.093420	1.667335
26.296910	1.455425
26.537280	1.212184
26.849114	0.908542
27.546370	0.391260
28.101396	0.368661
28.834450	0.817199
29.180516	1.095892
29.445860	1.322553
29.669434	1.521161
29.865902	1.700972
30.043144	1.862987
30.205962	2.010671
30.357558	2.145779
30.500162	2.270134
30.635442	2.382485
30.764704	2.484690
30.888922	2.578881
31.008884	2.664354
31.125088	2.745284
31.237992	2.822838
31.347918	2.896492
31.455108	2.966565
31.559816	3.036118
31.662112	3.107227
31.762062	3.180587
31.859708	3.254727
31.955144	3.330922
32.048382	3.408550
32.139524	3.487791
32.228596	3.567640
32.315732	3.645131
32.401042	3.722266
32.484646	3.795753
32.566666	3.867147
32.647240	3.932989
32.726520	3.993685
32.804636	4.051577
32.881702	4.104189
32.957778	4.154996
33.032934	4.205838
33.107208	4.255517
33.180620	4.302726
33.253242	4.350393
33.325056	4.399004
33.396062	4.450226
33.466246	4.501494
33.535624	4.555806
33.604154	4.612121
33.671850	4.670680
33.738694	4.729320
33.804732	4.786095
33.869986	4.843652
33.934496	4.898024
33.998292	4.952069
34.061416	5.002377
34.123930	5.049006
34.185870	5.095521
34.247292	5.136847
34.308212	5.176970
34.368662	5.217033
34.428670	5.255609
34.488236	5.291193
34.547406	5.328707
34.606148	5.367491
34.664460	5.408147
34.722326	5.448667
34.779756	5.492295
34.836718	5.537603
34.893216	5.584458
34.949224	5.633527
35.004764	5.679767
35.059846	5.728234
35.114478	5.773713
35.168684	5.818842
35.222484	5.860306
35.275922	5.897932
35.329020	5.935597
35.381810	5.968978
35.434290	6.002967
35.486476	6.036881
35.538384	6.069538
35.590010	6.099706
35.641390	6.130176
35.692506	6.161919
35.743350	6.195702
35.793906	6.230846
35.844180	6.267892
35.894140	6.307406
35.943796	6.347165
35.993128	6.389247
36.042148	6.427943
36.090866	6.470040
36.139284	6.508105
36.187408	6.548259
36.235254	6.584768
36.282842	6.618059
36.330192	6.651971
36.377328	6.680828
36.424250	6.709364
36.470974	6.737567
36.517512	6.765425
36.563852	6.791458
36.610022	6.818876
36.655996	6.847412
36.701776	6.877693
36.747348	6.907636
36.792722	6.941519
36.837862	6.975736
36.882784	7.012484
36.927464	7.049620
36.971914	7.085873
37.016136	7.123147
37.060136	7.157878
37.103918	7.193608
37.147492	7.226039
37.190882	7.255075
37.234092	7.285021
37.277146	7.312151
37.320028	7.338798
37.362758	7.365640
37.405338	7.391983
37.447770	7.414663
37.490072	7.438891
37.532236	7.463634
37.574246	7.492113
37.616096	7.519730
37.657790	7.550816
37.699304	7.582527
37.740652	7.615613
37.781808	7.650106
37.822790	7.681531
37.863596	7.716247
37.904226	7.749365
37.944678	7.783541
37.984962	7.813741
38.025098	7.841044
38.065090	7.869327
38.104964	7.892259
38.144706	7.915724
38.184334	7.940132
38.223840	7.965095
38.263226	7.986559
38.302508	8.009363
38.341676	8.032709
38.380722	8.058672
38.419642	8.083139
38.458440	8.112360
38.497094	8.141372
38.535610	8.173143
38.573970	8.205591
38.612188	8.234843
38.650264	8.267349
38.688198	8.297482
38.725990	8.327835
38.763654	8.355300
38.801194	8.380709
38.838616	8.408974
38.875936	8.431090
38.913144	8.453777
38.950254	8.477502
38.987268	8.499520
39.024186	8.517956
39.061024	8.539257
39.097768	8.560198
39.134416	8.584994
39.170954	8.608990
39.207392	8.635969
39.243710	8.662639
39.279918	8.692360
39.315996	8.721801
39.351958	8.749980
39.387800	8.780304
39.423522	8.810345
39.459122	8.839099
39.494610	8.866541
39.529996	8.888617
39.565288	8.914849
39.600496	8.934116
39.635614	8.956020
39.670646	8.979058
39.705596	9.000667
39.740460	9.019789
39.775254	9.039514
39.809972	9.058280
39.844608	9.081847
39.879156	9.103427
39.913618	9.129883
39.947974	9.156493
39.982236	9.183795
40.016388	9.213422
40.050440	9.238348
40.084392	9.267782
40.118244	9.294103
40.151996	9.321680
40.185650	9.347752
40.219216	9.371175
40.252694	9.396401
40.286102	9.414986
40.319430	9.435912
40.352688	9.456362
40.385878	9.476329
40.418994	9.493511
40.452056	9.513059
40.485046	9.533267
40.517964	9.554141
40.550814	9.571606
40.583620	9.584455
40.616390	9.589136
40.649162	9.587380
40.681952	9.576275
40.714796	9.555303
40.747716	9.532110
40.780728	9.503275
40.813828	9.477473
40.847030	9.447831
40.880338	9.415551
40.913758	9.384612
40.947304	9.348865
40.980962	9.316704
41.014744	9.283666
41.048652	9.248139
41.082686	9.210721
41.116864	9.174676
41.151172	9.139445
41.185612	9.105538
41.220170	9.072406
41.254858	9.042636
41.289654	9.013061
41.324568	8.985221
41.359586	8.956531
41.394720	8.926501
41.429966	8.900704
41.465324	8.870546
41.500796	8.842582
41.536388	8.811333
41.572108	8.778341
41.607960	8.746082
41.643968	8.707779
41.680118	8.671247
41.716424	8.634070
41.752892	8.598622
41.789506	8.558799
41.826298	8.520729
41.863248	8.483912
41.900358	8.448321
41.937618	8.411676
41.975044	8.378474
42.012606	8.346864
42.050316	8.316812
42.088156	8.286976
42.126138	8.255617
42.164260	8.226218
42.202528	8.194462
42.240942	8.162525
42.279510	8.127892
42.318248	8.091883
42.357154	8.057432
42.396250	8.017539
42.435526	7.978040
42.475000	7.939731
42.514676	7.899006
42.554550	7.855946
42.594652	7.814130
42.634960	7.773526
42.675478	7.734103
42.716190	7.696586
42.757108	7.660926
42.798208	7.624855
42.839504	7.591689
42.880972	7.559174
42.922628	7.524412
42.964470	7.492470
43.006500	7.458318
43.048718	7.424476
43.091140	7.387116
43.133780	7.347723
43.176656	7.307729
43.219786	7.262790
43.263168	7.219728
43.306812	7.176190
43.350730	7.133174
43.394910	7.086512
43.439390	7.041088
43.484154	6.995308
43.529200	6.953195
43.574518	6.910067
43.620116	6.870173
43.665968	6.831628
43.712084	6.794690
43.758444	6.757566
43.805066	6.719697
43.851948	6.682818
43.899100	6.643811
43.946528	6.604702
43.994244	6.563307
44.042272	6.519180
44.090624	6.475374
44.139338	6.426628
44.188406	6.377314
44.237860	6.328242
44.287712	6.277661
44.337962	6.224673
44.388648	6.172815
44.439752	6.122530
44.491274	6.073292
44.543204	6.024609
44.595556	5.978065
44.648304	5.932682
44.701456	5.889529
44.754986	5.847652
44.808910	5.804435
44.863232	5.762698
44.917968	5.718225
44.973130	5.672793
45.028752	5.624248
45.084874	5.571780
45.141532	5.518731
45.198770	5.461550
45.256588	5.404798
45.315032	5.347210
45.374120	5.288520
45.433868	5.226754
45.494338	5.165564
45.555518	5.104960
45.617414	5.046735
45.680016	4.989031
45.743342	4.934180
45.807356	4.880371
45.872084	4.828168
45.937502	4.776489
46.003650	4.722779
46.070544	4.670819
46.138216	4.615781
46.206702	4.559641
46.276068	4.499818
46.346390	4.436401
46.417750	4.370121
46.490264	4.298370
46.563986	4.225183
46.639018	4.150495
46.715444	4.073642
46.793326	3.994498
46.872788	3.915050
46.953864	3.836076
47.036612	3.758695
47.121068	3.681266
47.207306	3.606383
47.295320	3.532976
47.385184	3.460819
47.476922	3.389574
47.570664	3.315245
47.666550	3.239958
47.764768	3.160556
47.865572	3.076313
47.969284	2.985964
48.076314	2.889140
48.187138	2.785693
48.302396	2.673423
48.422696	2.555512
48.548898	2.431272
48.682050	2.298065
48.823484	2.155082
48.975024	2.004231
49.138822	1.846540
49.317936	1.679960
49.516998	1.500168
49.743810	1.302949
50.013298	1.078888
50.368040	0.796291
51.056444	0.378290
51.729490	0.354553
52.458728	0.717160
52.852598	0.970670
53.152098	1.172945
53.404148	1.349528
53.625486	1.510265
53.824808	1.658655
54.007230	1.798690
54.176102	1.933335
54.333722	2.062333
54.482040	2.183329
54.622540	2.296385
54.756396	2.403115
54.884580	2.505257
55.007786	2.599666
55.126724	2.687327
55.241966	2.768606
55.353956	2.844872
55.463056	2.917364
55.569526	2.986305
55.673578	3.054182
55.775380	3.119197
55.875102	3.183487
55.972790	3.248803
56.068534	3.315385
56.162324	3.383951
56.254244	3.452831
56.344330	3.523229
56.432638	3.593924
56.519202	3.664862
56.604168	3.732970
56.687600	3.799333
56.769586	3.864768
56.850234	3.929250
56.929596	3.989324
57.007794	4.046984
57.084918	4.101189
57.161060	4.151702
57.236304	4.200552
57.310684	4.247347
57.384242	4.295314
57.456992	4.341255
57.528988	4.387332
57.600198	4.435273
57.670658	4.483378
57.740326	4.534370
57.809224	4.585597
57.877340	4.639228
57.944674	4.693287
58.011214	4.748765
58.077022	4.801162
58.142116	4.852030
58.206524	4.902763
58.270290	4.953475
58.333416	5.000307
58.395952	5.047384
58.457930	5.091392
58.519390	5.132147
58.580376	5.172197
58.640900	5.209592
58.700982	5.248584
58.760624	5.285495
58.819860	5.323109
58.878658	5.361812
58.937032	5.402567
58.994948	5.444890
59.052422	5.487882
59.109440	5.532337
59.166002	5.576924
59.222094	5.623644
59.277748	5.667676
59.332966	5.711571
59.387758	5.754887
59.442154	5.798864
59.496150	5.837872
59.549782	5.877409
59.603068	5.914588
59.656032	5.948634
59.708698	5.983302
59.761064	6.015381
59.813144	6.049202
59.864938	6.081522
59.916466	6.113475
59.967706	6.147450
60.018674	6.181560
60.069336	6.218759
60.119704	6.256159
60.169762	6.295777
60.219510	6.335389
60.268930	6.377056
60.318060	6.414032
60.366896	6.451704
60.415442	6.489821
60.463714	6.528934
60.511702	6.564404
60.559430	6.600262
60.606912	6.633150
60.654168	6.662692
60.701218	6.693069
60.748060	6.720559
60.794702	6.750887
60.841136	6.779440
60.887384	6.808237
60.933420	6.838767
60.979256	6.870173
61.024870	6.902779
61.070274	6.936002
61.115454	6.970783
61.160408	7.007478
61.205114	7.045193
61.249602	7.080124
61.293868	7.113792
61.337918	7.148757
61.381772	7.182753
61.425414	7.213429
61.468868	7.245705
61.512136	7.275574
61.555238	7.302633
61.598176	7.331263
61.640956	7.356326
61.683582	7.384338
61.726050	7.409766
61.768380	7.435722
61.810546	7.462924
61.852568	7.490683
61.894416	7.521530
61.936096	7.553358
61.977604	7.584724
62.018936	7.618198
62.060076	7.652342
62.101054	7.682658
62.141862	7.713973
62.182498	7.746690
62.222976	7.779300
62.263284	7.808303
62.303440	7.837914
62.343454	7.864993
62.383338	7.889088
62.423098	7.914528
62.462736	7.937324
62.502250	7.963479
62.541638	7.987371
62.580916	8.011406
62.620064	8.037230
62.659094	8.061981
62.697988	8.090633
62.736752	8.118230
62.775376	8.149397
62.813856	8.180805
62.852176	8.212885
62.890366	8.242621
62.928412	8.271267
62.966322	8.301429
63.004108	8.330485
63.041760	8.356633
63.079288	8.384735
63.116698	8.410775
63.154000	8.433806
63.191202	8.457418
63.228312	8.475215
63.265350	8.490332
63.302346	8.494464
63.339352	8.488956
63.376394	8.474300
63.413526	8.450139
63.450764	8.422049
63.488142	8.388765
63.525670	8.355300
63.563344	8.322982
63.601148	8.294415
63.639106	8.260827
63.677212	8.228373
63.715460	8.196599
63.753872	8.165495
63.792430	8.129153
63.831162	8.092717
63.870068	8.057019
63.909158	8.016721
63.948444	7.977635
63.987928	7.936922
64.027602	7.899403
64.067474	7.858697
64.107558	7.818019
64.147840	7.778915
64.188328	7.740201
64.229006	7.704514
64.269876	7.669155
64.310932	7.634861
64.352172	7.602344
64.393576	7.570832
64.435178	7.534518
64.476974	7.498192
64.518964	7.464343
64.561160	7.428689
64.603554	7.392331
64.646160	7.354604
64.688990	7.315557
64.732066	7.271869
64.775396	7.229365
64.818992	7.184067
64.862850	7.142256
64.906972	7.097399
64.951378	7.053735
64.996048	7.010919
65.040998	6.968619
65.086204	6.928354
65.131678	6.888853
65.177414	6.850100
65.223402	6.812961
65.269628	6.777685
65.316118	6.739590
65.362870	6.699920
65.409890	6.661562
65.457200	6.622523
65.504794	6.579527
65.552698	6.536542
65.600924	6.491967
65.649498	6.444293
65.698432	6.397313
65.747732	6.347678
65.797414	6.300069
65.847478	6.249438
65.897960	6.199125
65.948832	6.150579
66.000116	6.102076
66.051784	6.057367
66.103844	6.012157
66.156288	5.968525
66.209120	5.925968
66.262316	5.883793
66.315924	5.839174
66.369934	5.793945
66.424360	5.749621
66.479228	5.704726
66.534534	5.656451
66.590316	5.607984
66.646602	5.555818
66.703438	5.499987
66.760860	5.443947
66.818882	5.385341
66.877534	5.328526
66.936820	5.269360
66.996788	5.210284
67.057412	5.153024
67.118726	5.095687
67.180708	5.040905
67.243368	4.986655
67.306708	4.933870
67.370724	4.882040
67.435404	4.831733
67.500800	4.778088
67.566938	4.722921
67.633848	4.667488
67.701590	4.610632
67.770186	4.549999
67.839712	4.488374
67.910236	4.422660
67.981848	4.352804
68.054640	4.281266
68.128678	4.206964
68.204038	4.132261
68.280796	4.054819
68.359048	3.977002
68.438824	3.899693
68.520202	3.823191
68.603182	3.748917
68.687844	3.674205
68.774230	3.600679
68.862404	3.527343
68.952412	3.454046
69.044420	3.378057
69.138546	3.299507
69.234968	3.218779
69.333912	3.135823
69.435612	3.046363
69.540446	2.951293
69.648874	2.848949
69.761458	2.738105
69.878842	2.621445
70.001738	2.498563
70.131030	2.369904
70.267854	2.232228
70.413708	2.087409
70.570404	1.935622
70.740496	1.774931
70.927594	1.603622
71.137698	1.415285
71.381454	1.203436
71.683134	0.951323
72.195304	0.543184
72.849382	0.376627
73.501004	0.471671
74.090456	0.827227
74.437302	1.047470
74.717120	1.233807
74.957792	1.401971
75.171474	1.557109
75.365010	1.704331
75.542578	1.846605
75.707136	1.983254
75.860866	2.113729
76.005592	2.236327
76.142732	2.352900
76.273388	2.462912
76.398466	2.566577
76.518778	2.661419
76.635018	2.748069
76.747774	2.828327
76.857524	2.900985
76.964566	2.970380
77.069188	3.037468
77.171584	3.101399
77.271900	3.162465
77.370306	3.224130
77.466828	3.286460
77.561508	3.350746
77.654362	3.416111
77.745436	3.484000
77.834712	3.554320
77.922242	3.626030
78.008040	3.698341
78.092210	3.768163
78.174844	3.837388
78.256036	3.903472
78.335880	3.967659
78.414490	4.026857
78.491990	4.081793
78.568466	4.135089
78.644022	4.183770
78.718688	4.231101
78.792536	4.278001
78.865602	4.323094
78.937914	4.365263
79.009532	4.408758
79.080430	4.453633
79.150598	4.501107
79.220016	4.549209
79.288694	4.600505
79.356588	4.652971
79.423728	4.707211
79.490076	4.762442
79.555678	4.815882
79.620550	4.870686
79.684714	4.923355
79.748196	4.974968
79.811050	5.022851
79.873328	5.066595
79.935078	5.109111
79.996358	5.147114
80.057170	5.184146
80.117556	5.221194
80.177520	5.258776
80.237058	5.292975
80.296218	5.328888
80.354970	5.365475
80.413310	5.404426
80.471222	5.443947
80.528708	5.486731
80.585730	5.530778
80.642304	5.577122
80.698394	5.624047
80.754036	5.668903
80.809234	5.714896
80.864004	5.758262
80.918356	5.802077
80.972318	5.842867
81.025914	5.880269
81.079172	5.917485
81.132124	5.951339
81.184766	5.983530
81.237126	6.016302
81.289218	6.047572
81.341034	6.076582
81.392608	6.107058
81.443918	6.138801
81.494952	6.172815
81.545696	6.207454
81.596160	6.244718
81.646308	6.282934
81.696156	6.323402
81.745672	6.364911
81.794880	6.404095
81.843778	6.445879
81.892372	6.485266
81.940668	6.525137
81.988684	6.560840
82.036450	6.593613
82.083978	6.626435
82.131296	6.654789
82.178398	6.683386
82.225300	6.713092
82.272002	6.742483
82.318502	6.768340
82.364830	6.794983
82.410968	6.823319
82.456906	6.853985
82.502638	6.883721
82.548164	6.918284
82.593456	6.952887
82.638524	6.990016
82.683350	7.026600
82.727948	7.061663
82.772318	7.099644
82.816464	7.134470
82.860384	7.171276
82.904094	7.204166
82.947608	7.234692
82.990938	7.266486
83.034104	7.292462
83.077100	7.319647
83.119946	7.344975
83.162644	7.372208
83.205186	7.394767
83.247596	7.422020
83.289848	7.448415
83.331952	7.475711
83.373914	7.497834
83.415780	7.513615
83.457578	7.519730
83.499376	7.516491
83.541214	7.502848
83.583164	7.477490
83.625264	7.448415
83.667550	7.412563
83.710034	7.376709
83.752732	7.339141
83.795654	7.298900
83.838816	7.258763
83.882236	7.215086
83.925902	7.172586
83.969844	7.127348
84.014064	7.082997
84.058560	7.036042
84.103364	6.989394
84.148460	6.943667
84.193846	6.900353
84.239508	6.858175
84.285452	6.818284
84.331658	6.778855
84.378136	6.741615
84.424860	6.704782
84.471854	6.665520
84.519114	6.629791
84.566646	6.590569
84.614458	6.551536
84.662562	6.509993
84.710986	6.465779
84.759748	6.420061
84.808884	6.370590
84.858388	6.320858
84.908290	6.270644
84.958596	6.220729
85.009310	6.167968
85.060464	6.116094
85.112046	6.065085
85.164054	6.016533
85.216480	5.967164
85.269336	5.921054
85.322590	5.876090
85.376256	5.833320
85.430304	5.791595
85.484758	5.747096
85.539632	5.704105
85.594934	5.658896
85.650682	5.612192
85.706908	5.563689
85.763646	5.510986
85.820924	5.458513
85.878800	5.401638
85.937274	5.343208
85.996394	5.285317
86.056188	5.225189
86.116670	5.162508
86.177900	5.100650
86.239862	5.039934
86.302566	4.981594
86.365996	4.923046
86.430180	4.867366
86.495086	4.812489
86.560738	4.759412
86.627108	4.707211
86.694232	4.653936
86.762126	4.601448
86.830826	4.546312
86.900374	4.489272
86.970844	4.428521
87.042322	4.363202
87.114906	4.295079
87.188712	4.221436
87.263802	4.146989
87.340264	4.071741
87.418190	3.994498
87.497648	3.913879
87.578788	3.832426
87.661644	3.752051
87.746284	3.673089
87.832748	3.594417
87.921118	3.517548
88.011396	3.442690
88.103670	3.368928
88.197978	3.294870
88.294486	3.218120
88.393346	3.140148
88.494778	3.058047
88.599046	2.971448
88.706522	2.879289
88.817658	2.779285
88.933056	2.671922
89.053484	2.553974
89.179756	2.429242
89.312974	2.296922
89.454504	2.154727
89.606136	2.001958
89.770394	1.839771
89.950630	1.666592
90.152132	1.478550
90.384126	1.268193
90.665892	1.023920
91.064070	0.700320
91.962688	0.225629
92.866512	0.628005
93.310470	0.918530
93.624644	1.137294
93.883324	1.325734
94.108074	1.494232
94.309114	1.649147
94.492356	1.794601
94.661512	1.931410
94.819398	2.059035
94.967980	2.178364
95.108774	2.290893
95.242978	2.398345
95.371468	2.497569
95.495098	2.589509
95.614564	2.674060
95.730420	2.752885
95.843096	2.826749
95.952906	2.897400
96.060090	2.966901
96.164820	3.033831
96.267280	3.100603
96.367520	3.168142
96.465652	3.236486
96.561686	3.306592
96.655718	3.376822
96.747796	3.448207
96.837988	3.520623
96.926324	3.592691
97.012966	3.661957
97.097994	3.729159
97.181496	3.795844
97.263580	3.861918
97.344294	3.923950
97.423772	3.983153
97.502110	4.038764
97.579414	4.090296
97.655774	4.139993
97.731234	4.187339
97.805838	4.235322
97.879610	4.281616
97.952598	4.328336
98.024768	4.376940
98.096152	4.426150
98.166712	4.477882
98.236472	4.529532
98.305426	4.582921
98.373582	4.637311
98.440918	4.693007
98.507494	4.746469
98.573328	4.798522
98.638444	4.850233
98.702896	4.901234
98.766694	4.948013
98.829888	4.994901
98.892514	5.038641
98.954614	5.079867
99.016218	5.120770
99.077344	5.158778
99.138010	5.198730
99.198222	5.236162
99.258012	5.273783
99.317354	5.313206
99.376264	5.353588
99.434706	5.396257
99.492692	5.439422
99.550216	5.484050
99.607272	5.529415
99.663844	5.575736
99.719976	5.619822
99.775664	5.663180
99.830916	5.707421
99.885766	5.751305
99.940196	5.792022
99.994252	5.831804
100.047952	5.869283
100.101320	5.904140
100.154384	5.938289
100.207148	5.969886
100.259622	6.004344
100.311800	6.036881
100.363706	6.069303
100.415318	6.103735
100.466646	6.138081
100.517668	6.175242
100.568392	6.211873
100.618804	6.251926
100.668898	6.292246
100.718654	6.333856
100.768110	6.372916
100.817258	6.411152
100.866108	6.450379
100.914680	6.488213
100.962972	6.522428
101.011006	6.558101
101.058788	6.592229
101.106332	6.623082
101.153668	6.652534
101.200816	6.675717
101.247826	6.693069
101.294758	6.696207
101.341726	6.687085
101.388780	6.667217
101.436022	6.635953
101.483498	6.599153
101.531262	6.556458
101.579338	6.513233
101.627726	6.472439
101.676406	6.433208
101.725402	6.392107
101.774712	6.350757
101.824338	6.309433
101.874306	6.267642
101.924616	6.221715
101.975294	6.176456
102.026362	6.127785
102.077848	6.076817
102.129766	6.026227
102.182134	5.972610
102.234960	5.922170
102.288246	5.869064
102.342028	5.815610
102.396280	5.764390
102.451030	5.713233
102.506248	5.664406
102.561950	5.615803
102.618130	5.569015
102.674782	5.522805
102.731898	5.476784
102.789518	5.429833
102.847640	5.380361
102.906292	5.332144
102.965486	5.284962
103.025226	5.232848
103.085570	5.180385
103.146550	5.124446
103.208224	5.064471
103.270640	5.003970
103.333828	4.940699
103.397820	4.878704
103.462646	4.814406
103.528348	4.750344
103.594928	4.686706
103.662416	4.624342
103.730796	4.564411
103.800088	4.503559
103.870308	4.444937
103.941462	4.386964
104.013532	4.330603
104.086594	4.271370
104.160680	4.210799
104.235834	4.149508
104.312152	4.086890
104.389670	4.019952
104.468522	3.950298
104.548822	3.876595
104.630714	3.798139
104.714346	3.717597
104.799844	3.633916
104.887342	3.549501
104.976990	3.461505
105.068982	3.372110
105.163418	3.282888
105.260474	3.193779
105.360240	3.105814
105.462900	3.017281
105.568614	2.929005
105.677574	2.840808
105.789988	2.751294
105.906258	2.657502
106.026812	2.559259
106.152186	2.456903
106.283088	2.350260
106.420390	2.234228
106.565460	2.107263
106.720202	1.966544
106.887402	1.808965
107.071272	1.631878
107.278728	1.430324
107.523422	1.192047
107.844238	0.881573
108.467498	0.416961
109.076744	0.392702
109.732960	0.804003
110.084062	1.093504
110.350494	1.316633
110.575676	1.505431
110.774910	1.670793
110.955952	1.816664
111.123606	1.943790
111.281050	2.056258
111.430432	2.157332
111.573262	2.248202
111.710522	2.333397
111.843062	2.411786
111.971522	2.483512
112.096412	2.549290
112.218184	2.612986
112.337004	2.676247
112.453004	2.741738
112.566228	2.807801
112.676662	2.881455
112.784160	2.963934
112.888710	3.048906
112.990388	3.132821
113.089428	3.213906
113.186012	3.294248
113.280322	3.370808
113.372544	3.444880
113.462872	3.513457
113.551508	3.577146
113.638616	3.637703
113.724370	3.692690
113.808838	3.745878
113.892138	3.798047
113.974332	3.848293
114.055460	3.895921
114.135606	3.944940
114.214734	3.995717
114.292846	4.048653
114.369924	4.102260
114.445992	4.158736
114.521004	4.217016
114.594988	4.277302
114.667920	4.338018
114.739854	4.397526
114.810824	4.457171
114.880868	4.514561
114.950038	4.570653
115.018398	4.622028
115.086024	4.669708
115.152978	4.715548
115.219328	4.756818
115.285086	4.797790
115.350286	4.839026
115.414952	4.879159
115.479092	4.916113
115.542752	4.954568
115.605908	4.994265
115.668550	5.036056
115.730658	5.079209
115.792238	5.124780
115.853250	5.172538
115.913708	5.221889
115.973578	5.272013
116.032904	5.319864
116.091686	5.369693
116.149944	5.416726
116.207692	5.464400
116.264956	5.508667
116.321780	5.548948
116.378192	5.589227
116.434238	5.624651
116.489916	5.659508
116.545262	5.693560
116.600282	5.727399
116.654974	5.759107
116.709364	5.793945
116.763422	5.829423
116.817160	5.864244
116.870610	5.891959
116.923854	5.911917
116.976964	5.920830
117.030060	5.917262
117.083230	5.902143
117.136608	5.872136
117.190286	5.835487
117.244340	5.790527
117.298814	5.744364
117.353738	5.695831
117.409144	5.645067
117.465056	5.592809
117.521522	5.537798
117.578542	5.481370
117.636166	5.423271
117.694420	5.364375
117.753318	5.302982
117.812906	5.242628
117.873176	5.183120
117.934128	5.125951
117.995750	5.069047
118.058068	5.014834
118.121040	4.962081
118.184694	4.910119
118.249010	4.859235
118.314012	4.807040
118.379720	4.756242
118.446166	4.701998
118.513378	4.647051
118.581418	4.588812
118.650362	4.526008
118.720286	4.461222
118.791298	4.390397
118.863450	4.318697
118.936828	4.245510
119.011508	4.170551
119.087544	4.093280
119.165050	4.015841
119.244046	3.939104
119.324586	3.863817
119.406688	3.789160
119.490418	3.716630
119.575762	3.645723
119.662782	3.576576
119.751490	3.507651
119.842002	3.436063
119.934440	3.363446
120.028974	3.286254
120.125812	3.205249
120.225218	3.119073
120.327518	3.026641
120.433102	2.929005
120.542468	2.822838
120.656100	2.711683
120.774662	2.594685
120.898922	2.470466
121.029802	2.338190
121.168526	2.201043
121.316368	2.059521
121.475086	1.912108
121.647066	1.756336
121.835798	1.591679
122.046312	1.416255
122.287358	1.224058
122.577276	0.999203
122.982570	0.690472
123.874218	0.228686
124.770520	0.627119
125.216860	0.907382
125.536454	1.109272
125.802672	1.280349
126.035708	1.436682
126.245012	1.581838
126.436134	1.718614
126.612792	1.848909
126.777514	1.974900
126.932124	2.097555
127.078008	2.216510
127.216468	2.329107
127.348532	2.434966
127.475070	2.535137
127.596804	2.632031
127.714260	2.721832
127.828004	2.805845
127.938500	2.883835
128.046126	2.957016
128.151188	3.026349
128.253910	3.092362
128.354470	3.157633
128.453008	3.219967
128.549668	3.282065
128.644478	3.345323
128.737514	3.409660
128.828760	3.476521
128.918280	3.543416
129.006112	3.611607
129.092300	3.680145
129.176884	3.748828
129.259974	3.815298
129.341640	3.879946
129.421952	3.943851
129.501000	4.007542
129.578830	4.066997
129.655548	4.124124
129.731240	4.177983
129.806000	4.227799
129.879900	4.276021
129.952988	4.321667
130.025292	4.368663
130.096836	4.413589
130.167660	4.459322
130.237738	4.506014
130.307100	4.553561
130.375714	4.602931
130.443596	4.653246
130.510738	4.705519
130.577132	4.758979
130.642762	4.813964
130.707678	4.866612
130.771898	4.918268
130.835446	4.968673
130.898378	5.018358
130.960700	5.063818
131.022460	5.110109
131.083684	5.153024
131.144414	5.193745
131.204686	5.232674
131.264556	5.264592
131.324112	5.288520
131.383488	5.296724
131.442868	5.289589
131.502402	5.267417
131.562272	5.231454
131.622594	5.185858
131.683498	5.132650
131.745042	5.077404
131.807244	5.024619
131.870076	4.974180
131.933582	4.921658
131.997764	4.868573
132.062650	4.814554
132.128296	4.759845
132.194718	4.700872
132.261982	4.640873
132.330154	4.577179
132.399310	4.509895
132.469520	4.441418
132.540834	4.370486
132.613316	4.299782
132.687012	4.226889
132.762006	4.153568
132.838312	4.080944
132.916004	4.008361
132.995072	3.938017
133.075572	3.868290
133.157522	3.799885
133.240954	3.732792
133.325884	3.665802
133.412448	3.595322
133.500740	3.522913
133.590874	3.449116
133.683010	3.374066
133.777278	3.293972
133.873934	3.209703
133.973272	3.119445
134.075652	3.022157
134.181482	2.920130
134.291188	2.812326
134.405262	2.701376
134.524280	2.584014
134.648948	2.462951
134.779956	2.339618
134.918190	2.213699
135.064630	2.085165
135.220736	1.950549
135.388362	1.809882
135.570124	1.662007
135.769872	1.502896
135.994506	1.323366
136.257770	1.110684
136.597038	0.836576
137.322404	0.373479
137.930046	0.349875
138.698940	0.740669
139.082634	0.978726
139.381764	1.162692
139.637716	1.316965
139.865810	1.453862
140.073646	1.581917
140.265362	1.705645
140.443722	1.826210
140.610732	1.943502
140.767970	2.059575
140.916550	2.175468
141.057468	2.290091
141.191530	2.402601
141.319582	2.509981
141.442350	2.613594
141.560468	2.711121
141.674510	2.803091
141.785022	2.886697
141.892490	2.963208
141.997308	3.034124
142.099822	3.098523
142.200200	3.161765
142.298620	3.223800
142.395216	3.283437
142.490078	3.340201
142.583362	3.396830
142.675076	3.454805
142.765256	3.513771
142.853912	3.572915
142.941096	3.635009
143.026766	3.699299
143.110960	3.765002
143.193666	3.832426
143.274944	3.899209
143.354846	3.966157
143.433436	4.030577
143.510790	4.093707
143.587002	4.152360
143.662176	4.206964
143.736400	4.259209
143.809780	4.306501
143.882342	4.352080
143.954162	4.397280
144.025268	4.440916
144.095666	4.482866
144.165402	4.527834
144.234442	4.573714
144.302812	4.618223
144.370588	4.653660
144.437940	4.679306
144.505014	4.691185
144.572042	4.687825
144.639218	4.669014
144.706794	4.632798
144.774972	4.586133
144.843926	4.529271
144.913754	4.469600
144.984544	4.407644
145.056360	4.342455
145.129280	4.275555
145.203424	4.202800
145.278850	4.128134
145.355696	4.050741
145.434046	3.971270
145.513988	3.889169
145.595646	3.807714
145.679060	3.726416
145.764290	3.647247
145.851374	3.568370
145.940402	3.491202
146.031390	3.415072
146.124430	3.340343
146.219566	3.265485
146.316952	3.188657
146.416728	3.111104
146.519122	3.029209
146.624416	2.941897
146.733012	2.848380
146.845406	2.747348
146.962220	2.638132
147.084290	2.517947
147.212482	2.391044
147.347962	2.256664
147.492194	2.112336
147.647144	1.956647
147.815636	1.790285
148.001504	1.612164
148.210938	1.417878
148.455332	1.197536
148.762624	0.929757
149.664044	0.321079
150.166458	0.302690
151.113528	0.803953
151.467842	1.043614
151.747574	1.243929
151.985830	1.421445
152.196346	1.583927
152.386600	1.735246
152.561218	1.876160
152.723522	2.006638
152.875830	2.127960
153.019802	2.242809
153.156744	2.353253
153.287590	2.454945
153.413296	2.548753
153.534608	2.634990
153.652138	2.714682
153.766400	2.788363
153.877724	2.857812
153.986396	2.926223
154.092590	2.991651
154.196476	3.057987
154.298088	3.126523
154.397504	3.195338
154.494760	3.265689
154.589950	3.336512
154.683122	3.408402
154.774344	3.481375
154.863648	3.555044
154.951168	3.626449
155.036990	3.696774
155.121216	3.764009
155.203998	3.829529
155.285398	3.890806
155.365548	3.949503
155.444552	4.004988
155.522488	4.057857
155.599458	4.107946
155.675592	4.148084
155.751108	4.176650
155.826284	4.185553
155.901494	4.174763
155.977050	4.145019
156.053330	4.097551
156.130582	4.038141
156.209078	3.969163
156.288958	3.898145
156.370284	3.828876
156.453056	3.762116
156.537366	3.692950
156.623282	3.621850
156.710914	3.549341
156.800414	3.474752
156.891918	3.394628
156.985658	3.311052
157.081882	3.222345
157.180900	3.127083
157.283060	3.027983
157.388692	2.924697
157.498194	2.818330
157.612030	2.706450
157.730770	2.591389
157.854952	2.473851
157.985280	2.354099
158.122464	2.232608
158.267512	2.107405
158.421638	1.978482
158.586428	1.845347
158.764104	1.704331
158.958374	1.549231
159.175362	1.373626
159.426616	1.168269
159.740844	0.911875
160.560174	0.348666
161.068454	0.332344
161.923128	0.814125
162.276276	1.035653
162.561110	1.204007
162.809956	1.342102
163.035376	1.459455
163.243748	1.564710
163.438304	1.669816
163.620680	1.782343
163.792010	1.892617
163.953590	2.001218
164.106526	2.112847
164.251556	2.225271
164.389490	2.336243
164.521050	2.445086
164.646996	2.549249
164.767968	2.649702
164.884528	2.745523
164.997166	2.837062
165.106358	2.921433
165.212536	2.999134
165.316080	3.072102
165.417324	3.137765
165.516460	3.201134
165.613702	3.262027
165.709186	3.320712
165.802994	3.377040
165.895222	3.436289
165.985848	3.497965
166.074952	3.556654
166.162728	3.604397
166.249558	3.637197
166.335826	3.650807
166.422044	3.643018
166.508680	3.614350
166.596266	3.564645
166.685252	3.500694
166.776020	3.425349
166.868842	3.346249
166.963946	3.263450
167.061578	3.175571
167.162052	3.082108
167.265794	2.980638
167.373184	2.874600
167.484770	2.762325
167.601138	2.644216
167.722926	2.520897
167.850984	2.393704
167.986128	2.263656
168.129424	2.130211
168.282190	1.992587
168.446180	1.850739
168.623672	1.703111
168.818132	1.546257
169.034964	1.375551
169.284338	1.180917
169.589446	0.944385
170.086288	0.560836
170.753086	0.357631
171.422544	0.512313
171.966434	0.856692
172.302828	1.070966
172.577918	1.246347
172.817488	1.398264
173.032686	1.536908
173.229406	1.669142
173.411326	1.795586
173.580912	1.917991
173.740134	2.036266
173.890426	2.151569
174.032912	2.264766
174.168490	2.375172
174.298030	2.481197
174.422232	2.583122
174.541726	2.679305
174.657118	2.771195
174.768848	2.856201
174.877388	2.936013
174.983084	3.010976
175.086254	3.082047
175.187214	3.145745
175.286374	3.195468
175.384286	3.227575
175.481576	3.235953
175.578990	3.220825
175.677184	3.183229
175.776890	3.124906
175.878732	3.049616
175.983362	2.960862
176.091288	2.865319
176.202854	2.769241
176.318300	2.676110
176.438054	2.576808
176.562630	2.471943
176.692724	2.363450
176.829202	2.248975
176.973228	2.123415
177.126528	1.987142
177.291604	1.835536
177.472356	1.663169
177.675172	1.466321
177.911870	1.236789
178.213066	0.946297
178.939838	0.384502
179.445398	0.368563
180.198470	0.869135
180.525936	1.141136
180.782442	1.354730
181.002080	1.535165
181.197982	1.692614
181.377106	1.830338
181.543708	1.952027
181.700608	2.061575
