#Creator: wheelEventBuffer
#Creation time: Thu Apr 11 09:51:51 2019
#Time	Angular velocity
#[s]	[rad/s]
1.971100	0.194431
3.430178	0.327861
4.332620	0.385566
5.125458	0.415517
5.874810	0.425904
6.609962	0.429919
7.341682	0.429883
8.072922	0.428444
8.796196	0.436589
9.493382	0.461712
10.145486	0.501911
10.742972	0.552729
11.286360	0.607924
11.780206	0.668450
12.229886	0.734425
12.640770	0.800720
13.019730	0.863492
13.373272	0.919191
13.706448	0.969603
14.023252	1.017817
14.326664	1.057014
14.620330	1.085854
14.907436	1.105043
15.190576	1.116035
15.471548	1.121253
15.751300	1.124761
16.030202	1.128381
16.308306	1.130712
16.585388	1.135863
16.860506	1.146567
17.132584	1.162038
17.400384	1.182704
17.663010	1.209291
17.919704	1.238691
18.170522	1.268162
18.416636	1.288319
18.660030	1.295780
18.902260	1.297943
19.141824	1.317108
19.377196	1.353761
19.606880	1.384376
19.832126	1.407360
20.054260	1.422939
20.274488	1.431719
20.493640	1.436091
20.712160	1.439328
20.930204	1.442514
21.147742	1.445327
21.364650	1.450693
21.580308	1.461192
21.794146	1.476548
22.005426	1.496139
22.213752	1.519351
22.418594	1.547323
22.619502	1.579992
22.816166	1.615065
23.008746	1.649095
23.197552	1.680176
23.382942	1.709245
23.565346	1.737357
23.745090	1.759878
23.922794	1.777140
24.099022	1.789429
24.274274	1.796900
24.448930	1.801248
24.623208	1.804227
24.797216	1.806905
24.971016	1.808153
25.144616	1.810862
25.317720	1.817399
25.490010	1.828634
25.660996	1.844697
25.830366	1.864425
25.997776	1.888135
26.162988	1.915021
26.325808	1.943742
26.486342	1.971381
26.644702	1.997046
26.801042	2.021773
26.955568	2.045947
27.108432	2.065641
27.260006	2.080745
27.410652	2.091161
27.560704	2.097051
27.710404	2.100753
27.859872	2.103088
28.009180	2.105456
28.158334	2.106670
28.307352	2.109499
28.456022	2.115608
28.604166	2.125110
28.751462	2.139117
28.897730	2.156088
29.042708	2.176945
29.186220	2.201351
29.328086	2.227164
29.468422	2.251263
29.607294	2.273781
29.744792	2.295580
29.881050	2.317185
30.016138	2.334923
30.150296	2.349311
30.283764	2.359332
30.416784	2.365016
30.549562	2.368011
30.682210	2.368904
30.814798	2.370119
30.947322	2.370584
31.079768	2.373055
31.211944	2.379237
31.343704	2.389080
31.474796	2.402564
31.605128	2.418061
31.734546	2.436363
31.862948	2.457134
31.990196	2.479905
32.116352	2.501507
32.241444	2.521869
32.365522	2.541701
32.488698	2.560844
32.611034	2.576089
32.732722	2.587931
32.853952	2.595800
32.974900	2.599795
33.095694	2.602336
33.216396	2.603544
33.337018	2.605315
33.457570	2.606352
33.578050	2.608733
33.698342	2.613551
33.818366	2.621052
33.937940	2.632296
34.056982	2.645418
34.175368	2.661464
34.292994	2.680128
34.409748	2.700819
34.525684	2.719664
34.640824	2.737676
34.755196	2.755396
34.868864	2.773641
34.981846	2.788363
35.094296	2.799894
35.206362	2.807600
35.318200	2.811168
35.429928	2.813232
35.541586	2.813938
35.653202	2.815451
35.764758	2.816309
35.876256	2.818937
35.987574	2.824259
36.098658	2.831896
36.209364	2.842504
36.319640	2.854696
36.429380	2.870240
36.538490	2.888396
36.646862	2.908613
36.754544	2.927313
36.861550	2.944930
36.967912	2.961811
37.073726	2.978039
37.179008	2.990455
37.283886	3.000853
37.388462	3.008036
37.492842	3.011958
37.597108	3.014848
37.701294	3.016122
37.805422	3.018092
37.909504	3.018324
38.013568	3.019659
38.117522	3.023437
38.221312	3.030027
38.324798	3.040114
38.427926	3.052046
38.530600	3.067063
38.632754	3.083984
38.734306	3.102134
38.835324	3.118887
38.935798	3.134821
39.035746	3.150983
39.135224	3.166864
39.234244	3.179042
39.332920	3.188916
39.431346	3.195403
39.529626	3.198331
39.627838	3.199960
39.726006	3.200482
39.824144	3.201982
39.922246	3.202308
40.020322	3.204203
40.118286	3.208588
40.216106	3.214563
40.313670	3.224064
40.410940	3.235153
40.507832	3.249005
40.604292	3.265146
40.700232	3.282888
40.795716	3.298676
40.890740	3.313637
40.985330	3.328311
41.079534	3.343045
41.173350	3.354754
41.266862	3.364670
41.360150	3.371169
41.453302	3.374428
41.546388	3.376314
41.639436	3.376459
41.732462	3.377839
41.825460	3.377839
41.918452	3.379147
42.011352	3.383004
42.104132	3.389062
42.196684	3.398374
42.288978	3.409142
42.380954	3.422065
42.472562	3.436815
42.563736	3.453514
42.654518	3.468690
42.744898	3.483305
42.834894	3.497810
42.924556	3.511650
43.013890	3.522123
43.102978	3.530911
43.191888	3.536555
43.280696	3.538786
43.369456	3.540700
43.458180	3.541339
43.546868	3.543096
43.635526	3.543576
43.724168	3.544935
43.812732	3.548539
43.901198	3.553838
43.989474	3.562381
44.077534	3.572509
44.165312	3.585065
44.252768	3.599607
44.339836	3.615764
44.426570	3.629633
44.512958	3.643525
44.599014	3.657097
44.684776	3.670857
44.770238	3.681611
44.855470	3.690434
44.940538	3.696252
45.025508	3.698776
45.110436	3.700345
45.195338	3.700170
45.280228	3.701391
45.365096	3.701478
45.449962	3.702700
45.534752	3.706282
45.619450	3.712062
45.703970	3.720679
45.788296	3.730133
45.872380	3.742040
45.956178	3.756089
46.039634	3.771782
46.122778	3.785964
46.205614	3.799425
46.288146	3.812798
46.370430	3.825333
46.452462	3.834297
46.534310	3.842551
46.616014	3.847916
46.697632	3.850652
46.779212	3.852352
46.860792	3.850274
46.942440	3.846220
47.024230	3.836544
47.106282	3.822819
47.188636	3.806607
47.271382	3.787972
47.354526	3.768434
47.438116	3.748470
47.522138	3.729425
47.606570	3.712501
47.691350	3.697383
47.776518	3.681094
47.862056	3.664520
47.947974	3.647586
48.034326	3.630724
48.121106	3.610113
48.208402	3.587849
48.296286	3.562381
48.384846	3.533214
48.474158	3.502880
48.564258	3.471143
48.655172	3.440353
48.746916	3.408107
48.839526	3.376967
48.932940	3.348318
49.027156	3.320993
49.122084	3.296737
49.217694	3.274471
49.313926	3.254457
49.410728	3.236687
49.508016	3.220561
49.605856	3.202570
49.704244	3.183745
49.803214	3.164312
49.902828	3.144926
50.003100	3.121862
50.104148	3.096813
50.206084	3.068081
50.309046	3.035238
50.413162	3.000910
50.518498	2.964550
50.625132	2.928459
50.733116	2.890469
50.842508	2.853762
50.953252	2.819190
51.065326	2.787324
51.178590	2.758784
51.293014	2.732295
51.408494	2.708316
51.524968	2.686408
51.642336	2.666298
51.760656	2.644884
51.879948	2.622627
52.000254	2.599838
52.121672	2.576512
52.244290	2.548960
52.368332	2.517625
52.494062	2.481432
52.621772	2.439996
52.751716	2.396735
52.884062	2.351844
53.018978	2.306603
53.156604	2.259586
53.297106	2.213324
53.440492	2.168829
53.586774	2.126836
53.735820	2.088214
53.887584	2.051934
54.041902	2.019278
54.198612	1.990264
54.357552	1.962661
54.518862	1.933764
54.682684	1.902612
54.849242	1.870085
55.018848	1.836523
55.191814	1.798114
55.368854	1.753610
55.550822	1.702391
55.738790	1.643935
55.933962	1.579547
56.137594	1.510279
56.351176	1.436538
56.576518	1.357188
56.815528	1.276572
57.070080	1.196670
57.341970	1.118777
57.633120	1.043885
57.946148	0.969053
58.284074	0.895408
58.650812	0.823942
59.052170	0.749690
59.499956	0.666541
60.021298	0.562937
60.690448	0.424184
62.198700	0.179974
64.381864	0.094500
67.868796	0.095584
