#Creator: wheelEventBuffer
#Creation time: Thu Apr 11 09:51:51 2019
#Time	Angular velocity
#[s]	[rad/s]
1.480100	0.558716
1.982098	0.785925
2.349982	0.964454
2.655114	1.122535
2.920174	1.268009
3.156810	1.403186
3.371836	1.531483
3.569788	1.653975
3.753782	1.770011
3.926436	1.877932
4.089638	1.978831
4.244830	2.074836
4.393172	2.166944
4.535534	2.251554
4.672822	2.329314
4.805788	2.399701
4.935052	2.464072
5.061084	2.523976
5.184212	2.580703
5.304670	2.637024
5.422608	2.691333
5.538184	2.746387
5.651410	2.803241
5.762362	2.861143
5.871064	2.919750
5.977622	2.977756
6.082134	3.035825
6.184724	3.091206
6.285512	3.143605
6.384742	3.190860
6.482544	3.234754
6.579028	3.277340
6.674270	3.321133
6.768220	3.366184
6.860914	3.412994
6.952376	3.457467
7.042692	3.500070
7.131924	3.542697
7.220112	3.582857
7.307302	3.623939
7.393526	3.663238
7.478830	3.703224
7.563174	3.745520
7.646570	3.789343
7.728968	3.835420
7.810390	3.881960
7.890824	3.929938
7.970276	3.979319
8.048718	4.030060
8.126218	4.079037
8.202796	4.126616
8.278490	4.173986
8.353358	4.220755
8.427426	4.263255
8.500766	4.304495
8.573440	4.342095
8.645506	4.376940
8.717008	4.411730
8.787962	4.444057
8.858388	4.477755
8.928294	4.510154
8.997710	4.542368
9.066606	4.576512
9.134996	4.611444
9.202834	4.649252
9.270134	4.687405
9.336866	4.727896
9.403034	4.768949
9.468608	4.812046
9.533638	4.851581
9.598132	4.891009
9.662098	4.930928
9.725568	4.970874
9.788544	5.006841
9.851068	5.042361
9.913176	5.075107
9.974898	5.104795
10.036274	5.133825
10.097310	5.160812
10.158014	5.189627
10.218390	5.216686
10.278460	5.244204
10.338190	5.273606
10.397598	5.304056
10.456634	5.337217
10.515318	5.369693
10.573632	5.405170
10.631562	5.441872
10.689086	5.479650
10.746240	5.515243
10.803028	5.549537
10.859456	5.584259
10.915556	5.618615
10.971314	5.649737
11.026768	5.680794
11.081930	5.710118
11.136824	5.735973
11.191472	5.762910
11.245876	5.786474
11.300048	5.812382
11.353984	5.835920
11.407712	5.860087
11.461196	5.886219
11.514450	5.913252
11.567434	5.943457
11.620162	5.973064
11.672616	6.005491
11.724794	6.037577
11.776676	6.071180
11.828298	6.102313
11.879646	6.133527
11.930730	6.165547
11.981564	6.197413
12.032138	6.226154
12.082482	6.254415
12.132608	6.280422
12.182542	6.302850
12.232298	6.326458
12.281876	6.347165
12.331278	6.370848
12.380506	6.392367
12.429568	6.415079
12.478446	6.438745
12.527150	6.463119
12.575648	6.490089
12.623952	6.517827
12.672046	6.546621
12.719926	6.577323
12.767570	6.608592
12.815012	6.637355
12.862244	6.665237
12.909274	6.693925
12.956114	6.722573
13.002754	6.748566
13.049214	6.775346
13.095502	6.799395
13.141632	6.820949
13.187620	6.842938
13.233470	6.861170
13.279186	6.882816
13.324762	6.902475
13.370212	6.923162
13.415514	6.944895
13.460678	6.968309
13.505676	6.992816
13.550520	7.018437
13.595198	7.045193
13.639708	7.072473
13.684028	7.102212
13.728186	7.128319
13.772174	7.155270
13.815992	7.183082
13.859656	7.209787
13.903158	7.233359
13.946518	7.257086
13.989742	7.278945
14.032848	7.297883
14.075836	7.318965
14.118710	7.336399
14.161470	7.357704
14.204110	7.376362
14.246652	7.394767
14.289074	7.415363
14.331382	7.436426
14.373556	7.459735
14.415604	7.483190
14.457512	7.509664
14.499278	7.535602
14.540884	7.563542
14.582360	7.588021
14.623698	7.611185
14.664900	7.636717
14.705976	7.662795
14.746914	7.685290
14.787728	7.708673
14.828428	7.729536
14.869026	7.747072
14.909530	7.766223
14.949942	7.782384
14.990260	7.801323
15.030482	7.818797
15.070620	7.837132
15.110652	7.856339
15.150596	7.875245
15.190424	7.897815
15.230146	7.920514
15.269752	7.944148
15.309238	7.969136
15.348588	7.995909
15.387828	8.018767
15.426948	8.042580
15.465946	8.066535
15.504846	8.089799
15.543632	8.109010
15.582320	8.131258
15.620908	8.151089
15.659410	8.168043
15.697834	8.185921
15.736174	8.202163
15.774432	8.220621
15.812610	8.236570
15.850718	8.252581
15.888740	8.271267
15.926682	8.289600
15.964524	8.311531
16.002276	8.332253
16.039928	8.355744
16.077476	8.379368
16.114908	8.403575
16.152250	8.424759
16.189490	8.446958
16.226628	8.469731
16.263676	8.493546
16.300620	8.512878
16.337478	8.534154
16.374250	8.552275
16.410952	8.567668
16.447586	8.584056
16.484154	8.599093
16.520650	8.616546
16.557074	8.632172
16.593440	8.647379
16.629730	8.665028
16.665952	8.682750
16.702088	8.702473
16.738146	8.722769
16.774116	8.745108
16.809996	8.767562
16.845774	8.792099
16.881466	8.813310
16.917074	8.833135
16.952592	8.854545
16.988036	8.876060
17.023394	8.894153
17.058674	8.913837
17.093880	8.933100
17.129020	8.947857
17.164100	8.964197
17.199120	8.977518
17.234082	8.994482
17.268980	9.008409
17.303828	9.023416
17.338608	9.040554
17.373328	9.057235
17.407972	9.077124
17.442546	9.096047
17.477044	9.117694
17.511464	9.138381
17.545792	9.161833
17.580052	9.180575
17.614230	9.201548
17.648332	9.222618
17.682362	9.244329
17.716316	9.260679
17.750204	9.279279
17.784028	9.296303
17.817796	9.310630
17.851516	9.325000
17.885188	9.335530
17.918826	9.344972
17.952444	9.344972
17.986084	9.337195
18.019752	9.324447
18.053486	9.304563
18.087286	9.283118
18.121174	9.258495
18.155148	9.235632
18.189208	9.213422
18.223336	9.194547
18.257554	9.169856
18.291862	9.144233
18.326256	9.121930
18.360744	9.099735
18.395318	9.073454
18.429986	9.049408
18.464754	9.022898
18.499628	8.992937
18.534622	8.964709
18.569728	8.932592
18.604952	8.905246
18.640288	8.875057
18.675750	8.845072
18.711320	8.817268
18.747010	8.789147
18.782800	8.764137
18.818700	8.738297
18.854700	8.715026
18.890800	8.691398
18.926982	8.671247
18.963268	8.646427
18.999656	8.621275
19.036140	8.598152
19.072738	8.573748
19.109442	8.545296
19.146260	8.518418
19.183202	8.490332
19.220270	8.459696
19.257476	8.429732
19.294816	8.397286
19.332296	8.367317
19.369910	8.335790
19.407674	8.304062
19.445570	8.274317
19.483610	8.244352
19.521772	8.217611
19.560062	8.191897
19.598474	8.166344
19.637004	8.142216
19.675636	8.119489
19.714400	8.091466
19.753288	8.065292
19.792296	8.040522
19.831436	8.015903
19.870696	7.987777
19.910092	7.960251
19.949634	7.930511
19.989332	7.896623
20.029202	7.864205
20.069240	7.829319
20.109448	7.797063
20.149822	7.764304
20.190378	7.730677
20.231094	7.698850
20.271988	7.667658
20.313032	7.638202
20.354238	7.610079
20.395598	7.582161
20.437104	7.556265
20.478740	7.532711
20.520530	7.504282
20.562472	7.476422
20.604568	7.448415
20.646832	7.420968
20.689254	7.389896
20.731852	7.359773
20.774630	7.328184
20.817604	7.292801
20.860790	7.257757
20.904186	7.221388
20.947796	7.186697
20.991618	7.150058
21.035674	7.113792
21.079938	7.079167
21.124426	7.045509
21.169108	7.014676
21.213996	6.982869
21.259082	6.953195
21.304360	6.924994
21.349812	6.897020
21.395468	6.866569
21.441320	6.836683
21.487366	6.807351
21.533624	6.778563
21.580086	6.744510
21.626782	6.711371
21.673716	6.676001
21.720914	6.636794
21.768392	6.598598
21.816146	6.558375
21.864188	6.521074
21.912510	6.480718
21.961140	6.441386
22.010054	6.403050
22.059266	6.365169
22.108750	6.330793
22.158512	6.295777
22.208540	6.263643
22.258826	6.232082
22.309354	6.201573
22.360158	6.167968
22.411232	6.134006
22.462588	6.099706
22.514246	6.066022
22.566194	6.029003
22.618462	5.991975
22.671068	5.952692
22.724040	5.909248
22.777402	5.866653
22.831166	5.820782
22.885342	5.777323
22.939934	5.731369
22.994972	5.686141
23.050428	5.643039
23.106318	5.600187
23.162606	5.560538
23.219312	5.520282
23.276420	5.482136
23.333928	5.444701
23.391812	5.408520
23.450114	5.370427
23.508828	5.331058
23.567970	5.292084
23.627574	5.252270
23.687638	5.208901
23.748212	5.164375
23.809328	5.117434
23.871028	5.066431
23.933358	5.015634
23.996330	4.962865
24.059970	4.911041
24.124294	4.856831
24.189348	4.803218
24.255108	4.750775
24.321606	4.699325
24.388800	4.650216
24.456716	4.601718
24.525338	4.554749
24.594666	4.509247
24.664680	4.464392
24.735442	4.416691
24.806972	4.367934
24.879294	4.319409
24.952468	4.270093
25.026508	4.217016
25.101502	4.162263
25.177534	4.103331
25.254702	4.040218
25.333116	3.975089
25.412842	3.907356
25.493964	3.839639
25.576550	3.769338
25.660700	3.699212
25.746428	3.630388
25.833796	3.562866
25.922798	3.496797
26.013514	3.430810
26.105968	3.366184
26.200206	3.302698
26.296248	3.240025
26.394236	3.174544
26.494304	3.106612
26.596616	3.036118
26.701406	2.963655
26.808890	2.885213
26.919444	2.801791
27.033474	2.712619
27.151492	2.616250
27.274076	2.514964
27.401868	2.407904
27.535664	2.295311
27.676458	2.175196
27.825486	2.049845
27.984116	1.920336
28.154164	1.786031
28.337914	1.646037
28.538828	1.497680
28.761926	1.339241
29.015838	1.164908
29.318370	0.960702
29.730278	0.682723
30.745498	0.196769
31.770664	0.570680
32.263434	0.804283
32.624866	0.974851
32.928126	1.121317
33.194174	1.257673
33.432930	1.388279
33.650286	1.513889
33.850328	1.637355
34.035804	1.759247
34.208932	1.878898
34.371476	1.994637
34.525092	2.103172
34.671146	2.205431
34.810758	2.300791
34.944852	2.390098
35.074224	2.471127
35.199570	2.544995
35.321452	2.613290
35.440356	2.674743
35.556566	2.733151
35.670388	2.789056
35.782016	2.841887
35.891602	2.891799
35.999314	2.942668
36.105118	2.995988
36.209012	3.052461
36.310974	3.109810
36.411050	3.169676
36.509202	3.231825
36.605474	3.296322
36.699852	3.361934
36.792452	3.425124
36.883378	3.486939
36.972746	3.545736
37.060650	3.603322
37.147214	3.656842
37.232572	3.705495
37.316848	3.751155
37.400174	3.791904
37.482590	3.831678
37.564168	3.870863
37.644946	3.909107
37.724944	3.944445
37.804228	3.981033
37.882766	4.019335
37.960528	4.060584
38.037488	4.102688
38.113646	4.147974
38.188950	4.195167
38.263412	4.244134
38.337002	4.294140
38.409758	4.342335
38.481706	4.391502
38.552882	4.437654
38.623316	4.483890
38.693062	4.525878
38.762186	4.564278
38.830740	4.601718
38.898788	4.634301
38.966344	4.665685
39.033458	4.697077
39.100138	4.727043
39.166396	4.754514
39.232274	4.783908
39.297732	4.814701
39.362762	4.847538
39.427336	4.881433
39.491458	4.917652
39.555090	4.955662
39.618230	4.996489
39.680840	5.038479
39.742942	5.079374
39.804544	5.121104
39.865662	5.160473
39.926316	5.199246
39.986546	5.233720
40.046392	5.265298
40.105890	5.295474
40.165078	5.322568
40.223946	5.349577
40.282526	5.376493
40.340824	5.402939
40.398838	5.426269
40.456606	5.450936
40.514106	5.476211
40.571324	5.504999
40.628232	5.534286
40.684836	5.566449
40.741100	5.599987
40.797028	5.635346
40.852594	5.671769
40.907816	5.706384
40.962696	5.743104
41.017236	5.778173
41.071446	5.812813
41.125348	5.844606
41.178968	5.873234
41.232330	5.901699
41.285470	5.924850
41.338384	5.948409
41.391096	5.971474
41.443610	5.994948
41.495916	6.015611
41.548048	6.037809
41.599982	6.060639
41.651706	6.086706
41.703206	6.112286
41.754484	6.141201
41.805506	6.172088
41.856278	6.204267
41.906774	6.238270
41.957006	6.269893
42.006982	6.303356
42.056706	6.334112
42.106180	6.365685
42.155426	6.393668
42.204464	6.419274
42.253304	6.445086
42.301976	6.467376
42.350466	6.489017
42.398800	6.510803
42.446974	6.533008
42.494992	6.550443
42.542884	6.570170
42.590626	6.590569
42.638206	6.614715
42.685608	6.638757
42.732838	6.664954
42.779872	6.693069
42.826710	6.722573
42.873334	6.752918
42.919758	6.781489
42.965978	6.812961
43.011994	6.842341
43.057808	6.872578
43.103432	6.899444
43.148888	6.923162
43.194188	6.946738
43.239362	6.965528
43.284394	6.985353
43.329304	7.004978
43.374094	7.025342
43.418750	7.042982
43.463300	7.061028
43.507732	7.080762
43.552032	7.102212
43.596192	7.124116
43.640216	7.149082
43.684072	7.175535
43.727778	7.202844
43.771302	7.232027
43.814664	7.258092
43.857862	7.287725
43.900894	7.314194
43.943766	7.341542
43.986486	7.366676
44.029066	7.389201
44.071514	7.412214
44.113852	7.431852
44.156068	7.450182
44.198182	7.469312
44.240194	7.488184
44.282102	7.502848
44.323926	7.520450
44.365652	7.538496
44.407268	7.559174
44.448764	7.579966
44.490150	7.603448
44.531398	7.627817
44.572518	7.653461
44.613492	7.680404
44.654326	7.706404
44.695020	7.734103
44.735574	7.760468
44.775988	7.786627
44.816274	7.810244
44.856446	7.830490
44.896510	7.851234
44.936492	7.867750
44.976370	7.886316
45.016158	7.904571
45.055862	7.923311
45.095468	7.938527
45.135006	7.954607
45.174456	7.971562
45.213822	7.990621
45.253096	8.005689
45.292314	8.019177
45.331474	8.025322
45.370634	8.024092
45.409808	8.015494
45.449050	7.997537
45.488384	7.978040
45.527832	7.951386
45.567404	7.925709
45.607110	7.898609
45.646958	7.869721
45.686952	7.839870
45.727118	7.806751
45.767444	7.773141
45.807950	7.738675
45.848642	7.704136
45.889510	7.667658
45.930578	7.633006
45.971832	7.598299
46.013262	7.567185
46.054862	7.534879
46.096640	7.505358
46.138574	7.477134
46.180666	7.450889
46.222900	7.425529
46.265288	7.397553
46.307826	7.373246
46.350522	7.344975
46.393374	7.317261
46.436396	7.287049
46.479608	7.254070
46.523012	7.221388
46.566632	7.186039
46.610454	7.150709
46.654498	7.114758
46.698772	7.079167
46.743268	7.039826
46.788020	7.001544
46.833012	6.963676
46.878234	6.930188
46.923674	6.895506
46.969342	6.863869
47.015212	6.833114
47.061290	6.803813
47.107558	6.775054
47.154032	6.745379
47.200700	6.717972
47.247574	6.687655
47.294652	6.659020
47.341948	6.626435
47.389484	6.591399
47.437276	6.555364
47.485358	6.515664
47.533722	6.474574
47.582392	6.435316
47.631370	6.395230
47.680650	6.352812
47.730268	6.311714
47.780206	6.270644
47.830460	6.232329
47.881016	6.193992
47.931886	6.158537
47.983034	6.124440
48.034470	6.092372
48.086164	6.061106
48.138142	6.027614
48.190398	5.996779
48.242942	5.962408
48.295784	5.928428
48.348942	5.891738
48.402446	5.852009
48.456310	5.812597
48.510580	5.768624
48.565246	5.724268
48.620346	5.679356
48.675892	5.634335
48.731888	5.585252
48.788380	5.537993
48.845348	5.491719
48.902782	5.448289
48.960668	5.404798
49.019018	5.364192
49.077796	5.324553
49.137008	5.287452
49.196628	5.251041
49.256668	5.213916
49.317132	5.178336
49.378034	5.139872
49.439396	5.100319
49.501256	5.057948
49.563656	5.011474
49.626648	4.964119
49.690286	4.911962
49.754582	4.859836
49.819580	4.807481
49.885308	4.754226
49.951780	4.697498
50.019066	4.641833
50.087150	4.587070
50.156034	4.534762
50.225702	4.483250
50.296160	4.434897
50.367370	4.387944
50.439346	4.342815
50.512056	4.298488
50.585542	4.252176
50.659824	4.207302
50.734932	4.159617
50.810916	4.110633
50.887844	4.058381
50.965804	4.002233
51.044900	3.943059
51.125264	3.878893
51.206962	3.812427
51.290124	3.744717
51.374838	3.674807
51.461192	3.601918
51.549316	3.529879
51.639242	3.458456
51.731020	3.388989
51.824674	3.320150
51.920268	3.253850
52.017782	3.189758
52.117260	3.127830
52.218700	3.067003
52.322226	3.003952
52.427964	2.940190
52.536118	2.872392
52.646946	2.800143
52.760806	2.721737
52.878156	2.636582
52.999538	2.544830
53.125650	2.444211
53.257160	2.338713
53.394982	2.227480
53.540210	2.108112
53.694250	1.980128
53.858976	1.845542
54.036534	1.705515
54.229882	1.559273
54.443238	1.404064
54.683358	1.237198
54.961914	1.053194
55.304960	0.837481
55.831868	0.526540
56.715726	0.251549
57.604354	0.460344
58.207482	0.729643
58.601278	0.916397
58.921458	1.076367
59.197592	1.220434
59.443176	1.353773
59.665962	1.479274
59.870698	1.600094
60.060616	1.717712
60.238066	1.831256
60.405158	1.937389
60.563526	2.036504
60.714482	2.130616
60.859078	2.220646
60.998122	2.302984
61.132452	2.378229
61.262736	2.447715
61.389494	2.511867
61.513152	2.571998
61.634004	2.628816
61.752290	2.684663
61.868188	2.737819
61.981856	2.791038
62.093318	2.846110
62.202628	2.903130
62.309764	2.961867
62.414822	3.020181
62.517856	3.078966
62.618928	3.139019
62.718046	3.200351
62.815358	3.258846
62.910942	3.315665
63.004892	3.372472
63.097302	3.429312
63.188226	3.482378
63.277808	3.532737
63.366172	3.579265
63.453436	3.621933
63.539698	3.663323
63.625008	3.702438
63.709408	3.742575
63.792924	3.780861
63.875598	3.819937
63.957398	3.860684
64.038340	3.902406
64.118380	3.947022
64.197522	3.992264
64.275748	4.040010
64.353056	4.088805
64.429420	4.138466
64.504922	4.185442
64.579582	4.230987
64.653428	4.276720
64.726518	4.322381
64.798854	4.364536
64.870500	4.405543
64.941512	4.443428
65.011946	4.478010
65.081852	4.511319
65.151258	4.541843
65.220186	4.574114
65.288638	4.604415
65.356642	4.635805
65.424158	4.669430
65.491194	4.704110
65.557706	4.741454
65.623702	4.779251
65.689170	4.818394
65.754100	4.859235
65.818470	4.900775
65.882324	4.940699
65.945664	4.979699
66.008500	5.018519
66.070882	5.056808
66.132794	5.091722
66.194286	5.126285
66.255384	5.157931
66.316124	5.187057
66.376528	5.215820
66.436608	5.242628
66.496370	5.271129
66.555818	5.297617
66.614972	5.325094
66.673806	5.353406
66.732328	5.383680
66.790500	5.415979
66.848330	5.449234
66.905800	5.483475
66.962912	5.519312
67.019638	5.555818
67.076020	5.589824
67.132048	5.624047
67.187732	5.658896
67.243092	5.693767
67.298116	5.724894
67.352846	5.755941
67.407292	5.784344
67.461490	5.809158
67.515456	5.834620
67.569198	5.857246
67.622714	5.883132
67.676006	5.906582
67.729092	5.930890
67.781938	5.956981
67.834560	5.983758
67.886930	6.012848
67.939050	6.042454
67.990908	6.073527
68.042500	6.106108
68.093800	6.140241
68.144842	6.171360
68.195624	6.201573
68.246152	6.232577
68.296446	6.263143
68.346494	6.290482
68.396322	6.319332
68.445936	6.345114
68.495358	6.368265
68.544604	6.392107
68.593672	6.412722
68.642574	6.436371
68.691298	6.457804
68.739872	6.479114
68.788266	6.502717
68.836490	6.527307
68.884516	6.553996
68.932352	6.580905
68.979986	6.609705
69.027416	6.639038
69.074618	6.669765
69.121626	6.698492
69.168426	6.726891
69.215020	6.756985
69.261424	6.786177
69.307636	6.810303
69.353678	6.836088
69.399554	6.859672
69.445286	6.879802
69.490886	6.900959
69.536364	6.915847
69.581760	6.927131
69.627116	6.927437
69.672506	6.918893
69.717968	6.902779
69.763574	6.877392
69.809346	6.848905
69.855330	6.816213
69.901530	6.783832
69.947944	6.753789
69.994554	6.725451
70.041382	6.693354
70.088430	6.661845
70.135698	6.629791
70.183202	6.599153
70.230934	6.564404
70.278912	6.531378
70.327150	6.494651
70.375672	6.455151
70.424492	6.415865
70.473620	6.373692
70.523066	6.334367
70.572820	6.293255
70.622910	6.252175
70.673312	6.212856
70.724040	6.174028
70.775064	6.138561
70.826394	6.102313
70.878024	6.067662
70.929944	6.034793
70.982134	6.002967
71.034622	5.969205
71.087408	5.934027
71.140498	5.900148
71.193916	5.864901
71.247662	5.825964
71.301766	5.787114
71.356248	5.746045
71.411136	5.701620
71.466456	5.657673
71.522214	5.611791
71.578420	5.567238
71.635084	5.520864
71.692236	5.474684
71.749852	5.429645
71.807948	5.386265
71.866492	5.345026
71.925498	5.303519
71.984952	5.264768
72.044848	5.226580
72.105166	5.189113
72.165954	5.148801
72.227208	5.108613
72.288938	5.069374
72.351170	5.029445
72.413904	4.986655
72.477190	4.942098
72.541072	4.894514
72.605600	4.843503
72.670826	4.791204
72.736778	4.736450
72.803486	4.683352
72.870962	4.628293
72.939254	4.573714
73.008340	4.520537
73.078248	4.468202
73.148944	4.418804
73.220444	4.369027
73.292746	4.321548
73.365842	4.275206
73.439708	4.230418
73.514406	4.182767
73.589960	4.134219
73.666406	4.084765
73.743818	4.034407
73.822226	3.980226
73.901728	3.924048
73.982416	3.864673
74.064406	3.800344
74.147810	3.735011
74.232724	3.666573
74.319232	3.598040
74.407442	3.526393
74.497474	3.454577
74.589362	3.383733
74.683196	3.314266
74.778960	3.246856
74.876754	3.179557
74.976596	3.114435
75.078564	3.049735
75.182686	2.985170
75.289176	2.917906
75.398186	2.848225
75.509910	2.777025
75.624632	2.703887
75.742628	2.624731
75.864394	2.539564
75.990550	2.446457
76.121868	2.344542
76.259274	2.235341
76.403822	2.119347
76.556804	1.997020
76.719880	1.866307
76.895238	1.729133
77.085646	1.584998
77.295208	1.431719
77.530262	1.265577
77.802644	1.077696
78.138484	0.854902
78.662688	0.529041
79.538230	0.257408
80.416872	0.432068
81.057324	0.703636
81.464046	0.894302
81.791098	1.059345
82.070916	1.208444
82.318372	1.347964
82.541536	1.481310
82.745654	1.609060
82.934322	1.731611
83.110366	1.846649
83.275956	1.955648
83.432776	2.058036
83.582210	2.153103
83.725476	2.238303
83.863634	2.313908
83.997578	2.381077
84.128054	2.438822
84.255556	2.490876
84.380600	2.536529
84.503574	2.575498
84.624784	2.608863
84.744500	2.640349
84.862676	2.675381
84.979258	2.714776
85.094164	2.753127
85.207416	2.794464
85.318780	2.845182
85.428090	2.903774
85.535182	2.964214
85.640144	3.023146
85.743058	3.083257
85.844006	3.142661
85.943076	3.201069
86.040408	3.255941
86.136158	3.307427
86.230476	3.355757
86.323522	3.399477
86.415366	3.441785
86.506104	3.483459
86.595800	3.523308
86.684490	3.560443
86.772258	3.599277
86.859054	3.639641
86.944860	3.682993
87.029638	3.727654
87.113388	3.775136
87.196054	3.824960
87.277648	3.876882
87.358128	3.930135
87.437548	3.982144
87.515932	4.034821
87.593328	4.084871
87.669794	4.133457
87.745400	4.178094
87.820240	4.218262
87.894386	4.256439
87.967926	4.290152
88.040872	4.322737
88.113274	4.355701
88.185148	4.387699
88.256496	4.417685
88.327370	4.448336
88.397738	4.480565
88.467582	4.515469
88.536866	4.551845
88.605592	4.591092
88.673708	4.632388
88.741216	4.675824
88.808088	4.719941
88.874354	4.762298
88.940028	4.805569
89.005134	4.846342
89.069690	4.887356
89.133726	4.925207
89.197290	4.959887
89.260420	4.993313
89.323166	5.023173
89.385524	5.051767
89.447542	5.080031
89.509230	5.106952
89.570588	5.131644
89.631656	5.157931
89.692398	5.186200
89.752794	5.216859
89.812824	5.248409
89.872494	5.282296
89.931760	5.318063
89.990630	5.355961
90.049072	5.394589
90.107110	5.431898
90.164738	5.471442
90.221970	5.508474
90.278814	5.545031
90.335308	5.577914
90.391482	5.607383
90.447364	5.636559
90.502990	5.661139
90.558356	5.686552
90.613476	5.712194
90.668362	5.737440
90.723004	5.759740
90.777440	5.783492
90.831636	5.809588
90.885596	5.835487
90.939336	5.856810
90.992916	5.872355
91.046390	5.879389
91.099850	5.877189
91.153370	5.864682
91.207058	5.840694
91.260984	5.812382
91.315208	5.776898
91.369758	5.741634
91.424654	5.704312
91.479924	5.664201
91.535594	5.622638
91.591710	5.577320
91.648274	5.530194
91.705332	5.482327
91.762898	5.434153
91.820972	5.383865
91.879594	5.335585
91.938740	5.287808
91.998410	5.242278
92.058588	5.197526
92.119284	5.155053
92.180462	5.114435
92.242124	5.075927
92.304246	5.038318
92.366842	4.999511
92.429924	4.961454
92.493514	4.920887
92.557636	4.878704
92.622338	4.833219
92.687676	4.783908
92.753690	4.734452
92.820448	4.680561
92.887958	4.626248
92.956276	4.571451
93.025444	4.514820
93.095484	4.455528
93.166474	4.396911
93.238396	4.339456
93.311262	4.284068
93.385054	4.229848
93.459796	4.177872
93.535442	4.127266
93.612022	4.078719
93.689490	4.031715
93.767890	3.983254
93.847240	3.935945
93.927582	3.886282
94.008980	3.834203
94.091542	3.777769
94.175394	3.716981
94.260680	3.652420
94.347574	3.582122
94.436178	3.510081
94.526656	3.436439
94.619134	3.360855
94.713738	3.281928
94.810666	3.202831
94.909994	3.124595
95.011818	3.047959
95.116202	2.972010
95.223272	2.898202
95.333042	2.826546
95.445620	2.756702
95.561074	2.687097
95.679646	2.614682
95.801606	2.540139
95.927344	2.460945
96.057368	2.376178
96.192362	2.283698
96.333248	2.182662
96.481234	2.071662
96.637996	1.947840
96.805552	1.813769
96.986932	1.666751
97.186738	1.501000
97.413148	1.307831
97.681268	1.084527
98.029434	0.813412
98.830546	0.342586
99.459596	0.316511
100.317092	0.700323
100.721526	0.934319
101.033164	1.123635
101.296484	1.289716
101.528632	1.437313
101.738712	1.568804
101.932250	1.688230
102.112902	1.799989
102.283092	1.900011
102.444890	1.989760
102.599800	2.071061
102.748968	2.145457
102.893164	2.215135
103.032968	2.281774
103.168788	2.346854
103.300972	2.408384
103.429836	2.469301
103.555500	2.531501
103.678098	2.595114
103.797656	2.660788
103.914318	2.726888
104.028180	2.792974
104.139348	2.860674
104.247904	2.928405
104.354054	2.993247
104.457924	3.057392
104.559644	3.120374
104.659376	3.182778
104.757220	3.240559
104.853380	3.295077
104.948020	3.345465
105.041298	3.391916
105.133344	3.435838
105.224240	3.477521
105.314044	3.519676
105.402796	3.559878
105.490546	3.601257
105.577256	3.644454
105.662950	3.688614
105.747584	3.734656
105.831176	3.782044
105.913706	3.831584
105.995164	3.882824
106.075532	3.934762
106.154894	3.984467
106.233272	4.032646
106.310720	4.080096
106.387302	4.127050
106.463026	4.170883
106.537972	4.213283
106.612196	4.252867
106.685756	4.289332
106.758708	4.324761
106.831080	4.357513
106.902898	4.391625
106.974172	4.423657
107.044936	4.456413
107.115152	4.490941
107.184830	4.527051
107.253920	4.566003
107.322432	4.605225
107.390350	4.646089
107.457676	4.687685
107.524378	4.730744
107.590508	4.771991
107.656060	4.813521
107.721044	4.854730
107.785506	4.894971
107.849452	4.931392
107.912932	4.966788
107.975978	4.999511
108.038634	5.029284
108.100938	5.057297
108.162948	5.077568
108.224756	5.090567
108.286484	5.090567
108.348296	5.078553
108.410306	5.055994
108.472666	5.022851
108.535460	4.983965
108.598788	4.938990
108.662692	4.893599
108.727178	4.850532
108.792216	4.809247
108.857850	4.765476
108.924092	4.720366
108.990956	4.675824
109.058484	4.631295
109.126674	4.583456
109.195588	4.534762
109.265274	4.482866
109.335804	4.426774
109.407248	4.369635
109.479646	4.310046
109.553046	4.251255
109.627486	4.189796
109.703034	4.128894
109.779670	4.069315
109.857442	4.011022
109.936308	3.955371
110.016304	3.899499
110.097432	3.845938
110.179696	3.793095
110.263078	3.741862
110.347668	3.688008
110.433512	3.632571
110.520676	3.576087
110.609284	3.518100
110.699406	3.455413
110.791220	3.389940
110.884898	3.319729
110.980652	3.244642
111.078684	3.167439
111.179186	3.087196
111.282368	3.005216
111.388460	2.919642
111.497754	2.832714
111.610436	2.745619
111.726760	2.658852
111.846900	2.573178
111.971134	2.487366
112.099706	2.402344
112.232932	2.317424
112.371158	2.231498
112.515048	2.140662
112.665386	2.044509
112.823168	1.943381
112.989766	1.836952
113.167046	1.718520
113.358172	1.584279
113.568138	1.429582
113.805716	1.247634
114.089056	1.025351
114.478956	0.719400
115.384238	0.221986
116.294070	0.656024
116.721648	0.935243
117.032396	1.137442
117.293294	1.300490
117.524548	1.435645
117.735888	1.550363
117.932834	1.649702
118.118816	1.736032
118.295878	1.816748
118.465464	1.892868
118.628608	1.962882
118.786088	2.028666
118.938508	2.095708
119.086040	2.164973
119.228870	2.236168
119.367198	2.307653
119.501222	2.381943
119.630984	2.461407
119.756624	2.542688
119.878308	2.623416
119.996394	2.700540
120.111196	2.775406
120.223008	2.846832
120.332098	2.915415
120.438736	2.979112
120.543208	3.037175
120.645756	3.091693
120.746626	3.140337
120.845936	3.186911
120.943846	3.231559
121.040452	3.274129
121.135818	3.313986
121.230044	3.354969
121.323080	3.398521
121.414914	3.443823
121.505506	3.490891
121.594852	3.541978
121.682874	3.595898
121.769582	3.651826
121.854950	3.708644
121.939046	3.763739
122.021918	3.819380
122.103624	3.872295
122.184232	3.923558
122.263844	3.970568
122.342550	4.012969
122.420452	4.053563
122.497638	4.089338
122.574124	4.124774
122.649970	4.159948
122.725194	4.194159
122.799810	4.225638
122.873864	4.259209
122.947310	4.295549
123.020146	4.332275
123.092408	4.363444
123.164244	4.386719
123.235778	4.398881
123.307242	4.397772
123.378822	4.383047
123.450768	4.353407
123.523280	4.314545
123.596508	4.268004
123.670552	4.218602
123.745492	4.166790
123.821406	4.110956
123.898374	4.053773
123.976510	3.991047
124.055882	3.925813
124.136616	3.858502
124.218794	3.789709
124.302472	3.719093
124.387768	3.649281
124.474686	3.580489
124.563274	3.513378
124.653544	3.446997
124.745552	3.383295
124.839268	3.321203
124.934736	3.261620
125.031934	3.203223
125.130968	3.142913
125.231944	3.081503
125.335042	3.015717
125.440484	2.945980
125.548564	2.870607
125.659652	2.789106
125.774168	2.701887
125.892642	2.607217
126.015560	2.508738
126.143568	2.405434
126.277430	2.295714
126.418054	2.179149
126.566608	2.058495
126.724284	1.934836
126.892584	1.808111
127.073448	1.676714
127.269590	1.539921
127.484558	1.397891
127.723870	1.247624
127.996884	1.082226
128.324234	0.885984
128.779450	0.615595
129.800252	0.199594
130.828392	0.537959
131.349170	0.775480
131.723350	0.946571
132.035810	1.088993
132.310150	1.217993
132.557196	1.338728
132.783224	1.451940
132.992288	1.561567
133.187160	1.670136
133.369750	1.778166
133.541612	1.884782
133.704082	1.988576
133.858522	2.086439
134.006038	2.178334
134.147540	2.265713
134.283816	2.350084
134.415434	2.427627
134.543042	2.499557
134.667148	2.565990
134.788196	2.627233
134.906540	2.684571
135.022430	2.738631
135.136060	2.792328
135.247558	2.843636
135.357068	2.895264
135.464582	2.948800
135.570158	3.003664
135.673752	3.061325
135.775430	3.119321
135.875208	3.178720
135.973128	3.239423
136.069200	3.300755
136.163544	3.361214
136.256214	3.420351
136.347312	3.477444
136.436970	3.533373
136.525258	3.584738
136.612320	3.633327
136.698268	3.678163
136.783210	3.719798
136.867248	3.759055
136.950508	3.789983
137.033216	3.810578
137.115652	3.814835
137.198186	3.802921
137.281138	3.775136
137.364872	3.732792
137.449656	3.680231
137.535756	3.619763
137.623302	3.558104
137.712334	3.499602
137.802832	3.443370
137.894890	3.384316
137.988582	3.323311
138.084022	3.260808
138.181370	3.196899
138.280740	3.128391
138.382368	3.056440
138.486520	2.979507
138.593512	2.896545
138.703704	2.809609
138.817462	2.717782
138.935202	2.623109
139.057392	2.523489
139.184586	2.421415
139.317254	2.318724
139.455982	2.215635
139.601308	2.112563
139.754036	2.007382
139.915098	1.900195
140.085716	1.790244
140.267466	1.675516
140.462926	1.551618
140.675948	1.414584
140.912854	1.259802
141.185400	1.081146
141.522538	0.852480
142.444502	0.312988
142.980330	0.298101
143.943238	0.752193
144.326454	0.947399
144.638650	1.094525
144.912112	1.219960
145.159646	1.331533
145.387866	1.431523
145.600936	1.523817
145.801574	1.613572
145.991262	1.703499
146.171168	1.793761
146.342180	1.884081
146.505108	1.976541
146.660478	2.071116
146.808906	2.166765
146.950924	2.261766
147.087210	2.353112
147.218384	2.441096
147.345048	2.523935
147.467720	2.601776
147.586946	2.671786
147.703216	2.734911
147.816920	2.793371
147.928402	2.845646
148.037828	2.896705
148.145378	2.946753
148.251168	2.994560
148.355286	3.039819
148.457838	3.087500
148.558778	3.137890
148.658156	3.186717
148.756148	3.227376
148.853094	3.257697
148.949340	3.273925
149.045374	3.273856
149.141662	3.255874
149.238766	3.219241
149.337190	3.168781
149.437374	3.106551
149.539662	3.038585
149.644320	2.967350
149.751636	2.890628
149.861962	2.808404
149.975774	2.717970
150.093508	2.622715
150.215786	2.521464
150.343236	2.414752
150.476564	2.303254
150.616660	2.188684
150.764388	2.071553
150.920808	1.952901
151.087154	1.832025
151.265042	1.709394
151.456356	1.584678
151.663880	1.455735
151.891716	1.318479
152.147424	1.163406
152.446024	0.980614
152.830474	0.740201
153.581052	0.350929
154.301176	0.323523
155.107324	0.649898
155.545218	0.860776
155.885314	1.021630
156.176532	1.157883
156.436114	1.277319
156.672770	1.388377
156.891258	1.495854
157.094640	1.601350
157.285020	1.705608
157.464176	1.807882
157.633498	1.908785
157.794138	2.008485
157.947030	2.105794
158.093152	2.199564
158.233300	2.288756
158.368214	2.372087
158.498598	2.451535
158.624942	2.524909
158.747766	2.593614
158.867486	2.657053
158.984476	2.716043
159.099108	2.768801
159.211832	2.809308
159.323258	2.834503
159.434110	2.838498
159.545222	2.822077
159.657368	2.785643
159.771390	2.730632
159.888046	2.660293
160.008114	2.577696
160.132170	2.490363
160.260584	2.405102
160.393590	2.321603
160.531672	2.233656
160.675488	2.140633
160.825866	2.042807
160.983972	1.939470
161.151310	1.825085
161.330282	1.698177
161.524500	1.554382
161.739852	1.388181
161.986916	1.192898
162.289638	0.951283
162.778634	0.568287
163.471396	0.338363
164.164194	0.514026
164.704352	0.862990
165.037950	1.083622
165.310002	1.260641
165.547346	1.409418
165.761878	1.535090
165.960246	1.643281
166.146526	1.738106
166.323386	1.821234
166.492406	1.899667
166.654760	1.974553
166.811254	2.044456
166.962544	2.110406
167.109088	2.178605
167.251052	2.249651
167.388830	2.315545
167.523092	2.368082
167.654842	2.406355
167.785070	2.423956
167.915000	2.418321
168.045856	2.389117
168.179006	2.336451
168.315764	2.264733
168.457446	2.176915
168.605326	2.078708
168.760686	1.972792
168.925230	1.856053
169.101424	1.724085
169.293228	1.571661
169.506644	1.398227
169.753144	1.192934
170.059384	0.935984
170.986364	0.314426
