#Creator: wheelEventBuffer
#Creation time: Thu Apr 11 09:51:51 2019
#Time	Angular velocity
#[s]	[rad/s]
4.766838	0.528889
5.288928	0.847439
5.627112	1.073359
5.900130	1.265394
6.134854	1.437050
6.343242	1.596808
6.531950	1.748535
6.705172	1.891682
6.865968	2.027488
7.016504	2.155851
7.158576	2.275494
7.293538	2.386576
7.422548	2.490876
7.546504	2.584184
7.666216	2.669153
7.782374	2.744804
7.895538	2.810062
8.006184	2.871394
8.114558	2.928296
8.220958	2.979281
8.325522	3.030261
8.428336	3.081322
8.529400	3.135134
8.628696	3.193260
8.726118	3.256346
8.821640	3.321906
8.915224	3.392429
9.006854	3.465247
9.096576	3.540062
9.184422	3.613684
9.270524	3.685931
9.354974	3.755281
9.437932	3.821610
9.519516	3.882440
9.599854	3.940092
9.679056	3.994701
9.757218	4.044379
9.834418	4.095415
9.910672	4.145128
9.986058	4.191361
10.060602	4.237836
10.134322	4.284769
10.207222	4.333829
10.279306	4.383903
10.350532	4.437152
10.420908	4.491326
10.490412	4.548682
10.559054	4.605225
10.626870	4.662085
10.693854	4.717814
10.760068	4.772716
10.825526	4.826240
10.890290	4.877341
10.954406	4.924435
11.017914	4.969616
11.080860	5.013393
11.143286	5.051767
11.205230	5.092052
11.266686	5.131980
11.327694	5.168453
11.388254	5.207002
11.448366	5.244554
11.508038	5.284428
11.567268	5.324733
11.626022	5.368959
11.684296	5.412993
11.742076	5.461360
11.799358	5.507701
11.856164	5.554639
11.912484	5.600985
11.968354	5.646487
12.023772	5.690260
12.078788	5.732833
12.133408	5.772016
12.187662	5.809373
12.241568	5.847217
12.295150	5.878729
12.348440	5.912585
12.401418	5.947058
12.454118	5.977382
12.506532	6.009627
12.558670	6.041292
12.610516	6.076346
12.662074	6.111335
12.713316	6.150338
12.764236	6.188379
12.814834	6.229858
12.865098	6.269893
12.915046	6.310954
12.964668	6.351014
13.013976	6.392367
13.062970	6.430311
13.111686	6.470840
13.160114	6.503255
13.208300	6.537902
13.256236	6.569621
13.303960	6.596105
13.351480	6.625876
13.398786	6.656481
13.445888	6.683386
13.492792	6.713092
13.539490	6.741037
13.585982	6.772717
13.632266	6.803224
13.678324	6.838171
13.724148	6.873480
13.769728	6.911283
13.815058	6.948889
13.860156	6.985664
13.905002	7.023144
13.949620	7.060711
13.993994	7.097078
14.038154	7.133498
14.082098	7.165388
14.125848	7.197234
14.169404	7.228699
14.212792	7.252730
14.256024	7.280632
14.299088	7.309769
14.342006	7.331947
14.384772	7.359428
14.427386	7.384685
14.469842	7.413263
14.512144	7.441358
14.554270	7.472510
14.596230	7.502490
14.638004	7.538134
14.679590	7.569738
14.721002	7.604184
14.762220	7.638574
14.803256	7.673651
14.844104	7.706782
14.884788	7.739438
14.925310	7.767760
14.965680	7.795902
15.005908	7.824249
15.046002	7.845744
15.085978	7.872087
15.125818	7.898609
15.165546	7.918917
15.205154	7.943746
15.244648	7.965499
15.284024	7.990215
15.323284	8.014676
15.362408	8.043816
15.401398	8.071509
15.440240	8.103990
15.478932	8.134626
15.517484	8.165495
15.555880	8.197027
15.594132	8.228804
15.632238	8.259524
15.670206	8.290475
15.708044	8.316812
15.745758	8.343317
15.783352	8.370438
15.820840	8.389213
15.858238	8.412577
15.895528	8.436524
15.932728	8.455142
15.969834	8.477502
16.006844	8.499060
16.043756	8.521653
16.080574	8.545296
16.117280	8.571409
16.153878	8.596740
16.190356	8.627431
16.226706	8.656433
16.262940	8.686591
16.299042	8.715993
16.335024	8.747056
16.370880	8.774418
16.406632	8.802445
16.442276	8.826682
16.477818	8.850554
16.513264	8.877063
16.548614	8.895160
16.583890	8.917885
16.619068	8.942254
16.654172	8.959085
16.689198	8.979058
16.724146	8.998089
16.759018	9.019272
16.793810	9.040554
16.828508	9.067169
16.863110	9.091835
16.897608	9.119811
16.932006	9.146363
16.966306	9.174140
17.000496	9.201548
17.034582	9.231290
17.068564	9.257950
17.102452	9.284764
17.136246	9.309526
17.169952	9.332203
17.203572	9.356104
17.237122	9.371734
17.270608	9.391906
17.304016	9.414986
17.337358	9.431380
17.370632	9.451810
17.403836	9.470045
17.436972	9.490070
17.470046	9.509604
17.503038	9.534424
17.535948	9.556466
17.568774	9.584455
17.601506	9.610256
17.634156	9.636787
17.666706	9.663466
17.699174	9.690292
17.731550	9.714864
17.763848	9.740768
17.796066	9.762563
17.828208	9.785674
17.860272	9.810119
17.892270	9.826075
17.924210	9.845784
17.956084	9.866191
17.987906	9.881087
18.019670	9.899145
18.051376	9.917270
18.083022	9.935461
18.114614	9.954980
18.146132	9.978378
18.177584	9.999977
18.208958	10.026146
18.240254	10.048595
18.271482	10.075020
18.302620	10.100935
18.333682	10.128289
18.364660	10.151854
18.395572	10.177506
18.426410	10.197990
18.457186	10.218555
18.487896	10.241207
18.518550	10.254578
18.549156	10.275373
18.579698	10.296253
18.610190	10.311799
18.640630	10.329429
18.671018	10.345757
18.701356	10.363504
18.731648	10.380626
18.761876	10.404003
18.792042	10.424717
18.822142	10.449683
18.852170	10.473372
18.882136	10.497870
18.912022	10.521779
18.941848	10.546504
18.971602	10.569212
19.001292	10.594162
19.030922	10.614206
19.060486	10.636487
19.089996	10.658138
19.119450	10.671896
19.148864	10.690053
19.178224	10.709732
19.207542	10.722891
19.236816	10.741222
19.266040	10.757405
19.295218	10.775115
19.324356	10.790660
19.353450	10.806992
19.382514	10.812944
19.411564	10.816667
19.440620	10.809223
19.469708	10.795851
19.498834	10.775855
19.528022	10.752251
19.557274	10.725088
19.586598	10.703164
19.615994	10.673346
19.645464	10.647301
19.675008	10.619947
19.704636	10.585594
19.734356	10.557136
19.764152	10.528831
19.794042	10.495065
19.824020	10.464302
19.854092	10.428870
19.884256	10.398493
19.914514	10.368977
19.944850	10.342351
19.975268	10.314507
20.005760	10.290182
20.036328	10.263959
20.066978	10.238537
20.097694	10.214568
20.128488	10.190051
20.159358	10.163020
20.190310	10.138094
20.221344	10.109386
20.252464	10.080839
20.283674	10.051810
20.314984	10.015279
20.346402	9.984086
20.377914	9.953719
20.409536	9.918522
20.441260	9.886684
20.473090	9.852577
20.505026	9.820546
20.537072	9.788113
20.569214	9.759530
20.601450	9.730511
20.633780	9.704061
20.666196	9.677754
20.698706	9.651590
20.731298	9.625567
20.763980	9.599684
20.796754	9.570440
20.829630	9.543692
20.862604	9.511907
20.895686	9.481477
20.928870	9.452948
20.962168	9.416115
20.995592	9.382930
21.029130	9.351091
21.062800	9.312286
21.096598	9.278183
21.130522	9.241066
21.164578	9.208561
21.198760	9.173605
21.233062	9.143701
21.267478	9.112933
21.302004	9.084474
21.336640	9.055669
21.371392	9.027046
21.406242	8.999635
21.441202	8.973415
21.476268	8.943781
21.511456	8.914343
21.546766	8.881580
21.582204	8.848560
21.617778	8.814794
21.653496	8.775398
21.689368	8.739756
21.725382	8.706814
21.761554	8.665984
21.797880	8.630275
21.834364	8.590628
21.871008	8.555070
21.907814	8.517494
21.944766	8.485287
21.981864	8.451503
22.019098	8.422952
22.056464	8.391454
22.093974	8.361081
22.131614	8.330927
22.169392	8.300990
22.207310	8.268655
22.245382	8.236570
22.283610	8.201307
22.321996	8.166769
22.360548	8.131678
22.399282	8.089383
22.438212	8.051237
22.477324	8.013040
22.516644	7.968731
22.556164	7.929310
22.595888	7.887504
22.635814	7.848488
22.675946	7.809468
22.716262	7.773910
22.756774	7.736770
22.797462	7.704136
22.838328	7.670653
22.879378	7.637831
22.920592	7.605289
22.961990	7.573388
23.003568	7.537772
23.045348	7.502490
23.087336	7.463634
23.129540	7.423774
23.171974	7.384685
23.214642	7.339484
23.257574	7.297544
23.300740	7.256751
23.344184	7.209456
23.387892	7.165061
23.431878	7.119595
23.476134	7.075978
23.520674	7.032577
23.565470	6.993439
23.610518	6.953811
23.655814	6.917370
23.701354	6.879500
23.747146	6.842938
23.793178	6.805877
23.839464	6.769507
23.886002	6.731215
23.932814	6.692213
23.979918	6.648873
24.027320	6.606369
24.075040	6.561662
24.123104	6.510803
24.171540	6.462055
24.220336	6.414032
24.269524	6.361817
24.319100	6.312475
24.369066	6.261645
24.419434	6.212856
24.470204	6.163611
24.521360	6.118714
24.572896	6.073058
24.624804	6.031086
24.677076	5.988777
24.729726	5.946832
24.782738	5.905027
24.836136	5.862274
24.889934	5.817118
24.944164	5.770743
24.998848	5.720724
25.054012	5.669926
25.109682	5.618214
25.165886	5.560735
25.222676	5.504613
25.280038	5.448856
25.338034	5.387743
25.396666	5.328707
25.455956	5.268653
25.515908	5.211148
25.576538	5.153700
25.637814	5.099822
25.699752	5.045114
25.762334	4.994424
25.825564	4.943031
25.889452	4.892684
25.953994	4.842308
26.019222	4.791350
26.085168	4.737164
26.151896	4.680980
26.219460	4.620805
26.287930	4.557392
26.357382	4.491326
26.427904	4.419177
26.499578	4.348827
26.572426	4.277418
26.646552	4.201675
26.722012	4.126074
26.798876	4.049592
26.877188	3.974285
26.957002	3.899693
27.038322	3.827570
27.121176	3.756718
27.205574	3.688787
27.291556	3.619930
27.379212	3.550705
27.468598	3.479601
27.559876	3.406481
27.653184	3.329510
27.748752	3.248534
27.846822	3.162401
27.947696	3.070540
28.051768	2.972122
28.159498	2.864901
28.271416	2.754913
28.388048	2.638708
28.510182	2.514079
28.638670	2.384112
28.774484	2.250360
28.918796	2.112989
29.073114	1.970293
29.239380	1.821826
29.420252	1.667017
29.619548	1.504926
29.843532	1.326977
30.104250	1.124399
30.432552	0.870112
31.265416	0.340492
31.801018	0.326760
32.664454	0.791732
33.025446	1.021782
33.312648	1.203638
33.559872	1.361010
33.780352	1.505488
33.980774	1.642903
34.165250	1.774430
34.336718	1.900402
34.497290	2.020759
34.648586	2.138942
34.791824	2.254494
34.928016	2.366156
35.058058	2.471165
35.182804	2.570946
35.302818	2.668518
35.418682	2.759123
35.530906	2.843688
35.639954	2.922194
35.746182	2.995645
35.849888	3.065148
35.951326	3.131135
36.050652	3.195793
36.148038	3.258373
36.243564	3.320291
36.337332	3.381038
36.429406	3.444125
36.519794	3.507729
36.608538	3.573972
36.695638	3.640485
36.781142	3.708469
36.865102	3.776316
36.947584	3.843867
37.028650	3.907940
37.108412	3.970869
37.186900	4.035132
37.264196	4.095201
37.340388	4.152909
37.415558	4.207753
37.489786	4.258747
37.563136	4.307800
37.635690	4.353407
37.707478	4.398758
37.778548	4.443805
37.848884	4.489016
37.918522	4.533715
37.987452	4.581718
38.055664	4.629384
38.123168	4.680003
38.189930	4.730744
38.255972	4.783180
38.321296	4.835749
38.385912	4.889791
38.449838	4.939611
38.513126	4.989189
38.575772	5.040419
38.637820	5.087105
38.699308	5.132147
38.760266	5.176800
38.820720	5.218072
38.880694	5.258248
38.940232	5.295831
38.999342	5.333049
39.058056	5.370244
39.116350	5.407589
39.174252	5.443569
39.231754	5.483667
39.288836	5.523194
39.345500	5.566055
39.401726	5.608585
39.457514	5.653600
39.512870	5.697071
39.567804	5.742474
39.622310	5.784557
39.676426	5.826828
39.730132	5.872355
39.783454	5.911694
39.836422	5.951113
39.889052	5.989005
39.941362	6.023685
39.993368	6.057600
40.045096	6.089302
40.096548	6.121814
40.147736	6.154435
40.198648	6.186917
40.249292	6.218513
40.299676	6.252921
40.349778	6.286706
40.399606	6.324421
40.449130	6.362075
40.498352	6.402007
40.547274	6.441386
40.595900	6.482055
40.644228	6.518639
40.692290	6.555364
40.740068	6.594443
40.787588	6.629231
40.834852	6.664106
40.881876	6.698777
40.928672	6.730061
40.975242	6.760766
41.021618	6.788816
41.067792	6.817101
41.113786	6.845622
41.159582	6.874382
41.205186	6.902172
41.250598	6.934165
41.295804	6.963984
41.340810	6.998424
41.385586	7.032892
41.430142	7.068018
41.474484	7.102212
41.518604	7.140308
41.562500	7.173241
41.606196	7.206810
41.649672	7.244034
41.692952	7.274900
41.736046	7.305350
41.778964	7.335713
41.821712	7.364258
41.864290	7.391635
41.906716	7.418164
41.948990	7.444180
41.991124	7.470022
42.033102	7.497119
42.074936	7.521890
42.116624	7.550090
42.158154	7.578137
42.199528	7.609341
42.240726	7.641547
42.281744	7.674776
42.322594	7.707160
42.363272	7.740964
42.403780	7.769296
42.444136	7.800548
42.484320	7.834786
42.524346	7.863024
42.564224	7.893449
42.603956	7.922112
42.643552	7.947765
42.683014	7.973181
42.722360	7.996316
42.761588	8.019586
42.800708	8.043404
42.839702	8.069021
42.878578	8.092717
42.917338	8.118650
42.955970	8.143905
42.994480	8.173568
43.032846	8.202163
43.071076	8.232254
43.109166	8.263000
43.147116	8.296167
43.184918	8.323864
43.222598	8.352190
43.260136	8.384735
43.297552	8.409424
43.334850	8.435617
43.372038	8.461975
43.409112	8.487121
43.446074	8.511033
43.482938	8.533226
43.519702	8.556002
43.556378	8.577962
43.592952	8.600976
43.629432	8.621748
43.665816	8.647379
43.702096	8.670289
43.738274	8.698617
43.774332	8.726161
43.810272	8.754856
43.846100	8.782267
43.881814	8.812816
43.917412	8.837110
43.952906	8.865039
43.988278	8.896672
44.023546	8.920418
44.058714	8.945309
44.093788	8.970341
44.128770	8.992422
44.163660	9.015130
44.198472	9.034315
44.233198	9.057235
44.267850	9.077649
44.302414	9.099735
44.336898	9.120341
44.371300	9.143701
44.405618	9.164506
44.439852	9.190781
44.473982	9.216666
44.508014	9.245417
44.541946	9.271611
44.575778	9.302359
44.609506	9.325554
44.643152	9.349978
44.676696	9.380129
44.710152	9.400337
44.743528	9.425155
44.776820	9.449536
44.810030	9.471187
44.843162	9.491790
44.876232	9.510179
44.909238	9.524596
44.942218	9.530953
44.975184	9.530953
45.008170	9.518824
45.041206	9.502125
45.074316	9.475758
45.107522	9.448967
45.140822	9.417809
45.174228	9.389661
45.207736	9.361122
45.241346	9.336085
45.275052	9.304563
45.308870	9.274348
45.342788	9.249772
45.376812	9.217747
45.410954	9.185406
45.445220	9.152758
45.479612	9.118753
45.514126	9.083948
45.548780	9.048366
45.583564	9.013579
45.618490	8.978031
45.653550	8.943272
45.688748	8.906761
45.724086	8.873553
45.759562	8.837607
45.795170	8.808368
45.830896	8.778341
45.866740	8.749980
45.902706	8.719380
45.938796	8.692360
45.975008	8.658819
46.011360	8.626009
46.047836	8.598152
46.084446	8.564865
46.121198	8.531373
46.158096	8.498600
46.195146	8.461975
46.232352	8.424759
46.269730	8.385631
46.307276	8.347751
46.345002	8.308894
46.382894	8.272574
46.420958	8.233548
46.459198	8.197883
46.497604	8.161253
46.536178	8.128733
46.574904	8.095219
46.613786	8.063636
46.652824	8.031067
46.692018	8.002019
46.731360	7.967923
46.770872	7.934517
46.810542	7.903775
46.850384	7.867356
46.890408	7.830490
46.930628	7.793968
46.971042	7.754338
47.011656	7.715110
47.052490	7.673276
47.093534	7.633006
47.134812	7.591689
47.176304	7.550453
47.218030	7.507869
47.259982	7.468957
47.302158	7.428338
47.344554	7.393026
47.387148	7.357015
47.429950	7.322377
47.472958	7.286711
47.516178	7.253400
47.559602	7.215086
47.603258	7.178158
47.647124	7.144530
47.691218	7.105747
47.735554	7.066428
47.780144	7.026285
47.825002	6.982558
47.870134	6.938146
47.915568	6.892178
47.961298	6.846218
48.007348	6.800278
48.053698	6.755242
48.100366	6.708218
48.147352	6.664671
48.194646	6.620290
48.242252	6.578976
48.290152	6.537902
48.338342	6.499488
48.386824	6.460195
48.435602	6.422949
48.484674	6.381201
48.534070	6.339224
48.583780	6.300069
48.633830	6.254913
48.684236	6.210399
48.735012	6.165547
48.786176	6.116570
48.837748	6.066959
48.889756	6.014690
48.942214	5.962860
48.995140	5.910360
49.048534	5.857465
49.102414	5.803792
49.156782	5.753411
49.211622	5.703069
49.266948	5.655432
49.322726	5.608384
49.378970	5.562704
49.435688	5.515437
49.492890	5.470680
49.550570	5.422335
49.608776	5.373367
49.667496	5.326720
49.726770	5.275023
49.786634	5.221541
49.847130	5.166583
49.908298	5.107284
49.970182	5.046573
50.032830	4.983807
50.096266	4.920887
50.160544	4.856531
50.225666	4.792227
50.291672	4.727327
50.358580	4.664300
50.426394	4.601178
50.495130	4.541186
50.564770	4.481204
50.635332	4.423532
50.706830	4.364899
50.779300	4.307328
50.852772	4.245395
50.927344	4.181988
51.003038	4.119365
51.079952	4.051786
51.158184	3.981639
51.237848	3.908329
51.319078	3.829903
51.402016	3.747933
51.486836	3.662640
51.573670	3.575029
51.662718	3.484773
51.754110	3.392649
51.848044	3.298883
51.944660	3.206885
52.044090	3.114558
52.146506	3.023670
52.252060	2.931739
52.360980	2.839627
52.473542	2.745859
52.590100	2.649791
52.711108	2.547637
52.837248	2.439807
52.969210	2.327864
53.108094	2.205617
53.255392	2.071553
53.413266	1.923322
53.584932	1.757023
53.775490	1.567817
53.994100	1.347930
54.261092	1.079251
54.674818	0.670977
55.330162	0.342808
55.986774	0.620074
56.434060	1.000150
56.722046	1.251471
56.957576	1.455115
57.162930	1.629964
57.348098	1.782302
57.518654	1.915395
57.678150	2.034262
57.828932	2.141304
57.972604	2.237283
58.110346	2.329591
58.242870	2.415829
58.370898	2.496022
58.494864	2.574907
58.615072	2.653820
58.731732	2.734054
58.845036	2.814139
58.955102	2.896171
59.062072	2.979394
59.166048	3.065567
59.267136	3.151994
59.365522	3.237754
59.461350	3.321203
59.554846	3.401980
59.646198	3.478291
59.735644	3.549582
59.823374	3.615181
59.909562	3.676872
59.994354	3.735278
60.077874	3.788064
60.160234	3.842363
60.241454	3.894375
60.321644	3.943059
60.400834	3.991757
60.479056	4.040530
60.556320	4.091255
60.632632	4.143269
60.707954	4.198643
60.782280	4.255056
60.855598	4.314900
60.927914	4.374137
60.999262	4.434146
61.069644	4.493253
61.139124	4.551318
61.207728	4.607522
61.275532	4.661393
61.342588	4.710740
61.408954	4.757682
61.474686	4.802484
61.539836	4.841711
61.604460	4.881888
61.668550	4.921658
61.732154	4.958478
61.795266	4.997284
61.857890	5.035249
61.920030	5.075599
61.981680	5.116934
62.042808	5.161490
62.103408	5.206657
62.163464	5.255609
62.222962	5.304236
62.281926	5.353588
62.340342	5.402010
62.398244	5.450558
62.455640	5.496138
62.512580	5.540532
62.569086	5.580887
62.625182	5.620023
62.680896	5.658692
62.736252	5.691291
62.791286	5.726563
62.845978	5.761430
62.900370	5.792022
62.954460	5.824020
63.008252	5.855936
63.061738	5.890413
63.114916	5.925968
63.167752	5.964898
63.220250	6.003885
63.272394	6.045943
63.324174	6.087414
63.375612	6.129698
63.426686	6.171603
63.477416	6.214576
63.527800	6.255411
63.577872	6.294768
63.627644	6.331048
63.677132	6.365427
63.726362	6.398616
63.775352	6.426102
63.824130	6.455946
63.872672	6.487141
63.921006	6.514043
63.969126	6.543349
64.017030	6.571820
64.064722	6.602204
64.112198	6.632870
64.159436	6.667783
64.206430	6.702207
64.253170	6.740458
64.299646	6.777978
64.345874	6.815917
64.391834	6.853985
64.437546	6.891573
64.483012	6.927437
64.528254	6.962441
64.573276	6.994685
64.618088	7.026600
64.662700	7.058173
64.707130	7.082997
64.751400	7.110893
64.795490	7.139010
64.839432	7.162121
64.883214	7.188341
64.926840	7.213098
64.970304	7.242030
65.013606	7.269513
65.056724	7.301275
65.099664	7.331947
65.142406	7.367367
65.184950	7.400689
65.227306	7.435722
65.269452	7.470733
65.311406	7.506792
65.353160	7.539943
65.394740	7.573022
65.436150	7.601976
65.477398	7.630411
65.518498	7.658685
65.559454	7.680780
65.600286	7.707917
65.640972	7.734865
65.681536	7.756636
65.721972	7.781613
65.762284	7.804036
65.802472	7.829710
65.842532	7.854767
65.882454	7.884336
65.922224	7.913730
65.961838	7.946961
66.001290	7.978445
66.040594	8.010589
66.079728	8.042580
66.118712	8.075243
66.157540	8.106499
66.196226	8.136733
66.234774	8.164222
66.273188	8.191897
66.311474	8.220191
66.349644	8.240027
66.387716	8.264304
66.425672	8.289163
66.463534	8.307575
66.501294	8.331369
66.538948	8.354411
66.576496	8.378474
66.613952	8.399082
66.651310	8.420243
66.688606	8.429280
66.725872	8.433353
66.763146	8.424759
66.800484	8.407624
66.837904	8.382945
66.875448	8.354411
66.913122	8.322100
66.950950	8.289163
66.988936	8.253882
67.027078	8.218471
67.065390	8.183362
67.103872	8.142216
67.142550	8.104408
67.181406	8.065706
67.220464	8.022453
67.259720	7.983311
67.299174	7.941738
67.338830	7.901390
67.378688	7.863418
67.418728	7.828539
67.458950	7.792808
67.499348	7.759701
67.539920	7.726494
67.580672	7.693571
67.621590	7.660179
67.662692	7.628187
67.703966	7.593524
67.745436	7.558810
67.787108	7.520810
67.828990	7.482120
67.871090	7.442769
67.913428	7.397204
67.956026	7.354260
67.998862	7.312151
68.041970	7.266150
68.085334	7.222716
68.128966	7.177502
68.172862	7.135443
68.217030	7.091311
68.261450	7.053102
68.306122	7.012484
68.351034	6.976666
68.396180	6.940292
68.441570	6.904296
68.487188	6.867770
68.533056	6.831926
68.579172	6.792339
68.625560	6.753789
68.672232	6.710224
68.719202	6.667500
68.766476	6.623920
68.814082	6.574570
68.862040	6.527578
68.910344	6.479916
68.959028	6.428206
69.008090	6.378609
69.057536	6.327987
69.107368	6.280171
69.157588	6.232329
69.208176	6.187648
69.259136	6.142401
69.310452	6.101128
69.362120	6.058769
69.414158	6.017685
69.466538	5.976700
69.519286	5.935597
69.572412	5.891517
69.625948	5.846564
69.679916	5.797794
69.734346	5.746465
69.789268	5.695005
69.844716	5.636761
69.900728	5.581680
69.957290	5.526886
70.014448	5.468014
70.072216	5.409265
70.130610	5.350670
70.189638	5.293154
70.249316	5.236861
70.309614	5.183120
70.370538	5.130136
70.432070	5.081017
70.494204	5.031217
70.556968	4.981436
70.620354	4.930928
70.684406	4.879765
70.749146	4.825943
70.814628	4.770832
70.880906	4.711729
70.948024	4.650629
71.016062	4.586534
71.085086	4.517028
71.155188	4.447832
71.226394	4.377184
71.298808	4.302137
71.372478	4.228026
71.447450	4.153458
71.523760	4.080626
71.601460	4.007849
71.680540	3.937919
71.761040	3.868290
71.842962	3.802092
71.926326	3.735544
72.011200	3.669656
72.097616	3.602083
72.185710	3.532658
72.275610	3.458685
72.367522	3.380674
72.461670	3.296875
72.558324	3.207736
72.657808	3.112707
72.760484	3.010399
72.866768	2.906352
72.977026	2.797400
73.091854	2.681272
73.211844	2.561513
73.337670	2.438330
73.470090	2.313499
73.610028	2.184969
73.758564	2.053919
73.917098	1.919303
74.087496	1.780141
74.272374	1.632963
74.476002	1.473432
74.705482	1.293539
74.975570	1.080900
75.331912	0.793732
75.883522	0.423533
76.653050	0.392746
77.245408	0.720979
77.638196	0.979379
77.936278	1.170794
78.189870	1.333625
78.415136	1.474331
78.620004	1.604687
78.809032	1.729761
78.984978	1.850652
79.149906	1.966839
79.305418	2.080773
79.452678	2.192074
79.592638	2.302511
79.726120	2.410380
79.853840	2.515246
79.976458	2.613681
80.094650	2.706963
80.208826	2.799295
80.319428	2.885690
80.426850	2.966958
80.531460	3.042999
80.633552	3.114311
80.733392	3.181231
80.831206	3.244173
80.927146	3.305757
81.021362	3.365607
81.113902	3.424751
81.204858	3.483691
81.294264	3.544935
81.382128	3.606632
81.468494	3.670085
81.553378	3.732881
81.636818	3.797221
81.718858	3.862487
81.799518	3.929348
81.878844	3.992467
81.956942	4.054296
82.033838	4.117314
82.109626	4.174985
82.184390	4.230304
82.258208	4.283367
82.331144	4.333112
82.403248	4.381335
82.474590	4.426649
82.545196	4.471891
82.615116	4.516248
82.684338	4.560833
82.752888	4.604550
82.820778	4.651042
82.887984	4.697498
82.954512	4.748047
83.020326	4.798669
83.085444	4.850233
83.149874	4.901998
83.213634	4.954568
83.276734	5.003014
83.339232	5.051442
83.401108	5.102639
83.462402	5.149308
83.523144	5.195291
83.583368	5.239656
83.643104	5.280165
83.702382	5.319324
83.761246	5.355779
83.819702	5.391811
83.877778	5.428519
83.935454	5.465350
83.992744	5.501336
84.049646	5.541314
84.106140	5.579697
84.162240	5.621833
84.217908	5.664201
84.273156	5.708043
84.327984	5.751726
84.382396	5.797794
84.436388	5.839174
84.490000	5.881150
84.543220	5.925074
84.596074	5.963766
84.648582	6.002049
84.700766	6.040130
84.752636	6.074702
84.804204	6.109195
84.855496	6.141201
84.906514	6.173301
84.957284	6.204267
85.007784	6.237279
85.058028	6.267892
85.108014	6.301839
85.157730	6.335900
85.207172	6.373433
85.256316	6.410890
85.305172	6.449320
85.353740	6.487945
85.402018	6.527849
85.450008	6.564404
85.497734	6.601649
85.545174	6.641845
85.592356	6.676285
85.639292	6.711084
85.685992	6.743931
85.732476	6.775054
85.778742	6.804697
85.824816	6.832817
85.870692	6.861770
85.916388	6.890062
85.961886	6.919503
86.007196	6.947352
86.052316	6.978216
86.097238	7.007478
86.141968	7.041404
86.186472	7.075340
86.230760	7.110893
86.274830	7.146805
86.318678	7.184067
86.362308	7.217075
86.405740	7.250052
86.448962	7.286373
86.491992	7.316238
86.534842	7.347036
86.577510	7.379481
86.620010	7.406971
86.662340	7.435018
86.704530	7.459026
86.746596	7.477846
86.788588	7.489255
86.830542	7.489255
86.872530	7.477134
86.914614	7.456548
86.956834	7.425529
86.999250	7.391635
87.041860	7.353227
87.084690	7.316238
87.127736	7.278945
87.171000	7.246373
87.214470	7.207802
87.258170	7.169967
87.302088	7.136739
87.346238	7.095475
87.390644	7.054052
87.435312	7.013736
87.480250	6.969855
87.525466	6.925604
87.570982	6.879500
87.616794	6.834304
87.662928	6.787643
87.709368	6.741615
87.756130	6.694780
87.803214	6.650281
87.850612	6.604980
87.898326	6.564679
87.946332	6.523241
87.994636	6.483928
88.043238	6.443500
88.092148	6.405139
88.141360	6.362075
88.190910	6.319332
88.240774	6.280171
88.290980	6.236041
88.341538	6.191794
88.392470	6.146247
88.443798	6.097102
88.495538	6.046408
88.547726	5.994262
88.600364	5.941434
88.653484	5.888867
88.707070	5.836354
88.761146	5.782853
88.815710	5.733043
88.870752	5.681616
88.926286	5.633931
88.982284	5.586245
89.038756	5.539165
89.095708	5.493447
89.153136	5.449234
89.211046	5.400709
89.269482	5.352494
89.328432	5.306207
89.387938	5.253851
89.448042	5.200624
89.508784	5.145597
89.570198	5.087270
89.632314	5.027996
89.695196	4.965532
89.758862	4.903375
89.823364	4.839921
89.888710	4.776054
89.954944	4.710881
90.022080	4.648564
90.090122	4.585731
90.159090	4.526138
90.228962	4.466296
90.299760	4.408634
90.371508	4.349550
90.444240	4.291207
90.517992	4.229051
90.592844	4.166458
90.668804	4.105584
90.745956	4.040322
90.824388	3.972576
90.904216	3.901049
90.985578	3.824681
91.068608	3.744627
91.153478	3.661189
91.240318	3.576087
91.329300	3.488720
91.420542	3.399698
91.514224	3.309518
91.610484	3.220363
91.709448	3.130698
91.811290	3.042115
91.916130	2.953180
92.024162	2.865110
92.135602	2.776092
92.250738	2.685627
92.369950	2.589381
92.493838	2.487917
92.622972	2.382955
92.758258	2.269445
92.900892	2.145340
93.052554	2.009745
93.215678	1.858557
93.393970	1.687178
93.593330	1.493536
93.824460	1.270028
94.113852	0.988712
94.919536	0.357087
95.380564	0.344415
96.211066	0.907335
96.525984	1.170201
96.776704	1.378871
96.992780	1.556446
97.186150	1.712133
97.363316	1.849519
97.528272	1.970787
97.683716	2.079919
97.831498	2.178696
97.972940	2.268167
98.108968	2.355194
98.240194	2.437043
98.367248	2.511988
98.490562	2.585716
98.610444	2.657412
98.727154	2.728166
98.840978	2.795210
98.952176	2.858020
99.061014	2.916064
99.167636	2.977361
99.272066	3.040114
99.374394	3.102501
99.474694	3.162911
99.573074	3.224329
99.669584	3.286804
99.764280	3.349817
99.857250	3.410845
99.948580	3.469916
100.038390	3.527818
100.126774	3.581877
100.213836	3.636271
100.299612	3.689654
100.384206	3.739546
100.467656	3.790349
100.549986	3.841329
100.631204	3.894569
100.711314	3.949503
100.790282	4.007338
100.868110	4.066365
100.944784	4.128677
101.020316	4.190355
101.094758	4.252291
101.168118	4.312649
101.240480	4.372189
101.311870	4.429145
101.382376	4.484786
101.452052	4.534893
101.520972	4.582788
101.589196	4.628293
101.656780	4.668459
101.723778	4.710599
101.790180	4.751925
101.856044	4.789451
101.921382	4.827427
101.986218	4.863297
102.050570	4.900010
102.114452	4.936817
102.177822	4.977332
102.240672	5.019481
102.302962	5.066758
102.364668	5.115267
102.425794	5.165734
102.486308	5.216513
102.546250	5.266534
102.605630	5.315004
102.664488	5.361995
102.722860	5.403682
102.780786	5.444135
102.838290	5.483284
102.895410	5.516405
102.952178	5.552479
103.008570	5.589028
103.064630	5.620827
103.120354	5.654822
103.175744	5.687788
103.230800	5.723851
103.285520	5.759529
103.339876	5.799292
103.393860	5.839609
103.447456	5.883353
103.500656	5.926862
103.553478	5.970113
103.605904	6.013538
103.657964	6.056900
103.709652	6.098285
103.761002	6.139521
103.812024	6.176699
103.862740	6.212610
103.913166	6.248444
103.963326	6.277410
104.013250	6.309179
104.062918	6.340503
104.112366	6.368007
104.161578	6.398616
104.210556	6.429784
104.259292	6.461789
104.307814	6.490358
104.356138	6.513233
104.404336	6.525951
104.452472	6.529477
104.500630	6.519721
104.548912	6.498682
104.597372	6.467642
104.646094	6.430311
104.695110	6.388207
104.744456	6.345883
104.794148	6.300069
104.844200	6.253917
104.894626	6.207454
104.945450	6.154676
104.996710	6.103973
105.048396	6.052932
105.100544	5.997466
105.153162	5.943907
105.206256	5.889971
105.259828	5.837872
105.313886	5.786474
105.368400	5.738907
105.423374	5.690672
105.478796	5.646081
105.534664	5.600386
105.590992	5.555818
105.647764	5.510793
105.705014	5.465350
105.762750	5.417473
105.821012	5.368225
105.879830	5.316083
105.939240	5.261066
105.999282	5.205104
106.060006	5.142396
106.121470	5.081510
106.183674	5.019962
106.246678	4.954725
106.310496	4.891313
106.375156	4.826537
106.440670	4.763887
106.507060	4.701435
106.574304	4.642382
106.642416	4.583189
106.711372	4.528487
106.781178	4.472655
106.851874	4.417064
106.923452	4.360900
106.995986	4.303080
107.069520	4.242529
107.144146	4.179206
107.219954	4.111817
107.297032	4.041465
107.375510	3.967760
107.455508	3.887917
107.537182	3.807714
107.620618	3.725003
107.706002	3.637281
107.793448	3.549902
107.883086	3.461505
107.975024	3.374283
108.069388	3.287079
108.166256	3.201069
108.265766	3.115238
108.368018	3.031489
108.473138	2.947693
108.581332	2.863177
108.692796	2.776583
108.807888	2.686775
108.927066	2.590491
109.050994	2.486106
109.180554	2.371908
109.316902	2.246241
109.461664	2.106783
109.617020	1.952027
109.785964	1.785625
109.972956	1.600224
110.186112	1.386123
110.442058	1.131730
110.794698	0.793392
111.661414	0.229311
112.533370	0.705412
112.929652	1.009795
113.216448	1.238154
113.455012	1.430129
113.664212	1.596565
113.853166	1.745426
114.026828	1.884963
114.188494	2.013093
114.340564	2.128450
114.484974	2.230643
114.623174	2.321911
114.756246	2.404476
114.884966	2.480061
115.009812	2.554514
115.131066	2.629740
115.248886	2.705238
115.363472	2.779924
115.475010	2.855526
115.583656	2.929497
115.689586	3.004411
115.792890	3.079148
115.893666	3.156428
115.992006	3.234554
116.088002	3.313707
116.181778	3.388550
116.273536	3.461276
116.363370	3.534327
116.451442	3.602083
116.537904	3.666915
116.622894	3.728362
116.706534	3.785872
116.788928	3.840953
116.870182	3.892928
116.950354	3.944445
117.029512	3.994803
117.107668	4.044691
117.184868	4.094454
117.261110	4.147098
117.336388	4.199429
117.410720	4.254940
117.484074	4.310519
117.556478	4.367448
117.627952	4.424155
117.698518	4.481843
117.768192	4.536334
117.837046	4.590153
117.905074	4.646227
117.972324	4.698060
118.038850	4.747903
118.104702	4.795007
118.169930	4.839324
118.234564	4.881888
118.298660	4.921966
118.362222	4.962238
118.425288	5.002217
118.487838	5.042847
118.549892	5.082332
118.611450	5.124780
118.672506	5.165904
118.733062	5.210975
118.793084	5.256488
118.852578	5.304056
118.911548	5.351217
118.969994	5.400895
119.027918	5.446400
119.085366	5.491719
119.142330	5.538383
119.198850	5.579301
119.254950	5.621028
119.310646	5.661547
119.365962	5.698724
119.420910	5.735764
119.475544	5.767141
119.529912	5.790741
119.584130	5.802720
119.638292	5.801220
119.692540	5.784131
119.747002	5.756152
119.801780	5.716144
119.856972	5.670745
119.912620	5.620626
119.968756	5.571780
120.025382	5.523582
120.082510	5.477357
120.140134	5.426081
120.198310	5.375573
120.257026	5.325455
120.316324	5.271306
120.376242	5.216340
120.436798	5.160473
120.498038	5.101644
120.559984	5.041714
120.622690	4.979541
120.686182	4.916882
120.750504	4.853230
120.815674	4.788867
120.881728	4.723631
120.948688	4.660702
121.016554	4.597677
121.085338	4.538169
121.155024	4.478648
121.225626	4.420545
121.297174	4.362233
121.369686	4.304613
121.443206	4.242758
121.517812	4.180096
121.593530	4.118933
121.670426	4.053563
121.748600	3.985882
121.828148	3.915343
121.909204	3.839451
121.991904	3.760135
122.076420	3.676786
122.162888	3.591623
122.251480	3.504130
122.342316	3.415220
122.435560	3.325281
122.531350	3.236687
122.629824	3.146438
122.731184	3.055965
122.835608	2.963711
122.943340	2.871289
123.054616	2.778253
123.169708	2.685214
123.288966	2.587632
123.412930	2.486263
123.542130	2.382016
123.677450	2.269084
123.820080	2.145867
123.971750	2.009590
124.134924	1.857370
124.313256	1.686852
124.512554	1.494786
124.743386	1.271890
125.031520	0.993735
125.856530	0.350512
126.310542	0.338567
127.160076	0.911605
127.473868	1.170411
127.724636	1.377070
127.940946	1.554628
128.134438	1.711965
128.311538	1.851372
128.476280	1.974305
128.631436	2.084031
128.778954	2.182601
128.920176	2.271118
129.056066	2.356961
129.187196	2.438178
129.314176	2.513877
129.437422	2.587078
129.557274	2.657187
129.673992	2.727456
129.787742	2.798248
129.898570	2.872024
130.006534	2.948745
130.111636	3.030670
130.213914	3.114188
130.313510	3.197875
130.410546	3.279119
130.505242	3.358771
130.597764	3.434486
130.688334	3.505929
130.777154	3.571290
130.864396	3.632571
130.950226	3.690001
131.034772	3.742219
131.118146	3.795202
131.200366	3.847445
131.281530	3.895631
131.361668	3.945238
131.440798	3.995006
131.518928	4.046671
131.596070	4.099476
131.672184	4.155436
131.747278	4.212041
131.821350	4.271254
131.894430	4.327501
131.966574	4.383169
132.037794	4.438782
132.108142	4.494539
132.177642	4.546575
132.246378	4.596332
132.314404	4.641696
132.381752	4.687965
132.448448	4.733738
132.514532	4.774167
132.580060	4.815587
132.645018	4.856981
132.709460	4.894666
132.773380	4.934800
132.836774	4.975913
132.899648	5.017717
132.962052	5.054042
133.024050	5.082825
133.085786	5.098167
133.147412	5.100982
133.209106	5.087105
133.271060	5.059088
133.333418	5.019000
133.396336	4.969774
133.459900	4.915497
133.524184	4.860137
133.589232	4.801456
133.655084	4.740882
133.721806	4.678191
133.789458	4.609685
133.858138	4.541318
133.927880	4.469473
133.998808	4.391870
134.070996	4.313834
134.144520	4.233382
134.219440	4.153678
134.295802	4.076073
134.373612	4.000296
134.452924	3.923264
134.533780	3.848670
134.616226	3.773232
134.700336	3.699299
134.786118	3.625612
134.873676	3.552713
134.963114	3.474829
135.054636	3.393602
135.148442	3.307775
135.244756	3.219439
135.343862	3.125154
135.446126	3.022797
135.551976	2.918177
135.661796	2.808605
135.776150	2.692301
135.895628	2.572925
136.020876	2.449967
136.152632	2.325486
136.291798	2.197809
136.439396	2.067762
136.596778	1.934097
136.765650	1.797641
136.948406	1.654184
137.148926	1.498794
137.373834	1.322720
137.636392	1.114878
137.973882	0.843059
138.663130	0.387535
139.272794	0.366416
139.996254	0.767568
140.366976	1.016289
140.655160	1.203888
140.902258	1.363870
141.122628	1.505301
141.323596	1.634084
141.509514	1.755139
141.683094	1.873050
141.846126	1.988048
142.000030	2.101822
142.145864	2.212607
142.284600	2.321706
142.417046	2.427740
142.543898	2.531297
142.665766	2.628948
142.783278	2.722351
142.896826	2.814341
143.006846	2.900717
143.113732	2.981317
143.217850	3.056738
143.319502	3.127394
143.418942	3.193519
143.516396	3.255604
143.612006	3.316715
143.705914	3.376241
143.798160	3.435913
143.888820	3.495008
143.977934	3.556735
144.065518	3.617846
144.151610	3.681611
144.236214	3.745788
144.319358	3.811410
144.401090	3.877169
144.481450	3.943950
144.560480	4.007133
144.638292	4.069631
144.714910	4.131826
144.790432	4.189237
144.864940	4.245051
144.938498	4.298605
145.011168	4.349188
145.083012	4.397157
145.154156	4.437779
145.224734	4.467058
145.295000	4.480565
145.365180	4.476606
145.435572	4.453380
145.506446	4.416195
145.578026	4.364657
145.650530	4.304849
145.724082	4.239094
145.798774	4.173099
145.874638	4.109235
145.951688	4.047505
146.029942	3.982648
146.109504	3.916416
146.190412	3.850557
146.272788	3.779132
146.356774	3.704446
146.442514	3.626784
146.530184	3.543736
146.619970	3.456706
146.712110	3.365896
146.806788	3.272901
146.904278	3.176599
147.004782	3.078303
147.108590	2.977756
147.215956	2.877865
147.327142	2.776779
147.442470	2.675882
147.562266	2.572967
147.686956	2.470155
147.817040	2.365123
147.953180	2.256989
148.096296	2.141012
148.247748	2.017229
148.409148	1.886276
148.583098	1.741401
148.773680	1.577216
148.988038	1.386160
149.240894	1.153801
149.578302	0.835788
150.451188	0.223972
151.328100	0.775545
151.691890	1.069085
151.965130	1.281091
152.197478	1.452008
152.404818	1.597458
152.594882	1.722591
152.772166	1.830552
152.939372	1.933716
153.098074	2.031710
153.249508	2.122899
153.394592	2.211984
153.533946	2.299714
153.668052	2.388535
153.797286	2.477206
153.921902	2.567122
154.042176	2.659662
154.158298	2.754333
154.270522	2.847606
154.379186	2.939034
154.484552	3.026874
154.586960	3.111905
154.686654	3.193000
154.783924	3.270312
154.879004	3.341125
154.972130	3.408033
155.063506	3.470836
155.153300	3.527264
155.241678	3.583920
155.328684	3.638545
155.414446	3.689567
155.498978	3.743289
155.582288	3.798690
155.664426	3.852635
155.745532	3.897951
155.825810	3.932398
155.905558	3.950596
155.985096	3.953280
156.064778	3.936340
156.145000	3.901533
156.226080	3.851124
156.308370	3.788338
156.392112	3.716805
156.477518	3.642426
156.564732	3.564968
156.653902	3.483923
156.745254	3.398006
156.839040	3.304713
156.935564	3.208850
157.035098	3.107964
157.138018	3.001828
157.244658	2.894570
157.355360	2.785149
157.470492	2.676247
157.590464	2.566241
157.715682	2.456519
157.846698	2.344752
157.984162	2.232006
158.128892	2.116092
158.282030	1.995828
158.445042	1.868505
158.620192	1.732050
158.811186	1.577738
159.024538	1.396412
159.273360	1.177411
159.594518	0.884921
160.202376	0.427677
160.807558	0.400298
161.451376	0.801112
161.805850	1.069151
162.079816	1.268961
162.314628	1.433797
162.524830	1.573188
162.717618	1.697718
162.897008	1.814167
163.065542	1.922498
163.224950	2.025292
163.376512	2.125196
163.521116	2.224829
163.659402	2.323010
163.791970	2.421266
163.919276	2.518028
164.041766	2.614943
164.159842	2.710139
164.273868	2.804443
164.384178	2.894890
164.491190	2.980525
164.595170	3.064729
164.696434	3.143164
164.795260	3.217526
164.891892	3.287698
164.986534	3.353536
165.079362	3.416780
165.170600	3.473138
165.260528	3.517391
165.349586	3.543976
165.438244	3.548539
165.527100	3.528452
165.616740	3.486784
165.707722	3.424527
165.800562	3.348461
165.895630	3.263653
165.993180	3.178591
166.093340	3.096019
166.196228	3.014328
166.302022	2.927750
166.411082	2.837575
166.523712	2.744804
166.640432	2.644082
166.761864	2.536324
166.888810	2.420893
167.022302	2.295513
167.163676	2.159497
167.314738	2.012835
167.477936	1.853578
167.657010	1.677466
167.857784	1.481478
168.090756	1.258923
168.380010	0.990882
168.872764	0.562697
169.505116	0.387672
170.135058	0.497719
170.691166	0.882118
