#Creator: wheelEventBuffer
#Creation time: Thu Apr 11 09:51:51 2019
#Time	Angular velocity
#[s]	[rad/s]
0.680852	1.084639
0.936722	1.692523
1.106960	2.111768
1.246448	2.458633
1.367850	2.760093
1.476962	3.030144
1.576982	3.275905
1.669986	3.500304
1.757376	3.705495
1.840164	3.896887
1.919080	4.075967
1.994686	4.242529
2.067418	4.404184
2.137558	4.560303
2.205394	4.708904
2.271128	4.854730
2.334928	4.997443
2.396934	5.139704
2.457274	5.278568
2.516038	5.417099
2.573336	5.552675
2.629242	5.689436
2.683836	5.822724
2.737216	5.953143
2.789436	6.081287
2.840594	6.204512
2.890750	6.324930
2.939986	6.440593
2.988362	6.551263
3.035930	6.659303
3.082744	6.765716
3.128848	6.863569
3.174298	6.963058
3.219102	7.061981
3.263310	7.153966
3.306940	7.248045
3.350008	7.341199
3.392530	7.435722
3.434520	7.530184
3.475976	7.626706
3.516922	7.720039
3.557360	7.818019
3.597308	7.911737
3.636786	8.006097
3.675798	8.100229
3.714366	8.193179
3.752502	8.282170
3.790238	8.370884
3.827590	8.453777
3.864574	8.536009
3.901210	8.616073
3.937514	8.690436
3.973508	8.767072
4.009184	8.845072
4.044566	8.916367
4.079652	8.990878
4.114454	9.062984
4.148976	9.137849
4.183220	9.211801
4.217180	9.289706
4.250864	9.365029
4.284266	9.444990
4.317394	9.521709
4.350262	9.597925
4.382864	9.673583
4.415214	9.750443
4.447312	9.823002
4.479178	9.897274
4.510816	9.965085
4.542234	10.033832
4.573436	10.103533
4.604438	10.164335
4.635248	10.229202
4.665864	10.293554
4.696302	10.351211
4.726562	10.412969
4.756640	10.475467
4.786540	10.538014
4.816266	10.600596
4.845810	10.666823
4.875174	10.730949
4.904358	10.799562
4.933360	10.863045
4.962198	10.929560
4.990850	10.996124
5.019336	11.062725
5.047652	11.126196
5.075810	11.189602
5.103816	11.248094
5.131674	11.306387
5.159388	11.366932
5.186962	11.417330
5.214410	11.475718
5.241716	11.533013
5.268900	11.584044
5.295958	11.637252
5.322890	11.690952
5.349700	11.744272
5.376392	11.797194
5.402954	11.856856
5.429388	11.913510
5.455690	11.974358
5.481862	12.032143
5.507914	12.088628
5.533838	12.146585
5.559642	12.205100
5.585318	12.262266
5.610884	12.318039
5.636332	12.373346
5.661670	12.425220
5.686900	12.479513
5.712028	12.523290
5.737066	12.572405
5.762000	12.624950
5.786846	12.668734
5.811592	12.718999
5.836248	12.764475
5.860812	12.814459
5.885286	12.859569
5.909664	12.913485
5.933946	12.962505
5.958130	13.018368
5.982212	13.070364
6.006204	13.123873
6.030088	13.177822
6.053884	13.229987
6.077582	13.281444
6.101192	13.333302
6.124714	13.381006
6.148148	13.429053
6.171498	13.482073
6.194764	13.522696
6.217956	13.569422
6.241066	13.618834
6.264102	13.657911
6.287068	13.701992
6.309962	13.742750
6.332780	13.788591
6.355532	13.832303
6.378200	13.882424
6.400796	13.927969
6.423308	13.980031
6.445742	14.027472
6.468102	14.073975
6.490382	14.125866
6.512584	14.174304
6.534706	14.226939
6.556752	14.274776
6.578730	14.317713
6.600636	14.363536
6.622472	14.412298
6.644240	14.449419
6.665954	14.489404
6.687598	14.537680
6.709182	14.575451
6.730706	14.616138
6.752170	14.657053
6.773572	14.698197
6.794918	14.739573
6.816198	14.785357
6.837418	14.825827
6.858570	14.876374
6.879656	14.921595
6.900680	14.967092
6.921636	15.014302
6.942528	15.060367
6.963356	15.105263
6.984124	15.151889
7.004830	15.192923
7.025478	15.237136
7.046064	15.286068
7.066592	15.318864
7.087074	15.360809
7.107496	15.402984
7.127874	15.436285
7.148198	15.475826
7.168474	15.512506
7.188698	15.550899
7.208878	15.591031
7.228998	15.634481
7.249066	15.675046
7.269080	15.720540
7.289036	15.761553
7.308944	15.804370
7.328790	15.850619
7.348582	15.895531
7.368320	15.939080
7.388004	15.982869
7.407636	16.023629
7.427218	16.061312
7.446752	16.105776
7.466238	16.135555
7.485684	16.177099
7.505078	16.220532
7.524428	16.252419
7.543738	16.289498
7.563002	16.321658
7.582226	16.360757
7.601410	16.394910
7.620546	16.437802
7.639638	16.474004
7.658680	16.520786
7.677672	16.560847
7.696622	16.601103
7.715520	16.641554
7.734374	16.685748
7.753178	16.726614
7.771938	16.767681
7.790654	16.807151
7.809322	16.848614
7.827946	16.888467
7.846530	16.921214
7.865076	16.957749
7.883582	16.994443
7.902052	17.025757
7.920484	17.060892
7.938880	17.094312
7.957238	17.131599
7.975560	17.163421
7.993842	17.202895
8.012086	17.238766
8.030286	17.280488
8.048446	17.318592
8.066566	17.360702
8.084640	17.401089
8.102672	17.441665
8.120664	17.480484
8.138616	17.521431
8.156528	17.556682
8.174406	17.592074
8.192240	17.635526
8.210040	17.665276
8.227806	17.701108
8.245532	17.741092
8.263228	17.771200
8.280890	17.801409
8.298522	17.833746
8.316122	17.866200
8.333690	17.898773
8.351222	17.937608
8.368720	17.972498
8.386178	18.015785
8.403600	18.048906
8.420988	18.090479
8.438334	18.125967
8.455648	18.167896
8.472920	18.205799
8.490158	18.245979
8.507362	18.279953
8.524530	18.316189
8.541664	18.356858
8.558764	18.384788
8.575838	18.414963
8.592878	18.456072
8.609890	18.484306
8.626870	18.516991
8.643820	18.547601
8.660744	18.580510
8.677642	18.604718
8.694518	18.631198
8.711374	18.644467
8.728222	18.651108
8.745074	18.635619
8.761952	18.604718
8.778858	18.556365
8.795814	18.503903
8.812820	18.438741
8.829882	18.389093
8.846988	18.341853
8.864132	18.303383
8.881308	18.277826
8.898510	18.245979
8.915740	18.218468
8.932996	18.197362
8.950278	18.159495
8.967596	18.123876
8.984952	18.080068
9.002350	18.032331
9.019802	17.974555
9.037302	17.927372
9.054856	17.870265
9.072458	17.819584
9.090112	17.771200
9.107812	17.731079
9.125544	17.695126
9.143312	17.667263
9.161110	17.635526
9.178938	17.607850
9.196800	17.574360
9.214694	17.537081
9.232630	17.496061
9.250616	17.439728
9.268654	17.391456
9.286744	17.341536
9.304894	17.280488
9.323098	17.233092
9.341356	17.180316
9.359664	17.135337
9.378020	17.094312
9.396416	17.060892
9.414850	17.023912
9.433320	16.992604
9.451830	16.954089
9.470386	16.912105
9.488986	16.864895
9.507640	16.819749
9.526344	16.767681
9.545110	16.719493
9.563926	16.673350
9.582794	16.627462
9.601708	16.590582
9.620672	16.543405
9.639682	16.505163
9.658740	16.463645
9.677854	16.413755
9.697020	16.369282
9.716244	16.313182
9.735532	16.264199
9.754880	16.208816
9.774290	16.162119
9.793760	16.110732
9.813282	16.071172
9.832854	16.030170
9.852478	15.991004
9.872146	15.953649
9.891864	15.911632
9.911634	15.868232
9.931464	15.821881
9.951356	15.767881
9.971312	15.715821
9.991334	15.665666
10.011418	15.614278
10.031572	15.564767
10.051780	15.524771
10.072052	15.474301
10.092386	15.427188
10.112784	15.372835
10.133254	15.320358
10.153798	15.268238
10.174406	15.217945
10.195086	15.166519
10.215830	15.121258
10.236638	15.073374
10.257512	15.030106
10.278442	14.985655
10.299438	14.942887
10.320494	14.896124
10.341622	14.846846
10.362818	14.795105
10.384092	14.739573
10.405442	14.692698
10.426866	14.632476
10.448374	14.582216
10.469952	14.533645
10.491612	14.480055
10.513346	14.428183
10.535162	14.371421
10.557062	14.317713
10.579052	14.257932
10.601126	14.206352
10.623280	14.153869
10.645510	14.108104
10.667816	14.060117
10.690202	14.012456
10.712660	13.962634
10.735200	13.913165
10.757824	13.859152
10.780538	13.804344
10.803344	13.747561
10.826238	13.696018
10.849218	13.647231
10.872288	13.587028
10.895458	13.532015
10.918718	13.479759
10.942084	13.415290
10.965554	13.354840
10.989130	13.293808
11.012814	13.235561
11.036602	13.180033
11.060482	13.128260
11.084468	13.070364
11.108548	13.019447
11.132732	12.962505
11.157024	12.906058
11.181414	12.853255
11.205906	12.800883
11.230498	12.745832
11.255202	12.692278
11.280016	12.631042
11.304944	12.573412
11.329992	12.513314
11.355162	12.446881
11.380468	12.385053
11.405888	12.328674
11.431444	12.263224
11.457126	12.200360
11.482946	12.134386
11.508904	12.069123
11.535006	12.005475
11.561236	11.947036
11.587600	11.886465
11.614094	11.828286
11.640720	11.769791
11.667486	11.708380
11.694384	11.647607
11.721426	11.589172
11.748604	11.527088
11.775934	11.466504
11.803414	11.399103
11.831052	11.335760
11.858844	11.273118
11.886804	11.198377
11.914940	11.133293
11.943244	11.065842
11.971734	10.991507
12.000408	10.920442
12.029268	10.850289
12.058316	10.778812
12.087558	10.710462
12.116984	10.642973
12.146600	10.572058
12.176404	10.509108
12.206396	10.440654
12.236586	10.373770
12.266966	10.307063
12.297544	10.241875
12.328324	10.170916
12.359324	10.100285
12.390544	10.026786
12.421996	9.951196
12.453684	9.877980
12.485620	9.795437
12.517820	9.719071
12.550268	9.644479
12.582992	9.560538
12.615990	9.479761
12.649276	9.396963
12.682850	9.316704
12.716720	9.235632
12.750882	9.158094
12.785336	9.078173
12.820086	9.003246
12.855132	8.924979
12.890496	8.846068
12.926168	8.766094
12.962170	8.688033
12.998500	8.606632
13.035186	8.522578
13.072240	8.436524
13.109674	8.349526
13.147508	8.259524
13.185768	8.163373
13.224476	8.070679
13.263630	7.977230
13.303268	7.877219
13.343398	7.780842
13.384036	7.681907
13.425194	7.583625
13.466900	7.484972
13.509146	7.388158
13.551958	7.290093
13.595336	7.194926
13.639302	7.097399
13.683884	6.999360
13.729088	6.900353
13.774960	6.799395
13.821534	6.693639
13.868858	6.585872
13.916986	6.473773
13.965958	6.358470
14.015836	6.241740
14.066690	6.116332
14.118594	5.992432
14.171596	5.865558
14.225798	5.731369
14.281284	5.596595
14.338132	5.458893
14.396434	5.321306
14.456290	5.181068
14.517780	5.041067
14.581030	4.897413
14.646170	4.753363
14.713346	4.604955
14.782772	4.452623
14.854650	4.295079
14.929282	4.131826
15.007046	3.958062
15.088436	3.773504
15.174098	3.576087
15.264878	3.362582
15.361976	3.130323
15.467048	2.875494
15.582550	2.599236
15.712442	2.287690
15.864650	1.920336
16.059856	1.455668
16.511894	0.611062
16.839316	0.598305
17.299598	1.395990
17.503190	1.841626
17.661928	2.192778
17.797412	2.492220
17.917858	2.758251
18.027392	3.002975
18.128588	3.226713
18.223166	3.433435
18.312356	3.625528
18.397050	3.804947
18.477920	3.973983
18.555518	4.131717
18.630232	4.283717
18.702400	4.429895
18.772232	4.572649
18.839944	4.711023
18.905700	4.848885
18.969634	4.982859
19.031878	5.116600
19.092522	5.247357
19.151674	5.377414
19.209430	5.504806
19.265872	5.632315
19.321070	5.753200
19.375136	5.871697
19.428112	5.990833
19.480076	6.103735
19.531096	6.213839
19.581234	6.321875
19.630538	6.424788
19.679062	6.525408
19.726858	6.622803
19.773958	6.717398
19.820414	6.811189
19.866226	6.904903
19.911430	6.995308
19.956048	7.088431
20.000084	7.180455
20.043560	7.274226
20.086476	7.367022
20.128852	7.460443
20.170710	7.551905
20.212064	7.644522
20.252924	7.732961
20.293322	7.821912
20.333254	7.913332
20.372750	7.997130
20.411830	8.081059
20.450514	8.163798
20.488820	8.241756
20.526754	8.320777
20.564344	8.395940
20.601592	8.471558
20.638522	8.545761
20.675122	8.620802
20.711412	8.693322
20.747398	8.768051
20.783080	8.840094
20.818470	8.916367
20.853552	8.992937
20.888334	9.071358
20.922826	9.145830
20.957034	9.224785
20.990958	9.296303
21.024624	9.368380
21.058020	9.444422
21.091166	9.513635
21.124066	9.583870
21.156728	9.655743
21.189154	9.722681
21.221358	9.788113
21.253352	9.851341
21.285138	9.914766
21.316724	9.979646
21.348106	10.042171
21.379294	10.104183
21.410288	10.168283
21.441088	10.230535
21.471698	10.298953
21.502106	10.363504
21.532320	10.430947
21.562346	10.495065
21.592184	10.564947
21.621832	10.627851
21.651306	10.690780
21.680596	10.759616
21.709716	10.818902
21.738676	10.878091
21.767472	10.940979
21.796116	10.998434
21.824600	11.058052
21.852940	11.114387
21.881132	11.170504
21.909190	11.226389
21.937102	11.284456
21.964876	11.336579
21.992518	11.394968
22.020022	11.448953
22.047390	11.511039
22.074612	11.569539
22.101694	11.630359
22.128638	11.689212
22.155446	11.751300
22.182118	11.804286
22.208672	11.860437
22.235086	11.924363
22.261374	11.977097
22.287542	12.034909
22.313590	12.088628
22.339522	12.142829
22.365338	12.193730
22.391052	12.244106
22.416654	12.292975
22.442158	12.347086
22.467548	12.398740
22.492838	12.445894
22.518026	12.499374
22.543110	12.548301
22.568094	12.603677
22.592966	12.656485
22.617732	12.712822
22.642390	12.767588
22.666946	12.823874
22.691392	12.876435
22.715744	12.926237
22.739994	12.983934
22.764146	13.031328
22.788208	13.080159
22.812180	13.132651
22.836060	13.181139
22.859846	13.232216
22.883550	13.276953
22.907168	13.321994
22.930712	13.369617
22.954168	13.417582
22.977542	13.461276
23.000838	13.511064
23.024050	13.556540
23.047182	13.607037
23.070226	13.659098
23.093182	13.710363
23.116056	13.757193
23.138850	13.812841
23.161556	13.856707
23.184188	13.905775
23.206736	13.960152
23.229202	14.006209
23.251596	14.051313
23.273920	14.099240
23.296168	14.142400
23.318344	14.188387
23.340456	14.229517
23.362496	14.274776
23.384472	14.319018
23.406378	14.363536
23.428218	14.404368
23.449996	14.448090
23.471706	14.490741
23.493354	14.539026
23.514924	14.586278
23.536426	14.635203
23.557856	14.683084
23.579218	14.734043
23.600508	14.775622
23.621740	14.820231
23.642902	14.869333
23.664000	14.911680
23.685036	14.954268
23.706014	14.999965
23.726932	15.041620
23.747786	15.086403
23.768584	15.122714
23.789328	15.165054
23.810018	15.204688
23.830652	15.247489
23.851228	15.286068
23.871752	15.329329
23.892220	15.368323
23.912632	15.415077
23.932982	15.459072
23.953274	15.503319
23.973510	15.546282
23.993688	15.595674
24.013806	15.632925
24.033874	15.679740
24.053878	15.728410
24.073828	15.766299
24.093730	15.804370
24.113582	15.847421
24.133384	15.884279
24.153134	15.927766
24.172838	15.961755
24.192492	16.002408
24.212102	16.043268
24.231660	16.081043
24.251174	16.117344
24.270642	16.157132
24.290062	16.195446
24.309438	16.237299
24.328758	16.281056
24.348026	16.326747
24.367246	16.364166
24.386418	16.412040
24.405538	16.448129
24.424616	16.486108
24.443644	16.534698
24.462624	16.569582
24.481560	16.611636
24.500450	16.652140
24.519296	16.689294
24.538098	16.724833
24.556864	16.758736
24.575590	16.794572
24.594274	16.834169
24.612916	16.870329
24.631518	16.906644
24.650078	16.944944
24.668600	16.979746
24.687080	17.022067
24.705512	17.062745
24.723904	17.101756
24.742250	17.142817
24.760556	17.185955
24.778814	17.225533
24.797034	17.259601
24.815212	17.303330
24.833350	17.339622
24.851450	17.372222
24.869514	17.414593
24.887538	17.447477
24.905522	17.486322
24.923474	17.517523
24.941394	17.542957
24.959298	17.558644
24.977190	17.560607
24.995090	17.542957
25.013020	17.507761
25.030990	17.457172
25.049020	17.397235
25.067108	17.339622
25.085250	17.286193
25.103446	17.242550
25.121684	17.212320
25.139950	17.180316
25.158250	17.154050
25.176572	17.139076
25.194920	17.105481
25.213308	17.068307
25.231736	17.029448
25.250220	16.972408
25.268760	16.912105
25.287372	16.848614
25.306052	16.783805
25.324800	16.730177
25.343606	16.680432
25.362464	16.636267
25.381366	16.601103
25.400310	16.566087
25.419292	16.536439
25.438308	16.506897
25.457360	16.470550
25.476458	16.429205
25.495612	16.381232
25.514822	16.325050
25.534102	16.265883
25.553444	16.215509
25.572852	16.160456
25.592316	16.115690
25.611834	16.077752
25.631398	16.039991
25.651006	16.000777
25.670668	15.960133
25.690378	15.913244
25.710154	15.865027
25.729992	15.809142
25.749900	15.748910
25.769882	15.696975
25.789932	15.637594
25.810050	15.595674
25.830220	15.553979
25.850442	15.515570
25.870712	15.478876
25.891034	15.445392
25.911406	15.396945
25.931840	15.351801
25.952334	15.305430
25.972902	15.248969
25.993538	15.192923
26.014254	15.140206
26.035042	15.086403
26.055896	15.041620
26.076814	14.994238
26.097796	14.948576
26.118848	14.901777
26.139964	14.853866
26.161158	14.795105
26.182430	14.740957
26.203784	14.681712
26.225220	14.631113
26.246724	14.584924
26.268296	14.541718
26.289932	14.497428
26.311634	14.458729
26.333398	14.408332
26.355244	14.356972
26.377162	14.308584
26.399162	14.250171
26.421252	14.194798
26.443424	14.143673
26.465680	14.091651
26.488012	14.040010
26.510434	13.983765
26.532938	13.934146
26.555532	13.877519
26.578218	13.821349
26.600996	13.762014
26.623870	13.705578
26.646840	13.648417
26.669900	13.598791
26.693044	13.549524
26.716270	13.501773
26.739580	13.452054
26.762980	13.404987
26.786464	13.346897
26.810056	13.289309
26.833736	13.241139
26.857514	13.183351
26.881398	13.124969
26.905380	13.075804
26.929462	13.017290
26.953648	12.960366
26.977946	12.898640
27.002360	12.836450
27.026896	12.773817
27.051546	12.715910
27.076310	12.655465
27.101190	12.598623
27.126184	12.539286
27.151294	12.486457
27.176514	12.426203
27.201850	12.371397
27.227306	12.312246
27.252878	12.260352
27.278564	12.200360
27.304378	12.140952
27.330306	12.090489
27.356364	12.023854
27.382558	11.963415
27.408888	11.901775
27.435356	11.838091
27.461966	11.774202
27.488724	11.707508
27.515632	11.641565
27.542700	11.574654
27.569920	11.507665
27.597300	11.439781
27.624840	11.375163
27.652538	11.309643
27.680394	11.248094
27.708404	11.184025
27.736572	11.120682
27.764904	11.056496
27.793394	10.999204
27.822046	10.931081
27.850874	10.864548
27.879874	10.801790
27.909060	10.728018
27.938438	10.657415
27.968014	10.589876
27.997784	10.518256
28.027756	10.444819
28.057948	10.367608
28.088360	10.290856
28.119006	10.214568
28.149874	10.140058
28.180978	10.060823
28.212322	9.985991
28.243902	9.909137
28.275724	9.837767
28.307778	9.764383
28.340070	9.692086
28.372610	9.617317
28.405406	9.544852
28.438456	9.465480
28.471784	9.388538
28.505376	9.315599
28.539252	9.233461
28.573428	9.152225
28.607916	9.068739
28.642730	8.981625
28.677876	8.895160
28.713380	8.804419
28.749246	8.713093
28.785500	8.621748
28.822130	8.530909
28.859162	8.436524
28.896608	8.345090
28.934466	8.251281
28.972752	8.162101
29.011454	8.072753
29.050590	7.982500
29.090174	7.891466
29.130220	7.801710
29.170742	7.705270
29.211782	7.606394
29.253342	7.512537
29.295454	7.409766
29.338150	7.307389
29.381466	7.202184
29.425428	7.093553
29.470076	6.980697
29.515470	6.863869
29.561638	6.745958
29.608640	6.626435
29.656498	6.505141
29.705262	6.381201
29.754978	6.259649
29.805680	6.134965
29.857422	6.012157
29.910242	5.886439
29.964204	5.759529
30.019390	5.629287
30.075886	5.497677
30.133776	5.359616
30.193204	5.218072
30.254270	5.075927
30.317130	4.925207
30.381990	4.768804
30.449072	4.605766
30.518666	4.432520
30.591112	4.249760
30.666872	4.055761
30.746448	3.852257
30.830542	3.636018
30.919976	3.407293
31.015916	3.163357
31.119954	2.903183
31.234488	2.618387
31.363498	2.302106
31.514378	1.938130
31.706092	1.485906
32.180306	0.592876
32.492054	0.580748
32.974728	1.419929
33.175236	1.855856
33.332804	2.205122
33.467452	2.508818
33.586900	2.785643
33.695236	3.041055
33.794988	3.279598
33.887884	3.501943
33.975192	3.710747
34.057796	3.907551
34.136418	4.095415
34.211580	4.273229
34.283754	4.442046
34.353306	4.600101
34.420552	4.750344
34.485746	4.893294
34.549112	5.026548
34.610830	5.158609
34.670996	5.287808
34.729754	5.410569
34.787180	5.533311
34.843358	5.653804
34.898350	5.773713
34.952226	5.892401
35.005018	6.011697
35.056780	6.129219
35.107550	6.248693
35.157370	6.365169
35.206296	6.480718
35.254362	6.593336
35.301622	6.704210
35.348118	6.810303
35.393908	6.914934
35.439030	7.013423
35.483520	7.110571
35.527416	7.205818
35.570748	7.294494
35.613556	7.385379
35.655838	7.474999
35.697640	7.559174
35.738968	7.644894
35.779842	7.727635
35.820274	7.812186
35.860274	7.897815
35.899836	7.984529
35.938972	8.071509
35.977678	8.161253
36.015968	8.249114
36.053858	8.336675
36.091348	8.422500
36.128462	8.508728
36.165202	8.592038
36.201598	8.674599
36.237660	8.751442
36.273402	8.828170
36.308838	8.904741
36.343984	8.971878
36.378866	9.043157
36.413466	9.115049
36.447812	9.181111
36.481904	9.250317
36.515742	9.317257
36.549336	9.385733
36.582688	9.454086
36.615794	9.525751
36.648654	9.596165
36.681264	9.670605
36.713630	9.742581
36.745758	9.816250
36.777646	9.887306
36.809306	9.960030
36.840738	10.028066
36.871964	10.097039
36.902984	10.159733
36.933808	10.224542
36.964436	10.290856
36.994878	10.348484
37.025148	10.409518
37.055238	10.471976
37.085166	10.525304
37.114930	10.584168
37.144532	10.640089
37.173976	10.699519
37.203262	10.755932
37.232382	10.820392
37.261340	10.878844
37.290130	10.944028
37.318756	11.005369
37.347222	11.068962
37.375524	11.130926
37.403668	11.195184
37.431652	11.256154
37.459486	11.318607
37.487178	11.375163
37.514726	11.432288
37.542138	11.490829
37.569418	11.538943
37.596580	11.594304
37.623610	11.650199
37.650522	11.700531
37.677314	11.751300
37.703986	11.803399
37.730542	11.856856
37.756984	11.907189
37.783304	11.964326
37.809504	12.017415
37.835580	12.078403
37.861528	12.134386
37.887362	12.190891
37.913070	12.247925
37.938660	12.306458
37.964130	12.359716
37.989494	12.416381
38.014744	12.467627
38.039890	12.520296
38.064926	12.576432
38.089862	12.619879
38.114710	12.669756
38.139452	12.721059
38.164114	12.761364
38.188682	12.812368
38.213158	12.856411
38.237546	12.906058
38.261846	12.952885
38.286052	13.004357
38.310162	13.055156
38.334178	13.107446
38.358098	13.160157
38.381926	13.209960
38.405658	13.264620
38.429294	13.318605
38.452836	13.370755
38.476286	13.423315
38.499654	13.468201
38.522936	13.518041
38.546136	13.567078
38.569256	13.607037
38.592304	13.654349
38.615270	13.704383
38.638162	13.743952
38.660984	13.788591
38.683734	13.829867
38.706410	13.875067
38.729020	13.916863
38.751554	13.966358
38.774010	14.012456
38.796390	14.063894
38.818690	14.110639
38.840916	14.160248
38.863064	14.207637
38.885138	14.257932
38.907134	14.305977
38.929056	14.355660
38.950908	14.400406
38.972690	14.446761
38.994400	14.494752
39.016044	14.530956
39.037636	14.572746
39.059158	14.618858
39.080624	14.655685
39.102028	14.698197
39.123374	14.736808
39.144658	14.781183
39.165888	14.818833
39.187052	14.866518
39.208156	14.906019
39.229196	14.957116
39.250170	14.998533
39.271086	15.045942
39.291930	15.093652
39.312712	15.141665
39.333428	15.185579
39.354088	15.232703
39.374684	15.272692
39.395226	15.315877
39.415706	15.362311
39.436132	15.398454
39.456508	15.437802
39.476828	15.483453
39.497098	15.518636
39.517316	15.557060
39.537484	15.592578
39.557608	15.631370
39.577682	15.670354
39.597702	15.712677
39.617670	15.755229
39.637580	15.801190
39.657434	15.845822
39.677236	15.885885
39.696984	15.929382
39.716678	15.974741
39.736316	16.018727
39.755902	16.062955
39.775438	16.102474
39.794922	16.145506
39.814354	16.187101
39.833742	16.220532
39.853088	16.257466
39.872386	16.299640
39.891646	16.330142
39.910858	16.372695
39.930024	16.406897
39.949150	16.444685
39.968240	16.472277
39.987296	16.501695
40.006328	16.515575
40.025348	16.522524
40.044374	16.503429
40.063436	16.468823
40.082542	16.417186
40.101712	16.359054
40.120950	16.299640
40.140250	16.254101
40.159606	16.208816
40.179004	16.178765
40.198438	16.152147
40.217912	16.112384
40.237430	16.079397
40.256992	16.041629
40.276616	15.982869
40.296308	15.926152
40.316072	15.861823
40.335918	15.798012
40.355844	15.734712
40.375838	15.687569
40.395894	15.640708
40.416002	15.604970
40.436154	15.572483
40.456354	15.535519
40.476596	15.501789
40.496890	15.462116
40.517242	15.412052
40.537662	15.359307
40.558160	15.296488
40.578738	15.237136
40.599392	15.182644
40.620120	15.125627
40.640922	15.080610
40.661778	15.043060
40.682696	14.998533
40.703672	14.954268
40.724718	14.901777
40.745838	14.848250
40.767042	14.786749
40.788328	14.731279
40.809694	14.674854
40.831138	14.624302
40.852654	14.575451
40.874240	14.534990
40.895884	14.492078
40.917592	14.453407
40.939362	14.407010
40.961208	14.359597
40.983130	14.302070
41.005142	14.242418
41.027246	14.187106
41.049434	14.125866
41.071718	14.070193
41.094082	14.023715
41.116530	13.970085
41.139056	13.920563
41.161672	13.864045
41.184376	13.809198
41.207180	13.746358
41.230082	13.687664
41.253086	13.625922
41.276184	13.575286
41.299368	13.523860
41.322640	13.478602
41.345986	13.431350
41.369422	13.382146
41.392942	13.329908
41.416566	13.270223
41.440300	13.206628
41.464140	13.146939
41.488086	13.091060
41.512138	13.031328
41.536296	12.979642
41.560544	12.928365
41.584912	12.863781
41.609394	12.800883
41.633998	12.733433
41.658732	12.670778
41.683588	12.607724
41.708558	12.553315
41.733638	12.500369
41.758822	12.447867
41.784116	12.392870
41.809532	12.333514
41.835064	12.272805
41.860722	12.215540
41.886502	12.155985
41.912406	12.099802
41.938436	12.041367
41.964590	11.982579
41.990876	11.922553
42.017306	11.849701
42.043894	11.783918
42.070626	11.717988
42.097518	11.649335
42.124558	11.587462
42.151748	11.520325
42.179096	11.453962
42.206610	11.385057
42.234282	11.320239
42.262118	11.252123
42.290112	11.192791
42.318256	11.130926
42.346562	11.069742
42.375020	11.006911
42.403648	10.943265
42.432446	10.874326
42.461424	10.808480
42.490588	10.738285
42.519934	10.672621
42.549464	10.606322
42.579192	10.528831
42.609134	10.457335
42.639280	10.384057
42.669650	10.307739
42.700238	10.233201
42.731052	10.158419
42.762092	10.082780
42.793372	10.006347
42.824880	9.934204
42.856624	9.860617
42.888598	9.790553
42.920808	9.716066
42.953272	9.641519
42.985982	9.565778
43.018954	9.491790
43.052184	9.415551
43.085690	9.338860
43.119482	9.257950
43.153566	9.176820
43.187956	9.094993
43.222666	9.006860
43.257712	8.922951
43.293084	8.840094
43.328812	8.749492
43.364900	8.661684
43.401356	8.573280
43.438188	8.486204
43.475408	8.396837
43.513014	8.311531
43.551014	8.224065
43.589408	8.141372
43.628204	8.054540
43.667428	7.967923
43.707076	7.878800
43.747180	7.790103
43.787752	7.697341
43.828826	7.602344
43.870424	7.504641
43.912568	7.406272
43.955282	7.306029
43.998608	7.197234
44.042586	7.091631
44.087226	6.985664
44.132580	6.871976
44.178676	6.759893
44.225552	6.646060
44.273238	6.531378
44.321794	6.412984
44.371236	6.297039
44.421616	6.177185
44.472972	6.059236
44.525342	5.940086
44.578790	5.820351
44.633342	5.698931
44.689086	5.576528
44.746100	5.447156
44.804504	5.315724
44.864418	5.177653
44.925990	5.032346
44.989404	4.882192
45.054870	4.721785
45.122624	4.558847
45.192916	4.388435
45.266088	4.208204
45.342522	4.022320
45.422640	3.830276
45.506966	3.632487
45.596168	3.426395
45.691090	3.209899
45.792966	2.978660
45.903506	2.731297
46.025260	2.462411
46.162486	2.164138
46.323516	1.814586
46.532032	1.360362
46.949430	0.635934
47.317972	0.622586
47.742720	1.320052
47.957756	1.758932
48.123930	2.095708
48.265662	2.383353
48.391490	2.642348
48.505790	2.879553
48.611220	3.100297
48.709544	3.305965
48.802018	3.502567
48.889494	3.691128
48.972646	3.874874
49.052002	4.052413
49.128002	4.224729
49.201028	4.386719
49.271458	4.541843
49.339530	4.693989
49.405490	4.837685
49.469548	4.976071
49.531880	5.109610
49.592628	5.238083
49.651924	5.361812
49.709894	5.480605
49.766624	5.596794
49.822210	5.710948
49.876698	5.822724
49.930164	5.931114
49.982656	6.041292
50.034208	6.148171
50.084872	6.256657
50.134664	6.363364
50.183626	6.470840
50.231790	6.576222
50.279188	6.683386
50.325840	6.785884
50.371802	6.887343
50.417080	6.990327
50.461718	7.087472
50.505756	7.182097
50.549222	7.275574
50.592148	7.365294
50.634546	7.453717
50.676460	7.539219
50.717900	7.622635
50.758900	7.705270
50.799458	7.787013
50.839598	7.866962
50.879324	7.949776
50.918646	8.029425
50.957572	8.114037
50.996090	8.197455
51.034218	8.283043
51.071958	8.365534
51.109330	8.450594
51.146332	8.529520
51.182994	8.609934
51.219304	8.694284
51.255282	8.771478
51.290942	8.848560
51.326298	8.924979
51.361360	8.997573
51.396136	9.069787
51.430648	9.137318
51.464898	9.205863
51.498902	9.275443
51.532646	9.344416
51.566150	9.409347
51.599416	9.478617
51.632444	9.544852
51.665240	9.616139
51.697788	9.686707
51.730102	9.757711
51.762182	9.828534
51.794030	9.902265
51.825650	9.968879
51.857060	10.036396
51.888246	10.110036
51.919226	10.172892
51.950010	10.237202
51.980600	10.304358
52.010998	10.367608
52.041206	10.431640
52.071238	10.490859
52.101096	10.551463
52.130792	10.609904
52.160316	10.671171
52.189680	10.726552
52.218882	10.789177
52.247922	10.847292
52.276800	10.912097
52.305510	10.973079
52.334054	11.037074
52.362442	11.097897
52.390670	11.161773
52.418744	11.219974
52.446668	11.281215
52.474434	11.346405
52.502054	11.404068
52.529534	11.459811
52.556880	11.519480
52.584090	11.573801
52.611168	11.628637
52.638124	11.682257
52.664952	11.734621
52.691664	11.790995
52.718248	11.844340
52.744714	11.895466
52.771064	11.950672
52.797292	12.002723
52.823408	12.058931
52.849396	12.117537
52.875258	12.176716
52.900998	12.233616
52.926620	12.292013
52.952122	12.345146
52.977516	12.398740
53.002794	12.456751
53.027962	12.507336
53.053026	12.562351
53.077982	12.615825
53.102836	12.667712
53.127586	12.716939
53.152244	12.765513
53.176808	12.812368
53.201282	12.860622
53.225662	12.912424
53.249950	12.956090
53.274150	13.008665
53.298254	13.057326
53.322268	13.108540
53.346188	13.159054
53.370012	13.213293
53.393742	13.263500
53.417382	13.318605
53.440926	13.367342
53.464384	13.417582
53.487748	13.475134
53.511022	13.520368
53.534220	13.565907
53.557338	13.615293
53.580372	13.662663
53.603326	13.709167
53.626206	13.754784
53.649006	13.799493
53.671736	13.845715
53.694388	13.893475
53.716966	13.932910
53.739476	13.981276
53.761912	14.023715
53.784272	14.075236
53.806556	14.123326
53.828756	14.175583
53.850882	14.221787
53.872934	14.274776
53.894910	14.316408
53.916818	14.363536
53.938648	14.416266
53.960408	14.458729
53.982102	14.504121
54.003730	14.551147
54.025288	14.595766
54.046780	14.636567
54.068214	14.677596
54.089588	14.718856
54.110902	14.761736
54.132150	14.807658
54.153340	14.845443
54.174470	14.889065
54.195540	14.931524
54.216552	14.974226
54.237496	15.022918
54.258376	15.067591
54.279196	15.111076
54.299952	15.165054
54.320638	15.206160
54.341270	15.248969
54.361838	15.297977
54.382350	15.336812
54.402804	15.377350
54.423206	15.422644
54.443552	15.462116
54.463840	15.506380
54.484080	15.538593
54.504280	15.566310
54.524454	15.584843
54.544614	15.584843
54.564788	15.564767
54.584998	15.530911
54.605264	15.474301
54.625608	15.415077
54.646026	15.353302
54.666518	15.305430
54.687068	15.265270
54.707670	15.237136
54.728312	15.198803
54.749004	15.167983
54.769738	15.137288
54.790530	15.084955
54.811396	15.027230
54.832346	14.967092
54.853390	14.896124
54.874520	14.832827
54.895744	14.772842
54.917042	14.721615
54.938416	14.678968
54.959844	14.640659
54.981334	14.598479
55.002886	14.555192
55.024510	14.502782
55.046216	14.449419
55.068002	14.388535
55.089878	14.332083
55.111842	14.273479
55.133890	14.226939
55.156008	14.176862
55.178204	14.132221
55.200460	14.097975
55.222782	14.050057
55.245182	14.001215
55.267668	13.946518
55.290246	13.884879
55.312922	13.820133
55.335708	13.755988
55.358594	13.696018
55.381574	13.646046
55.404638	13.596437
55.427784	13.547187
55.451018	13.498293
55.474338	13.445145
55.497758	13.387849
55.521274	13.328777
55.544896	13.269102
55.568622	13.212182
55.592446	13.163465
55.616354	13.114012
55.640358	13.063842
55.664444	13.021606
55.688624	12.963575
55.712920	12.901818
55.737330	12.839597
55.761864	12.771740
55.786516	12.712822
55.811290	12.650369
55.836176	12.594582
55.861176	12.541288
55.886286	12.482488
55.911520	12.417362
55.936884	12.354855
55.962382	12.286244
55.988016	12.227902
56.013762	12.172941
56.039626	12.119407
56.065604	12.067268
56.091698	12.015577
56.117914	11.951581
56.144272	11.887364
56.170762	11.830067
56.197392	11.765383
56.224160	11.704891
56.251070	11.648471
56.278114	11.585753
56.305304	11.522015
56.332658	11.451457
56.360174	11.380108
56.387866	11.312086
56.415718	11.244873
56.443740	11.178454
56.471924	11.115960
56.500270	11.049496
56.528790	10.983822
56.557482	10.915130
56.586346	10.851038
56.615386	10.785473
56.644598	10.725820
56.673976	10.661031
56.703540	10.593447
56.733286	10.529537
56.763228	10.455247
56.793380	10.383371
56.823738	10.315185
56.854302	10.245215
56.885074	10.172234
56.916076	10.095741
56.947314	10.017834
56.978798	9.941749
57.010516	9.866811
57.042480	9.790553
57.074692	9.716066
57.107154	9.639153
57.139878	9.564613
57.172848	9.491216
57.206070	9.420633
57.239552	9.346084
57.273302	9.274348
57.307320	9.195085
57.341638	9.115578
57.376240	9.042116
57.411142	8.961640
57.446358	8.880576
57.481908	8.797515
57.517802	8.709228
57.554058	8.620802
57.590694	8.530909
57.627712	8.441511
57.665142	8.349082
57.702976	8.258222
57.741236	8.164222
57.779928	8.076074
57.819054	7.983311
57.858636	7.893449
57.898664	7.803260
57.939152	7.715489
57.980112	7.625225
58.021568	7.534879
58.063534	7.438187
58.106056	7.340170
58.149140	7.244368
58.192828	7.140308
58.237158	7.034781
58.282162	6.929270
58.327878	6.818876
58.374344	6.705068
58.421622	6.587529
58.469746	6.470040
58.518778	6.348704
58.568752	6.226647
58.619724	6.102076
58.671744	5.979203
58.724858	5.853318
58.779124	5.728652
58.834596	5.601585
58.891354	5.471442
58.949498	5.338668
59.009134	5.203208
59.070378	5.060229
59.133408	4.914113
59.198340	4.766923
59.265390	4.611174
59.334798	4.448840
59.406870	4.278583
59.481998	4.096376
59.560666	3.902406
59.643536	3.694514
59.731390	3.473599
59.825332	3.236553
59.926738	2.983639
60.037648	2.712010
60.161216	2.415124
60.303166	2.075028
60.476370	1.664050
60.733308	1.080172
61.196030	0.464698
61.658410	1.030659
61.927748	1.597653
62.108360	1.986615
62.256578	2.311150
62.385520	2.602466
62.500968	2.871447
62.606298	3.118887
62.703798	3.346820
62.795014	3.557137
62.881100	3.755460
62.962838	3.942267
63.040880	4.119797
63.115702	4.286991
63.187708	4.446699
63.257232	4.597677
63.324570	4.738879
63.389956	4.875978
63.453550	5.008278
63.515540	5.132818
63.576042	5.255785
63.635154	5.375941
63.692960	5.495754
63.749528	5.615000
63.804892	5.735973
63.859108	5.855936
63.912212	5.977837
63.964256	6.097575
64.015304	6.215068
64.065394	6.330283
64.114596	6.442971
64.162960	6.550443
64.210552	6.655071
64.257422	6.754080
64.303608	6.851295
64.349152	6.947045
64.394088	7.036042
64.438456	7.127348
64.482262	7.217075
64.525546	7.301954
64.568324	7.386769
64.610614	7.470733
64.652426	7.556265
64.693776	7.641547
64.734650	7.730677
64.775064	7.816852
64.815028	7.906958
64.854542	7.994281
64.893632	8.081891
64.932298	8.168043
64.970564	8.253449
65.008436	8.336675
65.045942	8.418889
65.083094	8.495383
65.119908	8.572812
65.156400	8.647379
65.192586	8.715026
65.228490	8.786689
65.264094	8.860039
65.299424	8.926501
65.334482	8.996543
65.369270	9.064553
65.403794	9.134130
65.438062	9.203166
65.472062	9.277087
65.505796	9.348309
65.539264	9.425721
65.572466	9.498678
65.605418	9.571606
65.638112	9.645071
65.670564	9.718470
65.702772	9.788723
65.734756	9.858142
65.766524	9.922908
65.798078	9.989166
65.829424	10.056958
65.860572	10.113942
65.891542	10.176188
65.922318	10.238537
65.952924	10.293554
65.983358	10.352576
66.013616	10.410898
66.043702	10.471976
66.073622	10.530243
66.103364	10.594876
66.132930	10.657415
66.162318	10.722159
66.191530	10.786955
66.220570	10.851038
66.249434	10.915888
66.278128	10.982286
66.306652	11.044058
66.335020	11.108099
66.363230	11.166534
66.391292	11.223982
66.419210	11.282835
66.446988	11.334942
66.474638	11.390836
66.502146	11.448953
66.529530	11.499241
66.556786	11.552521
66.583920	11.603726
66.610930	11.657116
66.637822	11.709253
66.664584	11.768909
66.691218	11.821164
66.717724	11.882868
66.744100	11.939771
66.770352	11.996306
66.796476	12.053379
66.822478	12.111931
66.848352	12.169169
66.874114	12.225047
66.899756	12.277601
66.925290	12.331577
66.950708	12.387984
66.976022	12.431120
67.001246	12.481496
67.026360	12.534283
67.051384	12.577439
67.076312	12.627995
67.101144	12.674867
67.125878	12.724150
67.150526	12.771740
67.175072	12.825968
67.199518	12.875380
67.223866	12.929429
67.248112	12.983934
67.272262	13.037818
67.296304	13.092151
67.320254	13.145839
67.344102	13.198860
67.367858	13.251192
67.391526	13.299435
67.415104	13.346897
67.438596	13.400412
67.462002	13.442844
67.485334	13.489020
67.508578	13.540180
67.531748	13.579980
67.554844	13.625922
67.577864	13.667418
67.600810	13.712757
67.623686	13.757193
67.646478	13.806771
67.669194	13.854263
67.691828	13.905775
67.714382	13.952712
67.736860	14.002463
67.759254	14.051313
67.781574	14.101771
67.803810	14.151318
67.825972	14.202498
67.848060	14.246294
67.870076	14.294261
67.892016	14.342552
67.913892	14.377998
67.935712	14.420236
67.957458	14.469384
67.979146	14.506800
68.000768	14.549799
68.022330	14.591698
68.043828	14.632476
68.065274	14.669372
68.086668	14.702324
68.108028	14.717477
68.129370	14.724375
68.150722	14.707831
68.172116	14.669372
68.193568	14.618858
68.215104	14.560589
68.236720	14.502782
68.258416	14.454738
68.280184	14.410975
68.302012	14.374051
68.323896	14.338625
68.345842	14.290360
68.367870	14.237255
68.389984	14.178142
68.412200	14.105570
68.434526	14.037501
68.456960	13.968842
68.479492	13.913165
68.502114	13.860375
68.524812	13.821349
68.547578	13.777707
68.570414	13.736741
68.593326	13.687664
68.616328	13.631835
68.639424	13.571767
68.662624	13.512226
68.685924	13.453206
68.709322	13.398126
68.732820	13.344629
68.756400	13.299435
68.780064	13.252310
68.803820	13.197751
68.827680	13.138143
68.851644	13.081249
68.875728	13.009743
68.899940	12.942212
68.924270	12.878547
68.948720	12.819688
68.973276	12.766550
68.997932	12.717969
69.022686	12.664648
69.047544	12.612786
69.072512	12.551309
69.097612	12.487450
69.122826	12.427186
69.148168	12.367501
69.173622	12.313211
69.199194	12.261309
69.224876	12.204151
69.250680	12.146585
69.276612	12.085838
69.302686	12.010983
69.328918	11.943403
69.355294	11.876579
69.381822	11.809611
69.408492	11.747785
69.435306	11.685734
69.462262	11.622614
69.489374	11.555921
69.516640	11.487468
69.544068	11.420651
69.571648	11.359534
69.599378	11.298255
69.627256	11.242459
69.655270	11.184025
69.683440	11.123044
69.711770	11.055717
69.740276	10.987663
69.768962	10.917406
69.797824	10.851038
69.826864	10.786955
69.856084	10.715576
69.885498	10.646579
69.915108	10.574905
69.944932	10.494363
69.974976	10.419185
70.005234	10.345076
70.035704	10.274701
70.066396	10.200639
70.097300	10.130248
70.128432	10.053096
70.159790	9.983452
70.191370	9.911638
70.223182	9.842699
70.255210	9.772888
70.287478	9.701663
70.319986	9.626157
70.352756	9.548914
70.385794	9.471187
70.419096	9.395839
70.452672	9.320021
70.486540	9.232918
70.520724	9.147961
70.555222	9.065076
70.590048	8.979058
70.625198	8.897175
70.660682	8.810345
70.696518	8.723254
70.732718	8.635494
70.769274	8.552275
70.806188	8.469274
70.843464	8.387422
70.881112	8.302745
70.919152	8.217181
70.957582	8.131678
70.996426	8.046288
71.035690	7.956219
71.075416	7.863024
71.115624	7.766223
71.156326	7.671402
71.197542	7.575944
71.239302	7.471088
71.281644	7.369441
71.324576	7.267495
71.368134	7.160488
71.412354	7.051202
71.457262	6.940599
71.502882	6.832520
71.549240	6.724587
71.596346	6.615829
71.644242	6.504602
71.692958	6.394709
71.742530	6.282180
71.793012	6.168210
71.844432	6.052232
71.896856	5.936270
71.950342	5.814319
72.004982	5.688612
72.060864	5.559947
72.118080	5.426269
72.176756	5.287096
72.237032	5.141050
72.299076	4.992043
72.363028	4.838579
72.429122	4.675963
72.497592	4.508341
72.568700	4.334905
72.642754	4.157856
72.720100	3.975492
72.801112	3.790074
72.886270	3.599359
72.976172	3.402643
73.071646	3.194493
73.173936	2.969875
73.284826	2.723059
73.407128	2.450196
73.545588	2.140283
73.709944	1.770051
73.931944	1.268469
74.466416	0.370655
75.002408	1.223838
75.232446	1.704867
75.402858	2.067136
75.546130	2.371658
75.672554	2.633929
75.787266	2.868615
75.893202	3.082894
75.992132	3.283231
76.085280	3.474291
76.173482	3.660591
76.257358	3.840108
76.337450	4.015020
76.414168	4.182767
76.487904	4.345699
76.558972	4.502139
76.627648	4.654349
76.694148	4.798962
76.758694	4.940543
76.821408	5.082332
76.882442	5.217033
76.941936	5.348120
77.000018	5.474684
77.056796	5.595997
77.112366	5.713441
77.166838	5.824883
77.220278	5.933803
77.272768	6.040595
77.324338	6.144804
77.375050	6.246953
77.424934	6.350244
77.474024	6.450644
77.522346	6.554817
77.569906	6.657045
77.616736	6.760475
77.662862	6.863269
77.708302	6.967382
77.753078	7.066428
77.797236	7.164081
77.840788	7.263798
77.883772	7.356326
77.926214	7.448415
77.968144	7.539219
78.009582	7.626706
78.050548	7.710944
78.091080	7.792808
78.131184	7.873666
78.170894	7.952594
78.210202	8.031888
78.249132	8.108173
78.287688	8.188481
78.325872	8.266914
78.363692	8.348638
78.401140	8.429732
78.438226	8.512417
78.474960	8.592508
78.511352	8.676036
78.547400	8.752905
78.583136	8.831645
78.618542	8.914343
78.653640	8.988306
78.688448	9.063507
78.722970	9.138913
78.757220	9.208561
78.791204	9.279827
78.824938	9.347196
78.858422	9.415551
78.891676	9.482622
78.924688	9.549494
78.957478	9.613197
78.990044	9.680737
79.022386	9.746208
79.054510	9.815637
79.086404	9.883573
79.118074	9.954980
79.149526	10.022947
79.180762	10.094443
79.211784	10.159733
79.242610	10.223876
79.273230	10.295578
79.303652	10.358037
79.333888	10.422642
79.363936	10.490158
79.393800	10.550754
79.423488	10.612772
79.453012	10.671171
79.482366	10.730216
79.511570	10.788436
79.540606	10.849539
79.569488	10.906036
79.598214	10.966185
79.626786	11.024679
79.655202	11.087713
79.683458	11.149097
79.711558	11.211165
79.739504	11.270692
79.767300	11.337397
79.794942	11.392489
79.822446	11.453127
79.849798	11.516946
79.877012	11.572949
79.904092	11.628637
79.931046	11.685734
79.957870	11.738128
79.984568	11.795422
80.011148	11.844340
80.037610	11.898169
80.063958	11.951581
80.090184	12.004557
80.116302	12.053379
80.142308	12.107263
80.168200	12.158807
80.193980	12.215540
80.219638	12.271846
80.245176	12.329641
80.270600	12.384077
80.295910	12.444908
80.321104	12.493409
80.346196	12.547299
80.371172	12.608736
80.396038	12.658525
80.420806	12.710765
80.445472	12.764475
80.470038	12.815504
80.494502	12.864835
80.518880	12.911362
80.543162	12.960366
80.567360	13.009743
80.591462	13.058412
80.615476	13.106352
80.639402	13.154646
80.663240	13.202188
80.686992	13.253428
80.710650	13.303941
80.734216	13.357112
80.757690	13.408419
80.781074	13.464738
80.804366	13.511064
80.827572	13.563564
80.850690	13.615293
80.873726	13.661474
80.896684	13.705578
80.919566	13.754784
80.942370	13.801918
80.965090	13.849377
80.987744	13.889790
81.010332	13.925499
81.032878	13.950234
81.055392	13.960152
81.077910	13.946518
81.100468	13.915630
81.123090	13.860375
81.145808	13.801918
81.168618	13.740346
81.191524	13.686471
81.214512	13.642490
81.237574	13.608216
81.260692	13.565907
81.283892	13.521532
81.307164	13.478602
81.330530	13.411854
81.354018	13.342362
81.377626	13.274709
81.401350	13.207738
81.425188	13.146939
81.449132	13.094334
81.473164	13.047565
81.497290	12.998977
81.521506	12.949681
81.545828	12.884885
81.570274	12.818641
81.594848	12.748935
81.619556	12.684079
81.644378	12.623936
81.669308	12.577439
81.694334	12.528285
81.719456	12.486457
81.744670	12.432104
81.770004	12.372372
81.795458	12.312246
81.821052	12.239336
81.846786	12.174828
81.872654	12.113799
81.898652	12.057080
81.924766	12.000889
81.951008	11.944311
81.977380	11.880172
82.003904	11.813163
82.030580	11.740760
82.057418	11.669239
82.084416	11.602868
82.111562	11.540639
82.138850	11.488308
82.166262	11.431456
82.193816	11.372693
82.221522	11.306387
82.249390	11.243263
82.277418	11.172093
82.305622	11.106529
82.333974	11.051828
82.362482	10.989969
82.391152	10.926519
82.419998	10.858540
82.449036	10.783252
82.478268	10.708271
82.507710	10.633606
82.537346	10.564237
82.567184	10.496467
82.597212	10.428870
82.627446	10.353258
82.657904	10.278735
82.688580	10.201301
82.719484	10.131555
82.750592	10.064691
82.781904	10.001250
82.813424	9.934204
82.845164	9.864952
82.877136	9.787503
82.909360	9.711260
82.941820	9.644479
82.974516	9.572190
83.007466	9.498678
83.040678	9.422893
83.074170	9.339971
83.107958	9.255768
83.142054	9.172533
83.176454	9.090783
83.211174	9.009959
83.246212	8.923458
83.281596	8.834128
83.317330	8.749492
83.353408	8.665506
83.389834	8.586402
83.426600	8.503201
83.463730	8.419340
83.501232	8.334906
83.539110	8.255617
83.577360	8.171442
83.616012	8.086468
83.655066	8.002019
83.694560	7.909347
83.734510	7.818408
83.774934	7.728015
83.815852	7.631152
83.857294	7.530906
83.899298	7.429392
83.941874	7.327843
83.985064	7.224377
84.028878	7.117982
84.073360	7.008416
84.118528	6.903082
84.164402	6.795571
84.211004	6.690218
84.258346	6.582284
84.306460	6.477511
84.355374	6.370331
84.405126	6.262644
84.455754	6.149375
84.507330	6.035489
84.559890	5.921947
84.613506	5.800149
84.668272	5.676073
84.724284	5.546989
84.781658	5.409823
84.840524	5.268300
84.901034	5.120937
84.963336	4.968830
85.027618	4.812784
85.094042	4.652557
85.162834	4.487348
85.234220	4.321429
85.308460	4.149837
85.385894	3.974285
85.466906	3.791630
85.552022	3.601505
85.641924	3.401538
85.737514	3.189499
85.840074	2.958575
85.951534	2.706823
86.074732	2.429918
86.214802	2.112307
86.382834	1.725467
86.619226	1.182374
87.112498	0.416266
87.607166	1.147036
87.851008	1.666627
88.024996	2.038910
88.170182	2.343598
88.298062	2.604494
88.413980	2.841990
88.520800	3.059953
88.620472	3.260808
88.714272	3.450707
88.803116	3.631983
88.887688	3.806976
88.968526	3.975089
89.046024	4.139557
89.120540	4.299547
89.192338	4.457804
89.261654	4.612257
89.328718	4.763887
89.393692	4.910734
89.456782	5.054042
89.518132	5.191514
89.577918	5.323831
89.636278	5.447534
89.693340	5.567041
89.749214	5.682232
89.803998	5.789247
89.857776	5.896383
89.910588	6.002737
89.962504	6.103735
90.013562	6.204022
90.063800	6.303609
90.113250	6.403572
90.161940	6.503255
90.209874	6.605813
90.257074	6.707359
90.303556	6.811484
90.349336	6.914325
90.394454	7.015616
90.438920	7.115081
90.482776	7.213760
90.526046	7.308069
90.568770	7.401387
90.610972	7.489612
90.652678	7.576675
90.693914	7.662795
90.734706	7.740582
90.775084	7.821522
90.815046	7.902185
90.854622	7.976420
90.893820	8.053714
90.932644	8.129574
90.971102	8.207306
91.009208	8.284354
91.046942	8.366425
91.084318	8.445596
91.121332	8.529056
91.157996	8.608990
91.194320	8.690917
91.230298	8.772458
91.265950	8.853048
91.301278	8.931576
91.336308	9.007893
91.371048	9.080272
91.405514	9.151158
91.439710	9.223160
91.473656	9.286410
91.507364	9.354990
91.540820	9.424024
91.574054	9.485485
91.607060	9.551236
91.639844	9.613197
91.672414	9.678351
91.704770	9.741977
91.736902	9.811345
91.768816	9.877359
91.800504	9.950566
91.831968	10.019112
91.863222	10.087313
91.894256	10.157105
91.925084	10.225207
91.955706	10.292879
91.986132	10.360087
92.016366	10.424025
92.046410	10.488758
92.076276	10.550754
92.105972	10.607038
92.135508	10.666823
92.164880	10.725088
92.194102	10.778073
92.223168	10.838310
92.252082	10.893178
92.280842	10.951658
92.309458	11.007683
92.337918	11.068962
92.366228	11.126196
92.394384	11.188805
92.422388	11.248094
92.450244	11.308829
92.477950	11.368577
92.505510	11.430624
92.532924	11.488308
92.560200	11.549124
92.587342	11.602011
92.614356	11.657981
92.641236	11.716240
92.667994	11.764502
92.694634	11.822054
92.721146	11.876579
92.747550	11.923458
92.773840	11.975271
92.800018	12.025695
92.826086	12.076546
92.852046	12.127828
92.877888	12.185217
92.903614	12.239336
92.929220	12.297787
92.954708	12.352912
92.980088	12.408534
93.005344	12.465648
93.030490	12.522292
93.055518	12.579453
93.080442	12.635106
93.105256	12.686128
93.129968	12.739630
93.154578	12.792543
93.179092	12.836450
93.203524	12.884885
93.227852	12.936883
93.252100	12.979642
93.276260	13.028086
93.300326	13.076892
93.324308	13.122776
93.348212	13.166776
93.372038	13.205518
93.395812	13.226645
93.419556	13.240023
93.443300	13.226645
93.467088	13.194425
93.490946	13.143639
93.514902	13.085608
93.538962	13.024845
93.563132	12.973210
93.587394	12.924110
93.611740	12.881715
93.636176	12.835401
93.660710	12.774856
93.685370	12.708708
93.710154	12.641207
93.735086	12.563355
93.760160	12.494403
93.785364	12.430136
93.810692	12.377246
93.836128	12.324804
93.861668	12.276642
93.887322	12.219341
93.913096	12.158807
93.939006	12.091420
93.965062	12.024775
93.991254	11.960682
94.017578	11.908091
94.044018	11.854172
94.070580	11.802512
94.097268	11.743394
94.124096	11.678783
94.151076	11.611445
94.178224	11.532166
94.205550	11.461484
94.233032	11.398275
94.260678	11.332489
94.288474	11.272309
94.316426	11.205567
94.344546	11.138820
94.372850	11.063504
94.401336	10.993046
94.430004	10.923479
94.458842	10.863045
94.487842	10.802533
94.517006	10.744161
94.546332	10.680603
94.575842	10.614206
94.605542	10.540135
94.635452	10.468486
94.665566	10.397805
94.695874	10.331468
94.726382	10.266643
94.757098	10.188729
94.788050	10.113291
94.819236	10.034473
94.850680	9.950566
94.882372	9.873633
94.914312	9.797270
94.946498	9.725089
94.978936	9.646848
95.011634	9.569857
95.044604	9.488350
95.077840	9.415551
95.111332	9.342749
95.145092	9.272158
95.179110	9.197777
95.213414	9.120871
95.248012	9.038994
95.282926	8.959085
95.318156	8.877063
95.353708	8.797515
95.389594	8.713093
95.425848	8.618910
95.462490	8.529983
95.499508	8.442872
95.536926	8.351302
95.574754	8.260827
95.613006	8.165920
95.651704	8.070265
95.690864	7.976420
95.730466	7.889484
95.770522	7.798224
95.811046	7.707917
95.852054	7.614136
95.893570	7.522611
95.935588	7.431149
95.978138	7.338112
96.021244	7.239360
96.064950	7.138685
96.109286	7.036042
96.154274	6.932940
96.199960	6.823319
96.246406	6.705927
96.293664	6.592229
96.341746	6.477244
96.390734	6.353583
96.440666	6.232329
96.491584	6.109195
96.543558	5.983302
96.596672	5.851355
96.650980	5.720307
96.706564	5.587636
96.763478	5.455101
96.821804	5.320585
96.881640	5.185344
96.943082	5.045114
97.006288	4.901081
97.071414	4.752069
97.138690	4.594987
97.208346	4.432770
97.280680	4.262908
97.356054	4.083278
97.434948	3.891770
97.517952	3.691561
97.605746	3.480295
97.699358	3.251762
97.800078	3.009188
97.909758	2.747685
98.031218	2.463028
98.169278	2.142940
98.333660	1.767561
98.553550	1.279629
98.894308	0.678310
99.365618	0.660212
99.715300	1.234117
99.943376	1.704257
100.113954	2.063552
100.257376	2.369618
100.383654	2.641681
100.497744	2.892225
100.602542	3.125279
100.699948	3.344326
100.791314	3.547417
100.877712	3.738033
100.959854	3.921207
101.038354	4.092854
101.113684	4.256324
101.186240	4.411854
101.256324	4.559906
101.324200	4.702279
101.390102	4.837387
101.454204	4.967887
101.516674	5.095356
101.577604	5.220153
101.637114	5.340665
101.695290	5.462879
101.752188	5.582275
101.807888	5.702448
101.862426	5.820135
101.915874	5.937841
101.968284	6.052932
102.019716	6.167483
102.070208	6.278163
102.119828	6.387168
102.168596	6.498144
102.216568	6.602204
102.263794	6.704210
102.310316	6.804697
102.356172	6.900353
102.401398	6.993439
102.446036	7.084275
102.490102	7.174224
102.533634	7.262455
102.576636	7.349442
102.619138	7.435018
102.661146	7.522971
102.702672	7.607867
102.743736	7.696209
102.784324	7.783926
102.824456	7.872482
102.864144	7.959444
102.903402	8.049174
102.942232	8.132099
102.980674	8.214173
103.018718	8.301429
103.056382	8.381604
103.093686	8.462430
103.130642	8.542043
103.167262	8.618437
103.203554	8.693803
103.239544	8.765115
103.275238	8.837607
103.310650	8.908276
103.345772	8.981111
103.380620	9.048887
103.415200	9.121930
103.449508	9.192394
103.483550	9.266688
103.517320	9.338860
103.550828	9.412166
103.584076	9.485485
103.617072	9.559956
103.649812	9.630288
103.682318	9.700465
103.714580	9.775321
103.746608	9.843316
103.778420	9.907887
103.810024	9.975210
103.841420	10.038962
103.872612	10.104183
103.903610	10.166309
103.934416	10.227870
103.965044	10.290856
103.995482	10.351211
104.025744	10.409518
104.055836	10.472674
104.085746	10.533067
104.115482	10.598450
104.145034	10.662478
104.174404	10.729483
104.203600	10.792142
104.232626	10.858540
104.261476	10.918165
104.290172	10.979215
104.318696	11.046388
104.347064	11.104958
104.375276	11.164947
104.403342	11.225587
104.431260	11.282025
104.459034	11.339034
104.486678	11.391662
104.514186	11.446450
104.541570	11.501767
104.568818	11.556771
104.595938	11.611445
104.622932	11.665773
104.649798	11.719737
104.676542	11.775968
104.703154	11.833632
104.729636	11.892764
104.755986	11.950672
104.782210	12.012820
104.808302	12.067268
104.834276	12.123148
104.860126	12.183327
104.885858	12.233616
104.911484	12.286244
104.936998	12.342236
104.962400	12.394826
104.987692	12.446881
105.012888	12.492416
105.037998	12.529284
105.063058	12.553315
105.088078	12.560342
105.113118	12.539286
105.138214	12.503354
105.163404	12.441951
105.188718	12.381149
105.214154	12.319971
105.239704	12.267054
105.265364	12.219341
105.291122	12.176716
105.316982	12.121277
105.342968	12.060783
105.369082	11.999972
105.395348	11.922553
105.421774	11.853277
105.448348	11.790110
105.475064	11.729363
105.501908	11.675311
105.528886	11.616598
105.556002	11.554221
105.583280	11.484948
105.610726	11.409038
105.638354	11.331672
105.666160	11.263418
105.694130	11.198377
105.722254	11.144351
105.750516	11.087713
105.778922	11.030873
105.807494	10.962358
105.836246	10.894689
105.865180	10.819647
105.894308	10.750779
105.923606	10.692236
105.953078	10.627851
105.982730	10.564237
106.012566	10.497169
106.042608	10.420567
106.072872	10.340309
106.103370	10.261948
106.134090	10.188729
106.165032	10.119154
106.196186	10.049881
106.227568	9.973310
106.259192	9.896027
106.291070	9.814410
106.323202	9.740768
106.355566	9.671796
106.388160	9.604380
106.420990	9.535581
106.454070	9.462628
106.487410	9.382370
106.521036	9.304563
106.554924	9.234003
106.589088	9.158628
106.623536	9.082373
106.658286	9.002730
106.693360	8.913837
106.728776	8.826682
106.764544	8.740729
106.800654	8.657387
106.837134	8.570941
106.873978	8.483454
106.911222	8.387422
106.948880	8.297920
106.986942	8.209880
107.025406	8.126630
107.064276	8.040110
107.103568	7.950984
107.143306	7.861057
107.183490	7.776989
107.224126	7.686042
107.265250	7.594992
107.306868	7.503207
107.349014	7.405923
107.391710	7.311130
107.434974	7.215417
107.478844	7.110893
107.523368	7.002168
107.568592	6.893086
107.614532	6.784418
107.661240	6.672598
107.708740	6.557006
107.757090	6.439801
107.806312	6.326968
107.856440	6.209908
107.907526	6.093081
107.959594	5.975109
108.012696	5.859213
108.066882	5.739746
108.122212	5.620023
108.178750	5.495754
108.236610	5.368225
108.295864	5.238956
108.356648	5.102805
108.419108	4.962081
108.483422	4.814111
108.549802	4.659043
108.618478	4.496855
108.689768	4.325475
108.763982	4.148960
108.841552	3.963055
108.922924	3.769519
109.008736	3.566020
109.099718	3.354897
109.196856	3.131884
109.301504	2.895264
109.415624	2.639195
109.542280	2.359332
109.686784	2.043977
109.860392	1.669391
110.103892	1.148596
110.619856	0.397158
111.136980	1.097461
111.391844	1.596224
111.573482	1.952634
111.724778	2.252458
111.857438	2.519563
111.976936	2.765486
112.086456	2.993875
112.188028	3.209768
112.283088	3.414775
112.372662	3.612687
112.457536	3.801632
112.538366	3.982850
112.615654	4.155436
112.689850	4.321310
112.761300	4.479287
112.830332	4.630066
112.897210	4.771991
112.962154	4.907512
113.025364	5.038156
113.086996	5.159456
113.147206	5.279988
113.206064	5.398111
113.263690	5.509633
113.320148	5.621431
113.375500	5.731369
113.429792	5.843084
113.483072	5.953143
113.535362	6.064617
113.586706	6.174757
113.637130	6.287712
113.686672	6.396792
113.735380	6.506218
113.783276	6.613322
113.830410	6.719409
113.876816	6.821838
113.922544	6.921637
113.967634	7.016242
114.012126	7.107676
114.056052	7.198223
114.099446	7.281644
114.142342	7.367367
114.184734	7.454424
114.226660	7.535241
114.268128	7.617090
114.309158	7.697341
114.349752	7.780071
114.389928	7.861057
114.429676	7.946961
114.469002	8.031067
114.507910	8.118230
114.546408	8.203020
114.584516	8.287851
114.622230	8.371330
114.659576	8.455142
114.696554	8.536009
114.733190	8.616546
114.769498	8.691398
114.805486	8.768051
114.841168	8.842085
114.876564	8.909287
114.911692	8.979058
114.946542	9.048887
114.981142	9.113462
115.015486	9.181648
115.049578	9.248139
115.083422	9.316704
115.117024	9.383491
115.150378	9.454655
115.183484	9.524018
115.216342	9.598511
115.248952	9.669414
115.281324	9.741977
115.313454	9.813184
115.345350	9.886062
115.377018	9.954980
115.408468	10.024866
115.439712	10.087960
115.470754	10.153166
115.501596	10.219885
115.532248	10.276718
115.562726	10.340990
115.593014	10.403314
115.623136	10.458728
115.653090	10.517552
115.682876	10.574905
115.712502	10.634326
115.741964	10.692236
115.771260	10.755932
115.800384	10.817412
115.829338	10.883367
115.858122	10.944790
115.886746	11.009226
115.915200	11.070522
115.943494	11.137240
115.971626	11.196780
115.999606	11.260189
116.027440	11.317792
116.055124	11.375987
116.082672	11.435617
116.110080	11.485788
116.137370	11.540639
116.164524	11.596872
116.191560	11.646744
116.218470	11.700531
116.245258	11.753938
116.271924	11.808723
116.298482	11.853277
116.324942	11.895466
116.351332	11.918934
116.377682	11.928891
116.404048	11.908091
116.430484	11.868503
116.457016	11.812275
116.483682	11.752180
116.510482	11.689212
116.537420	11.636390
116.564486	11.580628
116.591678	11.525397
116.619012	11.464830
116.646508	11.387533
116.674190	11.312086
116.702054	11.236025
116.730106	11.162566
116.758332	11.097897
116.786718	11.034748
116.815266	10.974613
116.843986	10.906036
116.872884	10.837563
116.901976	10.761827
116.931262	10.691508
116.960736	10.624257
116.990392	10.563526
117.020212	10.505593
117.050206	10.444819
117.080386	10.375826
117.110778	10.300304
117.141398	10.220550
117.172250	10.145952
117.203318	10.076959
117.234610	10.001887
117.266134	9.931064
117.297890	9.855668
117.329914	9.769849
117.362208	9.684915
117.394782	9.603206
117.427620	9.528640
117.460724	9.454086
117.494084	9.381809
117.527718	9.300156
117.561642	9.222077
117.595852	9.143168
117.630356	9.069263
117.665130	8.997058
117.700198	8.922951
117.735570	8.841587
117.771278	8.756320
117.807340	8.668854
117.843752	8.586402
117.880516	8.505964
117.917654	8.413929
117.955206	8.321218
117.993176	8.226649
118.031600	8.127892
118.070468	8.037230
118.109788	7.943746
118.149578	7.848096
118.189870	7.748983
118.230660	7.654207
118.271958	7.560993
118.313756	7.472155
118.356076	7.376709
118.398952	7.280294
118.442388	7.184396
118.486410	7.090351
118.531036	6.991571
118.576320	6.886739
118.622314	6.777393
118.669050	6.668349
118.716566	6.558101
118.764922	6.437954
118.814186	6.319078
118.864384	6.199615
118.915594	6.074702
118.967878	5.946382
119.021308	5.815395
119.075944	5.686552
119.131862	5.555228
119.189108	5.423271
119.247776	5.289945
119.307934	5.158100
119.369686	5.021085
119.433166	4.882192
119.498494	4.740023
119.565868	4.592435
119.635502	4.437278
119.707708	4.273462
119.782840	4.099690
119.861340	3.915440
119.943800	3.718389
120.030948	3.505929
120.123758	3.282682
120.223446	3.042528
120.331914	2.780023
120.451982	2.491824
120.588466	2.166944
120.751146	1.785503
120.969758	1.286220
121.535984	0.344298
122.103608	1.237500
122.330864	1.716173
122.500126	2.082345
122.642168	2.394032
122.767166	2.669924
122.880126	2.920836
122.983984	3.150287
123.080694	3.364094
123.171512	3.568532
123.257412	3.758965
123.339162	3.938017
123.417368	4.106335
123.492502	4.264760
123.564940	4.415698
123.635006	4.558053
123.702934	4.696094
123.768932	4.829801
123.833132	4.961141
123.895676	5.088094
123.956680	5.215474
124.016216	5.340665
124.074382	5.465921
124.131228	5.589227
124.186836	5.712402
124.241272	5.832886
124.294602	5.953143
124.346884	6.066959
124.398204	6.179129
124.448588	6.293002
124.498104	6.399398
124.546802	6.504871
124.594730	6.607758
124.641932	6.707072
124.688444	6.802340
124.734326	6.894296
124.779592	6.985974
124.824286	7.075978
124.868404	7.166369
124.911980	7.253065
124.955026	7.344288
124.997550	7.432204
125.039568	7.524412
125.081076	7.612660
125.122100	7.703381
125.162650	7.792422
125.202738	7.883941
125.242374	7.969136
125.281588	8.055366
125.320374	8.143905
125.358762	8.225787
125.396772	8.305379
125.434422	8.385183
125.471722	8.461975
125.508678	8.539257
125.545316	8.612294
125.581638	8.685151
125.617662	8.758762
125.653384	8.831148
125.688820	8.899696
125.723976	8.973415
125.758848	9.044198
125.793442	9.119811
125.827750	9.195085
125.861776	9.269422
125.895534	9.344416
125.929022	9.420068
125.962250	9.489496
125.995236	9.559956
126.027964	9.636787
126.060450	9.705860
126.092704	9.774713
126.124736	9.843316
126.156550	9.908511
126.188152	9.972677
126.219558	10.034473
126.250766	10.097688
126.281788	10.159076
126.312614	10.223211
126.343256	10.282099
126.373718	10.344395
126.403998	10.406070
126.434096	10.471277
126.464004	10.535893
126.493728	10.602027
126.523272	10.665374
126.552636	10.735349
126.581814	10.796593
126.610834	10.858540
126.639672	10.925759
126.668354	10.983822
126.696878	11.042505
126.725250	11.104958
126.753468	11.164153
126.781538	11.219974
126.809478	11.269883
126.837306	11.310457
126.865058	11.335760
126.892772	11.342309
126.920502	11.321055
126.948306	11.282025
126.976230	11.221577
127.004308	11.160187
127.032536	11.096329
127.060920	11.037849
127.089458	10.979215
127.118154	10.921201
127.147010	10.853288
127.176056	10.780292
127.205288	10.712653
127.234718	10.637927
127.264342	10.569923
127.294154	10.507702
127.324154	10.439266
127.354348	10.370346
127.384760	10.292205
127.415404	10.210585
127.446294	10.132209
127.477414	10.056958
127.508762	9.984721
127.540338	9.915392
127.572140	9.842082
127.604184	9.769849
127.636470	9.690890
127.669012	9.615550
127.701806	9.543113
127.734846	9.476329
127.768124	9.404277
127.801670	9.328877
127.835484	9.253042
127.869594	9.168250
127.904012	9.087101
127.938734	9.009443
127.973764	8.930561
128.009106	8.848061
128.044798	8.758273
128.080856	8.666462
128.117300	8.576557
128.154112	8.490791
128.191306	8.403126
128.228888	8.317253
128.266872	8.225787
128.305276	8.136312
128.344094	8.049587
128.383328	7.965095
128.422984	7.879590
128.463084	7.793581
128.503640	7.699605
128.544690	7.607499
128.586220	7.521530
128.628258	7.427284
128.670844	7.329894
128.714016	7.227036
128.757808	7.122824
128.802238	7.019378
128.847350	6.912195
128.893174	6.800867
128.939770	6.686516
128.987160	6.574020
129.035374	6.459132
129.084464	6.343576
129.134464	6.224673
129.185412	6.110384
129.237320	5.995635
129.290244	5.879389
129.344238	5.759529
129.399366	5.641823
129.455688	5.517761
129.513324	5.388112
129.572346	5.259832
129.632874	5.125616
129.695054	4.985072
129.759058	4.838132
129.825094	4.684330
129.893410	4.520667
129.964334	4.347142
130.038202	4.167563
130.115478	3.976196
130.196664	3.775590
130.282490	3.561089
130.373842	3.334741
130.471956	3.092058
130.578584	2.829601
130.696344	2.542729
130.829536	2.225460
130.986402	1.859283
131.188894	1.401208
131.635142	0.610414
131.990850	0.582415
132.455068	1.290309
132.674826	1.717675
132.844756	2.053731
132.989148	2.343528
133.116950	2.606006
133.232722	2.847399
133.339196	3.074206
133.438214	3.288249
133.531060	3.493531
133.618698	3.688614
133.701900	3.875352
133.781244	4.052831
133.857248	4.223138
133.930300	4.385005
134.000774	4.538955
134.068954	4.683631
134.135096	4.821500
134.199408	4.953631
134.262066	5.077239
134.323220	5.200968
134.382948	5.322027
134.441384	5.435093
134.498624	5.545031
134.554760	5.650143
134.609864	5.753622
134.664000	5.855281
134.717184	5.960145
134.769450	6.063680
134.820816	6.169663
134.871310	6.274902
134.920972	6.380164
134.969810	6.485802
135.017862	6.591952
135.065152	6.695922
135.111724	6.798513
135.157618	6.895204
135.202872	6.990638
135.247526	7.082997
135.291614	7.168985
135.335176	7.256081
135.378218	7.342572
135.420778	7.423423
135.462862	7.507151
135.504486	7.588388
135.545660	7.671028
135.586400	7.754338
135.626690	7.840653
135.666548	7.924110
135.705976	8.012632
135.744976	8.098141
135.783572	8.184215
135.821756	8.269961
135.859554	8.354855
135.896970	8.437883
135.934032	8.517956
135.970754	8.594858
136.007144	8.671247
136.043220	8.747543
136.078990	8.816773
136.114480	8.889120
136.149676	8.962663
136.184606	9.028084
136.219274	9.096574
136.253680	9.164506
136.287832	9.232375
136.321738	9.300707
136.355384	9.373412
136.388776	9.444422
136.421906	9.519978
136.454784	9.590892
136.487424	9.662277
136.519812	9.734732
136.551968	9.807669
136.583884	9.877359
136.615580	9.948675
136.647058	10.013363
136.678330	10.079545
136.709398	10.145952
136.740274	10.203289
136.770970	10.265301
136.801480	10.328750
136.831818	10.385430
136.861976	10.447598
136.891960	10.506999
136.921774	10.567790
136.951436	10.619229
136.980960	10.665374
137.010384	10.692236
137.039760	10.702435
137.069146	10.684962
137.098614	10.644415
137.128208	10.588448
137.157968	10.526009
137.187908	10.458728
137.218042	10.393676
137.248370	10.326713
137.278896	10.256587
137.309640	10.184105
137.340614	10.099636
137.371842	10.021669
137.403310	9.945526
137.435026	9.866191
137.466988	9.792995
137.499198	9.714263
137.531668	9.636196
137.564416	9.554141
137.597428	9.476901
137.630714	9.399212
137.664264	9.329431
137.698068	9.257404
137.732146	9.183258
137.766502	9.105010
137.801158	9.027046
137.836114	8.946328
137.871388	8.868042
137.906982	8.786689
137.942908	8.703919
137.979188	8.617019
138.015850	8.521653
138.052914	8.431090
138.090372	8.343317
138.128242	8.250414
138.166536	8.159557
138.205270	8.062808
138.244466	7.967115
138.284140	7.871693
138.324276	7.783155
138.364882	7.691687
138.405970	7.601976
138.447556	7.507510
138.489670	7.414663
138.532304	7.322377
138.575492	7.228699
138.619258	7.129613
138.663650	7.026285
138.708706	6.921942
138.754446	6.817101
138.800910	6.708504
138.848168	6.589740
138.896278	6.472706
138.945262	6.356154
138.995192	6.232577
139.046120	6.107770
139.098102	5.981252
139.151188	5.856591
139.205440	5.729279
139.260904	5.601984
139.317656	5.472586
139.375746	5.346118
139.435260	5.215474
139.496310	5.081674
139.558992	4.945521
139.623472	4.804981
139.689934	4.655039
139.758632	4.498400
139.829848	4.333470
139.903928	4.157966
139.981300	3.973682
140.062500	3.776225
140.148188	3.570722
140.239170	3.352606
140.336638	3.115608
140.442216	2.862238
140.558272	2.585418
140.688762	2.277573
140.841080	1.921628
141.033400	1.482989
141.545986	0.557117
141.849010	0.547978
142.369220	1.422784
142.569858	1.838673
142.729126	2.175950
142.865700	2.469534
142.987190	2.734673
143.097646	2.978886
143.199568	3.207212
143.294638	3.418490
143.384134	3.616513
143.468902	3.806884
143.549654	3.984871
143.626946	4.153568
143.701236	4.312886
143.772882	4.464138
143.842180	4.608603
143.909392	4.745322
143.974706	4.878401
144.038298	5.007320
144.100276	5.133825
144.160764	5.256840
144.219848	5.380545
144.277602	5.501528
144.334102	5.623242
144.389402	5.741215
144.443574	5.858994
144.496672	5.976473
144.548746	6.093554
144.599844	6.205247
144.650034	6.315521
144.699352	6.426891
144.747852	6.531106
144.795588	6.632590
144.842610	6.732946
144.888946	6.830143
144.934630	6.924078
144.979712	7.015616
145.024202	7.106389
145.068148	7.195256
145.111542	7.284008
145.154426	7.368749
145.196806	7.457964
145.238690	7.543926
145.280092	7.634490
145.321006	7.723076
145.361450	7.812186
145.401442	7.900198
145.440992	7.989808
145.480110	8.072338
145.518830	8.156168
145.557144	8.243486
145.595068	8.325187
145.632628	8.404924
145.669834	8.484370
145.706702	8.560664
145.743240	8.635494
145.779472	8.706814
145.815402	8.779813
145.851046	8.851053
145.886394	8.923458
145.921464	8.992422
145.956264	9.064553
145.990790	9.133599
146.025054	9.205863
146.059046	9.278183
146.092774	9.349978
146.126246	9.421763
146.159464	9.496955
146.192420	9.566360
146.225142	9.637970
146.257610	9.712461
146.289846	9.780190
146.321858	9.847635
146.353654	9.914766
146.385240	9.980915
146.416616	10.044097
146.447810	10.100285
146.478850	10.144642
146.509790	10.170916
146.540680	10.174869
146.571604	10.148574
146.602640	10.103533
146.633836	10.038962
146.665238	9.972677
146.696854	9.900393
146.728694	9.832841
146.760758	9.763169
146.793060	9.692086
146.825606	9.613785
146.858418	9.535581
146.891488	9.463769
146.924820	9.386855
146.958422	9.312286
146.992300	9.236718
147.026476	9.152225
147.060964	9.066122
147.095790	8.977005
147.130950	8.891132
147.166454	8.808368
147.202292	8.724707
147.238486	8.636443
147.275052	8.548086
147.312002	8.456053
147.349344	8.372222
147.387054	8.288725
147.425142	8.207735
147.463622	8.122428
147.502514	8.036819
147.541824	7.946157
147.581588	7.856731
147.621790	7.771987
147.662462	7.679278
147.703634	7.583625
147.745330	7.487113
147.787582	7.386769
147.830402	7.287387
147.873830	7.183082
147.917902	7.075340
147.962660	6.965528
148.008122	6.856678
148.054316	6.746538
148.101272	6.637074
148.149022	6.523241
148.197602	6.412984
148.247016	6.303356
148.297306	6.192527
148.348518	6.078933
148.400700	5.965805
148.453888	5.849176
148.508170	5.729488
148.563596	5.609787
148.620260	5.482327
148.678276	5.351947
148.737768	5.215647
148.798886	5.071011
148.861788	4.922583
148.926682	4.766633
148.993768	4.605360
149.063306	4.438532
149.135564	4.265570
149.210878	4.085509
149.289638	3.902115
149.372280	3.711448
149.459384	3.515344
149.551648	3.309378
149.650054	3.092606
149.756000	2.860466
149.871528	2.608170
149.999962	2.324523
150.147308	1.999944
150.326328	1.612231
150.593882	1.039891
151.050836	0.477203
151.508290	0.999145
151.786658	1.552692
151.972702	1.923487
152.126054	2.230389
152.260006	2.497967
152.380666	2.737103
152.491376	2.959244
152.594200	3.167694
152.690562	3.366834
152.781512	3.555205
152.867810	3.735811
152.950100	3.909107
153.028838	4.078825
153.104406	4.242873
153.177144	4.403320
153.247292	4.559244
153.315122	4.710599
153.380828	4.856681
153.444636	4.996648
153.506722	5.129298
153.567244	5.256840
153.626342	5.379255
153.684146	5.493063
153.740770	5.606783
153.796262	5.718017
153.850722	5.823372
153.904194	5.928876
153.956728	6.032476
154.008362	6.137362
154.059134	6.240996
154.109050	6.347678
154.158144	6.452234
154.206436	6.560018
154.253948	6.665802
154.300722	6.770674
154.346770	6.874984
154.392140	6.976356
154.436858	7.075340
154.480966	7.172258
154.524500	7.263798
154.567488	7.353571
154.609958	7.442769
154.651938	7.524773
154.693460	7.608973
154.734520	7.693948
154.775158	7.770449
154.815380	7.851234
154.855200	7.928109
154.894624	8.008547
154.933666	8.087300
154.972312	8.171442
155.010568	8.253015
155.048440	8.338003
155.085936	8.419340
155.123072	8.502741
155.159840	8.584994
155.196262	8.667419
155.232340	8.748030
155.268096	8.827674
155.303538	8.902218
155.338682	8.977005
155.373538	9.049930
155.408124	9.117165
155.442454	9.185943
155.476522	9.256859
155.510346	9.321680
155.543926	9.390222
155.577262	9.456932
155.610362	9.524596
155.643252	9.585040
155.675944	9.636787
155.708492	9.671796
155.740960	9.686707
155.773426	9.672391
155.805984	9.633832
155.838696	9.576275
155.871624	9.507877
155.904796	9.433646
155.938234	9.358334
155.971946	9.282020
156.005940	9.202087
156.040234	9.121400
156.074844	9.032756
156.109792	8.947347
156.145070	8.863039
156.180702	8.773928
156.216688	8.686591
156.253044	8.596270
156.289780	8.506885
156.326910	8.417536
156.364420	8.333579
156.402316	8.246949
156.440606	8.163373
156.479298	8.076489
156.518414	7.988996
156.557954	7.901390
156.597936	7.814907
156.638368	7.725734
156.679290	7.631894
156.720726	7.534518
156.762704	7.434666
156.805248	7.335713
156.848394	7.228699
156.892172	7.125085
156.936604	7.018437
156.981738	6.906117
157.027598	6.796453
157.074210	6.684240
157.121618	6.571545
157.169856	6.456743
157.218944	6.344345
157.268914	6.231835
157.319790	6.119906
157.371624	6.004573
157.424472	5.888205
157.478378	5.769895
157.533420	5.648924
157.589684	5.522029
157.647284	5.390701
157.706334	5.255257
157.766958	5.114102
157.829328	4.966474
157.893630	4.810131
157.960092	4.651042
158.028922	4.484914
158.100446	4.309337
158.174982	4.129436
158.252924	3.941871
158.334734	3.749096
158.421014	3.547337
158.512458	3.338072
158.610044	3.118454
158.715020	2.887652
158.829284	2.638752
158.955860	2.363557
159.100096	2.048615
159.273634	1.668947
159.521712	1.125914
160.010580	0.426950
160.500260	1.085449
160.757406	1.613257
160.936934	1.980603
161.086106	2.285659
161.217002	2.551983
161.335164	2.791882
161.443766	3.013807
161.544762	3.224594
161.639466	3.423930
161.728888	3.615514
161.813756	3.798690
161.894666	3.975693
161.972104	4.146660
162.046448	4.313952
162.118020	4.471636
162.187148	4.624205
162.254038	4.774457
162.318920	4.915344
162.381998	5.050954
162.443426	5.182436
162.503348	5.308000
162.561882	5.429457
162.619142	5.546793
162.675212	5.661547
162.730180	5.773076
162.784092	5.883353
162.837016	5.990604
162.888996	6.099469
162.940068	6.204757
162.990274	6.313236
163.039624	6.419536
163.088160	6.527307
163.135916	6.631470
163.182928	6.737278
163.229220	6.836683
163.274846	6.936308
163.319812	7.037618
163.364162	7.132527
163.407922	7.226371
163.451126	7.319988
163.493792	7.408718
163.535952	7.495688
163.577636	7.578869
163.618864	7.661300
163.659654	7.744398
163.700008	7.826979
163.739942	7.906958
163.779474	7.988183
163.818602	8.070265
163.857338	8.152358
163.895676	8.236138
163.933630	8.319015
163.971208	8.401778
164.008418	8.487121
164.045258	8.567668
164.081762	8.646427
164.117924	8.729071
164.153762	8.804419
164.189294	8.879070
164.224532	8.953978
164.259480	9.026528
164.294146	9.098154
164.328562	9.161833
164.362754	9.216125
164.396790	9.252496
164.430730	9.265595
164.464682	9.246505
164.498748	9.205323
164.533000	9.141572
164.567512	9.068739
164.602308	8.988820
164.637412	8.909792
164.672830	8.830155
164.708572	8.752905
164.744640	8.667897
164.781062	8.584056
164.817828	8.504582
164.854960	8.418889
164.892466	8.334021
164.930368	8.246949
164.968684	8.154051
165.007436	8.059912
165.046654	7.963076
165.086340	7.868538
165.126518	7.773141
165.167190	7.676651
165.208392	7.574118
165.250144	7.476066
165.292448	7.376709
165.335322	7.280969
165.378768	7.182753
165.422806	7.084595
165.467470	6.984732
165.512772	6.887645
165.558734	6.785004
165.605406	6.679408
165.652820	6.574295
165.701020	6.463384
165.750054	6.352812
165.799970	6.238765
165.850838	6.117761
165.902722	5.994719
165.955700	5.868187
166.009848	5.738907
166.065258	5.605582
166.122004	5.470108
166.180192	5.331601
166.239920	5.192887
166.301290	5.049331
166.364436	4.906439
166.429474	4.759412
166.496580	4.608874
166.565946	4.454643
166.637788	4.299193
166.712364	4.133783
166.790054	3.962655
166.871242	3.786329
166.956490	3.596557
167.046568	3.394335
167.142502	3.174673
167.245778	2.934258
167.358582	2.667657
167.484438	2.368939
167.629622	2.025188
167.808886	1.602363
168.113330	0.912325
168.486892	0.653287
168.860338	0.881578
169.175176	1.550194
169.360412	1.961705
169.510284	2.295647
169.640174	2.584609
169.756630	2.841527
169.863290	3.073364
169.962416	3.284124
170.055532	3.478445
170.143710	3.659312
170.227742	3.827103
170.308216	3.989324
170.385532	4.144472
170.460086	4.290621
170.532148	4.434021
170.601934	4.573980
170.669628	4.711729
170.735392	4.847538
170.799328	4.983649
170.861558	5.116934
170.922176	5.251743
170.981272	5.383496
171.038962	5.513307
171.095310	5.639392
171.150436	5.762698
171.204406	5.881811
171.257318	5.997008
171.309246	6.106583
171.360258	6.213102
171.410410	6.317807
171.459758	6.415341
171.508364	6.514583
171.556234	6.611930
171.603434	6.703065
171.649984	6.796159
171.695904	6.886739
171.741222	6.978836
171.785950	7.070563
171.830084	7.166369
171.873644	7.259770
171.916636	7.355982
171.959076	7.449475
172.000994	7.542840
172.042386	7.636717
172.083284	7.728395
172.123698	7.818408
172.163664	7.906560
172.203194	7.989808
172.242316	8.072338
172.281042	8.154051
172.319396	8.227942
172.357404	8.304501
172.395060	8.381156
172.432390	8.453322
172.469390	8.528130
172.506066	8.603332
172.542428	8.676515
172.578510	8.742188
172.614336	8.798994
172.649980	8.834625
172.685526	8.848061
172.721080	8.830652
172.756762	8.786689
172.792648	8.724223
172.828824	8.647855
172.865330	8.564398
172.902200	8.478875
172.939444	8.393248
172.977074	8.305818
173.015104	8.217181
173.053564	8.120748
173.092482	8.026142
173.131860	7.930511
173.171734	7.829710
173.212116	7.731438
173.253016	7.631152
173.294450	7.533434
173.336438	7.433259
173.378978	7.337770
173.422086	7.239360
173.465774	7.143230
173.510064	7.044562
173.554984	6.945509
173.600544	6.846517
173.646778	6.745958
173.693722	6.640160
173.741438	6.530835
173.789976	6.417700
173.839382	6.302597
173.889720	6.183264
173.941066	6.055965
173.993500	5.930443
174.047062	5.803363
174.101860	5.668289
174.157972	5.532726
174.215492	5.394033
174.274510	5.255433
174.335140	5.113436
174.397466	4.971504
174.461622	4.826982
174.527734	4.681677
174.595978	4.531230
174.666568	4.377062
174.739742	4.216450
174.815840	4.049070
174.895276	3.871245
174.978602	3.681611
175.066530	3.479755
175.159994	3.261349
175.260350	3.023262
175.369552	2.759705
175.490636	2.469961
175.628820	2.137138
175.795698	1.732987
176.033116	1.174462
176.526544	0.417269
177.021144	1.122711
177.269540	1.656382
177.444104	2.042621
177.588624	2.362988
177.715132	2.643014
177.829114	2.897614
177.933782	3.128453
178.031192	3.340130
178.122774	3.535520
178.209536	3.718653
178.292222	3.890325
178.371414	4.052308
178.447542	4.207640
178.520966	4.357271
178.591930	4.502526
178.660678	4.641696
178.727394	4.780851
178.792216	4.915959
178.855290	5.050792
178.916706	5.182949
178.976576	5.315004
179.035000	5.443003
179.092072	5.571188
179.147868	5.692529
179.202498	5.811952
179.256010	5.932234
179.308480	6.045477
179.359982	6.157088
179.410574	6.265891
179.460312	6.370331
179.509246	6.470840
179.557444	6.568247
179.604926	6.664388
179.651746	6.759020
179.697910	6.852490
179.743456	6.943667
179.788400	7.037618
179.832756	7.128966
179.876542	7.223048
179.919760	7.315897
179.962430	7.409417
180.004570	7.501773
180.046190	7.597564
180.087298	7.687923
180.127934	7.776219
180.168096	7.868538
180.207818	7.951789
180.247124	8.033942
180.286030	8.117810
180.324546	8.197455
180.362690	8.276061
180.400496	8.346420
