#Creator: wheelEventBuffer
#Creation time: Thu Apr 11 09:51:51 2019
#Time	Angular velocity
#[s]	[rad/s]
1.140644	0.818520
1.481040	1.266342
1.709128	1.569243
1.897126	1.819589
2.061340	2.037059
2.209194	2.235150
2.344636	2.420930
2.470242	2.596486
2.587716	2.763783
2.698412	2.923228
2.803286	3.077157
2.903094	3.226780
2.998414	3.371821
3.089824	3.509689
3.177758	3.641751
3.262590	3.769429
3.344658	3.893507
3.424204	4.009895
3.501506	4.122176
3.576780	4.228709
3.650220	4.330126
3.721994	4.427897
3.792226	4.521058
3.861024	4.614154
3.928468	4.703405
3.994660	4.791935
4.059626	4.880220
4.123440	4.968516
4.186106	5.058111
4.247686	5.146946
4.308210	5.235988
4.367718	5.325455
4.426220	5.414672
4.483798	5.500565
4.540482	5.585451
4.596312	5.669517
4.651336	5.752779
4.705582	5.831587
4.759100	5.909470
4.811942	5.983074
4.864144	6.053865
4.915750	6.123485
4.966782	6.190086
5.017256	6.258901
5.067188	6.324675
5.116612	6.390546
5.165516	6.456743
5.213930	6.522970
5.261836	6.591399
5.309256	6.659303
5.356190	6.729196
5.402640	6.799395
5.448598	6.870774
5.494108	6.938146
5.539174	7.004666
5.583812	7.070563
5.628050	7.136415
5.671880	7.198883
5.715326	7.262790
5.758406	7.323743
5.801136	7.380868
5.843538	7.438891
5.885620	7.493185
5.927390	7.549002
5.968858	7.602712
6.010038	7.657192
6.050916	7.712079
6.091508	7.768144
6.131796	7.825809
6.171796	7.883545
6.211500	7.941738
6.250914	8.001204
6.290028	8.060740
6.328868	8.119069
6.367428	8.175270
6.405720	8.232254
6.443756	8.290913
6.481530	8.342874
6.519064	8.396388
6.556366	8.448321
6.593444	8.497681
6.630308	8.548086
6.666960	8.595329
6.703406	8.644523
6.739648	8.691398
6.775700	8.739270
6.811548	8.786689
6.847208	8.834128
6.882662	8.885600
6.917918	8.937166
6.952968	8.989335
6.987818	9.041595
7.022456	9.096047
7.056906	9.144765
7.091168	9.194008
7.125240	9.244873
7.159134	9.297404
7.192840	9.343860
7.226368	9.394153
7.259730	9.440449
7.292932	9.483767
7.325984	9.527484
7.358890	9.568108
7.391646	9.613197
7.424254	9.654556
7.456728	9.696872
7.489048	9.741373
7.521228	9.785064
7.553256	9.830379
7.585142	9.876116
7.616878	9.922281
7.648464	9.970778
7.679892	10.020390
7.711176	10.065981
7.742316	10.111338
7.773312	10.157105
7.804176	10.205278
7.834900	10.245215
7.865498	10.288160
7.895968	10.332147
7.926316	10.371716
7.956550	10.412278
7.986668	10.450378
8.016670	10.491560
8.046560	10.528831
8.076346	10.567790
8.106018	10.606322
8.135584	10.646579
8.165028	10.689325
8.194360	10.732415
8.223576	10.774376
8.252680	10.816667
8.281660	10.862294
8.310532	10.900738
8.339300	10.940979
8.367952	10.985358
8.396502	11.027775
8.424938	11.066622
8.453272	11.108099
8.481504	11.147515
8.509644	11.181637
8.537692	11.219974
8.565652	11.253735
8.593520	11.291757
8.621294	11.329220
8.648986	11.363643
8.676584	11.400757
8.704100	11.436449
8.731518	11.475718
8.758848	11.515258
8.786082	11.555921
8.813222	11.597728
8.840256	11.641565
8.867200	11.679651
8.894054	11.717988
8.920816	11.757458
8.947498	11.797194
8.974086	11.831849
9.000594	11.871194
9.027016	11.908091
9.053360	11.942495
9.079628	11.978011
9.105826	12.008228
9.131944	12.045060
9.157992	12.077474
9.183972	12.110063
9.209874	12.145645
9.235706	12.178604
9.261458	12.216490
9.287136	12.254613
9.312732	12.292013
9.338254	12.330609
9.363686	12.370423
9.389048	12.406574
9.414334	12.441951
9.439542	12.480505
9.464680	12.519298
9.489740	12.553315
9.514730	12.587518
9.539654	12.621907
9.564514	12.652407
9.589312	12.686128
9.614048	12.715910
9.638720	12.749970
9.663328	12.782133
9.687880	12.812368
9.712368	12.843797
9.736798	12.877491
9.761158	12.911362
9.785458	12.946479
9.809688	12.983934
9.833854	13.020527
9.857940	13.061669
9.881966	13.093243
9.905930	13.124969
9.929832	13.160157
9.953676	13.196642
9.977450	13.229987
10.001164	13.264620
10.024818	13.298310
10.048418	13.326515
10.071966	13.357112
10.095462	13.383286
10.118908	13.417582
10.142294	13.445145
10.165638	13.475134
10.188922	13.507579
10.212156	13.537846
10.235330	13.570595
10.258452	13.604680
10.281516	13.637752
10.304526	13.672176
10.327468	13.710363
10.350358	13.742750
10.373190	13.775290
10.395966	13.809198
10.418692	13.844494
10.441360	13.872616
10.463980	13.903313
10.486548	13.934146
10.509074	13.962634
10.531550	13.993731
10.553978	14.019960
10.576362	14.051313
10.598696	14.079021
10.620992	14.105570
10.643238	14.136036
10.665442	14.162802
10.687594	14.197364
10.709700	14.226939
10.731754	14.263110
10.753758	14.294261
10.775706	14.330776
10.797610	14.356972
10.819468	14.387217
10.841274	14.422884
10.863038	14.454738
10.884750	14.482725
10.906414	14.517526
10.928034	14.544410
10.949616	14.568692
10.971158	14.599836
10.992660	14.621580
11.014122	14.654318
11.035542	14.678968
11.056924	14.707831
11.078262	14.735425
11.099564	14.761736
11.120824	14.792319
11.142038	14.823028
11.163212	14.853866
11.184338	14.887654
11.205412	14.923013
11.226446	14.954268
11.247434	14.981367
11.268380	15.012868
11.289288	15.043060
11.310154	15.069036
11.330982	15.098004
11.351766	15.129997
11.372512	15.156275
11.393226	15.179709
11.413908	15.201745
11.434564	15.219420
11.455202	15.225321
11.475844	15.219420
11.496498	15.203216
11.517186	15.170913
11.537920	15.134371
11.558706	15.092201
11.579546	15.056037
11.600432	15.028667
11.621346	15.008564
11.642300	14.981367
11.663286	14.958540
11.684308	14.928686
11.705382	14.893300
11.726510	14.846846
11.747698	14.804866
11.768948	14.761736
11.790258	14.718856
11.811630	14.684457
11.833044	14.654318
11.854504	14.627026
11.876004	14.594410
11.897564	14.553843
11.919178	14.514843
11.940856	14.470717
11.962596	14.426858
11.984400	14.391171
12.006252	14.358285
12.028156	14.330776
12.050094	14.305977
12.072084	14.272182
12.094124	14.235965
12.116220	14.196081
12.138388	14.155144
12.160614	14.113175
12.182900	14.075236
12.205248	14.040010
12.227654	14.002463
12.250118	13.970085
12.272640	13.927969
12.295226	13.892247
12.317874	13.849377
12.340596	13.805557
12.363384	13.764426
12.386244	13.722341
12.409160	13.691243
12.432136	13.657911
12.455164	13.625922
12.478252	13.591731
12.501392	13.558881
12.524598	13.519204
12.547870	13.479759
12.571204	13.442844
12.594608	13.409564
12.618070	13.370755
12.641594	13.335566
12.665188	13.297184
12.688852	13.253428
12.712596	13.211071
12.736418	13.165672
12.760314	13.126066
12.784286	13.083428
12.808336	13.045398
12.832454	13.004357
12.856652	12.963575
12.880918	12.926237
12.905262	12.883828
12.929682	12.846948
12.954172	12.811323
12.978720	12.779013
13.003348	12.738596
13.028046	12.699461
13.052818	12.662606
13.077674	12.622921
13.102600	12.580461
13.127610	12.542289
13.152698	12.501364
13.177874	12.456751
13.203138	12.415399
13.228492	12.366528
13.253940	12.324804
13.279474	12.278561
13.305112	12.233616
13.330832	12.191837
13.356648	12.149403
13.382546	12.109130
13.408534	12.068196
13.434612	12.025695
13.460782	11.987151
13.487022	11.951581
13.513358	11.911703
13.539778	11.868503
13.566290	11.830067
13.592898	11.788340
13.619602	11.739883
13.646406	11.699660
13.673310	11.655386
13.700316	11.608871
13.727434	11.563577
13.754662	11.513570
13.782004	11.467341
13.809454	11.418990
13.837026	11.372693
13.864706	11.324319
13.892508	11.278785
13.920410	11.236025
13.948428	11.190399
13.976554	11.148306
14.004790	11.107314
14.033124	11.065842
14.061574	11.020039
14.090142	10.974613
14.118822	10.931081
14.147624	10.888648
14.176540	10.839806
14.205582	10.794367
14.234752	10.745631
14.264062	10.692236
14.293516	10.641531
14.323112	10.587735
14.352854	10.538721
14.382736	10.486657
14.412774	10.433026
14.442958	10.382684
14.473294	10.330109
14.503772	10.282772
14.534400	10.233201
14.565172	10.185426
14.596088	10.139403
14.627136	10.094443
14.658342	10.044097
14.689698	9.993614
14.721212	9.943008
14.752892	9.893534
14.784732	9.840233
14.816740	9.788723
14.848926	9.734129
14.881294	9.677158
14.913856	9.620851
14.946616	9.559956
14.979572	9.504425
15.012730	9.444422
15.046104	9.385173
15.079676	9.328323
15.113462	9.270517
15.147446	9.216125
15.181638	9.160231
15.216038	9.106066
15.250644	9.052016
15.285446	8.999120
15.320472	8.942763
15.355714	8.886102
15.391176	8.830155
15.426874	8.774908
15.462802	8.714059
15.498976	8.654048
15.535414	8.591098
15.572122	8.525353
15.609120	8.459696
15.646404	8.392351
15.683986	8.327394
15.721866	8.259090
15.760068	8.191043
15.798576	8.124108
15.837410	8.057019
15.876556	7.992248
15.916026	7.927309
15.955816	7.864205
15.995932	7.800548
16.036360	7.738675
16.077142	7.671777
16.118274	7.603816
16.159770	7.537049
16.201650	7.469667
16.243912	7.398249
16.286578	7.327843
16.329672	7.254070
16.373220	7.175207
16.417252	7.096758
16.461780	7.014676
16.506826	6.935083
16.552400	6.851892
16.598538	6.768923
16.645234	6.686516
16.692516	6.604147
16.740376	6.523511
16.788842	6.441650
16.837926	6.360787
16.887636	6.280422
16.937972	6.201817
16.988982	6.118476
17.040694	6.033634
17.093136	5.947733
17.146364	5.860743
17.200402	5.768412
17.255320	5.674227
17.311180	5.576528
17.368050	5.474112
17.426008	5.370060
17.485116	5.262828
17.545452	5.153869
17.607094	5.041552
17.670150	4.927061
17.734682	4.811604
17.800798	4.695251
17.868556	4.579848
17.938068	4.462616
18.009436	4.344737
18.082790	4.225638
18.158260	4.103331
18.236102	3.974486
18.316544	3.841893
18.399862	3.704796
18.486432	3.561816
18.576680	3.409364
18.671212	3.247460
18.770842	3.072282
18.876672	2.881032
18.990210	2.673332
19.113532	2.446609
19.249836	2.197041
19.404606	1.911921
19.588892	1.576741
19.835470	1.141932
20.217738	0.605989
20.748782	0.580064
21.146754	1.083270
21.406430	1.500226
21.600036	1.821868
21.762356	2.096072
21.905126	2.337947
22.034128	2.557467
22.152792	2.757379
22.263360	2.940905
22.367454	3.108026
22.466252	3.261756
22.560620	3.405151
22.651234	3.537192
22.738554	3.663067
22.822972	3.785143
22.904774	3.901824
22.984218	4.010510
23.061578	4.115480
23.136996	4.218715
23.210584	4.322381
23.282418	4.425152
23.352582	4.532407
23.421084	4.641559
23.488012	4.750344
23.553420	4.857732
23.617424	4.962081
23.680096	5.066268
23.741520	5.166074
23.801772	5.264768
23.860936	5.357788
23.919104	5.445645
23.976354	5.531168
24.032760	5.612192
24.088350	5.690879
24.143184	5.769048
24.197296	5.845041
24.250714	5.916816
24.303492	5.989919
24.355622	6.063680
24.407116	6.139281
24.457976	6.213839
24.508228	6.291238
24.557856	6.369040
24.606886	6.447996
24.655312	6.527307
24.703164	6.604147
24.750460	6.681965
24.797218	6.757566
24.843458	6.831926
24.889212	6.902172
24.934512	6.968309
24.979386	7.034151
25.023868	7.095155
25.067952	7.156248
25.111668	7.217406
25.155024	7.276922
25.198026	7.332974
25.240710	7.389201
25.283062	7.446297
25.325090	7.504999
25.366780	7.563906
25.408152	7.625225
25.449176	7.688675
25.489872	7.753190
25.530224	7.817241
25.570256	7.878800
25.609972	7.942943
25.649376	8.003650
25.688474	8.066535
25.727284	8.124949
25.765816	8.180379
25.804092	8.236138
25.842128	8.286976
25.879920	8.337118
25.917490	8.386974
25.954844	8.436070
25.991976	8.482996
26.028910	8.530446
26.065634	8.579367
26.102144	8.630275
26.138436	8.680831
26.174520	8.733439
26.210380	8.786197
26.246026	8.842085
26.281444	8.897679
26.316648	8.950916
26.351638	9.006343
26.386420	9.059847
26.420994	9.113462
26.455374	9.163437
26.489570	9.210181
26.523588	9.258495
26.557450	9.302359
26.591138	9.346640
26.624668	9.391906
26.658046	9.434779
26.691270	9.475186
26.724358	9.515364
26.757304	9.557047
26.790100	9.600271
26.822742	9.646256
26.855236	9.692684
26.887566	9.739561
26.919746	9.788113
26.951758	9.837767
26.983620	9.882952
27.015328	9.933576
27.046880	9.980915
27.078280	10.029347
27.109536	10.074374
27.140652	10.117199
27.171636	10.161047
27.202502	10.199976
27.233242	10.237870
27.263868	10.278063
27.294378	10.317217
27.324770	10.354623
27.355060	10.390926
27.385238	10.429562
27.415304	10.469184
27.445254	10.506999
27.475096	10.548629
27.504816	10.591304
27.534418	10.636487
27.563890	10.681330
27.593242	10.725088
27.622474	10.769944
27.651588	10.812944
27.680580	10.858540
27.709460	10.898469
27.738234	10.937170
27.766902	10.978448
27.795476	11.016175
27.823944	11.052606
27.852320	11.089279
27.880608	11.125408
27.908800	11.158601
27.936914	11.191994
27.964942	11.226389
27.992878	11.265034
28.020716	11.302319
28.048468	11.340671
28.076116	11.382582
28.103672	11.421481
28.131124	11.464830
28.158480	11.504294
28.185734	11.548275
28.212896	11.587462
28.239956	11.630359
28.266924	11.670106
28.293802	11.704891
28.320598	11.742516
28.347322	11.774202
28.373962	11.809611
28.400524	11.842554
28.427014	11.881070
28.453422	11.908091
28.479768	11.943403
28.506038	11.974358
28.532236	12.008228
28.558358	12.043213
28.584406	12.080261
28.610370	12.116602
28.636256	12.157866
28.662054	12.198465
28.687770	12.232664
28.713408	12.274723
28.738966	12.311281
28.764444	12.350970
28.789840	12.387984
28.815166	12.421290
28.840418	12.458727
28.865610	12.490429
28.890724	12.523290
28.915780	12.553315
28.940776	12.587518
28.965704	12.612786
28.990584	12.644259
29.015398	12.676913
29.040150	12.707680
29.064838	12.740663
29.089462	12.775895
29.114018	12.810278
29.138512	12.845897
29.162930	12.882771
29.187284	12.916671
29.211570	12.955021
29.235790	12.989302
29.259940	13.027006
29.284024	13.062755
29.308046	13.091060
29.332010	13.128260
29.355920	13.154646
29.379770	13.187779
29.403560	13.221078
29.427300	13.251192
29.450980	13.278075
29.474616	13.306195
29.498202	13.335566
29.521734	13.365067
29.545208	13.395841
29.568634	13.430201
29.591992	13.464738
29.615298	13.499453
29.638536	13.536680
29.661718	13.568250
29.684840	13.604680
29.707904	13.638937
29.730906	13.676938
29.753850	13.709167
29.776738	13.740346
29.799572	13.775290
29.822362	13.801918
29.845098	13.831085
29.867784	13.860375
29.890432	13.889790
29.913024	13.916863
29.935576	13.944042
29.958086	13.972570
29.980546	14.002463
30.002964	14.023715
30.025352	14.042520
30.047718	14.052570
30.070082	14.048800
30.092458	14.033738
30.114872	14.001215
30.137340	13.965117
30.159868	13.925499
30.182454	13.892247
30.205094	13.861598
30.227778	13.832303
30.250514	13.803131
30.273312	13.765633
30.296170	13.721142
30.319104	13.674557
30.342120	13.627104
30.365212	13.579980
30.388382	13.536680
30.411622	13.500613
30.434918	13.469356
30.458272	13.432498
30.481694	13.396984
30.505176	13.358248
30.528736	13.315219
30.552364	13.274709
30.576064	13.234445
30.599830	13.203298
30.623654	13.171192
30.647534	13.141440
30.671474	13.105259
30.695484	13.061669
30.719576	13.019447
30.743754	12.972139
30.768012	12.926237
30.792352	12.884885
30.816772	12.850101
30.841256	12.807145
30.865830	12.765513
30.890486	12.720029
30.915226	12.675890
30.940054	12.629011
30.964970	12.588526
30.989962	12.550306
31.015030	12.516305
31.040162	12.482488
31.065370	12.443922
31.090658	12.404614
31.116030	12.360689
31.141486	12.321904
31.167024	12.279521
31.192650	12.238382
31.218358	12.202255
31.244156	12.157866
31.270044	12.111931
31.296030	12.065415
31.322122	12.019254
31.348312	11.967972
31.374614	11.922553
31.401014	11.877477
31.427512	11.835415
31.454104	11.790110
31.480804	11.745150
31.507600	11.700531
31.534502	11.657116
31.561494	11.619175
31.588582	11.576360
31.615764	11.539791
31.643042	11.496716
31.670416	11.455632
31.697896	11.409038
31.725486	11.362821
31.753188	11.318607
31.781010	11.269075
31.808944	11.222379
31.836998	11.174478
31.865176	11.126196
31.893478	11.072082
31.921914	11.023906
31.950480	10.973079
31.979172	10.926519
32.007986	10.875831
32.036938	10.829344
32.066004	10.785473
32.095194	10.741222
32.124500	10.698061
32.153928	10.652355
32.183484	10.608471
32.213164	10.561395
32.242976	10.516143
32.272914	10.469882
32.302992	10.419185
32.333212	10.372400
32.363586	10.318573
32.394108	10.263959
32.424798	10.211248
32.455646	10.158419
32.486654	10.101584
32.517846	10.045382
32.549208	9.989166
32.580742	9.936089
32.612442	9.882330
32.644316	9.831610
32.676350	9.781408
32.708550	9.732922
32.740908	9.684915
32.773430	9.634423
32.806120	9.586795
32.838978	9.537318
32.872006	9.486058
32.905222	9.431380
32.938628	9.376209
32.972230	9.322233
33.006046	9.263409
33.040064	9.204244
33.074302	9.147428
33.108762	9.089205
33.143442	9.026009
33.178374	8.963686
33.213542	8.902218
33.248946	8.844574
33.284582	8.785706
33.320462	8.728586
33.356564	8.672683
33.392908	8.617964
33.429478	8.562998
33.466288	8.505964
33.503342	8.451958
33.540642	8.394593
33.578194	8.337560
33.616012	8.277805
33.654110	8.214173
33.692500	8.152781
33.731206	8.084387
33.770224	8.017539
33.809578	7.949776
33.849268	7.882358
33.889302	7.811021
33.929710	7.740964
33.970478	7.671028
34.011618	7.603080
34.053120	7.534518
34.095004	7.468247
34.137252	7.403131
34.179880	7.338798
34.222870	7.275574
34.266252	7.209125
34.310030	7.144205
34.354224	7.075340
34.398844	7.007166
34.443912	6.934777
34.489462	6.860271
34.535508	6.785884
34.582090	6.706500
34.629218	6.625596
34.676930	6.544712
34.725248	6.461789
34.774196	6.374726
34.823822	6.288468
34.874124	6.203287
34.925116	6.119906
34.976806	6.035257
35.029230	5.952241
35.082382	5.869064
35.136300	5.786474
35.190982	5.704312
35.246476	5.619621
35.302804	5.536822
35.360012	5.448856
35.418156	5.359616
35.477300	5.266357
35.537530	5.167943
35.598936	5.067085
35.661634	4.958948
35.725704	4.849933
35.791252	4.738736
35.858392	4.624614
35.927234	4.504851
35.997952	4.384270
36.070650	4.262330
36.145466	4.139993
36.222538	4.015636
36.302046	3.891385
36.384152	3.765363
36.469098	3.637281
36.557128	3.505772
36.648646	3.366978
36.744076	3.224594
36.844000	3.073544
36.949186	2.911578
37.060710	2.736722
37.180094	2.544665
37.309602	2.331562
37.452878	2.088936
37.615918	1.813015
37.811578	1.482009
38.085118	1.023160
38.685650	0.338451
39.288108	0.958305
39.579992	1.390799
39.788394	1.703665
39.961840	1.964625
40.114086	2.195352
40.251532	2.399811
40.378070	2.583717
40.496160	2.750812
40.607468	2.905331
40.713166	3.049024
40.814092	3.184068
40.910868	3.314825
41.003970	3.439298
41.093818	3.559878
41.180698	3.676269
41.264898	3.789983
41.346564	3.905899
41.425888	4.019644
41.503024	4.129871
41.578126	4.239552
41.651284	4.350754
41.722654	4.457677
41.792344	4.560965
41.860468	4.663746
41.927138	4.765043
41.992426	4.861491
42.056450	4.954412
42.119312	5.043171
42.181100	5.127959
42.241890	5.210457
42.301746	5.288698
42.360706	5.368775
42.418814	5.445456
42.476114	5.521835
42.532612	5.599388
42.588346	5.676073
42.643310	5.755308
42.697534	5.833103
42.751036	5.911917
42.803828	5.991747
42.855908	6.072353
42.907328	6.149616
42.958106	6.225167
43.008268	6.300828
43.057848	6.375503
43.106858	6.445350
43.155340	6.515394
43.203312	6.582836
43.250806	6.647185
43.297846	6.711944
43.344444	6.773009
43.390620	6.834898
43.436380	6.895204
43.481754	6.955042
43.526722	7.015929
43.571312	7.076615
43.615500	7.141282
43.659304	7.203835
43.702720	7.268167
43.745758	7.333659
43.788400	7.398946
43.830692	7.460798
43.872624	7.522971
43.914208	7.586189
43.955462	7.647871
43.996382	7.706782
44.036990	7.766223
44.077298	7.822691
44.117322	7.875640
44.157084	7.928510
44.196580	7.980067
44.235818	8.033531
44.274802	8.083555
44.313546	8.135048
44.352038	8.187201
44.390292	8.239595
44.428292	8.293101
44.466052	8.346864
44.503564	8.403575
44.540826	8.460607
44.577828	8.517956
44.614600	8.571409
44.651138	8.625062
44.687446	8.678912
44.723538	8.733439
44.759410	8.782267
44.795070	8.836116
44.830526	8.886102
44.865788	8.932592
44.900868	8.979571
44.935772	9.023416
44.970494	9.071358
45.005042	9.115049
45.039428	9.159696
45.073636	9.205863
45.107680	9.252496
45.141538	9.301808
45.175228	9.349422
45.208740	9.399775
45.242080	9.448399
45.275232	9.500976
45.308220	9.548914
45.341038	9.596752
45.373684	9.646848
45.406176	9.696274
45.438502	9.740164
45.470678	9.786283
45.502708	9.830995
45.534594	9.873013
45.566352	9.914766
45.597974	9.953719
45.629466	9.998704
45.660822	10.038962
45.692056	10.078898
45.723162	10.120458
45.754142	10.161047
45.784988	10.205941
45.815704	10.250563
45.846284	10.296928
45.876730	10.342351
45.907030	10.390239
45.937208	10.433719
45.967258	10.475467
45.997180	10.520369
46.026984	10.566368
46.056658	10.607038
46.086214	10.650189
46.115654	10.691508
46.144988	10.729483
46.174218	10.767729
46.203348	10.802533
46.232372	10.844296
46.261292	10.880351
46.290122	10.917406
46.318844	10.956241
46.347470	10.993815
46.375988	11.036298
46.404404	11.075986
46.432716	11.117534
46.460922	11.159394
46.489012	11.206366
46.517000	11.245678
46.544886	11.285267
46.572670	11.327586
46.600358	11.370223
46.627946	11.404068
46.655442	11.445616
46.682846	11.483269
46.710160	11.517791
46.737396	11.555921
46.764542	11.588317
46.791608	11.626916
46.818590	11.659711
46.845496	11.693563
46.872318	11.730239
46.899064	11.763621
46.925722	11.803399
46.952294	11.842554
46.978778	11.881969
47.005176	11.922553
47.031478	11.963415
47.057702	11.999055
47.083842	12.035831
47.109900	12.074689
47.135880	12.115668
47.161770	12.151283
47.187584	12.188999
47.213320	12.223145
47.238988	12.256526
47.264588	12.289128
47.290122	12.319005
47.315584	12.355827
47.340976	12.387984
47.366306	12.420308
47.391564	12.453788
47.416758	12.486457
47.441880	12.522292
47.466934	12.557329
47.491914	12.594582
47.516822	12.634089
47.541644	12.673845
47.566402	12.708708
47.591086	12.745832
47.615698	12.780053
47.640250	12.816550
47.664730	12.849050
47.689146	12.883828
47.713496	12.919858
47.737782	12.949681
47.762016	12.981788
47.786196	13.004357
47.810336	13.025925
47.834448	13.033491
47.858562	13.029167
47.882694	13.009743
47.906876	12.977498
47.931120	12.937948
47.955440	12.896522
47.979836	12.858516
48.004300	12.827016
48.028814	12.798797
48.053400	12.763438
48.078052	12.722089
48.102786	12.681007
48.127608	12.637139
48.152512	12.590544
48.177504	12.548301
48.202576	12.511321
48.227726	12.470596
48.252960	12.432104
48.278280	12.384077
48.303694	12.341266
48.329200	12.290089
48.354814	12.243151
48.380518	12.197518
48.406318	12.157866
48.432192	12.122213
48.458152	12.083049
48.484196	12.043213
48.510330	12.000889
48.536550	11.959771
48.562870	11.916222
48.589276	11.874783
48.615774	11.836307
48.642364	11.798966
48.669038	11.753938
48.695816	11.711872
48.722694	11.664040
48.749684	11.614880
48.776790	11.567835
48.804002	11.520325
48.831324	11.477395
48.858750	11.431456
48.886296	11.381757
48.913954	11.333307
48.941736	11.285267
48.969622	11.241654
48.997622	11.199974
49.025722	11.158601
49.053936	11.115960
49.082244	11.075986
49.110672	11.028550
49.139216	10.983822
49.167870	10.940979
49.196646	10.899225
49.225534	10.851038
49.254544	10.805505
49.283688	10.755196
49.312970	10.701705
49.342394	10.653078
49.371954	10.603458
49.401650	10.555008
49.431488	10.502081
49.461482	10.448988
49.491618	10.398493
49.521910	10.345757
49.552336	10.300304
49.582908	10.253909
49.613616	10.207267
49.644468	10.161047
49.675452	10.115245
49.706590	10.065336
49.737876	10.016556
49.769312	9.969512
49.800904	9.922908
49.832648	9.871151
49.864554	9.820546
49.896630	9.768634
49.928882	9.712461
49.961324	9.657524
49.993952	9.599098
50.026776	9.543692
50.059790	9.487204
50.093006	9.431380
50.126414	9.374530
50.160028	9.319468
50.193832	9.266142
50.227836	9.211261
50.262038	9.159696
50.296438	9.108178
50.331016	9.059325
50.365806	9.004794
50.400798	8.950916
50.436000	8.896672
50.471424	8.844076
50.507066	8.784723
50.542942	8.728586
50.579054	8.670768
50.615420	8.607575
50.652052	8.546691
50.688950	8.482080
50.726126	8.420243
50.763578	8.355300
50.801328	8.290913
50.839364	8.227511
50.877698	8.164646
50.916316	8.103990
50.955230	8.042580
50.994440	7.983311
51.033942	7.923311
51.073736	7.865386
51.113844	7.801710
51.154272	7.740964
51.195018	7.678152
51.236106	7.617460
51.277534	7.549728
51.319328	7.484259
51.361510	7.412913
51.404096	7.340513
51.447122	7.266150
51.490584	7.190974
51.534502	7.116692
51.578880	7.041088
51.623756	6.963058
51.669116	6.888249
51.714986	6.811484
51.761356	6.737856
51.808244	6.662975
51.855654	6.590846
51.903592	6.518098
51.952052	6.447202
52.001078	6.371107
52.050696	6.293507
52.100928	6.214576
52.151822	6.135204
52.203382	6.051766
52.255666	5.966938
52.308714	5.879389
52.362578	5.787540
52.417320	5.692941
52.472994	5.595598
52.529644	5.497485
52.587326	5.396813
52.646112	5.294760
52.706028	5.193058
52.767136	5.091557
52.829460	4.990933
52.893066	4.889638
52.958012	4.787554
53.024364	4.685168
53.092182	4.581317
53.161610	4.472909
53.232772	4.360537
53.305804	4.245395
53.380908	4.127050
53.458252	4.001417
53.538132	3.870291
53.620862	3.731374
53.706862	3.582857
53.796624	3.426544
53.890722	3.261146
53.989874	3.087682
54.095008	2.902486
54.207360	2.706916
54.328484	2.499795
54.460690	2.277870
54.607426	2.036530
54.774806	1.765019
54.975296	1.446352
55.249954	1.021669
55.906946	0.302972
56.566350	0.952777
56.860678	1.351467
57.075134	1.651592
57.253876	1.908715
57.410314	2.138709
57.551004	2.351280
57.679670	2.551029
57.798802	2.739777
57.910112	2.918340
58.014966	3.085801
58.114370	3.245380
58.209114	3.395656
58.299826	3.538866
58.387052	3.671457
58.471256	3.796028
58.552800	3.914367
58.632004	4.024587
58.709070	4.130957
58.784216	4.233952
58.857588	4.333590
58.929310	4.428396
58.999526	4.522750
59.068292	4.616459
59.135666	4.711305
59.201698	4.804834
59.266454	4.900469
59.329944	4.996807
59.392230	5.093538
59.453336	5.190656
59.513330	5.284073
59.572276	5.377782
59.630224	5.467633
59.687236	5.555425
59.743380	5.637773
59.798724	5.716560
59.853318	5.793517
59.907224	5.865996
59.960454	5.937841
60.013050	6.008937
60.065044	6.078463
60.116450	6.143603
60.167322	6.208927
60.217654	6.275153
60.267452	6.343064
60.316710	6.411414
60.365450	6.481520
60.413654	6.552629
60.461340	6.625037
60.508504	6.697635
60.555168	6.767465
60.601350	6.839362
60.647060	6.907939
60.692312	6.977906
60.737130	7.042666
60.781544	7.104140
60.825578	7.165715
60.869258	7.222384
60.912586	7.278270
60.955586	7.334001
60.998266	7.389896
61.040622	7.442416
61.082688	7.496403
61.124446	7.550090
61.165902	7.606762
61.207046	7.662421
61.247894	7.721557
61.288420	7.780842
61.328644	7.841435
61.368550	7.903378
61.408154	7.962268
61.447460	8.024092
61.486474	8.081891
61.525210	8.139685
61.563674	8.195744
61.601886	8.247382
61.639852	8.301867
61.677592	8.350414
61.715102	8.399082
61.752398	8.448321
61.789482	8.496762
61.826356	8.541114
61.863042	8.586871
61.899532	8.632646
61.935818	8.683230
61.971892	8.731982
62.007768	8.783741
62.043424	8.836116
62.078878	8.888114
62.114114	8.943272
62.149142	8.993967
62.183968	9.048366
62.218590	9.101317
62.253008	9.154358
62.287236	9.203166
62.321286	9.249228
62.355164	9.296853
62.388886	9.339416
62.422448	9.381249
62.455854	9.425721
62.489110	9.470045
62.522210	9.510179
62.555178	9.550656
62.588000	9.593235
62.620674	9.636196
62.653198	9.679544
62.685580	9.726293
62.717798	9.773496
62.749864	9.823002
62.781768	9.871151
62.813518	9.917270
62.845120	9.966982
62.876568	10.012725
62.907870	10.061468
62.939024	10.106133
62.970046	10.147263
63.000936	10.192696
63.031706	10.232534
63.062346	10.270670
63.092874	10.311799
63.123288	10.349165
63.153588	10.384744
63.183786	10.423333
63.213874	10.460817
63.243846	10.501379
63.273704	10.540842
63.303450	10.583455
63.333072	10.625694
63.362578	10.671171
63.391954	10.716307
63.421212	10.758879
63.450350	10.805505
63.479368	10.848041
63.508270	10.893178
63.537054	10.934886
63.565734	10.972313
63.594310	11.013085
63.622798	11.048719
63.651180	11.086931
63.679468	11.124620
63.707664	11.160980
63.735766	11.195184
63.763788	11.229599
63.791722	11.263418
63.819568	11.300693
63.847318	11.338215
63.874980	11.378459
63.902538	11.418160
63.930006	11.459811
63.957368	11.502609
63.984634	11.540639
64.011804	11.585753
64.038878	11.623474
64.065852	11.668373
64.092734	11.705763
64.119528	11.743394
64.146236	11.781267
64.172870	11.814940
64.199418	11.849701
64.225894	11.881969
64.252296	11.918934
64.278616	11.948854
64.304874	11.982579
64.331056	12.017415
64.357162	12.049680
64.383204	12.077474
64.409198	12.097938
64.435158	12.107263
64.461116	12.104464
64.487092	12.085838
64.513126	12.050605
64.539236	12.014658
64.565432	11.973446
64.591710	11.935235
64.618074	11.897268
64.644524	11.856856
64.671070	11.813163
64.697724	11.765383
64.724480	11.714493
64.751358	11.663174
64.778344	11.620895
64.805434	11.570391
64.832640	11.525397
64.859956	11.479073
64.887382	11.430624
64.914920	11.383407
64.942576	11.336579
64.970340	11.292569
64.998212	11.251317
65.026182	11.212766
65.054252	11.170504
65.082430	11.129349
65.110720	11.083019
65.139122	11.037849
65.167644	10.992277
65.196284	10.944790
65.225044	10.900738
65.253938	10.851038
65.282954	10.800305
65.312116	10.747101
65.341418	10.697333
65.370854	10.644415
65.400444	10.592733
65.430172	10.542257
65.460044	10.493662
65.490050	10.442042
65.520212	10.392301
65.550508	10.344395
65.580946	10.300304
65.611512	10.255248
65.642216	10.208594
65.673058	10.163677
65.704050	10.112640
65.735190	10.064691
65.766482	10.014002
65.797930	9.964453
65.829536	9.915392
65.861320	9.858142
65.893276	9.802161
65.925414	9.747417
65.957742	9.692086
65.990250	9.633241
66.022960	9.576858
66.055866	9.519401
66.088964	9.463199
66.122256	9.408219
66.155744	9.356104
66.189414	9.303461
66.223278	9.252496
66.257324	9.201548
66.291568	9.147961
66.326000	9.099208
66.360632	9.045761
66.395464	8.993452
66.430508	8.936658
66.465778	8.877565
66.501282	8.819744
66.537036	8.756809
66.573036	8.695728
66.609294	8.633595
66.645818	8.571876
66.682604	8.506424
66.719684	8.441057
66.757046	8.376240
66.794694	8.313731
66.832622	8.250847
66.870838	8.190616
66.909332	8.132099
66.948108	8.073168
66.987162	8.015085
67.026508	7.954607
67.066148	7.896226
67.106094	7.834786
67.146352	7.773526
67.186936	7.709051
67.227866	7.641918
67.269156	7.575944
67.310836	7.502848
67.352910	7.430798
67.395396	7.357704
67.438318	7.284346
67.481672	7.207141
67.525498	7.131231
67.569786	7.056270
67.614548	6.982248
67.659780	6.907636
67.705502	6.836088
67.751696	6.764551
67.798390	6.694495
67.845560	6.625037
67.893242	6.553176
67.941450	6.481787
67.990208	6.407229
68.039536	6.331048
68.089480	6.251677
68.140070	6.168694
68.191356	6.084113
68.243388	5.995406
68.296184	5.905915
68.349802	5.814534
68.404284	5.721557
68.459662	5.624450
68.516022	5.526886
68.573372	5.430208
68.631752	5.334861
68.691176	5.238607
68.751708	5.143912
68.813356	5.049006
68.876188	4.953943
68.940230	4.858784
69.005568	4.760133
69.072278	4.661117
69.140466	4.557524
69.210246	4.450226
69.281774	4.338258
69.355234	4.219168
69.430856	4.094774
69.508914	3.961855
69.589668	3.824308
69.673454	3.681353
69.760662	3.532420
69.851720	3.375443
69.947242	3.212460
70.047830	3.044415
70.154260	2.871080
70.267520	2.689720
70.388990	2.499795
70.520474	2.298569
70.664774	2.082069
70.826406	1.841863
71.014102	1.562810
71.249512	1.215053
71.860500	0.467514
72.228198	0.458747
72.849444	1.161479
73.095826	1.491550
73.292598	1.755531
73.462266	1.982077
73.613924	2.185669
73.752256	2.374777
73.880166	2.553103
73.999518	2.723531
74.111742	2.886591
74.217868	3.043707
74.318722	3.195728
74.414932	3.342049
74.507128	3.480912
74.595764	3.614183
74.681216	3.743289
74.763828	3.869147
74.843848	3.987805
74.921562	4.101296
74.997214	4.208317
75.071000	4.310283
75.143098	4.408387
75.213642	4.501365
75.282730	4.594987
75.350452	4.684609
75.416904	4.773586
75.482110	4.863147
75.546142	4.951757
75.609014	5.042037
75.670790	5.130974
75.731496	5.221021
75.791164	5.311410
75.849812	5.402010
75.907524	5.488840
75.964332	5.572966
76.020284	5.657062
76.075430	5.740166
76.129796	5.818626
76.183428	5.897268
76.236374	5.971474
76.288672	6.043849
76.340362	6.113951
76.391472	6.180588
76.442026	6.249190
76.492034	6.315013
76.541534	6.380423
76.590514	6.447202
76.638998	6.513503
76.686972	6.582560
76.734452	6.651407
76.781444	6.720272
76.827958	6.790284
76.873980	6.860871
76.919554	6.928354
76.964680	6.995308
77.009372	7.063251
77.053652	7.130260
77.097522	7.192291
77.141012	7.255410
77.184132	7.316238
77.226910	7.372554
77.269360	7.430446
77.311488	7.484972
77.353300	7.542477
77.394802	7.596829
77.436016	7.650479
77.476928	7.706026
77.517554	7.761235
77.557878	7.819186
77.597910	7.876824
77.637644	7.936120
77.677086	7.996316
77.716220	8.057432
77.755082	8.113617
77.793668	8.169742
77.831984	8.227080
77.870048	8.283917
77.907846	8.338888
77.945398	8.392351
77.982712	8.446958
78.019802	8.494464
78.056678	8.544831
78.093348	8.591098
78.129812	8.640244
78.166070	8.687552
78.202140	8.734410
78.238004	8.782758
78.273680	8.831645
78.309146	8.882083
78.344416	8.932592
78.379490	8.982652
78.414366	9.034835
78.449030	9.088153
78.483510	9.137318
78.517798	9.187555
78.551894	9.238348
78.585814	9.290255
78.619544	9.336085
78.653108	9.384051
78.686504	9.430248
78.719738	9.475186
78.752822	9.518824
78.785754	9.560538
78.818536	9.606142
78.851168	9.647441
78.883666	9.689694
78.916012	9.732319
78.948224	9.775929
78.980280	9.822388
79.012188	9.869291
79.043948	9.914766
79.075558	9.963821
79.107008	10.012087
79.138322	10.055671
79.169494	10.100935
79.200522	10.147263
79.231414	10.195342
79.262162	10.239204
79.292778	10.282772
79.323268	10.324677
79.353638	10.364188
79.383894	10.404003
79.414038	10.439960
79.444070	10.482458
79.473982	10.521074
79.503790	10.560685
79.533482	10.599165
79.563068	10.637927
79.592540	10.680603
79.621898	10.721427
79.651138	10.766253
79.680262	10.809967
79.709258	10.856288
79.738144	10.898469
79.766914	10.940217
79.795572	10.983054
79.824126	11.026227
79.852570	11.062725
79.880910	11.105743
79.909150	11.144351
79.937296	11.179249
79.965352	11.217570
79.993328	11.244873
80.021236	11.269883
80.049104	11.279594
80.076970	11.274737
80.104862	11.253735
80.132826	11.219974
80.160874	11.179249
80.189034	11.135661
80.217302	11.090845
80.245686	11.048719
80.274166	11.009226
80.302766	10.963123
80.331484	10.915130
80.360322	10.870563
80.389290	10.825612
80.418372	10.777333
80.447582	10.731682
80.476920	10.684962
80.506398	10.632167
80.536022	10.579178
80.565794	10.524599
80.595714	10.475467
80.625776	10.423333
80.655992	10.373770
80.686348	10.323320
80.716864	10.269327
80.747524	10.220550
80.778338	10.170916
80.809296	10.123720
80.840400	10.079545
80.871634	10.035114
80.903022	9.984721
80.934568	9.933576
80.966270	9.884195
80.998140	9.834688
81.030164	9.783845
81.062358	9.733525
81.094722	9.680737
81.127270	9.623798
81.160014	9.567525
81.192950	9.508452
81.226086	9.454655
81.259414	9.396963
81.292954	9.338860
81.326694	9.282020
81.360648	9.224785
81.394796	9.172533
81.429148	9.118753
81.463700	9.066645
81.498456	9.013061
81.533408	8.961640
81.568572	8.908276
81.603946	8.854046
81.639534	8.800472
81.675348	8.747056
81.711386	8.688513
81.747664	8.629801
81.784196	8.570473
81.820988	8.507346
81.858056	8.445142
81.895402	8.379815
81.933032	8.317693
81.970948	8.253015
82.009172	8.187627
82.047692	8.122848
82.086526	8.057845
82.125660	7.996723
82.165096	7.935720
82.204840	7.874455
82.244894	7.814130
82.285244	7.755870
82.325924	7.692440
82.366934	7.628558
82.408282	7.566456
82.449986	7.503565
82.492038	7.437130
82.534470	7.371862
82.577292	7.301614
82.620538	7.228699
82.664224	7.155270
82.708372	7.078529
82.752992	7.003729
82.798096	6.927131
82.843708	6.849801
82.889830	6.773301
82.936482	6.696493
82.983654	6.622523
83.031368	6.547167
83.079628	6.472973
83.128446	6.399398
83.177810	6.327987
83.227766	6.252175
83.278330	6.174999
83.329526	6.098049
83.381392	6.019761
83.433950	5.936494
83.487252	5.852663
83.541344	5.765025
83.596284	5.673203
83.652134	5.579697
83.708942	5.483284
83.766756	5.386634
83.825636	5.286385
83.885660	5.184660
83.946860	5.083154
84.009306	4.981436
84.073020	4.880826
84.138082	4.779251
84.204534	4.678052
84.272454	4.576112
84.341900	4.473292
84.413016	4.366113
84.485928	4.254940
84.560788	4.141412
84.637788	4.024484
84.717128	3.900274
84.799108	3.769972
84.884080	3.631479
84.972494	3.483382
85.064880	3.327324
85.161860	3.162210
85.264210	2.988976
85.372972	2.802741
85.489540	2.605315
85.615692	2.395821
85.754110	2.170598
85.908938	1.923510
86.087922	1.641839
86.308614	1.301610
86.663308	0.782055
87.175244	0.452731
87.687086	0.726427
88.068890	1.211371
88.305872	1.529768
88.497784	1.796243
88.663436	2.031132
88.811224	2.246466
88.945660	2.447295
89.069652	2.637246
89.185138	2.817521
89.293628	2.986418
89.396256	3.146690
89.493904	3.297360
89.587282	3.439750
89.676980	3.572184
89.763504	3.695470
89.847252	3.812057
89.928574	3.920522
90.007674	4.025309
90.084778	4.126941
90.160040	4.225638
90.233576	4.320003
90.305544	4.413465
90.375994	4.507307
90.444986	4.601718
90.512574	4.695672
90.578838	4.789159
90.643810	4.882495
90.707570	4.974968
90.770144	5.067575
90.831612	5.156238
90.892026	5.245955
90.951426	5.333774
91.009856	5.421587
91.067372	5.504806
91.124042	5.583862
91.179918	5.661956
91.235072	5.734298
91.289520	5.805294
91.343314	5.875870
91.396476	5.945707
91.449024	6.010547
91.501010	6.077052
91.552422	6.145045
91.603260	6.215068
91.653524	6.284191
91.703240	6.355640
91.752386	6.428469
91.800988	6.501640
91.849032	6.575946
91.896552	6.647748
91.943556	6.720559
91.990066	6.790871
92.036094	6.860571
92.081672	6.926826
92.126822	6.989083
92.171580	7.049936
92.215972	7.107354
92.259994	7.164407
92.303668	7.222716
92.347000	7.279282
92.389996	7.332974
92.432686	7.387116
92.475056	7.442063
92.517110	7.499266
92.558838	7.556265
92.600254	7.616351
92.641336	7.677401
92.682098	7.737913
92.722532	7.801710
92.762652	7.859877
92.802464	7.922511
92.841978	7.980878
92.881196	8.040522
92.920132	8.097306
92.958800	8.151512
92.997214	8.205163
93.035398	8.254316
93.073340	8.303184
93.111066	8.352634
93.148576	8.400430
93.185868	8.445596
93.222964	8.493546
93.259852	8.540186
93.296532	8.590158
93.332994	8.639769
93.369248	8.692360
93.405280	8.744621
93.441098	8.798501
93.476692	8.854046
93.512070	8.905751
93.547238	8.961129
93.582196	9.014096
93.616946	9.067692
93.651500	9.116107
93.685872	9.163437
93.720066	9.211261
93.754100	9.255222
93.787956	9.300156
93.821656	9.345528
93.855196	9.389661
93.888578	9.429681
93.921826	9.471187
93.954922	9.513059
93.987868	9.558792
94.020654	9.602031
94.053294	9.650404
94.085764	9.698668
94.118080	9.746813
94.150228	9.796048
94.182222	9.843316
94.214058	9.892910
94.245740	9.940491
94.277264	9.991072
94.308640	10.035755
94.339874	10.078898
94.370974	10.123720
94.401954	10.163020
94.432804	10.201964
94.463534	10.243210
94.494150	10.283446
94.524638	10.320607
94.555024	10.360087
94.585290	10.400558
94.615442	10.439266
94.645488	10.470579
94.675462	10.497169
94.705372	10.511217
94.735274	10.508405
94.765198	10.490158
94.795202	10.455247
94.825308	10.416421
94.855540	10.368293
94.885908	10.322641
94.916414	10.274029
94.947066	10.223211
94.977868	10.174869
95.008836	10.119806
95.039962	10.065336
95.071256	10.011449
95.102726	9.956873
95.134366	9.899769
95.166192	9.843933
95.198200	9.786893
95.230388	9.733525
95.262750	9.679544
95.295294	9.629108
95.328002	9.578610
95.360890	9.528640
95.393946	9.478617
95.427182	9.426286
95.460594	9.378448
95.494190	9.326661
95.527964	9.276539
95.561932	9.221535
95.596104	9.165041
95.630490	9.107650
95.665106	9.047324
95.699944	8.986763
95.735016	8.928530
95.770324	8.869044
95.805872	8.804419
95.841686	8.741701
95.877752	8.679871
95.914072	8.620329
95.950640	8.560198
95.987470	8.500900
96.024548	8.443780
96.061882	8.388317
96.099456	8.332695
96.137292	8.274753
96.175390	8.217611
96.213764	8.158286
96.252412	8.098976
96.291352	8.037642
96.330594	7.973585
96.370152	7.910144
96.410054	7.840653
96.450298	7.771218
96.490904	7.702247
96.531886	7.633006
96.573244	7.557719
96.615016	7.485329
96.657188	7.413963
96.699764	7.344631
96.742744	7.273552
96.786146	7.204496
96.829956	7.137064
96.874184	7.070563
96.918824	7.004666
96.963900	6.935389
97.009418	6.869272
97.055392	6.799395
97.101844	6.728332
97.148804	6.652816
97.196304	6.575396
97.244378	6.495994
97.293068	6.411675
97.342390	6.327733
97.392374	6.243973
97.443056	6.157088
97.494452	6.066959
97.546632	5.977155
97.599596	5.887322
97.653370	5.798864
97.707960	5.710325
97.763408	5.623644
97.819710	5.536431
97.876912	5.450369
97.935018	5.363826
97.994090	5.274492
98.054168	5.185858
98.115314	5.093208
98.177600	4.996966
98.241120	4.897566
98.305982	4.792520
98.372312	4.683213
98.440276	4.567729
98.509986	4.448588
98.581616	4.327024
98.655348	4.200776
98.731350	4.069737
98.809894	3.936044
98.891172	3.799793
98.975446	3.661957
99.062988	3.520623
99.154170	3.377403
99.249328	3.231892
99.348960	3.083136
99.453630	2.929224
99.564198	2.765438
99.681818	2.591047
99.808214	2.399958
99.946012	2.185942
100.099500	1.944079
100.276750	1.658743
100.497762	1.296818
101.099992	0.477253
101.445590	0.465482
102.060590	1.222505
102.294912	1.566848
102.482496	1.837963
102.644802	2.068062
102.790402	2.272071
102.923884	2.454331
103.048018	2.621270
103.164636	2.778204
103.274990	2.924806
103.380026	3.065267
103.480378	3.202374
103.576566	3.336441
103.668964	3.468614
103.757950	3.597875
103.843814	3.724738
103.926828	3.849614
104.007194	3.972074
104.085182	4.089657
104.160982	4.203587
104.234762	4.315137
104.306704	4.423781
104.376924	4.527312
104.445582	4.626930
104.512810	4.721643
104.578732	4.812341
104.643442	4.900469
104.707016	4.984598
104.769524	5.068884
104.831014	5.150490
104.891550	5.231454
104.951138	5.312847
105.009834	5.393848
105.067634	5.476784
105.124576	5.558767
105.180678	5.642026
105.235964	5.725520
105.290432	5.809373
105.344156	5.889308
105.397150	5.967844
105.449452	6.045943
105.501094	6.123962
105.552088	6.198391
105.602474	6.272146
105.652288	6.342808
105.701564	6.409321
105.750334	6.475641
105.798620	6.538174
105.846436	6.602759
105.893794	6.664671
105.940718	6.726891
105.987198	6.790577
106.033256	6.853387
106.078872	6.918893
106.124070	6.983800
106.168842	7.050253
106.213204	7.115725
106.257136	7.184067
106.300678	7.248714
106.343830	7.312832
106.386596	7.377748
106.429006	7.441711
106.471056	7.500699
106.512772	7.560993
106.554164	7.619307
106.595250	7.674026
106.636046	7.729156
106.676554	7.781998
106.716784	7.836741
106.756740	7.888692
106.796438	7.940533
106.835866	7.993874
106.875040	8.046700
106.913942	8.102736
106.952582	8.158709
106.990958	8.215032
107.029070	8.272138
107.066908	8.331811
107.104500	8.385183
107.141844	8.439697
107.178940	8.496302
107.215804	8.551809
107.252430	8.603332
107.288830	8.657387
107.325014	8.707779
107.360996	8.754856
107.396784	8.802938
107.432384	8.847563
107.467794	8.896168
107.503016	8.941745
107.538066	8.987792
107.572924	9.034315
107.607614	9.080797
107.642110	9.130944
107.676426	9.178965
107.710558	9.230205
107.744504	9.280924
107.778252	9.334421
107.811824	9.384051
107.845214	9.433079
107.878428	9.482622
107.911480	9.532110
107.944358	9.578026
107.977078	9.623798
108.009644	9.670009
108.042062	9.711861
108.074342	9.755287
108.106494	9.789333
108.138542	9.818704
108.170522	9.830995
108.202498	9.825460
108.234512	9.803997
108.266626	9.766204
108.298864	9.722681
108.331266	9.671200
108.363838	9.618494
108.396590	9.567525
108.429504	9.519978
108.462598	9.467762
108.495874	9.414986
108.529332	9.362796
108.562986	9.311182
108.596824	9.255768
108.630866	9.202087
108.665110	9.146895
108.699572	9.084999
108.734270	9.025490
108.769198	8.963686
108.804360	8.905751
108.839756	8.845570
108.875398	8.784232
108.911286	8.723738
108.947428	8.661684
108.983814	8.604746
109.020446	8.547621
109.057324	8.490791
109.094450	8.435617
109.131808	8.380709
109.169434	8.320777
109.207322	8.263435
109.245474	8.203449
109.283918	8.145172
109.322638	8.081891
109.361656	8.020405
109.400982	7.957831
109.440632	7.889881
109.480626	7.822301
109.520974	7.751277
109.561682	7.683786
109.602756	7.613029
109.644220	7.543202
109.686058	7.473221
109.728300	7.403480
109.770918	7.337427
109.813936	7.269849
109.857352	7.202844
109.901174	7.136739
109.945392	7.071837
109.990036	7.004354
110.035112	6.935389
110.080632	6.866869
110.126626	6.797924
110.173096	6.724012
110.220080	6.649436
110.267610	6.571545
110.315718	6.490626
110.364432	6.409321
110.413780	6.324675
110.463784	6.241740
110.514468	6.155882
110.565880	6.068365
110.618018	5.982619
110.670926	5.895276
110.724598	5.810877
110.779068	5.725937
110.834348	5.641215
110.890466	5.557390
110.947428	5.473539
111.005306	5.385526
111.064138	5.295831
111.123976	5.205277
111.184890	5.113935
111.246920	5.017557
111.310168	4.918884
111.374738	4.815292
111.440760	4.705237
111.508368	4.592435
111.577696	4.474566
111.648886	4.355580
111.722086	4.231557
111.797504	4.105047
111.875282	3.977002
111.955642	3.847256
112.038760	3.716366
112.124918	3.582040
112.214406	3.445333
112.307580	3.305548
112.404838	3.161701
112.506830	3.009188
112.614318	2.847554
112.728336	2.675837
112.850322	2.492615
112.982312	2.290091
113.127692	2.062793
113.292364	1.799205
113.488806	1.478814
113.758464	1.040400
114.383070	0.320300
115.009040	0.998872
115.289968	1.419570
115.494694	1.725524
115.666514	1.975521
115.818418	2.189813
115.956564	2.379454
116.084480	2.549208
116.204268	2.707243
116.317422	2.855889
116.424968	2.995759
116.527682	3.127519
116.626216	3.255806
116.720962	3.381183
116.812276	3.504755
116.900428	3.626449
116.985678	3.748559
117.068178	3.870577
117.148146	3.991656
117.225722	4.111279
117.301118	4.226434
117.374496	4.340176
117.446016	4.449344
117.515824	4.554749
117.584080	4.654073
117.650932	4.747042
117.716510	4.836791
117.780926	4.921349
117.844234	5.003970
117.906510	5.086611
117.967806	5.167093
118.028160	5.243678
118.087646	5.320585
118.146270	5.398297
118.204054	5.476593
118.261006	5.555228
118.317156	5.636357
118.372494	5.718225
118.427046	5.801648
118.480820	5.883793
118.533858	5.963992
118.586188	6.044314
118.637842	6.121814
118.688844	6.199125
118.739230	6.272146
118.789046	6.341527
118.838320	6.410629
118.887100	6.474307
118.935386	6.536814
118.983220	6.599707
119.030612	6.660715
119.077566	6.719122
119.124122	6.778855
119.170260	6.839362
119.215988	6.901869
119.261298	6.963676
119.306208	7.028800
119.350694	7.093873
119.394778	7.160815
119.438444	7.228367
119.481716	7.292801
119.524598	7.360118
119.567104	7.423423
119.609242	7.488184
119.651032	7.548276
119.692496	7.605289
119.733648	7.662421
119.774514	7.716626
119.815082	7.770065
119.855378	7.823080
119.895404	7.876824
119.935160	7.926109
119.974676	7.975610
120.013942	8.026553
120.052952	8.079812
120.091702	8.133363
120.130200	8.188908
120.168428	8.246083
120.206398	8.303623
120.244100	8.361081
120.281550	8.416634
120.318750	8.474758
120.355700	8.530909
120.392406	8.587341
120.428878	8.640719
120.465128	8.691398
120.501170	8.742188
120.537018	8.788655
120.572668	8.834625
120.608134	8.881580
120.643418	8.928023
120.678516	8.971365
120.713448	9.017718
120.748198	9.063507
120.782776	9.108706
120.817196	9.146363
120.851498	9.175748
120.885712	9.190243
120.919916	9.187018
120.954154	9.167180
120.988504	9.128291
121.023012	9.082373
121.057712	9.026528
121.092622	8.971878
121.127746	8.916873
121.163092	8.859040
121.198668	8.802938
121.234492	8.740242
121.270564	8.676515
121.306902	8.614656
121.343510	8.551809
121.380384	8.485745
121.417556	8.419340
121.455014	8.354855
121.492758	8.292664
121.530780	8.230097
121.569096	8.171017
121.607682	8.110685
121.646564	8.051237
121.685724	7.993061
121.725180	7.932113
121.764930	7.874455
121.804986	7.814518
121.845354	7.750512
121.886056	7.687170
121.927108	7.618568
121.968526	7.552269
122.010340	7.478558
122.052552	7.405225
122.095184	7.332974
122.138244	7.261783
122.181738	7.183410
122.225710	7.107997
122.270146	7.031947
122.315062	6.958123
122.360448	6.884626
122.406330	6.811484
122.452690	6.740458
122.499550	6.670331
122.546894	6.600817
122.594760	6.527307
122.643160	6.455416
122.692116	6.380941
122.741652	6.304874
122.791804	6.224673
122.842612	6.142642
122.894112	6.059236
122.946366	5.969659
122.999396	5.878949
123.053258	5.788180
123.108000	5.693354
123.163658	5.595399
123.220304	5.499409
123.277950	5.402195
123.336640	5.305490
123.396400	5.208901
123.457288	5.112936
123.519318	5.017236
123.582546	4.922892
123.646998	4.827427
123.712762	4.729035
123.779916	4.630203
123.848568	4.526399
123.918844	4.417809
123.990922	4.303787
124.064996	4.183213
124.141288	4.057437
124.220092	3.923460
124.301650	3.785416
124.386328	3.641920
124.474518	3.491745
124.566690	3.332972
124.663490	3.168525
124.765554	2.998332
124.873750	2.821824
124.989154	2.636715
125.113290	2.442690
125.248204	2.235977
125.397096	2.012809
125.565262	1.763969
125.763562	1.471017
126.022946	1.091285
126.499342	0.539057
126.982288	0.522806
127.471958	1.039959
127.744144	1.401758
127.952270	1.680481
128.128872	1.915886
128.285354	2.126347
128.427266	2.321260
128.557956	2.503540
128.679546	2.676840
128.793654	2.841527
128.901394	3.000337
129.003646	3.154019
129.101072	3.302490
129.194328	3.443596
129.283890	3.578287
129.370182	3.707944
129.453568	3.834016
129.534304	3.953081
129.612686	4.067418
129.688946	4.175651
129.763296	4.278583
129.835918	4.377550
129.906944	4.471509
129.976492	4.565074
130.044648	4.655591
130.111510	4.744462
130.177110	4.834112
130.241518	4.923663
130.304748	5.014033
130.366858	5.103799
130.427886	5.193745
130.487870	5.283362
130.546826	5.374102
130.604832	5.461360
130.661918	5.546597
130.718130	5.631507
130.773522	5.715312
130.828122	5.793731
130.881988	5.871697
130.935160	5.946607
130.987680	6.017916
131.039586	6.088830
131.090904	6.156364
131.141654	6.225167
131.191856	6.290482
131.241546	6.356668
131.290708	6.423211
131.339372	6.489553
131.387522	6.558649
131.435176	6.627273
131.482334	6.697349
131.529006	6.766882
131.575186	6.838171
131.620910	6.905206
131.666192	6.971712
131.711032	7.039510
131.755462	7.106389
131.799472	7.169967
131.843096	7.233693
131.886344	7.295171
131.929244	7.352194
131.971812	7.409417
132.014062	7.462924
132.055996	7.520450
132.097620	7.574848
132.138954	7.628187
132.179980	7.684914
132.220720	7.740582
132.261148	7.798224
132.301292	7.854767
132.341140	7.913730
132.380692	7.973585
132.419936	8.034764
132.458898	8.093968
132.497578	8.151089
132.535980	8.208593
132.574128	8.266479
132.612012	8.318574
132.649656	8.372668
132.687060	8.425211
132.724240	8.474300
132.761210	8.523965
132.797986	8.563465
132.834614	8.594388
132.871146	8.608047
132.907670	8.601447
132.944254	8.576557
132.980984	8.535081
133.017906	8.483454
133.055072	8.423404
133.092506	8.362417
133.130208	8.304062
133.168160	8.249114
133.206388	8.189762
133.244896	8.127892
133.283686	8.067778
133.322778	8.008955
133.362160	7.945755
133.401856	7.882754
133.441882	7.816463
133.482258	7.745162
133.523008	7.675901
133.564124	7.606025
133.605618	7.537410
133.647504	7.463988
133.689804	7.391287
133.732510	7.320330
133.775642	7.249383
133.819184	7.179799
133.863156	7.109606
133.907558	7.041719
133.952392	6.974497
133.997644	6.909155
134.043360	6.837576
134.089550	6.766008
134.136228	6.694495
134.183424	6.621965
134.231144	6.545803
134.279422	6.469241
134.328284	6.391327
134.377768	6.307406
134.427922	6.222947
134.478770	6.135444
134.530342	6.049435
134.582664	5.960372
134.635786	5.869722
134.689716	5.781363
134.744488	5.692116
134.800110	5.604382
134.856618	5.516211
134.914034	5.428707
134.972392	5.340483
135.031708	5.252621
135.092056	5.161829
135.153486	5.068556
135.216056	4.974180
135.279858	4.878552
135.344954	4.776489
135.411476	4.671791
135.479550	4.561760
135.549340	4.445314
135.621014	4.325833
135.694736	4.201563
135.770700	4.074593
135.849122	3.942366
135.930276	3.806515
136.014396	3.668028
136.101818	3.525997
136.192850	3.382203
136.287938	3.233422
136.387576	3.081201
136.492384	2.923935
136.603152	2.759559
136.721096	2.583207
136.847848	2.392391
136.985812	2.184574
137.138826	1.954991
137.313718	1.687976
137.526456	1.357106
137.855062	0.846343
138.362396	0.443769
138.870676	0.809939
139.214280	1.295086
139.437382	1.607347
139.621212	1.857941
139.782398	2.071034
139.928070	2.262711
140.062192	2.439049
140.187180	2.601862
140.304724	2.753561
140.416064	2.898950
140.521980	3.040820
140.623094	3.180265
140.719892	3.316295
140.812824	3.451010
140.902200	3.584084
140.988358	3.714872
141.071548	3.842551
141.152076	3.964855
141.230178	4.084659
141.306070	4.199316
141.379934	4.310756
141.451966	4.416071
141.522340	4.515080
141.591214	4.610497
141.658734	4.699887
141.724976	4.786241
141.790048	4.871442
141.854012	4.954568
141.916916	5.033958
141.978840	5.114768
142.039790	5.195291
142.099792	5.277504
142.158860	5.359616
142.217034	5.443192
142.274304	5.527859
142.330712	5.613596
142.386256	5.699138
142.440988	5.782214
142.494938	5.865996
142.548140	5.946382
142.600626	6.025996
142.652446	6.100891
142.703644	6.172088
142.754260	6.242236
142.804336	6.308672
142.853874	6.374209
142.902914	6.439273
142.951468	6.503794
142.999544	6.564130
143.047188	6.625317
143.094386	6.687655
143.141140	6.751757
143.187444	6.816213
143.233314	6.883118
143.278734	6.949811
143.323722	7.018437
143.368266	7.087152
143.412392	7.152989
143.456104	7.221720
143.499414	7.287387
143.542332	7.353227
143.584878	7.416063
143.627074	7.474288
143.668942	7.533795
143.710502	7.587655
143.751756	7.642290
143.792720	7.695455
143.833408	7.749748
143.873808	7.800548
143.913948	7.853589
143.953818	7.906958
143.993424	7.959041
144.032788	8.003242
144.071974	8.035997
144.111038	8.052062
144.150080	8.048349
144.189178	8.025322
144.228444	7.981283
144.267946	7.927309
144.307742	7.863811
144.347850	7.801710
144.388282	7.739057
144.429054	7.671777
144.470184	7.605289
144.511698	7.533434
144.553598	7.461506
144.595910	7.389549
144.638644	7.315897
144.681816	7.237025
144.725458	7.161468
144.769560	7.086193
144.814124	7.014049
144.859148	6.940292
144.904658	6.867770
144.950634	6.797336
144.997100	6.727179
145.044044	6.657045
145.091500	6.584216
145.139470	6.514313
145.187980	6.440857
145.237050	6.364911
145.286724	6.285700
145.337034	6.203777
145.388024	6.120145
145.439754	6.030623
145.492236	5.940985
145.545528	5.851137
145.599662	5.759318
145.654670	5.662772
145.710634	5.567238
145.767560	5.471633
145.825494	5.376309
145.884450	5.281053
145.944484	5.187228
146.005610	5.093043
146.067880	4.999829
146.131320	4.905979
146.196018	4.808070
146.262046	4.710316
146.329508	4.607657
146.398514	4.500978
146.469208	4.390397
146.541768	4.273345
146.616388	4.151373
146.693342	4.021084
146.772856	3.885801
146.855256	3.745967
146.940906	3.598782
147.030206	3.444125
147.123702	3.285223
147.221918	3.121987
147.325540	2.952791
147.435452	2.776092
147.552836	2.591645
147.679200	2.397943
147.816760	2.192166
147.968870	1.968170
148.141582	1.713814
148.347558	1.410709
148.630602	0.992560
149.265758	0.317621
149.902512	0.948486
150.198820	1.347074
150.414554	1.635701
150.595562	1.877506
150.755096	2.089130
150.899522	2.282371
151.032338	2.464381
151.155842	2.637290
151.271582	2.802741
151.380814	2.960025
151.484454	3.111350
151.583224	3.258508
151.677646	3.402201
151.768262	3.539264
151.855482	3.670857
151.939656	3.797863
152.021128	3.921109
152.100122	4.037414
152.176914	4.148631
152.251718	4.254479
152.324728	4.354976
152.396098	4.452371
152.465952	4.545128
152.534390	4.637722
152.601496	4.726901
152.667368	4.814701
152.732030	4.902916
152.795552	4.990616
152.857948	5.079702
152.919272	5.167943
152.979554	5.256664
153.038830	5.345936
153.097110	5.434905
153.154478	5.520670
153.210962	5.604582
153.266602	5.688406
153.321448	5.771379
153.375518	5.850266
153.428868	5.927981
153.481540	6.002508
153.533578	6.072823
153.585024	6.142401
153.635900	6.208681
153.686228	6.276908
153.736022	6.341527
153.785312	6.407491
153.834088	6.473773
153.882374	6.540080
153.930160	6.608036
153.977462	6.675717
154.024280	6.745379
154.070622	6.814735
154.116476	6.886437
154.161880	6.954427
154.206836	7.022830
154.251354	7.090031
154.295474	7.155596
154.339190	7.217075
154.382534	7.278945
154.425518	7.339484
154.468152	7.397901
154.510470	7.453010
154.552502	7.498550
154.594316	7.532350
154.635998	7.546101
154.677676	7.536687
154.719450	7.507869
154.761440	7.461152
154.803722	7.401038
154.846372	7.332289
154.889426	7.262790
154.932884	7.195586
154.976740	7.130908
155.021022	7.060711
155.065738	6.990949
155.110896	6.921942
155.156520	6.853088
155.202620	6.778270
155.249226	6.703351
155.296368	6.625596
155.344080	6.544985
155.392390	6.463650
155.441322	6.378350
155.490902	6.295272
155.541150	6.210154
155.592102	6.123724
155.643772	6.037113
155.696194	5.950662
155.749360	5.866653
155.803312	5.781363
155.858058	5.696657
155.913624	5.612994
155.970016	5.529221
156.027304	5.441495
156.085526	5.352129
156.144734	5.260889
156.205008	5.167943
156.266380	5.071502
156.328950	4.973078
156.392806	4.869478
156.458072	4.760854
156.524870	4.649527
156.593322	4.533323
156.663564	4.415698
156.735738	4.293553
156.810034	4.168559
156.886592	4.042089
156.965622	3.913684
157.047278	3.784778
157.131818	3.652845
157.219506	3.518494
157.310664	3.381256
157.405640	3.240292
157.505014	3.092119
157.609440	2.935300
157.719806	2.769045
157.837362	2.592159
157.963804	2.397064
158.101894	2.179875
158.256164	1.931742
158.435256	1.638174
158.660850	1.266281
159.242150	0.489003
159.599258	0.480272
160.189778	1.213514
160.425210	1.569039
160.612222	1.849780
160.773424	2.085054
160.917902	2.289123
161.050432	2.470699
161.173876	2.634017
161.290000	2.787027
161.400058	2.931520
161.504952	3.067183
161.605364	3.195598
161.701854	3.322187
161.794752	3.446618
161.884366	3.569586
161.970958	3.690087
162.054774	3.810763
162.135970	3.930823
162.214740	4.050428
162.291218	4.168780
162.365596	4.282900
162.438030	4.395065
162.508680	4.502526
162.577680	4.606981
162.645176	4.705237
162.711312	4.797643
162.776200	4.887660
162.839950	4.972291
162.902610	5.055994
162.964256	5.137855
163.024948	5.217899
163.084718	5.294046
163.143646	5.370427
163.201730	5.448100
163.258986	5.526886
163.315424	5.605582
163.371070	5.687376
163.425920	5.768412
163.480004	5.851137
163.533324	5.933131
163.585924	6.013308
163.637826	6.094500
163.689058	6.171603
163.739648	6.249438
163.789634	6.322384
163.839056	6.391327
163.887950	6.460195
163.936354	6.524053
163.984276	6.586700
164.031748	6.649718
164.078778	6.712231
164.125374	6.770674
164.171568	6.832520
164.217340	6.895204
164.262714	6.955042
164.307726	7.005603
164.352470	7.042351
164.397040	7.059124
164.441582	7.054369
164.486224	7.025971
164.531112	6.975427
164.576364	6.913108
164.622052	6.841745
164.668214	6.770090
164.714876	6.696493
164.762064	6.619175
164.809810	6.541714
164.858148	6.460195
164.907098	6.376538
164.956708	6.290482
165.007014	6.202062
165.058032	6.112762
165.109816	6.023685
165.162368	5.933579
165.215712	5.846346
165.269852	5.758895
165.324828	5.672588
165.380638	5.585252
165.437334	5.499795
165.494906	5.414672
165.553414	5.326178
165.612896	5.238607
165.673408	5.147789
165.735026	5.052742
165.797834	4.952850
165.861954	4.849484
165.927494	4.741025
165.994606	4.626248
166.063406	4.509377
166.134052	4.388680
166.206704	4.264876
166.281534	4.135634
166.358782	4.003559
166.438624	3.870959
166.521280	3.736166
166.606990	3.599277
166.696082	3.460132
166.788846	3.318818
166.885750	3.173711
166.987290	3.022971
167.094234	2.863125
167.207558	2.694333
167.328638	2.512028
167.459548	2.310198
167.603494	2.084473
167.766110	1.824111
167.959234	1.507193
168.221684	1.070710
168.859406	0.310573
169.499154	1.009522
169.777312	1.423377
169.981622	1.726738
170.153368	1.975223
170.305276	2.189538
170.443360	2.381474
170.571062	2.555595
170.690514	2.716607
170.803218	2.869139
170.910196	3.012305
171.012298	3.149782
171.110054	3.283437
171.203964	3.413736
171.294350	3.542058
171.381566	3.667257
171.465864	3.791081
171.547470	3.913197
171.626562	4.034200
171.703384	4.149947
171.778108	4.262098
171.850904	4.371824
171.921932	4.479287
171.991300	4.581317
172.059164	4.680143
172.125640	4.774312
172.190846	4.863899
172.254886	4.950508
172.317828	5.033797
172.379740	5.116767
172.440662	5.197354
172.500658	5.277681
172.559734	5.358336
172.617940	5.438669
172.675268	5.521058
172.731762	5.601984
172.787440	5.684700
172.842312	5.767565
172.896388	5.851355
172.949720	5.932682
173.002328	6.011927
173.054246	6.090482
173.105524	6.166999
173.156174	6.238765
173.206244	6.309939
173.255760	6.380423
173.304744	6.447731
173.353242	6.511613
173.401310	6.563033
173.449056	6.601649
173.496610	6.616387
173.544150	6.607480
173.591826	6.576222
173.639814	6.522970
173.688232	6.456743
173.737190	6.379127
173.786760	6.298806
173.836954	6.219498
173.887776	6.143122
173.939262	6.063212
173.991428	5.982846
174.044296	5.901699
174.097916	5.819920
174.152308	5.733461
174.207532	5.645676
174.263644	5.554050
174.320710	5.458323
174.378808	5.360165
174.437990	5.258776
174.498322	5.157931
174.559874	5.052254
174.622740	4.945832
174.686962	4.839175
174.752640	4.731172
174.819814	4.623797
174.888586	4.515340
174.959034	4.406532
175.031252	4.297429
175.105326	4.187115
175.181448	4.072269
175.259782	3.953181
175.340552	3.830090
175.424036	3.702962
175.510534	3.567964
175.600474	3.425573
175.694408	3.272901
175.793028	3.109133
175.897212	2.934806
176.008062	2.748790
176.127060	2.549994
176.256368	2.332981
176.399318	2.094451
176.561302	1.828314
176.752900	1.520248
177.003008	1.131453
177.510034	0.522750
177.964508	0.500783
178.489928	1.059924
178.756746	1.428919
178.960502	1.720365
179.132474	1.974826
179.283912	2.205245
179.420554	2.416535
179.546026	2.609990
179.662730	2.789353
179.772338	2.955792
179.876082	3.111535
179.974912	3.255064
180.069588	3.388623
180.160684	3.515029
180.248666	3.633159
180.333836	3.747665
180.416494	3.858029
180.496872	3.963955
180.575146	4.065103
180.651520	4.165353
180.726074	4.264760
180.798896	4.365506
180.870058	4.465280
180.939648	4.566667
181.007698	4.667765
181.074302	4.769238
181.139494	4.870535
181.203372	4.968045
181.266006	5.065941
181.327472	5.159625
181.387830	5.252270
181.447166	5.339394
181.505562	5.421774
181.563086	5.502685
181.619810	5.577716
181.675766	5.651363
181.731002	5.724476
181.785556	5.796083
181.839430	5.865120
181.892674	5.937167
181.945278	6.008708
181.997282	6.076582
182.048758	6.132091
182.099854	6.171118
182.150710	6.188379
182.201536	6.181317
182.252506	6.151301
182.303828	6.096865
182.355668	6.027846
182.408156	5.946382
182.461374	5.861618
182.515372	5.775836
182.570190	5.687170
182.625884	5.596396
182.682528	5.500758
182.740158	5.402939
182.798874	5.301371
182.858742	5.196666
182.919824	5.090897
182.982210	4.984123
183.045950	4.875827
183.111106	4.769818
183.177736	4.662085
183.245940	4.553561
183.315770	4.445944
183.387338	4.337539
183.460712	4.228026
183.536050	4.115695
183.613502	4.001009
183.693286	3.880330
183.775662	3.752769
183.860968	3.619180
183.949630	3.475598
184.042178	3.322679
184.139328	3.157253
184.241844	2.983242
184.350816	2.797749
184.467680	2.598204
184.594444	2.380824
184.734222	2.144666
184.891764	1.884330
185.076206	1.585670
185.310692	1.214339
185.912482	0.470374
186.291738	0.458875
186.906682	1.146458
187.155058	1.496253
187.350550	1.777582
187.517622	2.021747
187.665926	2.242745
187.800494	2.447333
187.924548	2.636007
188.040202	2.811017
188.148996	2.975275
188.252084	3.131135
188.350274	3.276588
188.444302	3.413142
188.534722	3.541898
188.622006	3.662811
188.706518	3.777315
188.788548	3.886282
188.868318	3.993990
188.945994	4.097658
189.021756	4.199429
189.095686	4.301195
189.167910	4.401593
189.238486	4.502526
189.307520	4.601852
189.375076	4.700872
189.441230	4.800135
189.506014	4.899246
189.569536	4.995536
189.631846	5.090402
189.693010	5.183291
189.753124	5.273606
189.812228	5.358519
189.870406	5.442815
189.927702	5.524554
189.984180	5.602583
190.039902	5.676688
190.094974	5.737440
190.149558	5.779874
190.203872	5.794586
190.258192	5.780725
190.312756	5.740375
190.367820	5.677098
190.423560	5.598191
190.480158	5.507122
190.537700	5.413366
190.596234	5.322749
190.655756	5.234069
190.716342	5.139872
190.778046	5.044790
190.840928	4.948637
190.905088	4.849184
190.970600	4.744462
191.037588	4.637996
191.106188	4.525356
191.176554	4.407644
191.248870	4.286172
191.323304	4.159728
191.400054	4.031715
191.479354	3.897177
191.561486	3.759235
191.646724	3.618096
191.735432	3.472294
191.827974	3.324155
191.924846	3.170316
192.026626	3.012362
192.134016	2.849621
192.247886	2.680037
192.369622	2.498046
192.501196	2.298973
192.645654	2.078075
192.808164	1.829315
192.998766	1.533322
193.246056	1.147237
193.725418	0.547486
194.172510	0.530868
194.664714	1.093869
194.924312	1.460622
195.124760	1.735667
195.296292	1.964306
195.449214	2.168889
195.588702	2.355299
195.717840	2.526046
195.838704	2.683975
195.952778	2.834196
196.061012	2.979394
196.164134	3.121118
196.262686	3.260063
196.357154	3.397786
196.447868	3.533850
196.535192	3.667857
196.619396	3.798966
196.700806	3.924342
196.779678	4.046880
196.856244	4.164249
196.930712	4.277418
197.003294	4.383414
197.074178	4.483634
197.143518	4.580516
197.211470	4.670680
197.278108	4.759124
197.343536	4.846043
197.407820	4.931082
197.471004	5.013233
197.533152	5.098167
197.594274	5.183804
197.654424	5.265474
197.713724	5.333774
197.772382	5.384603
197.830610	5.411687
197.888706	5.411687
197.946948	5.383127
198.005658	5.325817
198.065108	5.248760
198.125520	5.156576
198.187038	5.059251
198.249768	4.959418
198.313800	4.855930
198.379234	4.749339
198.446222	4.636079
198.514884	4.518197
198.585412	4.395188
198.657970	4.269164
198.732728	4.139339
198.809906	4.007338
198.889674	3.874300
198.972258	3.739546
199.057898	3.602083
199.146924	3.462421
199.239644	3.320010
199.336514	3.174673
199.438010	3.024310
199.544894	2.865110
199.658124	2.696924
199.779130	2.513556
199.910060	2.308535
200.054200	2.080360
200.217302	1.817862
200.411546	1.496866
200.678056	1.052615
201.305848	0.317911
201.935790	0.989484
202.219162	1.408394
202.425440	1.713833
202.598384	1.963594
202.751160	2.177820
202.889924	2.371085
203.018164	2.545614
203.138092	2.705983
203.251222	2.858280
203.358602	3.001598
203.461044	3.139772
203.559100	3.273993
203.653276	3.404340
203.743922	3.531943
203.831404	3.655480
203.915988	3.777406
203.997894	3.898338
204.077276	4.019541
204.154346	4.137921
204.229264	4.253097
204.302204	4.364050
204.373362	4.471254
204.442858	4.572516
204.510854	4.670958
204.577460	4.764754
204.642788	4.855330
204.706942	4.942720
204.770066	5.016275
204.832382	5.072648
204.894186	5.100650
204.955846	5.098498
205.017704	5.065778
205.080156	5.003492
205.143512	4.918884
205.208078	4.817950
205.274040	4.710458
205.341508	4.604550
205.410528	4.500720
205.481214	4.392362
205.553676	4.281849
205.628060	4.168338
205.704560	4.050950
205.783366	3.927187
205.864760	3.797772
205.949078	3.661018
206.036742	3.514479
206.128264	3.359992
206.224236	3.197159
206.325382	3.026583
206.432646	2.844769
206.547286	2.652566
206.670916	2.448898
206.805926	2.230136
206.955914	1.991375
207.127326	1.722232
207.333446	1.404905
207.618670	0.981662
208.281012	0.302893
208.945680	0.912543
209.252450	1.308452
209.473840	1.603099
209.657912	1.854081
209.818830	2.081104
209.963322	2.291427
210.095288	2.488863
210.217350	2.675244
210.331324	2.851120
210.438636	3.015659
210.540334	3.172621
210.637234	3.320782
210.729978	3.461734
210.819132	3.593020
210.905166	3.715575
210.988468	3.832145
211.069366	3.940784
211.148066	4.045421
211.224790	4.147208
211.299680	4.246658
211.372858	4.340775
211.444452	4.437528
211.514500	4.535155
211.583100	4.628157
211.650454	4.705801
211.716878	4.761143
211.782730	4.787554
211.848462	4.780996
211.914508	4.740452
211.981356	4.666933
212.049410	4.572383
212.118994	4.462743
212.190324	4.348947
212.263564	4.233610
212.338892	4.112355
212.416524	3.986085
212.496786	3.850746
212.579966	3.709082
212.666516	3.558910
212.756894	3.402275
212.851630	3.238822
212.951418	3.068981
213.057028	2.892758
213.169472	2.709297
213.290108	2.515609
213.420858	2.310878
213.564434	2.091105
213.725312	1.850521
213.911588	1.576567
214.143160	1.238134
214.806060	0.437803
215.158134	0.429812
215.831490	1.181423
216.074270	1.503759
216.269696	1.762524
216.438694	1.989004
216.589704	2.195904
216.727352	2.388499
216.854476	2.569516
216.973120	2.739681
217.084702	2.902540
217.190274	3.059178
217.290606	3.210949
217.386392	3.356976
217.478162	3.497187
217.566386	3.630556
217.651504	3.758425
217.733832	3.878701
217.813690	3.993584
217.891324	4.103331
217.966948	4.208993
218.040758	4.308746
218.113022	4.392853
218.184100	4.454770
218.254450	4.484402
218.324624	4.479415
218.395128	4.440163
218.466542	4.368055
218.539332	4.270441
218.613976	4.154007
218.690806	4.028923
218.770036	3.904928
218.851814	3.782044
218.936394	3.653100
219.024070	3.519676
219.115214	3.380237
219.210340	3.234754
219.310034	3.077881
219.415156	2.911254
219.526844	2.729826
219.646738	2.530726
219.777174	2.311592
219.921752	2.068116
220.086678	1.791531
220.285174	1.458601
220.563484	1.004179
221.175874	0.331255
221.789782	0.954276
222.082516	1.388304
222.290930	1.707796
222.463868	1.973759
222.615328	2.207322
222.751928	2.416944
222.877456	2.607390
222.994426	2.779383
223.104584	2.936013
223.209160	3.081866
223.309078	3.215748
223.404954	3.343187
223.497314	3.465476
223.586528	3.583103
223.672884	3.695730
223.756640	3.809746
223.837936	3.923362
223.917034	4.027167
223.994308	4.110633
224.070286	4.167895
224.145504	4.193375
224.220602	4.183324
224.296190	4.137921
224.372936	4.058171
224.451442	3.953579
224.532254	3.829529
224.615802	3.696948
224.702462	3.559556
224.792658	3.414478
224.886910	3.261282
224.985970	3.094555
225.090710	2.917147
225.202442	2.724050
225.322854	2.514884
225.454348	2.288690
225.600652	2.040843
225.767982	1.763374
225.969446	1.437090
226.250076	0.996768
