#Creator: wheelEventBuffer
#Creation time: Thu Apr 11 09:51:51 2019
#Time	Angular velocity
#[s]	[rad/s]
1.138968	1.048106
1.406782	1.499581
1.600432	1.825001
1.762582	2.097583
1.905316	2.336417
2.034426	2.554182
2.153110	2.758154
2.263474	2.950961
2.366924	3.135259
2.464580	3.310494
2.557256	3.479216
2.645598	3.642511
2.730090	3.801172
2.811214	3.952186
2.889340	4.096910
2.964778	4.236922
3.037816	4.372919
3.108654	4.501752
3.177522	4.625976
3.244604	4.744462
3.310062	4.857883
3.374038	4.967730
3.436636	5.072485
3.497954	5.176970
3.558064	5.277859
3.617052	5.376677
3.674954	5.475829
3.731832	5.574153
3.787692	5.673817
3.842604	5.770955
3.896592	5.869064
3.949702	5.964219
4.001962	6.060171
4.053428	6.149856
4.104158	6.238518
4.154146	6.329517
4.203440	6.420848
4.252036	6.509993
4.299980	6.595828
4.347316	6.679976
4.394074	6.758730
4.440292	6.838171
4.485992	6.912499
4.531184	6.990638
4.575890	7.064521
4.620134	7.139010
4.663910	7.213760
4.707242	7.287725
4.750122	7.364258
4.792568	7.439596
4.834582	7.516491
4.876168	7.594258
4.917320	7.672901
4.958072	7.747836
4.998430	7.821522
5.038406	7.895036
5.078024	7.968327
5.117280	8.037642
5.156196	8.107754
5.194784	8.176121
5.233058	8.240459
5.271034	8.306697
5.308718	8.367762
5.346120	8.431090
5.383248	8.492168
5.420116	8.552741
5.456710	8.615601
5.493048	8.676995
5.529114	8.742188
5.564920	8.806887
5.600464	8.871047
5.635752	8.936149
5.670772	9.003762
5.705550	9.065599
5.740084	9.128291
5.774378	9.192394
5.808442	9.256859
5.842270	9.316152
5.875884	9.376769
5.909286	9.434212
5.942488	9.489496
5.975502	9.544852
6.008324	9.597925
6.040960	9.655743
6.073408	9.707659
6.105684	9.760743
6.137780	9.815023
6.169702	9.868671
6.201440	9.926670
6.233002	9.980915
6.264386	10.040245
6.295586	10.099636
6.326598	10.159076
6.357444	10.213240
6.388122	10.267985
6.418630	10.324677
6.448982	10.381312
6.479168	10.433026
6.509200	10.488057
6.539078	10.540842
6.568812	10.591304
6.598410	10.639368
6.627874	10.685689
6.657204	10.736817
6.686398	10.783992
6.715470	10.831584
6.744404	10.881105
6.773216	10.928799
6.801890	10.982286
6.830430	11.031648
6.858844	11.083801
6.887122	11.136450
6.915262	11.189602
6.943276	11.240850
6.971162	11.291757
6.998918	11.343128
7.026556	11.395795
7.054070	11.439781
7.081470	11.489988
7.108758	11.535554
7.135936	11.583189
7.163010	11.626916
7.189980	11.669239
7.216846	11.717988
7.243608	11.760098
7.270274	11.804286
7.296838	11.847020
7.323308	11.891864
7.349670	11.938864
7.375934	11.985322
7.402090	12.036753
7.428142	12.084908
7.454080	12.133449
7.479930	12.178604
7.505676	12.224096
7.531322	12.271846
7.556880	12.319971
7.582332	12.363607
7.607694	12.409514
7.632964	12.454776
7.658150	12.493409
7.683254	12.536284
7.708278	12.573412
7.733218	12.617851
7.758076	12.658525
7.782858	12.697408
7.807558	12.739630
7.832180	12.780053
7.856716	12.825968
7.881170	12.866942
7.905544	12.912424
7.929832	12.959296
7.954026	13.007588
7.978142	13.048649
8.002178	13.092151
8.026132	13.135945
8.050016	13.177822
8.073816	13.219966
8.097540	13.261261
8.121196	13.302814
8.144776	13.340096
8.168292	13.382146
8.191738	13.416436
8.215118	13.457816
8.238428	13.494814
8.261680	13.532015
8.284860	13.570595
8.307980	13.608216
8.331028	13.650789
8.354006	13.692437
8.376914	13.734339
8.399758	13.776498
8.422520	13.822565
8.445220	13.859152
8.467854	13.900852
8.490418	13.942804
8.512920	13.983765
8.535356	14.023715
8.557722	14.063894
8.580032	14.100506
8.602284	14.134764
8.624484	14.171746
8.646624	14.207637
8.668706	14.245002
8.690730	14.281265
8.712706	14.315104
8.734620	14.353037
8.756484	14.387217
8.778288	14.426858
8.800034	14.465387
8.821724	14.505461
8.843350	14.548452
8.864912	14.590343
8.886418	14.628388
8.907866	14.665263
8.929256	14.705077
8.950598	14.742340
8.971884	14.775622
8.993114	14.818833
9.014288	14.853866
9.035414	14.886243
9.056494	14.923013
9.077526	14.952845
9.098508	14.991376
9.119440	15.024355
9.140332	15.054594
9.161172	15.090752
9.181966	15.127083
9.202708	15.163590
9.223402	15.198803
9.244046	15.238614
9.264638	15.275662
9.285172	15.317370
9.305664	15.351801
9.326100	15.389403
9.346488	15.427188
9.366830	15.466683
9.387122	15.497201
9.407368	15.533983
9.427572	15.566310
9.447732	15.597223
9.467852	15.632925
9.487930	15.662542
9.507966	15.698544
9.527956	15.728410
9.547912	15.763134
9.567820	15.794835
9.587692	15.823475
9.607520	15.863425
9.627302	15.897139
9.647042	15.934229
9.666736	15.971493
9.686380	16.012195
9.705982	16.043268
9.725544	16.076106
9.745060	16.115690
9.764538	16.147166
9.783972	16.182099
9.803366	16.217183
9.822716	16.250738
9.842032	16.279369
9.861312	16.311488
9.880556	16.338635
9.899764	16.370988
9.918934	16.403470
9.938072	16.434362
9.957166	16.465370
9.976230	16.498228
9.995250	16.531218
10.014236	16.562593
10.033186	16.597594
10.052092	16.634505
10.070956	16.671581
10.089782	16.707045
10.108568	16.737308
10.127316	16.774843
10.146028	16.808949
10.164704	16.834169
10.183344	16.870329
10.201948	16.903006
10.220520	16.928509
10.239060	16.963243
10.257572	16.981582
10.276060	17.003641
10.294532	17.012849
10.313006	17.005482
10.331492	16.983418
10.350014	16.946772
10.368576	16.901187
10.387192	16.850422
10.405862	16.803555
10.424578	16.767681
10.443324	16.742660
10.462106	16.714155
10.480912	16.694615
10.499742	16.671581
10.518604	16.648610
10.537496	16.608124
10.556436	16.567834
10.575426	16.517312
10.594482	16.458469
10.613602	16.403470
10.632782	16.353944
10.652012	16.316571
10.671286	16.281056
10.690602	16.249057
10.709952	16.222207
10.729338	16.190438
10.748760	16.157132
10.768228	16.120652
10.787742	16.077752
10.807314	16.030170
10.826932	15.991004
10.846610	15.942315
10.866342	15.900358
10.886118	15.865027
10.905942	15.836237
10.925800	15.801190
10.945700	15.772631
10.965644	15.734712
10.985636	15.692271
11.005690	15.643824
11.025806	15.589483
11.045988	15.543205
11.066232	15.492616
11.086538	15.451469
11.106892	15.413564
11.127300	15.377350
11.147748	15.347302
11.168242	15.311398
11.188786	15.274177
11.209384	15.234180
11.230034	15.189985
11.250748	15.144585
11.271524	15.098004
11.292352	15.061812
11.313240	15.027230
11.334172	14.987085
11.355158	14.952845
11.376196	14.914511
11.397294	14.863705
11.418466	14.817435
11.439706	14.765899
11.461014	14.720235
11.482388	14.673483
11.503834	14.627026
11.525340	14.586278
11.546908	14.548452
11.568528	14.509480
11.590212	14.468051
11.611960	14.424209
11.633774	14.383265
11.655640	14.343862
11.677584	14.295562
11.699590	14.254050
11.721658	14.214065
11.743794	14.176862
11.765988	14.133492
11.788246	14.092915
11.810576	14.046287
11.832986	13.992485
11.855476	13.945280
11.878048	13.891018
11.900698	13.849377
11.923418	13.803131
11.946216	13.759603
11.969086	13.713954
11.992036	13.665040
12.015064	13.617653
12.038174	13.571767
12.061358	13.527354
12.084622	13.484388
12.107948	13.447447
12.131350	13.404987
12.154824	13.361656
12.178374	13.316347
12.202014	13.267981
12.225736	13.218853
12.249542	13.171192
12.273438	13.123873
12.297420	13.074716
12.321492	13.028086
12.345658	12.974282
12.369918	12.925173
12.394272	12.872214
12.418732	12.818641
12.443286	12.767588
12.467940	12.720029
12.492678	12.675890
12.517510	12.626980
12.542438	12.580461
12.567460	12.533283
12.592564	12.489436
12.617774	12.438010
12.643082	12.388961
12.668482	12.344175
12.693990	12.295862
12.719590	12.244106
12.745304	12.192784
12.771122	12.141890
12.797058	12.084908
12.823112	12.032143
12.849286	11.974358
12.875578	11.922553
12.901992	11.864917
12.928536	11.807835
12.955200	11.754818
12.981990	11.699660
13.008898	11.650199
13.035926	11.595160
13.063082	11.544880
13.090356	11.493351
13.117744	11.444782
13.145260	11.393315
13.172902	11.337397
13.200672	11.285267
13.228588	11.229599
13.256634	11.171299
13.284824	11.116747
13.313158	11.058831
13.341646	10.996894
13.370292	10.938693
13.399100	10.873573
13.428070	10.814433
13.457204	10.751515
13.486514	10.688598
13.515986	10.627851
13.545636	10.565658
13.575446	10.509108
13.605428	10.448293
13.635578	10.392301
13.665894	10.334866
13.696374	10.278063
13.727036	10.215897
13.757880	10.154479
13.788904	10.096390
13.820120	10.036396
13.851524	9.972044
13.883128	9.907262
13.914948	9.840849
13.946984	9.771064
13.979254	9.702263
14.011756	9.630288
14.044494	9.561702
14.077474	9.490070
14.110708	9.418373
14.144186	9.348309
14.177926	9.275991
14.211916	9.208021
14.246160	9.139976
14.280662	9.072406
14.315422	9.005311
14.350430	8.940727
14.385714	8.870045
14.421278	8.797515
14.457130	8.726161
14.493290	8.655002
14.529748	8.578899
14.566526	8.505043
14.603638	8.426567
14.641102	8.345534
14.678936	8.263870
14.717154	8.178249
14.755766	8.095219
14.794780	8.009772
14.834222	7.923311
14.874084	7.838305
14.914386	7.753190
14.955122	7.670653
14.996308	7.586189
15.037950	7.503924
15.080054	7.420267
15.122630	7.337770
15.165704	7.251056
15.209300	7.163101
15.253428	7.075022
15.298132	6.985042
15.343420	6.890062
15.389338	6.794102
15.435928	6.694495
15.483226	6.591676
15.531276	6.487409
15.580120	6.379127
15.629796	6.271395
15.680348	6.159744
15.731838	6.046408
15.784298	5.932458
15.837786	5.817333
15.892326	5.704105
15.947980	5.588630
16.004794	5.473158
16.062832	5.356692
16.122138	5.239306
16.182838	5.117100
16.245020	4.991092
16.308802	4.862996
16.374338	4.731172
16.441772	4.591763
16.511334	4.446699
16.583284	4.293436
16.657944	4.130631
16.735694	3.960257
16.816980	3.780224
16.902356	3.591787
16.992532	3.390159
17.088466	3.176727
17.191308	2.951903
17.302700	2.713275
17.425004	2.455252
17.562238	2.167542
17.721750	1.837941
17.921200	1.435094
18.481110	0.515859
18.788908	0.505442
19.358808	1.361376
19.568910	1.745872
19.736800	2.060709
19.881096	2.335687
20.009568	2.584822
20.126408	2.816966
20.234124	3.035179
20.334504	3.241295
20.428780	3.436965
20.517954	3.621182
20.602776	3.797129
20.683846	3.963155
20.761654	4.120338
20.836636	4.266845
20.909144	4.404308
20.979466	4.535941
21.047842	4.659458
21.114422	4.780123
21.179364	4.898788
21.242776	5.014193
21.304762	5.124111
21.365450	5.232674
21.424888	5.340665
21.483134	5.449424
21.540228	5.556014
21.596234	5.665427
21.651160	5.775199
21.705066	5.884234
21.757978	5.992204
21.809964	6.096392
21.861074	6.199859
21.911354	6.299312
21.960848	6.397835
22.009602	6.491430
22.057674	6.580078
22.105104	6.668915
22.151936	6.751757
22.198190	6.832223
22.243902	6.914021
22.289088	6.993750
22.333762	7.069927
22.377964	7.146805
22.421686	7.224377
22.464940	7.303651
22.507722	7.381562
22.550056	7.462215
22.591928	7.542840
22.633360	7.624855
22.674340	7.707160
22.714898	7.785855
22.755040	7.867750
22.794784	7.943746
22.834144	8.020815
22.873136	8.093968
22.911786	8.162949
22.950110	8.232254
22.988130	8.297920
23.025838	8.363752
23.063254	8.428828
23.100390	8.494005
23.137242	8.553672
23.173842	8.615601
23.210178	8.676515
23.246256	8.739756
23.282066	8.803925
23.317618	8.871548
23.352896	8.937166
23.387920	9.005311
23.422674	9.073454
23.457176	9.137849
23.491432	9.204784
23.525446	9.269422
23.559218	9.335530
23.592762	9.396963
23.626086	9.456362
23.659206	9.515941
23.692134	9.569857
23.724866	9.623798
23.757418	9.678351
23.789790	9.733525
23.821978	9.785064
23.854000	9.837151
23.885854	9.889174
23.917532	9.944896
23.949034	9.998704
23.980370	10.054383
24.011522	10.113291
24.042502	10.170258
24.073298	10.231201
24.103922	10.286813
24.134374	10.347120
24.164658	10.401936
24.194778	10.458728
24.224742	10.511217
24.254558	10.561395
24.284226	10.615641
24.313760	10.663202
24.343156	10.710462
24.372418	10.761090
24.401552	10.807736
24.430558	10.851788
24.459450	10.896957
24.488220	10.942503
24.516868	10.990738
24.545384	11.040177
24.573778	11.090062
24.602038	11.141980
24.630174	11.192791
24.658172	11.246483
24.686046	11.295817
24.713792	11.348864
24.741414	11.400757
24.768904	11.453962
24.796278	11.502609
24.823532	11.548275
24.850680	11.596016
24.877732	11.638115
24.904674	11.674443
24.931522	11.730239
24.958264	11.772437
24.984906	11.805173
25.011464	11.854172
25.037924	11.895466
25.064286	11.937049
25.090554	11.979838
25.116726	12.028458
25.142792	12.075618
25.168760	12.122213
25.194622	12.171998
25.220382	12.219341
25.246042	12.268013
25.271606	12.311281
25.297070	12.363607
25.322432	12.409514
25.347708	12.448853
25.372894	12.495397
25.398000	12.539286
25.423016	12.575425
25.447954	12.616838
25.472818	12.658525
25.497596	12.694329
25.522312	12.731369
25.546950	12.769664
25.571508	12.814459
25.595986	12.853255
25.620390	12.895463
25.644708	12.939014
25.668948	12.983934
25.693102	13.029167
25.717172	13.073627
25.741160	13.119488
25.765068	13.163465
25.788892	13.209960
25.812636	13.252310
25.836308	13.289309
25.859910	13.332170
25.883444	13.369617
25.906908	13.406131
25.930306	13.446296
25.953640	13.486703
25.976902	13.519204
26.000110	13.555370
26.023258	13.589379
26.046342	13.629469
26.069360	13.665040
26.092314	13.707970
26.115198	13.747561
26.138014	13.793435
26.160756	13.833521
26.183434	13.873841
26.206042	13.916863
26.228584	13.958912
26.251054	14.001215
26.273460	14.043776
26.295800	14.079021
26.318080	14.122056
26.340304	14.155144
26.362468	14.190951
26.384578	14.225650
26.406636	14.263110
26.428636	14.292960
26.450590	14.328161
26.472490	14.363536
26.494336	14.397767
26.516126	14.434813
26.537864	14.472050
26.559540	14.510821
26.581162	14.551147
26.602720	14.593054
26.624222	14.629751
26.645664	14.673483
26.667048	14.710586
26.688372	14.752032
26.709644	14.789533
26.730858	14.824427
26.752022	14.863705
26.773138	14.896124
26.794202	14.931524
26.815216	14.967092
26.836184	15.002830
26.857102	15.030106
26.877984	15.061812
26.898820	15.093652
26.919610	15.128540
26.940348	15.165054
26.961042	15.200274
26.981684	15.237136
27.002276	15.277148
27.022814	15.314384
27.043306	15.348801
27.063746	15.390911
27.084134	15.427188
27.104472	15.468206
27.124756	15.504850
27.144996	15.540130
27.165186	15.577115
27.185340	15.606521
27.205448	15.637594
27.225516	15.671918
27.245540	15.706393
27.265522	15.734712
27.285472	15.764716
27.305378	15.798012
27.325246	15.829853
27.345076	15.852218
27.364884	15.873043
27.384668	15.885885
27.404450	15.882673
27.424244	15.865027
27.444072	15.825069
27.463952	15.783725
27.483890	15.731561
27.503884	15.690703
27.523928	15.653177
27.544016	15.622042
27.564140	15.598772
27.584306	15.567853
27.604508	15.530911
27.624762	15.492616
27.645074	15.445392
27.665452	15.383374
27.685914	15.327833
27.706446	15.274177
27.727042	15.229749
27.747694	15.189985
27.768400	15.156275
27.789146	15.127083
27.809936	15.098004
27.830770	15.060367
27.851658	15.021482
27.872604	14.978510
27.893612	14.930105
27.914688	14.882012
27.935830	14.835628
27.957036	14.792319
27.978300	14.753417
27.999624	14.716098
28.021000	14.676225
28.042434	14.639295
28.063926	14.597122
28.085488	14.543064
28.107132	14.488068
28.128856	14.436139
28.150656	14.384582
28.172526	14.341243
28.194462	14.302070
28.216454	14.266997
28.238504	14.230806
28.260610	14.192233
28.282784	14.144947
28.305030	14.100506
28.327350	14.050057
28.349746	14.003712
28.372216	13.960152
28.394752	13.918096
28.417352	13.878745
28.440032	13.834740
28.462774	13.791013
28.485596	13.739144
28.508508	13.690050
28.531500	13.633018
28.554590	13.579980
28.577766	13.530850
28.601022	13.486703
28.624350	13.442844
28.647762	13.399269
28.671244	13.354840
28.694812	13.309577
28.718454	13.264620
28.742184	13.213293
28.765998	13.171192
28.789892	13.126066
28.813864	13.084518
28.837914	13.039983
28.862054	12.989302
28.886282	12.942212
28.910614	12.888057
28.935036	12.835401
28.959562	12.783173
28.984186	12.735498
29.008902	12.682031
29.033730	12.629011
29.058658	12.576432
29.083690	12.525288
29.108824	12.469606
29.134070	12.420308
29.159410	12.373346
29.184852	12.325772
29.210384	12.280481
29.236018	12.231711
29.261752	12.185217
29.287592	12.132512
29.313536	12.085838
29.339586	12.033065
29.365748	11.981665
29.392024	11.931609
29.418418	11.877477
29.444932	11.819385
29.471576	11.762740
29.498350	11.706635
29.525252	11.647607
29.552290	11.590882
29.579460	11.535554
29.606762	11.479912
29.634190	11.423973
29.661760	11.368577
29.689458	11.314531
29.717290	11.263418
29.745240	11.214367
29.773322	11.160187
29.801538	11.110456
29.829888	11.053383
29.858378	11.000745
29.887012	10.943265
29.915794	10.884875
29.944728	10.830091
29.973826	10.769206
30.003078	10.707541
30.032504	10.646579
30.062100	10.584881
30.091868	10.519665
30.121824	10.457335
30.151960	10.392989
30.182278	10.332147
30.212772	10.269327
30.243454	10.211248
30.274306	10.152510
30.305344	10.094443
30.336554	10.036396
30.367950	9.975844
30.399532	9.919775
30.431302	9.859379
30.463262	9.800326
30.495422	9.737749
30.527794	9.671796
30.560384	9.606729
30.593214	9.536739
30.626274	9.467191
30.659576	9.400337
30.693124	9.331094
30.726922	9.257950
30.760990	9.187018
30.795324	9.113991
30.829924	9.045761
30.864790	8.973928
30.899934	8.906256
30.935340	8.838602
30.971022	8.771968
31.006974	8.704884
31.043214	8.634070
31.079744	8.566267
31.116572	8.496302
31.153704	8.426115
31.191154	8.351746
31.228938	8.277369
31.267066	8.202592
31.305566	8.121588
31.344438	8.042168
31.383702	7.960654
31.423378	7.878405
31.463470	7.792422
31.504012	7.707538
31.544998	7.623745
31.586436	7.540667
31.628328	7.456548
31.670698	7.374631
31.713532	7.293817
31.756852	7.212767
31.800650	7.132850
31.844954	7.050253
31.889778	6.968619
31.935148	6.883118
31.981084	6.796159
32.027626	6.705641
32.074816	6.610817
32.122690	6.514853
32.171306	6.414032
32.220678	6.312222
32.270868	6.209172
32.321912	6.104210
32.373846	5.994491
32.426756	5.884234
32.480662	5.773713
32.535610	5.663589
32.591634	5.552479
32.648796	5.442438
32.707122	5.331782
32.766682	5.221194
32.827520	5.108779
32.889742	4.992519
32.953432	4.876129
33.018716	4.753651
33.085728	4.626930
33.154648	4.495053
33.225690	4.354493
33.299132	4.208317
33.375288	4.051472
33.454496	3.888302
33.537202	3.718301
33.623924	3.539185
33.715290	3.349389
33.812180	3.150667
33.915602	2.941787
34.026968	2.721030
34.148272	2.484022
34.282600	2.227448
34.435012	1.942324
34.615830	1.609769
34.855538	1.177350
35.251238	0.611793
35.734218	0.594789
36.140388	1.132122
36.389792	1.546212
36.578122	1.863341
36.737022	2.135743
36.877168	2.380103
37.003808	2.605358
37.120162	2.814543
37.228308	3.011554
37.329708	3.198982
37.425402	3.377766
37.516284	3.547097
37.602992	3.708294
37.686048	3.863437
37.765908	4.013379
37.842894	4.154337
37.917362	4.288981
37.989582	4.416195
38.059790	4.537382
38.128184	4.654349
38.194906	4.766055
38.260080	4.877644
38.323804	4.984598
38.386192	5.090402
38.447286	5.195291
38.507178	5.298868
38.565894	5.402939
38.623500	5.506350
38.680034	5.609987
38.735538	5.713025
38.790036	5.816687
38.843610	5.915479
38.896294	6.012157
38.948138	6.108008
38.999190	6.203532
39.049470	6.294263
39.099032	6.384313
39.147918	6.470307
39.196168	6.553176
39.243820	6.634831
39.290900	6.712231
39.337436	6.791164
39.383434	6.867770
39.428938	6.943360
39.473932	7.020319
39.518444	7.097078
39.562464	7.175863
39.606010	7.254070
39.649088	7.332289
39.691710	7.411864
39.733862	7.492470
39.775588	7.568644
39.816890	7.644894
39.857778	7.721177
39.898280	7.796676
39.938396	7.866174
39.978152	7.938126
40.017558	8.007322
40.056632	8.073168
40.095392	8.139685
40.133840	8.203020
40.171988	8.268219
40.209842	8.330044
40.247420	8.392351
40.284710	8.456053
40.321728	8.518880
40.358460	8.584994
40.394918	8.649760
40.431098	8.717445
40.467002	8.784232
40.502624	8.852549
40.537992	8.915861
40.573106	8.978031
40.607966	9.043157
40.642590	9.109234
40.676964	9.169321
40.711110	9.231290
40.745032	9.291354
40.778742	9.347752
40.812254	9.403714
40.845570	9.456362
40.878692	9.513059
40.911622	9.567525
40.944370	9.620851
40.976928	9.675966
41.009308	9.729908
41.041500	9.786283
41.073514	9.841466
41.105344	9.897897
41.136996	9.955611
41.168456	10.014002
41.199746	10.068562
41.230862	10.123720
41.261802	10.182784
41.292576	10.238537
41.323182	10.290856
41.353628	10.344395
41.383920	10.398493
41.414058	10.449683
41.444052	10.500677
41.473904	10.547921
41.503616	10.598450
41.533188	10.647301
41.562634	10.694419
41.591938	10.744161
41.621114	10.792884
41.650146	10.847292
41.679040	10.898469
41.707798	10.950895
41.736420	11.003827
41.764896	11.058831
41.793242	11.108885
41.821458	11.158601
41.849542	11.212766
41.877502	11.265034
41.905330	11.312901
41.933034	11.364465
41.960624	11.409867
41.988106	11.453962
42.015478	11.501767
42.042742	11.543183
42.069902	11.591737
42.096952	11.635528
42.123904	11.678783
42.150752	11.724111
42.177498	11.768028
42.204138	11.815829
42.230672	11.863125
42.257100	11.912607
42.283420	11.961592
42.309622	12.014658
42.335726	12.058931
42.361728	12.105397
42.387628	12.152223
42.413434	12.200360
42.439136	12.243151
42.464746	12.291051
42.490260	12.335451
42.515686	12.376271
42.541026	12.419326
42.566286	12.457739
42.591460	12.501364
42.616546	12.542289
42.641558	12.582476
42.666480	12.624950
42.691328	12.664648
42.716086	12.710765
42.740760	12.754111
42.765350	12.798797
42.789854	12.844847
42.814264	12.892288
42.838592	12.936883
42.862838	12.977498
42.887000	13.023765
42.911086	13.069276
42.935086	13.109634
42.959010	13.150241
42.982864	13.192209
43.006642	13.229987
43.030356	13.270223
43.053996	13.307322
43.077566	13.349166
43.101066	13.386708
43.124506	13.423315
43.147874	13.461276
43.171180	13.499453
43.194414	13.541348
43.217578	13.583503
43.240670	13.627104
43.263688	13.670986
43.286628	13.716349
43.309502	13.755988
43.332308	13.793435
43.355046	13.834740
43.377726	13.877519
43.400330	13.916863
43.422870	13.956431
43.445348	13.996225
43.467766	14.032485
43.490126	14.068933
43.512432	14.100506
43.534678	14.141126
43.556868	14.175583
43.579002	14.212779
43.601076	14.248878
43.623098	14.285161
43.645058	14.324242
43.666960	14.362223
43.688804	14.403047
43.710588	14.442776
43.732304	14.488068
43.753960	14.525581
43.775560	14.564639
43.797098	14.605266
43.818584	14.643389
43.840014	14.676225
43.861390	14.716098
43.882710	14.752032
43.903980	14.786749
43.925204	14.823028
43.946382	14.846846
43.967526	14.872149
43.988644	14.880602
44.009764	14.876374
44.030900	14.855271
44.052082	14.813243
44.073320	14.767287
44.094630	14.718856
44.116008	14.672112
44.137446	14.635203
44.158926	14.610700
44.180456	14.578156
44.202028	14.547104
44.223650	14.510821
44.245338	14.468051
44.267094	14.413620
44.288930	14.360910
44.310846	14.304675
44.332848	14.250171
44.354928	14.208922
44.377070	14.166634
44.399272	14.132221
44.421532	14.094180
44.443860	14.050057
44.466260	14.001215
44.488742	13.947756
44.511308	13.893475
44.533960	13.843274
44.556690	13.798281
44.579490	13.760809
44.602342	13.730737
44.625256	13.692437
44.648234	13.653162
44.671282	13.607037
44.694418	13.557710
44.717636	13.502934
44.740944	13.452054
44.764340	13.402699
44.787820	13.354840
44.811382	13.314090
44.835022	13.265740
44.858742	13.223304
44.882546	13.171192
44.906454	13.115107
44.930454	13.061669
44.954556	13.008665
44.978748	12.960366
45.003026	12.918795
45.027384	12.876435
45.051822	12.837499
45.076332	12.794627
45.100940	12.742730
45.125644	12.691253
45.150442	12.642224
45.175346	12.594582
45.200332	12.548301
45.225416	12.500369
45.250594	12.453788
45.275876	12.400697
45.301268	12.346116
45.326776	12.287205
45.352398	12.233616
45.378134	12.179548
45.403986	12.126892
45.429942	12.077474
45.456014	12.025695
45.482190	11.976184
45.508478	11.923458
45.534888	11.870296
45.561408	11.822054
45.588030	11.776851
45.614766	11.726736
45.641612	11.677047
45.668574	11.626055
45.695662	11.574654
45.722872	11.516102
45.750210	11.465667
45.777676	11.409867
45.805276	11.355428
45.833014	11.299067
45.860896	11.238437
45.888918	11.181637
45.917092	11.119895
45.945424	11.059609
45.973898	11.003827
46.002524	10.947842
46.031288	10.893934
46.060202	10.837563
46.089266	10.781032
46.118484	10.725820
46.147840	10.674071
46.177352	10.619229
46.207014	10.564237
46.236826	10.508405
46.266812	10.451769
46.296958	10.390239
46.327278	10.330788
46.357776	10.272014
46.388456	10.207930
46.419332	10.144642
46.450402	10.078252
46.481672	10.015279
46.513142	9.949305
46.544824	9.885439
46.576708	9.819932
46.608810	9.754681
46.641114	9.692684
46.673632	9.630288
46.706358	9.569857
46.739292	9.510179
46.772426	9.450673
46.805788	9.385173
46.839380	9.320021
46.873198	9.257404
46.907256	9.195085
46.941550	9.127230
46.976094	9.060893
47.010902	8.991393
47.045988	8.917379
47.081366	8.844574
47.117040	8.768540
47.153022	8.695247
47.189308	8.619383
47.225920	8.544366
47.262850	8.469274
47.300112	8.394145
47.337698	8.321659
47.375622	8.247382
47.413880	8.175695
47.452480	8.104408
47.491410	8.033942
47.530704	7.959041
47.570368	7.882754
47.610416	7.805587
47.650876	7.728395
47.691746	7.646010
47.733052	7.564999
47.774818	7.480339
47.817068	7.392331
47.859828	7.304331
47.903118	7.211773
47.946960	7.121209
47.991370	7.026914
48.036392	6.932329
48.082020	6.837874
48.128290	6.743931
48.175192	6.651971
48.222758	6.558922
48.271002	6.466577
48.319946	6.373433
48.369602	6.280422
48.420032	6.182047
48.471270	6.082464
48.523354	5.982163
48.576342	5.880049
48.630276	5.772228
48.685238	5.662568
48.741300	5.547773
48.798574	5.426456
48.857156	5.303340
48.917144	5.174924
48.978654	5.044304
49.041800	4.909659
49.106736	4.771846
49.173570	4.632934
49.242480	4.491069
49.313596	4.348105
49.387134	4.201788
49.463312	4.052831
49.542392	3.900177
49.624678	3.742665
49.710664	3.575436
49.800910	3.398447
49.896162	3.210490
49.997438	3.011207
50.106070	2.793669
50.224166	2.554348
50.355074	2.284296
50.504870	1.969527
50.686982	1.585142
50.959744	1.019521
51.426444	0.465867
51.893762	0.987686
52.175404	1.534400
52.363606	1.904665
52.518578	2.206547
52.654160	2.464922
52.776592	2.693225
52.889334	2.900074
52.994554	3.087985
53.093642	3.264603
53.187630	3.431409
53.277266	3.588341
53.363130	3.735900
53.445718	3.878893
53.525332	4.018924
53.602228	4.157306
53.676616	4.293084
53.748706	4.428021
53.818626	4.561627
53.886554	4.693708
53.952594	4.823869
54.016912	4.949105
54.079634	5.072812
54.140872	5.191514
54.200738	5.307462
54.259346	5.416726
54.316802	5.521058
54.373198	5.623040
54.428618	5.718641
54.483112	5.812167
54.536748	5.904361
54.589564	5.994948
54.641596	6.080816
54.692906	6.166999
54.743502	6.253170
54.793398	6.340248
54.842610	6.426628
54.891168	6.515394
54.939056	6.604702
54.986308	6.695351
55.032918	6.785884
55.078922	6.872878
55.124348	6.960898
55.169218	7.044246
55.213558	7.127995
55.257390	7.207802
55.300750	7.283333
55.343660	7.360118
55.386146	7.432556
55.428214	7.502848
55.469894	7.573022
55.511196	7.642290
55.552128	7.706404
55.592728	7.771603
55.632982	7.837523
55.672892	7.906560
55.712454	7.973585
55.751686	8.044228
55.790568	8.114456
55.829118	8.185921
55.867326	8.258656
55.905210	8.327394
55.942774	8.399980
55.980026	8.468818
56.016970	8.538793
56.053622	8.605217
56.090000	8.666462
56.126120	8.729556
56.161998	8.787180
56.197630	8.844574
56.233032	8.903732
56.268204	8.962663
56.303148	9.016683
56.337886	9.072406
56.372408	9.128291
56.406718	9.185406
56.440808	9.243241
56.474688	9.304012
56.508342	9.365029
56.541778	9.427983
56.574990	9.490643
56.607988	9.550075
56.640780	9.612608
56.673362	9.672391
56.705742	9.732319
56.737928	9.790553
56.769924	9.845167
56.801742	9.902265
56.833396	9.953088
56.864872	10.004435
56.896196	10.056315
56.927362	10.106784
56.958370	10.153166
56.989240	10.202626
57.019958	10.251901
57.050522	10.305034
57.080934	10.354623
57.111196	10.408829
57.141296	10.463605
57.171246	10.518256
57.201032	10.575617
57.230662	10.628570
57.260142	10.685689
57.289472	10.739753
57.318646	10.795851
57.347680	10.846543
57.376578	10.894689
57.405348	10.944790
57.433998	10.989969
57.462520	11.037849
57.490920	11.084583
57.519206	11.132504
57.547368	11.175273
57.575430	11.217570
57.603380	11.262611
57.631216	11.309643
57.658936	11.353786
57.686546	11.405724
57.714028	11.454797
57.741398	11.505137
57.768640	11.556771
57.795768	11.605440
57.822778	11.657116
57.849674	11.705763
57.876452	11.757458
57.903120	11.805173
57.929678	11.850595
57.956136	11.897268
57.982502	11.939771
58.008762	11.982579
58.034938	12.022014
58.061022	12.068196
58.087012	12.105397
58.112920	12.146585
58.138742	12.188053
58.164474	12.230759
58.190110	12.273764
58.215664	12.318039
58.241116	12.364581
58.266480	12.410495
58.291744	12.458727
58.316914	12.504349
58.341988	12.553315
58.366972	12.598623
58.391860	12.646295
58.416660	12.690227
58.441378	12.729306
58.466010	12.775895
58.490568	12.814459
58.515042	12.856411
58.539440	12.895463
58.563768	12.936883
58.588014	12.972139
58.612200	13.008665
58.636316	13.047565
58.660356	13.086698
58.684324	13.127163
58.708216	13.171192
58.732030	13.212182
58.755770	13.257903
58.779422	13.303941
58.803004	13.341229
58.826508	13.391273
58.849932	13.432498
58.873282	13.478602
58.896554	13.521532
58.919752	13.558881
58.942886	13.602324
58.965956	13.637752
58.988962	13.672176
59.011904	13.711560
59.034786	13.752375
59.057600	13.784961
59.080362	13.821349
59.103062	13.857930
59.125704	13.893475
59.148292	13.921797
59.170842	13.946518
59.193360	13.957671
59.215874	13.956431
59.238404	13.936619
59.260980	13.895934
59.283628	13.849377
59.306352	13.800706
59.329150	13.759603
59.352012	13.721142
59.374936	13.684087
59.397924	13.650789
59.420980	13.607037
59.444110	13.556540
59.467334	13.499453
59.490662	13.439394
59.514086	13.378727
59.537614	13.325385
59.561232	13.278075
59.584926	13.240023
59.608688	13.199969
59.632528	13.159054
59.656444	13.111822
59.680456	13.059497
59.704556	13.008665
59.728758	12.952885
59.753050	12.911362
59.777424	12.867996
59.801874	12.830159
59.826400	12.787336
59.851016	12.738596
59.875726	12.689202
59.900550	12.629011
59.925478	12.571399
59.950522	12.516305
59.975674	12.468617
60.000918	12.414418
60.026278	12.366528
60.051736	12.315142
60.077300	12.263224
60.102976	12.206048
60.128774	12.151283
60.154682	12.098870
60.180700	12.051529
60.206814	12.007310
60.233030	11.959771
60.259346	11.916222
60.285774	11.863125
60.312314	11.811387
60.338974	11.754818
60.365764	11.698788
60.392672	11.649335
60.419710	11.594304
60.446866	11.541487
60.474154	11.484108
60.501584	11.426466
60.529154	11.361177
60.556880	11.300693
60.584752	11.243263
60.612760	11.189602
60.640902	11.134872
60.669188	11.080674
60.697612	11.023906
60.726186	10.967716
60.754898	10.914371
60.783752	10.860041
60.812748	10.809967
60.841884	10.757405
60.871164	10.702435
60.900602	10.641531
60.930212	10.578465
60.959990	10.520369
60.989946	10.458031
61.020070	10.398493
61.050372	10.336907
61.080862	10.274029
61.111542	10.203952
61.142432	10.137440
61.173522	10.072436
61.204808	10.012087
61.236282	9.948675
61.267960	9.887306
61.299834	9.824846
61.331912	9.763776
61.364182	9.706459
61.396650	9.645071
61.429324	9.586210
61.462210	9.522286
61.495308	9.460919
61.528630	9.395277
61.562186	9.328877
61.595982	9.263409
61.630038	9.191318
61.664354	9.116636
61.698948	9.045761
61.733822	8.974441
61.768968	8.900704
61.804418	8.825690
61.840170	8.749980
61.876222	8.678433
61.912570	8.605689
61.949230	8.535081
61.986192	8.464254
62.023464	8.395042
62.061038	8.326511
62.098932	8.255184
62.137148	8.186347
62.175706	8.112360
62.214614	8.037642
62.253886	7.961461
62.293544	7.882358
62.333602	7.803648
62.374094	7.718522
62.415016	7.634119
62.456402	7.549002
62.498264	7.463634
62.540616	7.371516
62.583500	7.281982
62.626908	7.193279
62.670858	7.105425
62.715348	7.016242
62.760410	6.928965
62.806032	6.843236
62.852242	6.756694
62.899036	6.670331
62.946454	6.582008
62.994508	6.494920
63.043232	6.403572
63.092662	6.309686
63.142846	6.212610
63.193840	6.110859
63.245704	6.006180
63.298512	5.896604
63.352304	5.785409
63.407152	5.672998
63.463116	5.558177
63.520262	5.438669
63.578702	5.317163
63.638486	5.195463
63.699692	5.073468
63.762392	4.949728
63.826692	4.826092
63.892654	4.702138
63.960406	4.576246
64.030060	4.448588
64.101792	4.315375
64.175812	4.179095
64.252368	4.035651
64.331776	3.884456
64.414440	3.725356
64.500860	3.555286
64.591702	3.374066
64.687856	3.176984
64.790406	2.967126
64.900926	2.740829
65.021708	2.491943
65.156384	2.213636
65.311514	1.896845
65.501378	1.516696
65.789956	0.962014
66.275650	0.450793
66.762220	0.916782
67.065076	1.444636
67.264462	1.805513
67.427466	2.106105
67.569018	2.370727
67.695958	2.608083
67.812084	2.824360
67.919796	3.025300
68.020752	3.214300
68.116082	3.388916
68.206730	3.552472
68.293404	3.705320
68.376646	3.850180
68.456880	3.988109
68.534436	4.118717
68.609588	4.247002
68.682544	4.369027
68.753512	4.489400
68.822604	4.607252
68.889964	4.724342
68.955662	4.841562
69.019804	4.956914
69.082476	5.071993
69.143750	5.186029
69.203680	5.299404
69.262388	5.407402
69.319936	5.513307
69.376382	5.618415
69.431812	5.722183
69.486254	5.820998
69.539780	5.918823
69.592456	6.011927
69.644336	6.100654
69.695476	6.187892
69.745916	6.271395
69.795676	6.356154
69.844792	6.437162
69.893294	6.519180
69.941186	6.601094
69.988492	6.682534
70.035212	6.765425
70.081366	6.849203
70.126964	6.932023
70.172016	7.015929
70.216522	7.101249
70.260518	7.182753
70.304020	7.261783
70.347042	7.341885
70.389616	7.421669
70.431736	7.495330
70.473442	7.570468
70.514742	7.643406
70.555660	7.713594
70.596210	7.782769
70.636410	7.848880
70.676264	7.916921
70.715782	7.982094
70.754988	8.046700
70.793868	8.112360
70.832438	8.179527
70.870684	8.247815
70.908618	8.315932
70.946244	8.384288
70.983564	8.453777
71.020566	8.524891
71.057284	8.590158
71.093714	8.656433
71.129864	8.723738
71.165744	8.792591
71.201346	8.855044
71.236696	8.918898
71.271802	8.980084
71.306674	9.038474
71.341324	9.096047
71.375756	9.152225
71.409974	9.211261
71.443974	9.267235
71.477778	9.322787
71.511370	9.379568
71.544766	9.436479
71.577952	9.495233
71.610934	9.554722
71.643714	9.614373
71.676288	9.676562
71.708646	9.738353
71.740816	9.796048
71.772792	9.853813
71.804580	9.911012
71.836188	9.970778
71.867610	10.024866
71.898858	10.082133
71.929936	10.136132
71.960850	10.188068
71.991610	10.241207
72.022214	10.288834
72.052674	10.340309
72.082980	10.390239
72.113148	10.439266
72.143168	10.490158
72.173046	10.540135
72.202772	10.594876
72.232352	10.646579
72.261786	10.700976
72.291072	10.755932
72.320202	10.810711
72.349196	10.862294
72.378048	10.915130
72.406756	10.968482
72.435336	11.022359
72.463774	11.070522
72.492086	11.121469
72.520274	11.169710
72.548340	11.215968
72.576294	11.263418
72.604134	11.306387
72.631858	11.356249
72.659468	11.399930
72.686974	11.444782
72.714368	11.490829
72.741656	11.536401
72.768828	11.584044
72.795892	11.632943
72.822840	11.683126
72.849674	11.733744
72.876386	11.785687
72.902994	11.832741
72.929492	11.877477
72.955884	11.926174
72.982178	11.976184
73.008360	12.020174
73.034442	12.070050
73.060422	12.113799
73.086312	12.155985
73.112112	12.198465
73.137826	12.236475
73.163452	12.282401
73.188986	12.323837
73.214438	12.365554
73.239798	12.407554
73.265078	12.449840
73.290262	12.495397
73.315362	12.538285
73.340372	12.584492
73.365294	12.631042
73.390112	12.679983
73.414846	12.726212
73.439492	12.768626
73.464046	12.816550
73.488524	12.859569
73.512914	12.899699
73.537228	12.941146
73.561462	12.986081
73.585616	13.024845
73.609704	13.064928
73.633724	13.094334
73.657692	13.122776
73.681624	13.132651
73.705560	13.126066
73.729516	13.104166
73.753534	13.061669
73.777630	13.012976
73.801818	12.963575
73.826094	12.916671
73.850454	12.878547
73.874874	12.846948
73.899374	12.802969
73.923956	12.757219
73.948630	12.707680
73.973414	12.651388
73.998300	12.593573
74.023298	12.539286
74.048396	12.492416
74.073596	12.441951
74.098890	12.399718
74.124282	12.346116
74.149782	12.296824
74.175390	12.237429
74.201132	12.175772
74.226990	12.117537
74.252978	12.062635
74.279066	12.017415
74.305256	11.972533
74.331548	11.928891
74.357938	11.881070
74.384434	11.830958
74.411058	11.773320
74.437804	11.716240
74.464674	11.664907
74.491666	11.618316
74.518764	11.566132
74.545980	11.520325
74.573320	11.463156
74.600800	11.402412
74.628428	11.340671
74.656206	11.277975
74.684130	11.223180
74.712188	11.168916
74.740390	11.113601
74.768728	11.056496
74.797224	10.996894
74.825864	10.937931
74.854662	10.881105
74.883606	10.826358
74.912694	10.776594
74.941908	10.728018
74.971274	10.671171
75.000796	10.612055
75.030478	10.555008
75.060328	10.498572
75.090334	10.439960
75.120504	10.384744
75.150846	10.325355
75.181368	10.259937
75.212090	10.194680
75.243008	10.126983
75.274126	10.065336
75.305434	10.001887
75.336948	9.938604
75.368660	9.874254
75.400588	9.807057
75.432722	9.743185
75.465070	9.681333
75.497618	9.622619
75.530368	9.565195
75.563310	9.506151
75.596480	9.440449
75.629872	9.375090
75.663492	9.311734
75.697348	9.251407
75.731426	9.185943
75.765752	9.119282
75.800334	9.049930
75.835190	8.976492
75.870330	8.905751
75.905754	8.832141
75.941474	8.759739
75.977492	8.684190
76.013832	8.607575
76.050484	8.534617
76.087454	8.462430
76.124734	8.390558
76.162342	8.317253
76.200282	8.244784
76.238550	8.174844
76.277138	8.106917
76.316076	8.032709
76.355368	7.958235
76.395026	7.884336
76.435068	7.811409
76.475490	7.732961
76.516330	7.653088
76.557604	7.571197
76.599336	7.485329
76.641550	7.401387
76.684258	7.312151
76.727484	7.224709
76.771244	7.134146
76.815568	7.044246
76.860458	6.952580
76.905948	6.861770
76.952026	6.773593
76.998718	6.684524
77.046034	6.596105
77.093992	6.507836
77.142592	6.419799
77.191898	6.327223
77.241930	6.232577
77.292722	6.138081
77.344326	6.042222
77.396766	5.941434
77.450114	5.838523
77.504432	5.731369
77.559810	5.618214
77.616328	5.502685
77.674068	5.382573
77.733114	5.262123
77.793552	5.136847
77.855504	5.009875
77.919038	4.882343
77.984280	4.752931
78.051312	4.623389
78.120288	4.490299
78.191346	4.356788
78.264648	4.220642
78.340370	4.081687
78.418828	3.934762
78.500352	3.780497
78.585360	3.618679
78.674404	3.449722
78.768114	3.267863
78.867446	3.073063
78.973690	2.860831
79.088730	2.626618
79.215454	2.366263
79.358676	2.070542
79.528020	1.720855
79.751794	1.261795
80.145176	0.633966
80.580308	0.617599
80.983022	1.215147
81.215298	1.658743
81.390956	1.997020
81.539458	2.282272
81.670868	2.532440
81.790206	2.757476
81.900470	2.960025
82.003634	3.145052
82.101054	3.316995
82.193710	3.475444
82.282274	3.626198
82.367304	3.770786
82.449206	3.908134
82.528330	4.037310
82.604992	4.163807
82.679362	4.288747
82.751600	4.413217
82.821828	4.536203
82.890192	4.658905
82.956768	4.780996
83.021686	4.902304
83.085010	5.022530
83.146864	5.138863
83.207340	5.254202
83.266530	5.364925
83.324514	5.473921
83.381394	5.575736
83.437260	5.673203
83.492186	5.767989
83.546258	5.856810
83.599504	5.943907
83.651976	6.031317
83.703708	6.117523
83.754720	6.199370
83.805072	6.281175
83.854766	6.363621
83.903816	6.447467
83.952226	6.531106
84.000024	6.616108
84.047196	6.703065
84.093774	6.789990
84.139748	6.876489
84.185162	6.960281
84.230028	7.045509
84.274370	7.126702
84.318204	7.208795
84.361552	7.286711
84.404450	7.360808
84.446916	7.435370
84.488984	7.504999
84.530654	7.572657
84.571956	7.640432
84.612898	7.708673
84.653484	7.771218
84.693744	7.836741
84.733668	7.902185
84.773254	7.969944
84.812504	8.037230
84.851428	8.106917
84.890010	8.176546
84.928272	8.247815
84.966198	8.319015
85.003804	8.388317
85.041098	8.461063
85.078084	8.529056
85.114772	8.597681
85.151176	8.662639
85.187314	8.723738
85.223198	8.786197
85.258846	8.844076
85.294248	8.901713
85.329422	8.961129
85.364374	9.019272
85.399096	9.073978
85.433618	9.128291
85.467930	9.184332
85.502032	9.241066
85.535918	9.298504
85.569596	9.359449
85.603050	9.420633
85.636292	9.483194
85.669312	9.544852
85.702128	9.603206
85.734734	9.665844
85.767138	9.726293
85.799338	9.787503
85.831344	9.843933
85.863168	9.899769
85.894812	9.954980
85.926298	10.005709
85.957614	10.056315
85.988774	10.108084
86.019780	10.158419
86.050630	10.205941
86.081342	10.254578
86.111904	10.304358
86.142316	10.356671
86.172572	10.407449
86.202684	10.460121
86.232640	10.513328
86.262444	10.570635
86.292084	10.626413
86.321576	10.679151
86.350914	10.736817
86.380106	10.789918
86.409146	10.845045
86.438048	10.896201
86.466816	10.944028
86.495454	10.994585
86.523972	11.042505
86.552360	11.089279
86.580628	11.137240
86.608782	11.183229
86.636816	11.226389
86.664750	11.269075
86.692572	11.314531
86.720282	11.360355
86.747874	11.408209
86.775356	11.457304
86.802716	11.505980
86.829962	11.556771
86.857084	11.608871
86.884092	11.655386
86.910982	11.710999
86.937758	11.756578
86.964416	11.812275
86.990962	11.857751
87.017406	11.902677
87.043746	11.949763
87.069996	11.991727
87.096144	12.034909
87.122204	12.075618
87.148172	12.122213
87.174044	12.160690
87.199836	12.202255
87.225538	12.244106
87.251156	12.285283
87.276692	12.319005
87.302172	12.345146
87.327606	12.358744
87.353038	12.354855
87.378494	12.332546
87.404014	12.290089
87.429626	12.244106
87.455340	12.191837
87.481154	12.148463
87.507060	12.102599
87.533066	12.058931
87.559168	12.011901
87.585394	11.954310
87.611740	11.891864
87.638228	11.829176
87.664852	11.771555
87.691606	11.710126
87.718492	11.659711
87.745498	11.608871
87.772618	11.558472
87.799866	11.500925
87.827254	11.443114
87.854776	11.384232
87.882440	11.329220
87.910226	11.281215
87.938136	11.232008
87.966160	11.188008
87.994312	11.134872
88.022596	11.079892
88.051030	11.019266
88.079622	10.954713
88.108370	10.899225
88.137278	10.840554
88.166328	10.785473
88.195536	10.728018
88.224910	10.666099
88.254456	10.597020
88.284196	10.531655
88.314118	10.467091
88.344214	10.410208
88.374472	10.352576
88.404906	10.295578
88.435506	10.235868
88.466296	10.174869
88.497258	10.115245
88.528408	10.056315
88.559730	10.003161
88.591232	9.945526
88.622914	9.886684
88.654798	9.821160
88.686892	9.754076
88.719204	9.691488
88.751738	9.625567
88.784488	9.558792
88.817472	9.491216
88.850702	9.420068
88.884180	9.345528
88.917928	9.273800
88.951928	9.206402
88.986180	9.139445
89.020684	9.068739
89.055464	8.999635
89.090500	8.931068
89.125810	8.865540
89.161370	8.802938
89.197196	8.736353
89.233296	8.669332
89.269688	8.598622
89.306372	8.529520
89.343360	8.457874
89.380668	8.383840
89.418310	8.308894
89.456316	8.227942
89.494680	8.148129
89.533422	8.070265
89.572552	7.991028
89.612074	7.905367
89.652036	7.820354
89.692424	7.736389
89.733248	7.656072
89.774502	7.573753
89.816212	7.492470
89.858366	7.411514
89.900986	7.333316
89.944060	7.254070
89.987618	7.171931
90.031678	7.090031
90.076252	7.007791
90.121358	6.923468
90.167036	6.834304
90.213320	6.741615
90.260250	6.648592
90.307872	6.549624
90.356216	6.448261
90.405328	6.346908
90.455240	6.245214
90.505982	6.137601
90.557632	6.030854
90.610200	5.923286
90.663736	5.816256
90.718258	5.707835
90.773834	5.600786
90.830472	5.493832
90.888236	5.387003
90.947152	5.279455
91.007316	5.167433
91.068802	5.054693
91.131720	4.936351
91.196198	4.812784
91.262384	4.684749
91.330464	4.549604
91.400642	4.409129
91.473190	4.260480
91.548346	4.105584
91.626464	3.945634
91.707930	3.777496
91.793204	3.600102
91.882922	3.415220
91.977756	3.223535
92.078586	3.023320
92.186604	2.811470
92.303494	2.586524
92.431642	2.344682
92.574894	2.080167
92.740140	1.779899
92.943814	1.411419
93.286720	0.810805
93.713246	0.568596
94.140142	0.783127
94.495148	1.359997
94.706552	1.714506
94.878178	2.002009
95.027104	2.253750
95.160494	2.483276
95.282326	2.695582
95.395050	2.894997
95.500406	3.083136
95.599590	3.263721
95.693502	3.438094
95.782808	3.606135
95.868160	3.765272
95.950022	3.917589
96.028800	4.063946
96.104850	4.205950
96.178418	4.340176
96.249782	4.468964
96.319158	4.592032
96.386744	4.708904
96.452690	4.823276
96.517126	4.930928
96.580172	5.037995
96.641910	5.141555
96.702434	5.242978
96.761784	5.344481
96.820030	5.446023
96.877184	5.547773
96.933314	5.648518
96.988446	5.750252
97.042620	5.850919
97.095862	5.950437
97.148248	6.047106
97.199800	6.142642
97.250552	6.237527
97.300562	6.331048
97.349840	6.420586
97.398442	6.508645
97.446406	6.592782
97.493772	6.673449
97.540578	6.752628
97.586846	6.829252
97.632588	6.907332
97.677826	6.982248
97.722586	7.057221
97.766864	7.133174
97.810680	7.208464
97.854028	7.285021
97.896928	7.362188
97.939380	7.439596
97.981388	7.519370
98.022948	7.597931
98.064098	7.673651
98.104844	7.747836
98.145194	7.822691
98.185176	7.897020
98.224784	7.966307
98.264044	8.037642
98.302962	8.107336
98.341562	8.171867
98.379856	8.237866
98.417852	8.298797
98.455564	8.363307
98.492988	8.424759
98.530150	8.485745
98.567030	8.549017
98.603650	8.611822
98.639986	8.676995
98.676062	8.740729
98.711870	8.807381
98.747412	8.872550
98.782680	8.940218
98.817704	9.003246
98.852474	9.066645
98.886998	9.131475
98.921288	9.196700
98.955340	9.255768
98.989170	9.315599
99.022790	9.374530
99.056202	9.429681
99.089424	9.486058
99.122448	9.540215
99.155280	9.597338
99.187924	9.649812
99.220394	9.702862
99.252678	9.757711
99.284790	9.811345
99.316712	9.868671
99.348456	9.924789
99.380018	9.984086
99.411396	10.042171
99.442582	10.102234
99.473600	10.157762
99.504446	10.211912
99.535122	10.267314
99.565640	10.326713
99.595984	10.378568
99.626174	10.433719
99.656208	10.485957
99.686096	10.536600
99.715848	10.584881
99.745462	10.632167
99.774940	10.682782
99.804280	10.730216
99.833496	10.778812
99.862574	10.827851
99.891526	10.875831
99.920340	10.928039
99.949024	10.976914
99.977574	11.031648
100.005988	11.083019
100.034260	11.138030
100.062404	11.190399
100.090414	11.240850
100.118296	11.291757
100.146060	11.344766
100.173696	11.389185
100.201218	11.440614
100.228622	11.486628
100.255918	11.532166
100.283110	11.577213
100.310210	11.610587
100.337238	11.639839
100.364220	11.649335
100.391204	11.643291
100.418220	11.615739
100.445326	11.571244
100.472530	11.522860
100.499858	11.469853
100.527306	11.419821
100.554874	11.374340
100.582546	11.329220
100.610350	11.273928
100.638288	11.215968
100.666368	11.157016
100.694602	11.101819
100.722974	11.043281
100.751484	10.992277
100.780134	10.940217
100.808928	10.880351
100.837888	10.819647
100.867018	10.751515
100.896324	10.687870
100.925800	10.625694
100.955452	10.567079
100.985260	10.509108
101.015242	10.451073
101.045384	10.391614
101.075708	10.330109
101.106212	10.267985
101.136894	10.211912
101.167732	10.159076
101.198746	10.102884
101.229932	10.045382
101.261302	9.984086
101.292872	9.921654
101.324644	9.854431
101.356620	9.793605
101.388798	9.732922
101.421182	9.669414
101.453792	9.601445
101.486636	9.530375
101.519722	9.460349
101.553050	9.390783
101.586630	9.322233
101.620446	9.256859
101.654516	9.188630
101.688828	9.120871
101.723404	9.052538
101.758234	8.986763
101.793318	8.923965
101.828642	8.861539
101.864238	8.793083
101.900110	8.723254
101.936260	8.655479
101.972702	8.589688
102.009428	8.519342
102.046460	8.448321
102.083818	8.371776
102.121522	8.292664
102.159588	8.215462
102.198014	8.137155
102.236806	8.060326
102.275986	7.977635
102.315576	7.895036
102.355568	7.814907
102.395980	7.735246
102.436800	7.656445
102.478048	7.576675
102.519734	7.497477
102.561854	7.421319
102.604402	7.344975
102.647424	7.263462
102.690928	7.179799
102.734934	7.097399
102.779468	7.015616
102.824530	6.928659
102.870166	6.840852
102.916402	6.750016
102.963278	6.655353
103.010838	6.558922
103.059116	6.457804
103.108146	6.358727
103.157954	6.257156
103.208598	6.153470
103.260088	6.049435
103.312480	5.945932
103.365776	5.844171
103.420030	5.738698
103.475286	5.634739
103.531574	5.530973
103.588924	5.425707
103.647434	5.316983
103.707156	5.206312
103.768174	5.093043
103.830598	4.977963
103.894518	4.855780
103.960096	4.729605
104.027500	4.597139
104.096940	4.457298
104.168638	4.312413
104.242850	4.161270
104.319862	4.004988
104.400026	3.841141
104.483780	3.670771
104.571578	3.495086
104.664032	3.312868
104.761814	3.124968
104.865920	2.926441
104.977626	2.716936
105.098774	2.493367
105.232124	2.249136
105.382592	1.972668
105.559954	1.645054
105.792286	1.217426
106.223088	0.595990
106.658124	0.577480
107.101472	1.157201
107.345948	1.561490
107.532824	1.872001
107.691424	2.133220
107.832068	2.363130
107.959920	2.573684
108.077838	2.771879
108.187716	2.961252
108.290862	3.142095
108.388296	3.317906
108.480734	3.488643
108.568822	3.654034
108.653052	3.813538
108.733910	3.964755
108.811778	4.111171
108.886976	4.250910
108.959772	4.385862
109.030418	4.513264
109.099138	4.634028
109.166116	4.750775
109.231530	4.860137
109.295484	4.966160
109.358106	5.070356
109.419478	5.171346
109.479670	5.267770
109.538778	5.364925
109.596824	5.461740
109.653840	5.559751
109.709862	5.656654
109.764930	5.755308
109.819056	5.853972
109.872284	5.953369
109.924620	6.052699
109.976126	6.148653
110.026828	6.245463
110.076768	6.338968
110.125980	6.430574
110.174510	6.518098
110.222410	6.600262
110.269720	6.681965
110.316480	6.758730
110.362700	6.835493
110.408406	6.911891
110.453624	6.986285
110.498362	7.057538
110.542656	7.128966
110.586506	7.200863
110.629912	7.275237
110.672872	7.349099
110.715404	7.425529
110.757494	7.502132
110.799162	7.579234
110.840398	7.657565
110.881228	7.732199
110.921658	7.809468
110.961702	7.883545
111.001364	7.959041
111.040664	8.029425
111.079626	8.097723
111.118262	8.165071
111.156602	8.227080
111.194640	8.289600
111.232400	8.351302
111.269884	8.413027
111.307092	8.472015
111.344046	8.531836
111.380742	8.591568
111.417178	8.653572
111.453350	8.714543
111.489272	8.778341
111.524926	8.843080
111.560324	8.909287
111.595454	8.975466
111.630332	9.039514
111.664960	9.106594
111.699344	9.169321
111.733486	9.233461
111.767400	9.294103
111.801098	9.351091
111.834588	9.409910
111.867884	9.466050
111.900972	9.520555
111.933874	9.576275
111.966592	9.631469
111.999120	9.681333
112.031488	9.732922
112.063680	9.784455
112.095702	9.839000
112.127536	9.894157
112.159202	9.951196
112.190680	10.007622
112.221982	10.066626
112.253100	10.125025
112.284040	10.181464
112.314808	10.241207
112.345402	10.298278
112.375822	10.355988
112.406078	10.410898
112.436180	10.462211
112.466132	10.515439
112.495946	10.562816
112.525618	10.611338
112.555154	10.661031
112.584558	10.710462
112.613824	10.755196
112.642970	10.804762
112.671986	10.851038
112.700874	10.899225
112.729648	10.937170
112.758338	10.968482
112.786962	10.984590
112.815576	10.982286
112.844214	10.959299
112.872944	10.915888
112.901790	10.866803
112.930778	10.811455
112.959904	10.758879
112.989176	10.706812
113.018596	10.650189
113.048174	10.592018
113.077938	10.525304
113.107874	10.459424
113.138004	10.395052
113.168318	10.333507
113.198812	10.268656
113.229500	10.207930
113.260378	10.142022
113.291454	10.077605
113.322728	10.011449
113.354204	9.950566
113.385868	9.891665
113.417722	9.834688
113.449758	9.778364
113.481992	9.714864
113.514434	9.653963
113.547084	9.591478
113.579944	9.529218
113.613020	9.467191
113.646320	9.401462
113.679856	9.334975
113.713652	9.261225
113.747706	9.187555
113.782028	9.118753
113.816616	9.049408
113.851470	8.976492
113.886622	8.901209
113.922064	8.826682
113.957806	8.753881
113.993836	8.681790
114.030170	8.613239
114.066790	8.544831
114.103708	8.475672
114.140928	8.405824
114.178462	8.334463
114.216310	8.266914
114.254482	8.195744
114.292986	8.123688
114.331844	8.047112
114.371076	7.968327
114.410694	7.891466
114.450724	7.808691
114.491176	7.724595
114.532078	7.637831
114.573446	7.552995
114.615282	7.464343
114.657626	7.376709
114.700476	7.288402
114.743842	7.200863
114.787736	7.113147
114.832176	7.027543
114.877152	6.942133
114.922694	6.856977
114.968792	6.773009
115.015480	6.686231
115.062776	6.600262
115.110712	6.510533
115.159318	6.417438
115.208646	6.322384
115.258740	6.221961
115.309662	6.119429
115.361472	6.012387
115.414200	5.904805
115.467918	5.794800
115.522690	5.680999
115.578572	5.563492
115.635666	5.445834
115.694012	5.325817
115.753684	5.206657
115.814738	5.086446
115.877266	4.966160
115.941320	4.844997
116.007016	4.723631
116.074432	4.599966
116.143724	4.471891
116.215056	4.341735
116.288632	4.204599
116.364724	4.060059
116.443658	3.907454
116.525870	3.744449
116.611886	3.571209
116.702398	3.384680
116.798190	3.188334
116.900364	2.979112
117.010432	2.752692
117.130614	2.503939
117.264490	2.229028
117.418054	1.919139
117.604174	1.552032
117.870774	1.045490
118.416248	0.379003
118.962872	0.996837
119.242486	1.480989
119.437614	1.829784
119.598722	2.123559
119.739254	2.384836
119.865442	2.621577
119.981012	2.837370
120.088292	3.036529
120.188876	3.223403
120.283910	3.401317
120.374208	3.567154
120.460490	3.723943
120.543298	3.871149
120.623088	4.010305
120.700218	4.142505
120.774972	4.267772
120.847572	4.390888
120.918194	4.509506
120.987012	4.625022
121.054114	4.740739
121.119624	4.854430
121.183602	4.968045
121.246144	5.080852
121.307322	5.192887
121.367196	5.304415
121.425812	5.415792
121.483278	5.522223
121.539648	5.626464
121.594988	5.728652
121.649364	5.830505
121.702812	5.927086
121.755398	6.022992
121.807172	6.114665
121.858194	6.202062
121.908508	6.288216
121.958150	6.370331
122.007154	6.453294
122.055536	6.533279
122.103340	6.613044
122.150554	6.694210
122.197210	6.775054
122.243296	6.857576
122.288844	6.938453
122.333856	7.021574
122.378346	7.103818
122.422310	7.186697
122.465790	7.266486
122.508790	7.346349
122.551322	7.425880
122.593418	7.504641
122.635076	7.578503
122.676330	7.652342
122.717194	7.724215
122.757690	7.792422
122.797836	7.859877
122.837642	7.925709
122.877114	7.993061
122.916260	8.057432
122.955100	8.122008
122.993622	8.187201
123.031848	8.252148
123.069758	8.319455
123.107370	8.386974
123.144676	8.455597
123.181684	8.524428
123.218384	8.594388
123.254804	8.660728
123.290944	8.725192
123.326808	8.792099
123.362416	8.858041
123.397756	8.921431
123.432844	8.984707
123.467692	9.045761
123.502312	9.104482
123.536712	9.161833
123.570902	9.216666
123.604880	9.275443
123.638648	9.330540
123.672224	9.385173
123.705594	9.442152
123.738772	9.497529
123.771744	9.557047
123.804516	9.614962
123.837092	9.673583
123.869472	9.733525
123.901640	9.796048
123.933620	9.853813
123.965406	9.912889
123.997004	9.971411
124.028424	10.029987
124.059662	10.083427
124.090734	10.137440
124.121640	10.192696
124.152386	10.243210
124.182984	10.294228
124.213444	10.334866
124.243800	10.368977
124.274082	10.381998
124.304364	10.375826
124.334686	10.348484
124.365118	10.303006
124.395690	10.249226
124.426430	10.192034
124.457342	10.133516
124.488434	10.076959
124.519692	10.021669
124.551146	9.958767
124.582792	9.895403
124.614638	9.832225
124.646692	9.773496
124.678938	9.711260
124.711388	9.651590
124.744050	9.586210
124.776946	9.514788
124.810092	9.443287
124.843490	9.370616
124.877132	9.304563
124.911022	9.236175
124.945170	9.166110
124.979576	9.094993
125.014260	9.022898
125.049208	8.953467
125.084428	8.886102
125.119914	8.820734
125.155668	8.755832
125.191678	8.690436
125.227982	8.619383
125.264582	8.548551
125.301476	8.479790
125.338684	8.411225
125.376202	8.336675
125.414054	8.263000
125.452252	8.186347
125.490816	8.107336
125.529758	8.029425
125.569088	7.947765
125.608822	7.866568
125.648972	7.782384
125.689564	7.699227
125.730582	7.617460
125.772058	7.534879
125.813972	7.454424
125.856352	7.372208
125.899202	7.292124
125.942526	7.212435
125.986326	7.132527
126.030642	7.048355
126.075486	6.963984
126.120866	6.880706
126.166822	6.796159
126.213362	6.705927
126.260534	6.614715
126.308380	6.519721
126.356940	6.421111
126.406264	6.320603
126.456386	6.217036
126.507344	6.114903
126.559178	6.008708
126.611950	5.901256
126.665684	5.792876
126.720442	5.684700
126.776238	5.576924
126.833144	5.467253
126.891192	5.358885
126.950444	5.249286
127.010934	5.138863
127.072788	5.023976
127.136090	4.905213
127.200956	4.784054
127.267520	4.660978
127.335908	4.531361
127.406322	4.396911
127.478998	4.255171
127.554224	4.104404
127.632348	3.946724
127.713760	3.780406
127.798926	3.607377
127.888434	3.423930
127.983040	3.231360
128.083616	3.030670
128.191352	2.819646
128.307834	2.596272
128.435516	2.353817
128.578292	2.086467
128.743262	1.781817
128.946892	1.410582
129.295588	0.798213
129.714994	0.589251
130.133568	0.753643
130.502766	1.333432
130.718244	1.683399
130.892874	1.970441
131.043996	2.224294
131.179032	2.456480
131.302060	2.671650
131.415696	2.875494
131.521636	3.069940
131.621172	3.256009
131.715244	3.434486
131.804650	3.603322
131.890028	3.765092
131.971894	3.918664
132.050662	4.065103
132.126726	4.202013
132.200408	4.330603
132.271974	4.453759
132.341648	4.569722
132.409578	4.682515
132.475904	4.793836
132.540744	4.900928
132.604194	5.003014
132.666380	5.103799
132.727350	5.204242
132.787154	5.304236
132.845842	5.402567
132.903482	5.500950
132.960094	5.598989
133.015736	5.696038
133.070434	5.792235
133.124242	5.886439
133.177182	5.983074
133.229290	6.077992
133.280584	6.173058
133.331114	6.263393
133.380932	6.349987
133.430080	6.435844
133.478612	6.514853
133.526542	6.593889
133.573908	6.672315
133.620734	6.748566
133.667028	6.822727
133.712830	6.897626
133.758132	6.972330
133.802948	7.048987
133.847272	7.125085
133.891128	7.204166
133.934496	7.282995
133.977402	7.363568
134.019834	7.443827
134.061820	7.522250
134.103370	7.601240
134.144500	7.677026
134.185224	7.753190
134.225556	7.825419
134.265528	7.894242
134.305152	7.963883
134.344446	8.029425
134.383414	8.093968
134.422076	8.157862
134.460440	8.222773
134.498502	8.282607
134.536300	8.342874
134.573820	8.404025
134.611062	8.467448
134.648018	8.531836
134.684702	8.598622
134.721096	8.664550
134.757218	8.731982
134.793058	8.798994
134.828630	8.864039
134.863936	8.933100
134.898982	8.998089
134.933766	9.065076
134.968304	9.127761
135.002612	9.186481
135.036698	9.246505
135.070582	9.301257
135.104254	9.356661
135.137730	9.413294
135.171008	9.469474
135.204090	9.521132
135.236996	9.575107
135.269712	9.630288
135.302248	9.683721
135.334614	9.728703
135.366856	9.764383
135.399002	9.784455
135.431124	9.783845
135.463276	9.761956
135.495538	9.717869
135.527956	9.666439
135.560568	9.603793
135.593382	9.542533
135.626416	9.479189
135.659674	9.412730
135.693164	9.348309
135.726910	9.275991
135.760908	9.203705
135.795176	9.132537
135.829716	9.060893
135.864528	8.985735
135.899638	8.912320
135.935038	8.837607
135.970732	8.766094
136.006716	8.692841
136.043002	8.625062
136.079572	8.555070
136.116448	8.486204
136.153618	8.417536
136.191098	8.346420
136.228892	8.279114
136.267008	8.207735
136.305456	8.135469
136.344258	8.058672
136.383434	7.980067
136.422998	7.900993
136.462980	7.818019
136.503380	7.734484
136.544222	7.650479
136.585520	7.566821
136.627284	7.477134
136.669552	7.389549
136.712324	7.301954
136.755610	7.214754
136.799418	7.127348
136.843766	7.042035
136.888646	6.957815
136.934082	6.873781
136.980068	6.789403
137.026648	6.701350
137.073836	6.615272
137.121660	6.525680
137.170148	6.433998
137.219350	6.338457
137.269306	6.240252
137.320070	6.139521
137.371712	6.032012
137.424274	5.923063
137.477822	5.813458
137.532412	5.700585
137.588104	5.582473
137.644992	5.465731
137.703114	5.347756
137.762540	5.228842
137.823328	5.108613
137.885576	4.989348
137.949326	4.868573
138.014694	4.747903
138.081746	4.625976
138.150644	4.498271
138.221542	4.368784
138.294654	4.232241
138.370236	4.087528
138.448616	3.936241
138.530198	3.774320
138.615478	3.603736
138.705122	3.419383
138.799860	3.225719
138.900758	3.019136
139.009222	2.796106
139.127302	2.551734
139.258228	2.284197
139.407200	1.984757
139.584904	1.634475
139.824004	1.176283
140.442200	0.315597
141.062034	1.122182
141.312692	1.558933
141.499078	1.891477
141.655446	2.175227
141.792932	2.429242
141.916964	2.661961
142.030868	2.875547
142.136796	3.073003
142.236242	3.257765
142.330322	3.433810
142.419812	3.597546
142.505398	3.752141
142.587604	3.898048
142.666864	4.036273
142.743508	4.167785
142.817818	4.292732
142.890008	4.415078
142.960254	4.532930
143.028724	4.648014
143.095508	4.762298
143.160722	4.875978
143.224428	4.988872
143.286728	5.099491
143.347706	5.208038
143.407446	5.312847
143.466014	5.416352
143.523508	5.515824
143.579974	5.613395
143.635456	5.711571
143.690004	5.810877
143.743634	5.906582
143.796408	6.001132
143.848368	6.092845
143.899570	6.180101
143.950064	6.265891
143.999878	6.349217
144.049036	6.433471
144.097570	6.513233
144.145516	6.593613
144.192872	6.674583
144.239666	6.754661
144.285892	6.836683
144.331576	6.918284
144.376718	7.001544
144.421328	7.084914
144.465410	7.168004
144.509006	7.247711
144.552122	7.325450
144.594774	7.404876
144.636990	7.482833
144.678768	7.556992
144.720134	7.632635
144.761100	7.705648
144.801692	7.774295
144.841932	7.842218
144.881830	7.906560
144.921398	7.973990
144.960634	8.038464
144.999564	8.103990
145.038174	8.168892
145.076480	8.234843
145.114472	8.302306
145.152160	8.369546
145.189548	8.436977
145.226636	8.505964
145.263414	8.576557
145.299906	8.643572
145.336112	8.710677
145.372040	8.776869
145.407706	8.844076
145.443106	8.905246
145.478260	8.967268
145.513178	9.028084
145.547862	9.086576
145.582334	9.143701
145.616610	9.190781
145.650728	9.229121
145.684748	9.244329
145.718756	9.238891
145.752818	9.211261
145.787024	9.162902
145.821420	9.105538
145.856054	9.037954
145.890948	8.969316
145.926108	8.902722
145.961516	8.839597
145.997204	8.770009
146.033170	8.700063
146.069420	8.631223
146.105972	8.562531
146.142818	8.490332
146.179976	8.418889
146.217460	8.345090
146.255290	8.264739
146.293490	8.185494
146.332062	8.104408
146.371016	8.026142
146.410358	7.945353
146.450110	7.863024
146.490272	7.780842
146.530868	7.698472
146.571882	7.620046
146.613334	7.538857
146.655226	7.460798
146.697566	7.380868
146.740350	7.303991
146.783610	7.222716
146.827360	7.140632
146.871616	7.056270
146.916422	6.971093
146.961776	6.883118
147.007714	6.795571
147.054266	6.703351
147.101482	6.605813
147.149398	6.509724
147.198040	6.409582
147.247450	6.309179
147.297662	6.205247
147.348738	6.099943
147.400692	5.994719
147.453590	5.886881
147.507446	5.780087
147.562334	5.670131
147.618296	5.560341
147.675382	5.449045
147.733620	5.340120
147.793092	5.228842
147.853850	5.115601
147.915972	5.000466
147.979582	4.883102
148.044776	4.758835
148.111730	4.630066
148.180628	4.494796
148.251704	4.351477
148.325220	4.202575
148.401450	4.047192
148.480728	3.886570
148.563454	3.717509
148.650142	3.541579
148.741330	3.359489
148.837762	3.169740
148.940308	2.972010
149.050240	2.762034
149.169286	2.538784
149.300002	2.297594
149.446584	2.029767
149.617272	1.717243
149.833218	1.321552
150.377570	0.519098
150.726350	0.506290
151.282432	1.251032
151.510548	1.626184
151.690818	1.921651
151.845654	2.174684
151.983754	2.403299
152.109470	2.615858
152.225516	2.816359
152.333688	3.006021
152.435332	3.188463
152.531364	3.364887
152.622568	3.535043
152.709526	3.699212
152.792786	3.855377
152.872780	4.006622
152.949870	4.150824
153.024366	4.289566
153.096554	4.420171
153.166688	4.543156
153.234982	4.661117
153.301632	4.771701
153.366748	4.879462
153.430464	4.984756
153.492866	5.087764
153.554026	5.186714
153.614040	5.285495
153.672942	5.383680
153.730776	5.482710
153.787568	5.581085
153.843372	5.680794
153.898190	5.781576
153.952074	5.882251
154.005034	5.983074
154.057128	6.079874
154.108398	6.177671
154.158882	6.271145
154.208618	6.363621
154.257656	6.451174
154.306042	6.535182
154.353814	6.618338
154.401016	6.697349
154.447648	6.775639
154.493756	6.853088
154.539356	6.928659
154.584460	7.000920
154.629110	7.072792
154.673300	7.146155
154.717036	7.221388
154.760310	7.296866
154.803142	7.373938
154.845522	7.451595
154.887470	7.529462
154.928976	7.608236
154.970066	7.684162
155.010746	7.762385
155.051028	7.837132
155.090924	7.912933
155.130450	7.984529
155.169630	8.052475
155.208480	8.120748
155.247026	8.183788
155.285266	8.246083
155.323218	8.309773
155.360886	8.373115
155.398268	8.432900
155.435390	8.494924
155.472240	8.556468
155.508832	8.616546
155.545188	8.666941
155.581366	8.705849
155.617418	8.726161
155.653446	8.721801
155.689528	8.696210
155.725768	8.646427
155.762232	8.587810
155.798976	8.515647
155.836022	8.444234
155.873388	8.372222
155.911076	8.298797
155.949104	8.224926
155.987498	8.144327
156.026266	8.062808
156.065432	7.980067
156.105012	7.897417
156.145002	7.812964
156.185438	7.728395
156.226316	7.643034
156.267646	7.560265
156.309426	7.477490
156.351674	7.396856
156.394378	7.315897
156.437568	7.234692
156.481234	7.153966
156.525404	7.072473
156.570082	6.991571
156.615300	6.907332
156.661076	6.819764
156.707458	6.728620
156.754474	6.635672
156.802172	6.540080
156.850598	6.439009
156.899778	6.337178
156.949758	6.235793
157.000576	6.132569
157.052270	6.022992
157.104920	5.913697
157.158548	5.804650
157.213190	5.696451
157.268888	5.585649
157.325700	5.476784
157.383644	5.368042
157.442794	5.258248
157.503192	5.146946
157.564936	5.032184
157.628114	4.916728
157.692842	4.795446
157.759252	4.670124
157.827524	4.538169
157.897864	4.399990
157.970516	4.254825
158.045802	4.100011
158.124028	3.939499
158.205604	3.771782
158.291026	3.595405
158.380874	3.408772
158.475950	3.214037
158.577164	3.009996
158.685780	2.794315
158.803550	2.563854
158.933122	2.315955
159.078622	2.043339
159.247822	1.733063
159.459702	1.350421
160.033970	0.500352
160.361358	0.492754
160.943300	1.300156
161.163472	1.666910
161.339498	1.962416
161.491064	2.221746
161.626190	2.457249
161.749116	2.675745
161.862590	2.879764
161.968416	3.072703
162.067894	3.256751
162.161962	3.433059
162.251440	3.599772
162.336928	3.758605
162.418918	3.911443
162.497834	4.059115
162.573980	4.198419
162.647692	4.331200
162.719220	4.457677
162.788792	4.577980
162.856596	4.693287
162.922778	4.804099
162.987452	4.914267
163.050714	5.019802
163.112672	5.124780
163.173368	5.228494
163.232888	5.330877
163.291254	5.435093
163.348530	5.537407
163.404756	5.639392
163.459976	5.742054
163.514206	5.844606
163.567528	5.942333
163.619982	6.038273
163.671604	6.133767
163.722444	6.228870
163.772524	6.318569
163.821900	6.408275
163.870598	6.495188
163.918672	6.577048
163.966154	6.657327
164.013080	6.733812
164.059464	6.813552
164.105318	6.888853
164.150680	6.964911
164.195540	7.040772
164.239924	7.117660
164.283818	7.195256
164.327252	7.272879
164.370222	7.350130
164.412740	7.429041
164.454796	7.509664
164.496424	7.586922
164.537626	7.663917
164.578414	7.739438
164.618820	7.815296
164.658840	7.885524
164.698504	7.955010
164.737828	8.024092
164.776820	8.089799
164.815508	8.154051
164.853920	8.207306
164.892112	8.249114
164.930166	8.266479
164.968204	8.259959
165.006318	8.230097
165.044624	8.177823
165.083198	8.113617
165.122106	8.037230
165.161386	7.959848
165.201046	7.883941
165.241068	7.813352
165.281486	7.736008
165.322310	7.655699
165.363554	7.577406
165.405240	7.499266
165.447362	7.417814
165.489948	7.337084
165.533028	7.250052
165.576638	7.158857
165.620804	7.068972
165.665546	6.976666
165.710876	6.885230
165.756832	6.788523
165.803450	6.691928
165.850728	6.597767
165.898700	6.502986
165.947366	6.407491
165.996774	6.311207
166.046932	6.216790
166.097858	6.123724
166.149562	6.029003
166.202118	5.929771
166.255556	5.829639
166.309928	5.727816
166.365304	5.623242
166.421734	5.513694
166.479302	5.403310
166.538092	5.287808
166.598220	5.165564
166.659804	5.041552
166.722956	4.912269
166.787812	4.780269
166.854514	4.643617
166.923248	4.503817
166.994158	4.361385
167.067454	4.216903
167.143312	4.071003
167.221996	3.920913
167.303792	3.767892
167.389052	3.610279
167.478188	3.446997
167.571844	3.273925
167.670770	3.090719
167.775980	2.896225
167.888918	2.688109
168.011658	2.457710
168.147708	2.198117
168.303428	1.894603
168.493380	1.518279
168.787736	0.943546
169.244416	0.491279
169.701584	0.912278
170.006058	1.467115
170.202680	1.829912
170.363992	2.120692
170.505082	2.368332
170.632540	2.586737
170.750000	2.782337
170.859610	2.963767
170.962864	3.133633
171.060776	3.294179
171.154102	3.446013
171.243486	3.591869
171.329366	3.731196
171.412128	3.866480
171.492056	3.998565
171.569394	4.130522
171.644286	4.262792
171.716910	4.394328
171.787400	4.523011
171.855950	4.647326
171.922696	4.770107
171.987776	4.888725
172.051300	5.005724
172.113388	5.117434
172.174162	5.223973
172.233724	5.327623
172.292178	5.426081
172.349570	5.522805
172.405984	5.616807
172.461474	5.709495
172.516080	5.797366
172.569872	5.885337
172.622858	5.973972
172.675060	6.064148
172.726482	6.153952
172.777168	6.244966
172.827110	6.336411
172.876340	6.428732
172.924864	6.520803
172.972720	6.609705
173.019934	6.700206
173.066526	6.787643
173.112520	6.874382
173.157956	6.956582
173.202866	7.034151
173.247288	7.111859
173.291246	7.184725
173.334756	7.256081
173.377834	7.329552
173.420498	7.401038
173.462748	7.468602
173.504618	7.538857
173.546102	7.608973
173.587214	7.677026
173.627988	7.733722
173.668510	7.777760
173.708858	7.800161
173.749162	7.797063
173.789540	7.769296
173.830128	7.716626
173.871028	7.649361
173.912324	7.569373
173.954050	7.489612
173.996224	7.409067
174.038866	7.326134
174.082004	7.241029
174.125678	7.149733
174.169904	7.057538
174.214718	6.964602
174.260148	6.869272
174.306212	6.770382
174.352960	6.672315
174.400392	6.575946
174.448518	6.481520
174.497354	6.384313
174.546946	6.288216
174.597284	6.193503
174.648412	6.098522
174.700336	6.003426
174.753106	5.905027
174.806762	5.807655
174.861348	5.706177
174.916940	5.599588
174.973614	5.489416
175.031462	5.374838
175.090584	5.256664
175.151102	5.131309
175.213108	5.004449
175.276738	4.874767
175.342130	4.739880
175.409430	4.599562
175.478850	4.457551
175.550544	4.311821
175.624710	4.165795
175.701566	4.015123
175.781406	3.861823
175.864512	3.705495
175.951290	3.544296
176.042182	3.377839
176.137850	3.201721
176.239116	3.016643
176.347162	2.817067
176.463736	2.596658
176.591538	2.351034
176.735164	2.069642
176.903806	1.732814
177.123664	1.288404
177.552856	0.610611
177.953316	0.591405
178.394488	1.225175
178.625514	1.651332
178.802344	1.976143
178.952706	2.247398
179.086362	2.484022
179.208182	2.696646
179.321034	2.889086
179.426758	3.067243
179.526614	3.236553
179.621480	3.395802
179.712066	3.549261
179.798836	3.698254
179.882232	3.843209
179.962548	3.985174
180.040106	4.121851
180.115158	4.255401
180.187918	4.385249
180.258532	4.515210
180.327186	4.642107
180.394006	4.765187
180.459122	4.886292
180.522686	5.004608
180.584778	5.117267
180.645534	5.227276
180.705052	5.332506
180.763430	5.433213
180.820754	5.530778
180.877090	5.624450
180.932494	5.718225
180.987008	5.808514
181.040690	5.898818
181.093544	5.989462
181.145616	6.078933
181.196912	6.170148
181.247466	6.259898
181.297294	6.351271
181.346418	6.441914
181.394838	6.533823
181.442602	6.623361
181.489726	6.711371
181.536234	6.798807
181.582168	6.884626
181.627542	6.963676
181.672400	7.043614
181.716762	7.120886
181.760648	7.196904
181.804096	7.268504
181.847156	7.327501
181.889918	7.371170
181.932504	7.388853
181.975074	7.379134
182.017766	7.343258
182.060742	7.284346
182.104098	7.209787
182.147944	7.123793
182.192320	7.036042
182.237242	6.951964
182.282700	6.869572
182.328742	6.780611
182.375392	6.689648
182.422664	6.601094
182.470592	6.512423
182.519196	6.417438
182.568524	6.321366
182.618626	6.221222
182.669554	6.118476
182.721360	6.013308
182.774104	5.902365
182.827836	5.793090
182.882606	5.680794
182.938492	5.566449
182.995530	5.450936
183.053798	5.335223
183.113334	5.220327
183.174220	5.102473
183.236536	4.983649
183.300368	4.864050
183.365802	4.741025
183.433024	4.611851
183.502182	4.478265
183.573470	4.340176
183.647126	4.197745
183.723372	4.049383
183.802534	3.895148
183.884996	3.733147
183.971280	3.560040
184.062016	3.376967
184.158042	3.181489
184.260412	2.973698
184.370628	2.748935
184.490848	2.505457
184.624268	2.239707
184.776422	1.941916
184.958532	1.592874
185.207316	1.127870
185.814038	0.326119
186.422448	1.066871
186.685280	1.509989
186.877230	1.844654
187.037280	2.131396
187.177382	2.388463
187.303446	2.623109
187.418900	2.840089
187.526056	3.040584
187.626500	3.229433
187.721362	3.406407
187.811520	3.573321
187.897668	3.729247
187.980374	3.875065
188.060084	4.014097
188.137168	4.144253
188.211874	4.270093
188.284450	4.391993
188.355076	4.509377
188.423908	4.621212
188.491108	4.732455
188.556744	4.842905
188.620898	4.953943
188.683624	5.064144
188.745010	5.174412
188.805096	5.284606
188.863948	5.394959
188.921604	5.504613
188.978144	5.610588
189.033626	5.716976
189.088104	5.819488
189.141636	5.920384
189.194286	6.015611
189.246126	6.106583
189.297206	6.195458
189.347592	6.278916
189.397300	6.361302
189.446372	6.444028
189.494828	6.525408
189.542686	6.602481
189.589990	6.681965
189.636730	6.761930
189.682938	6.838767
189.728666	6.904296
189.774028	6.953503
189.819146	6.978526
189.864200	6.975736
189.909360	6.943974
189.954814	6.884928
190.000714	6.809417
190.047166	6.720272
190.094230	6.630910
190.141944	6.538991
190.190348	6.443500
190.239482	6.345883
190.289410	6.243725
190.340154	6.139041
190.391798	6.030854
190.444390	5.919492
190.497976	5.806366
190.552624	5.694592
190.608364	5.580490
190.665254	5.466872
190.723328	5.352858
190.782670	5.239306
190.843310	5.123944
190.905342	5.008597
190.968816	4.893142
191.033842	4.773006
191.100540	4.651179
191.169060	4.524574
191.239594	4.389784
191.312378	4.248266
191.387708	4.099690
191.465920	3.942267
191.547442	3.775408
191.632734	3.601009
191.722408	3.417598
191.817256	3.222609
191.918284	3.012940
192.026942	2.790790
192.145066	2.553393
192.275520	2.296452
192.422976	2.010516
192.596660	1.679996
192.821116	1.263612
193.315218	0.551631
193.699260	0.539759
194.202962	1.210493
194.437308	1.608368
194.618802	1.923087
194.773010	2.194923
194.909538	2.438632
195.033260	2.663721
195.147112	2.874758
195.253012	3.073905
195.352448	3.259657
195.446476	3.434185
195.535914	3.599854
195.621414	3.759055
195.703436	3.909009
195.782426	4.051995
195.858736	4.187562
195.932668	4.316442
196.004472	4.439661
196.074352	4.556070
196.142470	4.671096
196.208956	4.782161
196.273932	4.891618
196.337464	4.999829
196.399648	5.107616
196.460518	5.216166
196.520150	5.322568
196.578604	5.429270
196.635922	5.535456
196.692140	5.642026
196.747332	5.745415
196.801544	5.846999
196.854822	5.946832
196.907242	6.044547
196.958836	6.135444
197.009670	6.225660
197.059782	6.313998
197.109210	6.399138
197.158016	6.479381
197.206276	6.544985
197.254124	6.592782
197.301728	6.612209
197.349314	6.601371
197.397064	6.562485
197.445206	6.497069
197.493880	6.414293
197.543242	6.318569
197.593360	6.220237
197.644270	6.123007
197.695982	6.027846
197.748556	5.927086
197.802026	5.825316
197.856436	5.723434
197.911854	5.619419
197.968326	5.509246
198.025940	5.398853
198.084780	5.283007
198.144968	5.160642
198.206624	5.034604
198.269868	4.904447
198.334832	4.772136
198.401662	4.634028
198.470544	4.493510
198.541622	4.350995
198.615114	4.204712
198.691210	4.057333
198.770190	3.905122
198.852350	3.749633
198.938050	3.590638
199.027704	3.426170
199.121962	3.252032
199.221630	3.066285
199.327792	2.868039
199.442038	2.654134
199.566638	2.416944
199.705480	2.149009
199.865740	1.834678
200.064814	1.440780
200.629846	0.512786
200.931618	0.505862
201.503342	1.390442
201.709698	1.769333
201.876008	2.068988
202.020308	2.323285
202.150004	2.548215
202.269078	2.749657
202.379860	2.936562
202.483978	3.111412
202.582540	3.275017
202.676370	3.429087
202.766144	3.577961
202.852272	3.723766
202.935110	3.867432
203.014944	4.007542
203.092054	4.146660
203.166626	4.283250
203.238876	4.418804
203.308948	4.551977
203.377036	4.680701
203.443286	4.807628
203.507848	4.929071
203.570852	5.047708
203.632432	5.159117
203.692730	5.264063
203.751846	5.366758
203.809884	5.464020
203.866894	5.558373
203.922944	5.652990
203.978084	5.745204
204.032348	5.833970
204.085790	5.924850
204.138424	6.014690
204.190302	6.100417
204.241518	6.171603
204.292240	6.223440
204.342640	6.248941
204.392970	6.244470
204.443448	6.209908
204.494328	6.145526
204.545818	6.062978
204.598078	5.965125
204.651214	5.861836
204.705300	5.756574
204.760404	5.648518
204.816584	5.538383
204.873952	5.419903
204.932580	5.299404
204.992596	5.174412
205.054114	5.043980
205.117240	4.911655
205.182116	4.778524
205.248846	4.641970
205.317568	4.505367
205.388422	4.366477
205.461604	4.225069
205.537278	4.082429
205.615692	3.937524
205.697082	3.788612
205.781830	3.633495
205.870382	3.471603
205.963366	3.298399
206.061630	3.110426
206.166336	2.907967
206.279138	2.685122
206.402524	2.438103
206.540632	2.155970
206.700898	1.830317
206.901858	1.423648
207.437672	0.534472
207.752470	0.523133
208.297990	1.355677
208.508970	1.745174
208.677072	2.055559
208.821932	2.324110
208.951346	2.560552
209.069612	2.773984
209.179328	2.969706
209.282224	3.150983
209.379534	3.318257
209.472162	3.474368
209.560774	3.624357
209.645864	3.766265
209.727850	3.904054
209.806998	4.039179
209.883572	4.171548
209.957744	4.303198
210.029726	4.430519
210.099672	4.556467
210.167722	4.680980
210.233972	4.805275
210.298562	4.927061
210.361588	5.045763
210.423160	5.161151
210.483410	5.273252
210.542414	5.378150
210.600282	5.481562
210.657084	5.582275
210.712896	5.678124
210.767814	5.767777
210.821968	5.840694
210.875556	5.891738
210.928828	5.909915
210.982094	5.895940
211.035620	5.849830
211.089704	5.775411
211.144562	5.682644
211.200400	5.574549
211.257354	5.460790
211.315492	5.348666
211.374836	5.240005
211.435488	5.124947
211.497522	5.006203
211.561048	4.886900
211.626188	4.765043
211.693056	4.635669
211.761836	4.503817
211.832734	4.364899
211.906010	4.216790
211.981974	4.062369
212.060970	3.899983
212.143408	3.731196
212.229784	3.553355
212.320746	3.367050
212.416988	3.174031
212.519500	2.971616
212.629492	2.759075
212.748816	2.530604
212.880186	2.283333
213.028088	2.008563
213.201184	1.689664
213.422850	1.283330
213.925820	0.548279
214.298174	0.533968
214.813000	1.216436
215.046948	1.599279
215.229852	1.900287
215.386224	2.159051
215.525170	2.391918
215.651408	2.607780
215.767734	2.810715
215.876056	3.005273
215.977642	3.192351
216.073534	3.372400
216.164484	3.545976
216.251186	3.710484
216.334174	3.869052
216.413900	4.020055
216.490740	4.163807
216.565044	4.298605
216.637114	4.424654
216.707186	4.546049
216.775480	4.660287
216.842112	4.771556
216.907220	4.881585
216.970906	4.988714
217.033244	5.091392
217.094344	5.194776
217.154236	5.298868
217.213014	5.396071
217.270852	5.473158
217.328022	5.525525
217.384822	5.545031
217.441614	5.528442
217.498750	5.476784
217.556588	5.394403
217.615408	5.293332
217.675444	5.177994
217.736834	5.059577
217.799696	4.939300
217.864158	4.812046
217.930384	4.680282
217.998582	4.540530
218.068946	4.394819
218.141770	4.240582
218.217338	4.081475
218.295966	3.916807
218.378046	3.747397
218.463970	3.574378
218.554270	3.395142
218.649568	3.209178
218.750756	3.015427
218.858876	2.812074
218.975532	2.595671
219.102944	2.362562
219.244842	2.102919
219.407950	1.805990
219.608544	1.435487
219.967218	0.778790
220.353386	0.663192
220.738812	0.750027
221.111078	1.382950
221.319338	1.739223
221.488746	2.024092
221.636220	2.272465
221.768728	2.494912
221.890136	2.700773
222.002734	2.894890
222.108170	3.078665
222.207566	3.253850
222.301862	3.419979
222.391746	3.579102
222.477782	3.732615
222.560360	3.881672
222.639848	4.028923
222.716510	4.173765
222.790590	4.312649
222.862384	4.446573
222.932082	4.572649
222.999908	4.694971
223.066028	4.811752
223.130584	4.924281
223.193728	5.031862
223.255646	5.122607
223.316618	5.190485
223.376990	5.225189
223.437186	5.223278
223.497600	5.185173
223.558678	5.112104
223.620782	5.011953
223.684268	4.891618
223.749388	4.762153
223.816282	4.633617
223.885048	4.506531
223.955866	4.372311
224.028912	4.234295
224.104424	4.092107
224.182686	3.944544
224.264012	3.789252
224.348858	3.625696
224.437786	3.451162
224.531574	3.262365
224.631226	3.059655
224.738092	2.840602
224.854060	2.603415
224.982040	2.340664
225.126842	2.046907
225.297564	1.707981
225.519166	1.279150
225.987528	0.574600
226.376530	0.557776
226.856630	1.217993
227.089170	1.630963
227.267888	1.957208
227.419286	2.239612
227.552982	2.493011
227.674030	2.723059
227.785464	2.935519
227.889298	3.132446
227.986952	3.315525
228.079520	3.483768
228.167844	3.639304
228.252548	3.786055
228.334142	3.922872
228.412948	4.054610
228.489264	4.183324
228.563312	4.307682
228.635276	4.426150
228.705338	4.545260
228.773592	4.664300
228.840190	4.776344
228.905398	4.866763
228.969598	4.929380
229.033210	4.956914
229.096738	4.944742
229.160656	4.894514
229.225474	4.808217
229.291630	4.697638
229.359488	4.568659
229.429318	4.433896
229.501340	4.295431
229.575810	4.148631
229.653034	3.995311
229.733440	3.830090
229.817472	3.656501
229.905790	3.470990
229.999140	3.274061
230.098456	3.067542
230.204992	2.849827
230.320418	2.617688
230.447270	2.366441
230.589686	2.087742
230.755288	1.770290
230.961852	1.385646
231.566716	0.480723
231.879770	0.473315
232.492792	1.328740
232.708270	1.696874
232.881160	1.998087
233.030050	2.261570
233.162848	2.498960
233.283788	2.718628
233.395482	2.925242
233.499646	3.121242
233.597592	3.307149
233.690278	3.483846
233.778478	3.649365
233.862868	3.806422
233.943916	3.953081
234.022074	4.092640
234.097652	4.225865
234.170938	4.353286
234.242224	4.468837
234.311878	4.560568
234.380366	4.623117
234.448214	4.646914
234.516018	4.630749
234.584332	4.576112
234.653754	4.485554
234.724794	4.367205
234.797974	4.227571
234.873706	4.076496
234.952296	3.924048
235.033986	3.773322
235.119146	3.614266
235.208240	3.447829
235.301902	3.271743
235.400978	3.085256
235.506594	2.882142
235.620406	2.660878
235.744974	2.414307
235.884478	2.133741
236.046774	1.806094
236.251462	1.395160
236.771158	0.545702
237.095670	0.536525
237.622570	1.347560
237.834446	1.747621
238.002262	2.062901
238.146660	2.330524
238.275796	2.564231
238.393982	2.773445
238.503790	2.965221
238.606932	3.141090
238.704532	3.306661
238.797458	3.464253
238.886354	3.613019
238.971708	3.753486
239.053926	3.894279
239.133272	4.031404
239.210102	4.155656
239.284886	4.254364
239.358228	4.322975
239.430720	4.353890
239.503056	4.343896
239.575892	4.292966
239.649950	4.201675
239.725908	4.081050
239.804392	3.935156
239.885964	3.776225
239.971116	3.610943
240.060402	3.437342
240.154510	3.252301
240.254516	3.049557
240.361766	2.829295
240.478462	2.584694
240.607794	2.311150
240.755198	2.004257
240.931546	1.645226
241.170568	1.175280
241.767378	0.329784
242.365544	1.114775
242.617362	1.566129
242.802668	1.907927
242.957642	2.196426
243.093852	2.451152
243.216840	2.684021
243.329858	2.895691
243.435098	3.092058
243.534018	3.273379
243.627734	3.442313
243.717046	3.601422
243.802606	3.751245
243.885002	3.885225
243.964920	3.988716
244.043158	4.053668
244.120586	4.072691
244.198114	4.044379
244.276606	3.971873
244.356978	3.858976
244.440066	3.714608
244.526770	3.545415
244.617898	3.361574
244.714198	3.174288
244.816444	2.983922
244.925794	2.780613
245.043940	2.560510
245.173524	2.318108
245.319064	2.044163
245.489474	1.716155
245.709542	1.290023
246.168372	0.585854
246.549604	0.575662
247.016632	1.239473
247.246024	1.638482
247.424562	1.948685
247.577254	2.209309
247.713248	2.439011
247.837296	2.648005
247.952190	2.838754
248.059764	3.014501
248.161292	3.184391
248.257538	3.353465
248.349226	3.511886
248.437206	3.642088
248.522564	3.733058
248.606402	3.774682
248.689940	3.761395
248.774382	3.693384
248.860984	3.576332
248.950928	3.424005
249.045360	3.244508
249.145360	3.052579
249.252182	2.847864
249.367574	2.621664
249.494386	2.367190
249.637514	2.073056
249.806286	1.727631
250.028758	1.271653
250.408512	0.648232
250.853290	0.619255
251.248324	1.196259
251.484090	1.642869
251.661532	1.976068
251.811742	2.255012
251.944918	2.495030
252.066218	2.707709
252.178518	2.903613
252.283694	3.085741
252.383174	3.245849
252.478324	3.371965
252.570500	3.457923
252.661046	3.494230
252.751346	3.477983
252.842758	3.409438
252.936786	3.289626
253.034934	3.128453
253.138906	2.934751
253.250600	2.713650
253.372220	2.477128
253.506762	2.225334
253.659416	1.940045
253.840976	1.601481
254.085290	1.151821
254.696572	0.321973
255.309242	1.089923
255.567168	1.522798
255.758222	1.844220
255.919022	2.109669
256.061142	2.340908
256.189972	2.557384
256.308414	2.766948
256.418610	2.955291
256.522638	3.102869
256.622600	3.200090
256.720426	3.238088
256.818056	3.214037
256.917350	3.130136
257.020310	2.991081
257.129098	2.806998
257.246242	2.583844
257.374966	2.330455
257.519952	2.047814
257.690166	1.716755
257.910858	1.285999
258.337474	0.614358
258.738802	0.592991
259.177764	1.224229
259.409218	1.645847
259.586806	1.964600
259.738046	2.232640
259.872678	2.466509
259.995846	2.660743
260.111212	2.806397
260.221686	2.898309
260.329766	2.930262
260.437802	2.901628
260.548084	2.812980
260.663258	2.665258
260.786396	2.464497
260.921768	2.215697
261.076048	1.914181
261.261834	1.556215
261.520828	1.080506
262.103074	0.346415
262.687782	1.024361
262.961256	1.466595
263.158312	1.804103
263.321760	2.093920
263.464774	2.338295
263.594500	2.532848
263.715654	2.675062
263.831652	2.759123
263.945472	2.778892
264.059954	2.728214
264.178338	2.603199
264.304516	2.408569
264.443720	2.149332
264.603702	1.838027
264.800188	1.464448
265.123554	0.860748
265.542752	0.572412
265.961652	0.820632
266.300324	1.402634
266.505396	1.764286
266.672206	2.060196
266.817392	2.307856
266.948840	2.502264
267.071706	2.635078
267.190034	2.695119
267.307472	2.675882
267.427652	2.575921
267.554792	2.397723
267.694334	2.148715
267.855032	1.829613
268.055180	1.429426
268.423220	0.757321
268.814762	0.661552
269.205550	0.707279
269.599504	1.327785
269.814898	1.700751
269.987798	1.997706
270.138112	2.223853
270.275628	2.375064
270.406640	2.443830
270.536284	2.425191
270.669406	2.320162
270.811672	2.132004
270.971146	1.864093
271.163840	1.500985
271.460794	0.935170
271.936606	0.466419
272.413998	0.892635
272.725164	1.426194
272.928002	1.770590
273.096374	2.016194
273.247892	2.165690
273.392280	2.212607
273.537056	2.155141
273.689840	1.994713
273.861680	1.727726
274.078256	1.321118
274.532720	0.593062
274.921272	0.555458
275.402170	1.180375
275.644810	1.541614
275.837948	1.770151
276.011226	1.890544
276.178414	1.897280
276.351014	1.781372
276.544792	1.532215
276.801776	1.103219
277.381770	0.347789
277.965190	1.023707
278.242740	1.410646
