#Creator: wheelEventBuffer
#Creation time: Thu Apr 11 09:51:51 2019
#Time	Angular velocity
#[s]	[rad/s]
6.156370	0.130742
8.204770	0.248904
9.325766	0.345320
10.155506	0.432118
10.827992	0.517233
11.397008	0.600216
11.892810	0.678237
12.336276	0.747600
12.741884	0.807948
13.118186	0.865858
13.471692	0.917173
13.807942	0.956351
14.132672	0.982442
14.450454	0.997502
14.764526	1.004371
15.076592	1.009068
15.387212	1.013679
15.696650	1.017283
16.004560	1.022348
16.310222	1.032101
16.613236	1.042548
16.913812	1.048631
17.213270	1.051115
17.512692	1.048141
17.813056	1.043712
18.113910	1.042575
18.414274	1.048827
18.712878	1.055260
19.009134	1.064283
19.301562	1.082285
19.588304	1.107466
19.868498	1.136636
20.142492	1.159011
20.412066	1.173909
20.678912	1.182010
20.944208	1.186770
21.208600	1.190024
21.472472	1.191532
21.735746	1.194195
21.997844	1.201521
22.257646	1.215486
22.513862	1.235544
22.765516	1.261056
23.011738	1.290224
23.252010	1.324382
23.486152	1.360197
23.714066	1.397220
23.936052	1.434543
24.152614	1.468610
24.364192	1.501631
24.571572	1.530439
24.775482	1.552830
24.976896	1.568538
25.176612	1.579007
25.375204	1.585366
25.573094	1.590004
25.770436	1.593859
25.967434	1.596322
26.164046	1.598889
26.360164	1.603917
26.555354	1.613920
26.749058	1.628561
26.940774	1.648299
27.129938	1.672252
27.316180	1.700769
27.499226	1.731821
27.679038	1.763850
27.855728	1.792962
28.029686	1.819968
28.201004	1.847670
28.369992	1.871890
28.537014	1.891546
28.702528	1.906144
28.867014	1.915348
29.030872	1.919960
29.194436	1.921769
29.357862	1.922804
29.521262	1.922992
29.684528	1.924571
29.847496	1.929630
30.009836	1.939877
30.171184	1.953314
30.331288	1.970911
30.489844	1.991122
30.646642	2.015159
30.801522	2.041560
30.954408	2.069179
31.105344	2.094144
31.254558	2.117461
31.402090	2.141508
31.548158	2.161339
31.693000	2.177669
31.836904	2.189935
31.980142	2.197932
32.122946	2.202308
32.265532	2.204657
32.407966	2.206392
32.550340	2.207415
32.692588	2.209060
32.834640	2.213013
32.976306	2.221431
33.117326	2.233053
33.257508	2.248910
33.396616	2.267021
33.534520	2.288523
33.671116	2.311184
33.806354	2.335548
33.940234	2.357916
34.072878	2.379418
34.204282	2.402123
34.334588	2.421005
34.463982	2.435947
34.592712	2.446495
34.720996	2.452606
34.849028	2.455213
34.976950	2.456634
35.104782	2.458133
35.232566	2.459480
35.360222	2.461832
35.487706	2.465928
35.614890	2.473734
35.741620	2.483433
35.867780	2.496815
35.993196	2.512109
36.117768	2.531011
36.241404	2.550905
36.364068	2.571998
36.485746	2.591817
36.606528	2.610814
36.726392	2.630929
36.845452	2.647469
36.963828	2.661104
37.081686	2.671331
37.199184	2.677479
37.316438	2.681180
37.433584	2.682783
37.550642	2.684342
37.667676	2.685122
37.784630	2.686637
37.901476	2.689766
38.018104	2.696970
38.134366	2.706403
38.250164	2.719617
38.365346	2.734626
38.479834	2.752548
38.593572	2.771635
38.706508	2.792576
38.818640	2.810967
38.930062	2.828531
39.040772	2.846883
39.150852	2.861769
39.260414	2.873758
39.369590	2.882724
39.478496	2.887812
39.587224	2.890788
39.695870	2.892758
39.804436	2.894197
39.912974	2.895477
40.021434	2.897133
40.129806	2.899860
40.238016	2.906030
40.345950	2.914495
40.453518	2.926604
40.560592	2.940465
40.667110	2.957628
40.773008	2.975388
40.878276	2.994389
40.982908	3.010573
41.086988	3.026699
41.190476	3.044297
41.293442	3.058761
41.395952	3.071201
41.498116	3.080295
41.600036	3.085620
41.701816	3.087985
41.803550	3.088410
41.905254	3.088957
42.006968	3.089018
42.108636	3.090415
42.210234	3.093093
42.311684	3.099807
42.412888	3.107841
42.513788	3.119383
42.614286	3.132009
42.714334	3.147321
42.813888	3.163739
42.912934	3.181102
43.011462	3.195793
43.109548	3.210227
43.207156	3.226780
43.304330	3.239690
43.401162	3.250013
43.497716	3.258238
43.594084	3.263043
43.690320	3.265757
43.786504	3.267047
43.882638	3.268203
43.978768	3.268883
44.074846	3.270244
44.170872	3.272220
44.266790	3.277819
44.362520	3.284879
44.458008	3.295354
44.553152	3.307497
44.647916	3.322257
44.742258	3.337433
44.836162	3.354610
44.929606	3.369217
45.022652	3.383805
45.115268	3.400066
45.207504	3.412846
45.299428	3.422885
45.391128	3.430435
45.482670	3.434410
45.574122	3.435913
45.665550	3.436589
45.756944	3.437492
45.848336	3.438320
45.939676	3.440052
46.030960	3.442313
46.122150	3.447677
46.213180	3.453894
46.304010	3.463718
46.394552	3.474982
46.484760	3.489263
46.574592	3.504755
46.664028	3.521649
46.753058	3.535759
46.841746	3.549181
46.930070	3.564321
47.018078	3.575680
47.105828	3.585065
47.193376	3.592937
47.280774	3.597381
47.368068	3.600184
47.455326	3.601009
47.542548	3.601835
47.629780	3.602083
47.716982	3.602744
47.804158	3.603901
47.891264	3.609035
47.978222	3.615348
48.065000	3.625528
48.151508	3.636860
48.237716	3.650722
48.323598	3.665033
48.409136	3.681353
48.494314	3.695035
48.579190	3.708207
48.663738	3.723148
48.748004	3.733768
48.832048	3.742754
48.915924	3.749633
48.999672	3.753755
49.083340	3.755819
49.167000	3.755460
49.250694	3.751962
49.334538	3.744181
49.418582	3.732438
49.502948	3.715838
49.587704	3.698167
49.672886	3.678077
49.758542	3.658204
49.844654	3.637787
49.931220	3.619763
50.018204	3.603157
50.105588	3.588095
50.193368	3.569911
50.281592	3.552150
50.370230	3.535998
50.459326	3.516761
50.548938	3.495630
50.639130	3.472140
50.729994	3.444351
50.821608	3.414329
50.914074	3.381620
51.007428	3.348532
51.101736	3.315175
51.196966	3.282477
51.293130	3.250753
51.390196	3.222345
51.488104	3.194753
51.586842	3.169292
51.686344	3.144674
51.786548	3.124408
51.887398	3.105629
51.988848	3.088592
52.090882	3.069400
52.193582	3.049083
52.296934	3.030202
52.401022	3.007172
52.505954	2.981713
52.611856	2.952847
52.718878	2.919750
52.827136	2.884524
52.936766	2.847554
53.047828	2.810011
53.160424	2.771635
53.274560	2.733531
53.390280	2.695859
53.507562	2.661555
53.626318	2.628728
53.746502	2.599580
53.868000	2.571493
53.990772	2.545861
54.114782	2.520776
54.239990	2.497768
54.366360	2.474318
54.493966	2.450158
54.622800	2.426877
54.753012	2.399848
54.884820	2.368582
55.018528	2.332704
55.154476	2.291294
55.293014	2.245631
55.434466	2.197533
55.579080	2.148450
55.727140	2.097359
55.878790	2.046507
56.034196	1.997147
56.193368	1.950791
56.356276	1.906352
56.522888	1.865354
56.693068	1.826592
56.866656	1.792349
57.043484	1.760923
57.223508	1.730524
57.406886	1.697021
57.594110	1.660531
57.785476	1.623629
57.981660	1.581822
58.183608	1.532873
58.392710	1.476271
58.610748	1.410848
58.840076	1.335620
59.084108	1.248229
59.348006	1.145697
59.640742	1.021231
59.979352	0.867474
60.409276	0.663550
