520 1023
1032 240
1552 56
2060 135
2580 352
3088 636
3608 927
4120 1023
4636 1023
5148 1023
5664 1023
6176 896
6692 513
7204 135
7720 63
8232 192
8748 415
9260 711
9780 1008
10288 1023
10808 1023
11316 1023
11836 1023
12348 799
12864 415
13376 63
13892 96
14404 225
14920 496
15432 783
15948 1023
16460 1023
16976 1023
17488 1023
18004 1023
18516 704
19032 319
19544 48
20060 112
20576 287
21088 568
21604 865
22116 1023
22636 1023
23144 1023
23664 1023
24172 960
24692 608
25204 224
25720 56
26232 142
26748 384
27260 639
27776 960
28288 1023
28804 1023
29316 1023
29832 1023
30344 896
30864 508
31372 127
31892 63
32400 192
32920 423
33432 736
33948 1016
34460 1023
34976 1023
35488 1023
36004 1023
36516 787
37032 399
37544 60
38060 96
38572 240
39092 504
39600 799
40120 1023
40628 1023
41148 1023
41660 1023
42176 1023
42688 704
43204 295
43716 48
44232 120
44744 304
45260 575
45772 896
46288 1023
46800 1023
47320 1023
47828 1023
48348 960
48856 590
49376 199
49888 56
50404 152
50916 384
51432 655
51944 960
52460 1023
52972 1023
53488 1023
54000 1023
54516 864
55028 496
55548 112
56056 63
56576 192
57084 448
57604 768
58116 1020
58632 1023
59144 1023
59660 1023
60172 1023
60688 768
61200 384
61716 56
62228 96
62744 252
63256 512
63776 824
64284 1023
64804 1023
65312 1023
65832 1023
66344 1016
66860 671
67372 287
67888 48
68400 120
68916 312
69428 590
69944 896
70456 1023
70972 1023
71484 1023
72004 1023
72512 944
73032 575
73540 192
74060 60
74572 156
75088 384
75600 670
76116 960
76628 1023
77144 1023
77656 1023
78172 1023
78684 864
79200 480
79712 96
80232 67
80740 199
81260 448
81768 768
82288 1023
82800 1023
83316 1023
83828 1023
84344 1023
84856 768
85372 384
85884 56
86400 96
86912 255
87428 526
87940 830
88460 1023
88968 1023
89488 1023
89996 1023
90516 1008
91028 664
91544 271
92056 48
92572 124
93084 318
93600 608
94112 897
94628 1023
95140 1023
95656 1023
96168 1023
96688 926
97196 568
97716 192
98224 60
98744 159
99256 384
99772 688
100284 967
100800 1023
101312 1023
101828 1023
102340 1023
102856 830
103368 451
103884 96
104396 71
104916 224
105424 462
105944 768
106452 1023
106972 1023
107484 1023
108000 1023
108512 1023
109028 768
109540 384
110056 48
110568 96
111084 255
111596 536
112112 839
112624 1023
113144 1023
113652 1023
114172 1023
114680 993
115200 639
115712 255
116228 56
116740 127
117256 327
117768 624
118284 911
118796 1023
119312 1023
119824 1023
120340 1023
120852 903
121372 540
121880 156
122400 62
122908 176
123428 399
123940 704
124456 992
124968 1023
125484 1023
125996 1023
126512 1023
127024 824
127540 448
128052 71
128568 76
129080 224
129600 480
130108 771
130628 1023
131136 1023
131656 1023
132172 224
132692 480
133200 780
133720 1023
134232 1023
134748 1023
135260 1023
135776 1023
136288 736
136804 327
137316 48
137832 112
138344 280
138860 560
139372 864
139892 1023
140400 1023
140920 1023
141428 1023
141948 967
142460 624
142976 224
143488 56
144004 135
144516 352
145032 639
145544 927
146060 1023
146572 1023
147088 1023
147600 1023
148120 896
148628 512
149148 127
149656 63
150176 192
150688 415
151204 736
151716 1008
152232 1023
152744 1023
153260 1023
153772 1023
154288 796
154800 415
155316 62
155828 96
156348 240
156856 496
157376 799
157884 1023
158404 1023
158916 1023
159432 1023
159944 1023
160460 704
160972 312
161488 48
162000 112
162516 295
163028 575
163544 896
164056 1023
164576 1023
165084 1023
165604 1023
166112 960
166632 590
167144 206
167660 56
168172 143
168688 384
169200 655
169716 960
170232 1023
170744 1023
171260 1023
171772 1023
172292 864
172800 496
173320 112
173828 63
174348 192
174860 448
175376 768
175888 1022
176404 1023
176916 1023
177432 1023
177944 1023
178460 769
178972 385
179488 56
180000 96
180520 252
181028 512
181548 824
182056 1023
182576 1023
183088 1023
183604 1023
184116 1016
184632 668
185144 280
185660 48
186172 124
186688 318
187200 608
187716 896
188228 1023
188748 1023
189256 1023
189776 1023
190284 927
190804 572
191316 192
191832 60
192344 159
192860 384
193372 671
193888 967
194400 1023
194916 1023
195428 1023
195944 1023
196456 847
196976 480
197484 96
198004 71
198512 199
199032 451
199544 768
200060 1023
200572 1023
201088 1023
201600 1023
202116 1023
202628 768
203144 384
203656 48
204172 96
204684 255
205204 536
205712 831
206232 1023
206740 1023
207260 1023
207772 1023
208288 992
208800 639
209316 255
209828 48
210344 127
210856 319
211372 624
211884 911
212400 1023
212912 1023
213432 1023
213940 1023
214460 911
214968 547
215488 159
216000 60
216516 163
217028 391
217544 704
218056 992
218572 1023
219084 1023
219600 1023
220112 1023
220628 828
221140 448
221660 71
222168 71
222688 224
223196 480
223716 771
224228 1023
224744 1023
225256 1023
225772 1023
226284 1023
226800 736
227312 335
227828 48
228340 112
228856 280
229368 551
229888 864
230396 1023
230916 1023
231424 1023
231944 1023
232456 992
232972 632
233484 248
234000 56
234512 127
235028 352
235540 632
236056 927
236568 1023
237084 1023
237596 1023
238116 1023
238624 896
239144 521
239652 135
240172 63
240684 192
241200 415
241712 707
242228 1008
242740 1023
243256 1023
243768 1023
244284 1023
244796 798
245312 414
245824 62
246344 96
246852 240
247372 496
247880 796
248400 1023
248912 1023
249428 1023
249940 1023
250456 1023
250968 704
251484 316
251996 48
252512 112
253024 287
253540 574
254052 880
254572 1023
255080 1023
255600 1023
256108 1023
256628 960
257140 608
257656 224
258168 56
258684 143
259196 384
259712 647
260224 960
260740 1023
261252 1023
261768 1023
262280 1023
262800 880
263308 504
263824 632
264336 240
264856 56
265364 135
265884 352
266392 636
266912 927
267424 1023
267940 1023
268452 1023
268968 1023
269480 896
269996 512
270508 127
271024 63
271536 192
272052 415
272564 718
273084 1008
273592 1023
274112 1023
274620 1023
275140 1023
275652 798
276168 414
276680 62
277196 96
277708 240
278224 504
278736 798
279252 1023
279764 1023
280280 1023
280792 1023
281312 1023
281820 704
282340 316
282848 48
283368 112
283880 287
284396 574
284908 896
285424 1023
285936 1023
286452 1023
286964 1023
287480 960
287992 608
288512 199
289020 56
289540 145
290048 384
290568 655
291080 960
291596 1023
292108 1023
292624 1023
293136 1023
293652 864
294164 496
294680 112
295192 63
295708 193
296220 448
296740 768
297248 1022
297768 1023
298276 1023
298796 1023
299308 1023
299824 771
300336 391
300852 56
301364 96
301880 252
302392 511
302908 824
303420 1023
303936 1023
304448 1023
304964 1023
305480 1020
305992 671
306508 284
307020 48
307536 124
308048 316
308568 608
309076 896
309596 1023
310108 1023
310624 1023
311136 1023
311652 926
312164 572
312680 192
313192 60
313708 159
314220 384
314736 675
315248 963
315764 1023
316276 1023
316796 1023
317304 1023
317824 839
318336 480
318852 96
319364 71
319880 224
320392 451
320908 768
321420 1023
321936 1023
322448 1023
322964 1023
323476 1023
323992 768
324504 384
325024 48
325536 96
326052 255
326564 536
327080 831
327592 1023
328108 1023
328620 1023
329136 1023
329648 992
330164 639
330676 254
331192 48
331704 127
332224 332
332732 624
333252 920
333764 1023
334280 1023
334792 1023
335308 1023
335820 903
336336 540
336848 158
337364 62
337876 176
338392 399
338904 704
339420 992
339932 1023
340452 1023
340960 1023
341480 1023
341992 824
342508 448
343020 71
343536 78
344048 224
344564 480
345076 775
345592 1023
346104 1023
346620 1023
347132 1023
347648 1023
348160 716
348680 319
349188 48
349708 112
350220 284
350736 568
351248 864
351764 1023
352276 1023
352792 1023
353304 1023
353820 967
354332 624
354848 240
355360 56
355876 135
356388 352
356908 639
357416 927
357936 1023
358448 1023
358964 1023
359476 1023
359992 896
360504 518
361020 127
361532 63
362048 192
362560 415
363076 718
363588 1008
364104 1023
364616 1023
365136 1023
365644 1023
366164 796
366676 412
367192 60
367704 96
368220 240
368732 504
369248 799
369760 1023
370276 1023
370788 1023
371304 1023
371816 1023
372332 704
372844 312
373364 48
373872 112
374392 304
374904 575
375420 896
375932 1023
376448 1023
376960 1023
377476 1023
377988 960
378504 608
379016 224
379532 56
380044 143
380560 384
381072 655
381592 960
382100 1023
382620 1023
383132 1023
383648 1023
384160 865
384676 496
385188 112
385704 63
386216 192
386732 448
387244 768
387760 1022
388272 1023
388788 1023
389300 1023
389820 1023
390328 768
390848 384
391360 56
391876 96
392388 254
392904 519
393416 824
393932 1023
394444 1023
394960 1023
395480 96
395992 67
396508 199
397020 448
397536 768
398048 1023
398568 1023
399076 1023
399596 1023
400104 1023
400624 768
401136 384
401652 56
402164 96
402680 255
403192 527
403708 831
404220 1023
404736 1023
405248 1023
405764 1023
406276 993
406796 639
407304 255
407824 48
408332 127
408852 327
409364 624
409880 911
410392 1023
410908 1023
411420 1023
411936 1023
412448 911
412964 543
413476 159
413992 62
414504 163
415024 398
415532 704
416052 992
416560 1023
417080 1023
417592 1023
418108 1023
418620 830
419136 448
419648 76
420164 71
420676 224
421192 480
421704 769
422220 1023
422732 1023
423252 1023
423760 1023
424280 1023
424788 736
425308 334
425820 48
426336 112
426848 275
427364 551
427876 864
428392 1023
428904 1023
429420 1023
429932 1023
430448 974
430960 632
431476 240
431988 56
432504 131
433016 352
433532 636
434048 927
434560 1023
435076 1023
435588 1023
436108 1023
436616 896
437136 519
437644 142
438164 63
438676 192
439192 415
439704 707
440220 1008
440732 1023
441248 1023
441760 1023
442276 1023
442788 799
443304 415
443816 63
444336 96
444844 240
445364 496
445872 796
446392 1023
446904 1023
447420 1023
447932 1023
448448 1023
448960 704
449476 312
449988 48
450504 112
451016 291
451532 575
452044 896
452564 1023
453072 1023
453592 1023
454100 1023
454620 960
455132 608
455648 224
456160 56
456676 143
457188 384
457704 652
458216 960
458732 1023
459244 1023
459760 1023
460272 1023
460792 896
461300 504
461820 120
462328 63
462848 192
463360 448
463876 768
464388 1020
464904 1023
465416 1023
465932 1023
466444 1023
466960 768
467472 384
467988 56
468500 96
469020 254
469528 513
470048 824
470556 1023
471076 1023
471588 1023
472104 1023
472616 1020
473132 671
473644 284
474160 48
474672 124
475188 316
475700 608
476216 896
476728 1023
477248 1023
477756 1023
478276 1023
478784 934
479304 572
479816 192
480332 60
480844 158
481360 384
481872 671
482388 967
482900 1023
483416 1023
483928 1023
484444 1023
484956 839
485476 455
485984 96
486504 71
487012 224
487532 455
488044 768
488560 1023
489072 1023
489588 1023
490100 1023
490616 1023
491128 768
491644 384
492156 48
492672 96
493184 255
493704 540
494212 831
494732 1023
495240 1023
495760 1023
496272 1023
496788 993
497300 647
497816 255
498328 48
498844 127
499356 319
499872 624
500384 910
500900 1023
501412 1023
501932 1023
502440 1023
502960 908
503468 543
503988 156
504500 62
505016 192
505528 399
506044 704
506556 992
507072 1023
507584 1023
508100 1023
508612 1023
509128 816
509640 448
510160 67
510668 78
511188 224
511696 480
512216 780
512728 1023
513244 1023
513756 1023
514272 1023
514784 1023
515300 736
515812 335
516328 48
516840 112
517356 284
517868 560
518388 864
518896 1023
519416 1023
519924 1023
520444 1023
520956 974
521472 624
521984 240
522500 56
523012 135
523528 352
524040 639
524556 931
525068 1023
525584 1023
526096 1023
526612 1023
527128 1023
527644 768
528156 352
528672 48
529184 112
529700 280
530212 547
530728 864
531240 1023
531756 1023
532268 1023
532788 1023
533296 967
533816 624
534324 240
534844 56
535356 135
535872 352
536384 639
536900 935
537412 1023
537928 1023
538440 1023
538956 1023
539468 896
539984 512
540496 127
541016 63
541524 192
542044 419
542552 736
543072 1008
543584 1023
544100 1023
544612 1023
545128 1023
545640 798
546156 412
546668 62
547184 96
547696 240
548212 504
548724 799
549244 1023
549752 1023
550268 1023
550780 1023
551296 1023
551812 704
552324 304
552844 48
553352 120
553872 304
554380 575
554900 896
555412 1023
555928 1023
556440 1023
556956 1023
557468 960
557984 583
558496 195
559012 56
559524 152
560040 384
560552 664
561072 960
561580 1023
562100 1023
562608 1023
563128 1023
563640 864
564156 496
564668 112
565184 63
565696 193
566212 448
566724 768
567240 1023
567752 1023
568268 1023
568780 1023
569300 1023
569808 768
570328 384
570836 56
571356 96
571868 255
572384 526
572896 828
573412 1023
573924 1023
574440 1023
574952 1023
575468 1008
575980 655
576496 255
577008 48
577528 127
578036 319
578556 608
579064 903
579584 1023
580096 1023
580612 1023
581124 1023
581640 920
582152 560
582668 167
583180 60
583696 159
584208 387
584724 704
585236 992
585756 1023
586264 1023
586784 1023
587292 1023
587812 830
588324 448
588840 71
589352 71
589868 224
590380 480
590896 771
591408 1023
591924 1023
592436 1023
592952 1023
593464 1023
593984 736
594492 334
595012 48
595520 112
596040 280
596552 551
597068 864
597580 1023
598096 1023
598608 1023
599124 1023
599636 972
600152 624
600664 240
601180 56
601692 135
602212 352
602720 638
603240 931
603748 1023
604268 1023
604780 1023
605296 1023
605808 896
606324 515
606836 127
607352 63
607864 192
608380 415
608892 711
609408 1008
609920 1023
610440 1023
610948 1023
611468 1023
611976 783
612496 399
613008 60
613524 96
614036 240
614552 504
615064 799
615580 1023
616092 1023
616608 1023
617120 1023
617636 1023
618148 704
618668 304
619176 48
619696 120
620204 304
620724 575
621236 896
621752 1023
622264 1023
622780 1023
623292 1023
623808 960
624320 591
624836 199
625348 56
625864 152
626376 384
626896 655
627404 960
627924 1023
628432 1023
628952 1023
629464 1023
629980 864
630492 480
631008 112
631520 67
632036 195
632548 448
633064 768
633576 1023
634092 1023
634604 1023
635124 1023
635632 1023
636152 768
636660 384
637180 56
637692 96
638208 255
638720 519
639236 830
639748 1023
640264 1023
640776 1023
641292 1023
641804 1008
642320 655
642832 271
643352 48
643860 124
644380 319
644888 608
645408 899
645920 1023
646436 1023
646948 1023
647464 1023
647976 924
648492 560
649004 176
649520 60
650032 159
650548 391
651060 704
651580 975
652088 1023
652608 1023
653116 1023
653636 1023
654148 828
654664 448
655176 71
655692 71
656204 224
656720 480
657232 768
657748 1023
658260 1023
658780 1023
659292 1023
659808 736
660320 334
660836 48
661348 112
661864 284
662376 560
662892 864
663404 1023
663920 1023
664432 1023
664948 1023
665460 967
665980 624
666488 224
667008 56
667516 135
668036 352
668548 639
669064 935
669576 1023
670092 1023
670604 1023
671120 1023
671632 896
672148 510
672660 127
673176 63
673688 192
674208 419
674716 736
675236 1008
675744 1023
676264 1023
676776 1023
677292 1023
677804 798
678320 412
678832 62
679348 96
679860 240
680376 504
680888 799
681404 1023
681916 1023
682436 1023
682944 1023
683464 1023
683972 704
684492 304
685004 48
685520 120
686032 304
686548 575
687060 896
687576 1023
688088 1023
688604 1023
689116 1023
689632 960
690144 583
690664 195
691172 56
691692 152
692200 384
692720 664
693232 960
693748 1023
694260 1023
694776 1023
695288 1023
695804 864
696316 496
696832 112
697344 63
697860 193
698372 448
698892 768
699400 1023
699920 1023
700428 1023
700948 1023
701460 1023
701976 768
702488 384
703004 56
703516 96
704032 254
704544 515
705060 824
705572 1023
706088 1023
706600 1023
707120 1023
707628 1008
708148 655
708656 271
709176 48
709688 126
710204 319
710716 608
711232 899
711744 1023
712260 1023
712772 1023
713288 1023
713800 926
714316 568
714828 192
715348 60
715856 159
716376 385
716884 679
717404 975
717916 1023
718432 1023
718944 1023
719460 1023
719972 835
720488 455
721000 96
721516 71
722028 224
722544 480
723056 768
723576 1023
724084 1023
724604 1023
725112 1023
725632 1023
726144 768
726660 352
727172 48
727688 97
728200 271
728716 543
729228 846
729744 1023
730256 1023
730772 1023
731284 1023
731804 992
732312 636
732832 248
733340 56
733860 127
734372 335
734888 632
735400 924
735916 1023
736428 1023
736944 1023
737456 1023
737972 899
738484 540
739000 147
739512 62
740032 192
740540 403
741060 704
741568 992
742088 1023
742600 1023
743116 1023
743628 1023
744144 803
744656 432
745172 63
745684 79
746200 240
746712 496
747228 783
747740 1023
748260 1023
748768 1023
749288 1023
749796 1023
750316 704
750828 319
751344 48
751856 112
752372 287
752884 568
753400 865
753912 1023
754428 1023
754940 1023
755456 1023
755968 963
756488 608
756996 224
757516 56
758024 140
758544 352
759056 639
759572 960
760084 1023
760600 1023
761112 1023
761628 1023
762140 896
762656 508
763172 120
763684 63
764200 192
764712 448
765232 768
765740 1016
766260 1023
766768 1023
767288 1023
767800 1023
768316 771
768828 391
769344 56
769856 96
770372 252
770884 510
771400 816
771912 1023
772428 1023
772940 1023
773460 1023
773968 1023
774488 679
774996 287
775516 48
776028 120
776544 312
777056 583
777572 896
778084 1023
778600 1023
779112 1023
779628 1023
780140 960
780656 575
781168 192
781688 60
782196 156
782716 384
783224 670
783744 960
784256 1023
784772 1023
785284 1023
785800 1023
786312 844
786828 480
787340 96
787856 71
788368 204
788888 451
789396 768
789916 1023
790436 480
790956 771
791464 1023
791984 1023
792492 1023
793012 1023
793524 1023
794040 736
794552 352
795068 48
795580 112
796096 275
796608 547
797124 864
797636 1023
798152 1023
798664 1023
799180 1023
799692 992
800212 632
800720 248
801240 56
801752 127
802268 352
802780 636
803296 927
803808 1023
804324 1023
804836 1023
805352 1023
805864 896
806380 515
806892 131
807408 63
807920 192
808440 415
808948 711
809468 1008
809980 1023
810496 1023
811008 1023
811524 1023
812036 792
812552 399
813064 60
813580 96
814092 248
814608 508
815120 799
815636 1023
816148 1023
816668 1023
817176 1023
817696 1023
818208 704
818724 304
819236 48
819752 120
820264 304
820780 579
821292 896
821808 1023
822320 1023
822836 1023
823348 1023
823864 960
824376 590
824896 193
825404 56
825924 152
826436 384
826952 668
827464 960
827980 1023
828492 1023
829008 1023
829520 1023
830036 864
830548 480
831064 96
831576 67
832092 199
832604 448
833124 768
833632 1023
834152 1023
834664 1023
835180 1023
835692 1023
836208 768
836720 384
837236 56
837748 96
838264 255
838776 527
839292 831
839804 1023
840320 1023
840832 1023
841352 1023
841860 1008
842380 655
842892 255
843408 48
843920 126
844436 319
844948 608
845464 911
845976 1023
846492 1023
847004 1023
847520 1023
848032 911
848548 543
849064 156
849576 60
850092 192
850604 399
851124 704
851632 992
852152 1023
852660 1023
853180 1023
853692 1023
854208 816
854720 448
855236 67
855748 78
856264 224
856776 480
857292 782
857804 1023
858320 1023
858832 1023
859352 1023
859860 1023
860380 736
860888 334
861408 48
861920 112
862436 284
862948 560
863464 864
863976 1023
864492 1023
865004 1023
865520 1023
866032 972
866548 624
867060 224
867580 56
868088 135
868608 352
869116 639
869636 944
870148 1023
870664 1023
871176 1023
871692 1023
872204 896
872720 504
873232 124
873748 63
874260 192
874776 448
875288 768
875808 1020
876316 1023
876836 1023
877344 1023
877864 1023
878376 783
878892 396
879404 60
879920 96
880432 248
880948 510
881460 816
881976 1023
882488 1023
883004 1023
883516 1023
884036 1023
884544 704
885064 287
885572 48
886092 120
886604 312
887120 591
887632 896
888148 1023
888660 1023
889176 1023
889688 1023
890204 927
890716 574
891232 192
891744 60
892264 159
892772 384
893292 675
893800 967
894320 1023
894832 1023
895348 1023
895860 1023
896376 839
896888 480
897404 96
897916 71
898432 224
898944 455
899460 768
899972 1023
900492 1023
901000 1023
901520 1023
902028 1023
902548 768
903060 384
903576 48
904088 96
904604 255
905116 536
905632 839
906144 1023
906660 1023
907172 1023
907688 1023
908200 992
908720 639
909228 252
909748 56
910256 127
910776 335
911288 624
911804 920
912316 1023
912832 1023
913344 1023
913860 1023
914372 899
914888 529
915400 152
915916 62
916428 192
916948 408
917456 704
917976 992
918484 1023
919004 1023
919516 1023
920032 1023
920544 816
921060 448
921572 67
922092 312
922604 48
923120 112
923632 291
924148 575
924660 896
925176 1023
925688 1023
926204 1023
926716 1023
927232 960
927744 608
928260 224
928772 56
929292 143
929800 384
930320 655
930828 960
931348 1023
931860 1023
932376 1023
932888 1023
933404 880
933916 504
934432 120
934944 63
935460 192
935972 448
936488 768
937000 1020
937520 1023
938028 1023
938548 1023
939056 1023
939576 768
940088 384
940604 56
941116 96
941632 252
942144 512
942660 824
943172 1023
943688 1023
944200 1023
944716 1023
945228 1016
945748 670
946256 284
946776 48
947284 124
947804 316
948316 608
948832 896
949344 1023
949860 1023
950372 1023
950888 1023
951400 931
951916 574
952428 192
952944 60
953456 158
953976 384
954484 671
955004 963
955512 1023
956032 1023
956544 1023
957060 1023
957572 839
958088 462
958600 96
959116 67
959628 224
960144 455
960656 768
961172 1023
961684 1023
962204 1023
962712 1023
963232 1023
963740 768
964260 352
964772 48
965288 96
965800 255
966316 542
966828 835
967344 1023
967856 1023
968372 1023
968884 1023
969400 992
969912 639
970432 255
970940 48
971460 127
971968 327
972488 624
973000 911
973516 1023
974028 1023
974544 1023
975056 1023
975572 908
976084 542
976600 152
977112 62
977628 192
978140 399
978660 704
979168 992
979688 1023
980196 1023
980716 1023
981228 1023
981744 803
982256 448
982772 63
983284 79
983800 225
984312 481
984828 783
985340 1023
985856 1023
986368 1023
986888 1023
987396 1023
987916 707
988424 319
988944 48
989456 112
989972 287
990484 568
991000 864
991512 1023
992028 1023
992540 1023
993056 1023
993568 967
994084 624
994596 224
995116 56
995624 135
996144 352
996652 639
997172 944
997684 1023
998200 1023
998712 1023
999228 1023
999740 896
1000256 504
1000768 124
1001284 63
1001796 192
1002312 448
1002824 736
1003344 1016
1003852 1023
1004372 1023
1004880 1023
1005400 1023
1005912 783
1006428 398
1006940 60
1007456 96
1007968 248
1008484 508
1008996 799
1009512 1023
1010024 1023
1010540 1023
1011052 1023
1011572 1023
1012080 704
1012600 304
1013108 48
1013628 120
1014140 304
1014656 579
1015168 896
1015684 1023
1016196 1023
1016712 1023
1017224 1023
1017740 960
1018252 583
1018768 192
1019280 56
1019800 156
1020308 384
1020828 670
1021336 960
1021856 1023
1022368 1023
1022884 1023
1023396 1023
1023912 847
1024424 480
1024940 96
1025452 67
1025968 199
1026484 448
1026996 768
1027512 1023
1028024 1023
1028544 1023
1029052 1023
1029572 1023
1030084 768
1030600 384
1031112 56
1031628 96
1032140 255
1032656 527
1033168 830
1033684 1023
1034196 1023
1034712 1023
1035224 1023
1035744 1008
1036252 655
1036772 255
1037280 48
1037800 127
1038312 319
1038828 624
1039340 903
1039856 1023
1040368 1023
1040884 1023
1041396 1023
1041912 908
1042424 543
1042940 158
1043452 62
1043972 176
1044480 398
1045000 704
1045508 992
1046028 1023
1046540 1023
1047056 1023
1047568 1023
1048084 824
1048596 448
1049112 71
1049624 71
1050140 224
1050652 480
1051168 774
1051680 1023
1052200 1023
1052708 1023
1053228 1023
1053740 48
1054260 124
1054768 316
1055288 608
1055800 896
1056316 1023
1056828 1023
1057344 1023
1057856 1023
1058372 927
1058884 572
1059400 192
1059912 60
1060432 159
1060940 384
1061460 679
1061968 967
1062488 1023
1063000 1023
1063516 1023
1064028 1023
1064544 839
1065056 480
1065572 96
1066084 71
1066600 224
1067112 451
1067628 768
1068140 1023
1068660 1023
1069168 1023
1069688 1023
1070196 1023
1070716 768
1071228 384
1071744 48
1072256 96
1072772 263
1073284 540
1073800 839
1074312 1023
1074828 1023
1075340 1023
1075856 1023
1076368 992
1076888 638
1077396 254
1077916 56
1078424 127
1078944 332
1079456 624
1079972 920
1080484 1023
1081000 1023
1081512 1023
1082028 1023
1082540 903
1083056 542
1083568 158
1084084 62
1084596 176
1085116 399
1085624 704
1086144 992
1086652 1023
1087172 1023
1087684 1023
1088200 1023
1088712 824
1089228 448
1089740 63
1090256 79
1090768 224
1091284 480
1091796 782
1092312 1023
1092824 1023
1093344 1023
1093852 1023
1094372 1023
1094880 707
1095400 319
1095912 48
1096428 112
1096940 287
1097456 572
1097968 864
1098484 1023
1098996 1023
1099512 1023
1100024 1023
1100540 961
1101052 608
1101572 224
1102080 56
1102600 142
1103108 352
1103628 639
1104140 944
1104656 1023
1105168 1023
1105684 1023
1106196 1023
1106712 896
1107224 511
1107740 126
1108252 63
1108768 192
1109280 423
1109800 736
1110308 1016
1110828 1023
1111336 1023
1111856 1023
1112368 1023
1112884 775
1113396 391
1113912 56
1114424 96
1114940 248
1115452 508
1115968 816
1116480 1023
1116996 1023
1117508 1023
1118028 1023
1118536 1022
1119056 679
1119564 291
1120084 48
1120596 120
1121112 312
1121624 583
1122140 896
1122652 1023
1123168 1023
1123680 1023
1124196 1023
1124708 960
1125224 575
1125736 195
1126256 60
1126764 152
1127284 384
1127792 668
1128312 960
1128824 1023
1129340 1023
1129852 1023
1130368 1023
1130880 864
1131396 480
1131908 96
1132424 67
1132936 199
1133452 448
1133964 768
1134484 1023
1134992 1023
1135512 1023
1136020 1023
1136540 1023
1137052 768
1137568 384
1138080 56
1138596 96
1139108 255
1139624 527
1140136 831
1140652 1023
1141164 1023
1141680 1023
1142192 1023
1142712 1008
1143220 655
1143740 255
1144248 48
1144768 126
1145280 319
1145796 608
1146308 903
1146824 1023
1147336 1023
1147852 1023
1148364 1023
1148880 920
1149392 551
1149908 159
1150420 60
1150940 163
1151448 391
1151968 704
1152476 992
1152996 1023
1153508 1023
1154024 1023
1154536 1023
1155052 824
1155564 448
1156080 71
1156592 76
1157108 224
1157620 480
1158136 775
1158648 1023
1159168 1023
1159676 1023
1160196 1023
1160704 1023
1161224 736
1161736 352
1162252 48
1162764 112
1163280 280
1163792 550
1164308 864
1164820 1023
1165336 1023
1165848 1023
1166364 1023
1166876 992
1167396 632
1167904 240
1168424 56
1168932 135
1169452 352
1169964 639
1170480 927
1170996 1023
1171508 1023
1172024 1023
1172536 1023
1173056 896
1173564 511
1174084 127
1174596 63
1175112 192
1175624 419
1176140 736
1176652 1008
1177168 1023
1177680 1023
1178196 1023
1178708 1023
1179224 783
1179736 408
1180252 60
1180764 96
1181284 240
1181792 504
1182312 799
1182824 1023
1183340 1023
1183852 1023
1184368 1023
1184880 1023
1185396 896
1185912 1023
1186424 1023
1186944 1023
1187452 1023
1187972 960
1188484 608
1189000 224
1189512 56
1190028 143
1190540 384
1191056 649
1191568 960
1192084 1023
1192596 1023
1193112 1023
1193624 1023
1194140 864
1194656 496
1195168 112
1195684 63
1196196 192
1196716 448
1197224 768
1197744 1022
1198252 1023
1198772 1023
1199284 1023
1199800 1023
1200312 768
1200828 384
1201340 56
1201856 96
1202368 252
1202884 513
1203396 824
1203912 1023
1204424 1023
1204944 1023
1205452 1023
1205972 1020
1206480 671
1207000 286
1207512 48
1208028 124
1208540 312
1209056 608
1209568 896
1210084 1023
1210596 1023
1211112 1023
1211624 1023
1212140 927
1212652 572
1213172 192
1213680 60
1214200 159
1214708 384
1215228 675
1215740 963
1216256 1023
1216768 1023
1217284 1023
1217796 1023
1218312 831
1218824 455
1219340 96
1219852 71
1220368 224
1220880 455
1221400 768
1221908 1023
1222428 1023
1222936 1023
1223456 1023
1223968 1023
1224484 768
1224996 384
1225512 48
1226024 96
1226540 255
1227052 536
1227568 839
1228080 1023
1228596 1023
1229108 1023
1229628 1023
1230136 993
1230656 639
1231164 255
1231684 56
1232196 127
1232712 327
1233224 624
1233740 911
1234252 1023
1234768 1023
1235280 1023
1235796 1023
1236308 897
1236824 527
1237336 143
1237856 62
1238364 192
1238884 412
1239392 704
1239912 992
1240424 1023
1240940 1023
1241452 1023
1241968 1023
1242480 816
1242996 448
1243508 67
1244024 79
1244536 224
1245052 480
1245564 783
1246084 1023
1246592 1023
1247112 1023
1247620 1023
1248140 1023
1248652 736
1249168 323
1249680 48
1250196 112
1250708 284
1251224 568
1251736 864
1252252 1023
1252764 1023
1253280 1023
1253792 1023
1254312 961
1254820 608
1255340 224
1255848 56
1256368 142
1256880 352
1257396 639
1257908 935
1258424 1023
1258936 1023
1259452 1023
1259964 1023
1260480 896
1260992 508
1261508 126
1262020 63
1262540 192
1263048 423
1263568 736
1264076 1016
1264596 1023
1265108 1023
1265624 1023
1266136 1023
1266652 783
1267164 408
1267680 60
1268192 96
1268708 248
1269220 504
1269736 799
1270248 1023
1270768 1023
1271276 1023
1271796 1023
1272304 1023
1272824 704
1273336 295
1273852 48
1274364 120
1274880 312
1275392 579
1275908 896
1276420 1023
1276936 1023
1277448 1023
1277964 1023
1278476 944
1278996 575
1279504 192
1280024 60
1280532 156
1281052 384
1281564 668
1282080 960
1282592 1023
1283108 1023
1283620 1023
1284136 1023
1284648 864
1285164 480
1285676 112
1286192 67
1286704 195
1287224 448
1287732 768
1288252 1023
1288760 1023
1289280 1023
1289792 1023
1290308 1023
1290820 768
1291336 384
1291848 56
1292364 96
1292876 255
1293392 527
1293904 830
1294420 1023
1294932 1023
1295452 1023
1295960 1023
1296480 995
1296988 647
1297508 255
1298020 48
1298536 127
1299048 319
1299564 624
1300076 908
1300592 1023
1301104 1023
1301620 1023
1302132 1023
1302648 911
1303160 547
1303680 159
1304188 60
1304708 163
1305216 391
1305736 704
1306248 992
1306764 1023
1307276 1023
1307792 1023
1308304 1023
1308820 830
1309332 448
1309848 78
1310360 71
1310876 224
1311392 480
1311904 768
1312420 1023
1312932 1023
1313448 1023
1313960 1023
1314480 1023
1314988 736
1315508 334
1316020 48
1316536 112
1317056 1023
1317572 1023
1318084 1023
1318600 816
1319112 448
1319628 63
1320140 79
1320656 225
1321168 496
1321684 792
1322200 1023
1322712 1023
1323228 1023
1323740 1023
1324256 1023
1324768 704
1325288 316
1325796 48
1326316 112
1326828 287
1327344 575
1327856 896
1328372 1023
1328884 1023
1329400 1023
1329912 1023
1330428 960
1330940 608
1331456 224
1331968 56
1332484 143
1332996 384
1333516 655
1334024 960
1334544 1023
1335056 1023
1335572 1023
1336084 1023
1336600 880
1337112 504
1337628 120
1338140 63
1338656 192
1339168 448
1339684 768
1340196 1022
1340712 1023
1341224 1023
1341744 1023
1342252 1023
1342772 769
1343284 384
1343800 56
1344312 96
1344828 254
1345340 515
1345856 824
1346368 1023
1346884 1023
1347396 1023
1347912 1023
1348424 1008
1348940 655
1349452 271
1349972 48
1350480 124
1351000 319
1351512 608
1352028 903
1352540 1023
1353056 1023
1353568 1023
1354084 1023
1354596 927
1355112 568
1355624 192
1356140 60
1356652 159
1357168 387
1357680 704
1358200 992
1358708 1023
1359228 1023
1359740 1023
1360256 1023
1360768 831
1361284 449
1361796 96
1362312 71
1362824 224
1363340 480
1363852 768
1364368 1023
1364880 1023
1365396 1023
1365908 1023
1366428 1023
1366936 768
1367456 335
1367968 48
1368484 112
1368996 280
1369512 560
1370024 864
1370540 1023
1371052 1023
1371568 1023
1372080 1023
1372596 975
1373108 632
1373624 240
1374136 56
1374656 135
1375164 352
1375684 638
1376196 927
1376712 1023
1377224 1023
1377740 1023
1378252 1023
1378768 896
1379280 519
1379796 135
1380308 63
1380824 192
1381336 415
1381852 716
1382364 1008
1382884 1023
1383392 1023
1383912 1023
1384424 1023
1384940 796
1385452 412
1385968 60
1386480 96
1386996 240
1387508 504
1388024 799
1388536 1023
1389052 1023
1389564 1023
1390080 1023
1390592 1023
1391112 704
1391620 312
1392140 48
1392652 120
1393168 304
1393680 575
1394196 896
1394708 1023
1395224 1023
1395736 1023
1396252 1023
1396764 960
1397280 591
1397792 204
1398308 56
1398820 145
1399340 384
1399848 655
1400368 960
1400880 1023
1401396 1023
1401908 1023
1402424 1023
1402936 864
1403452 480
1403964 112
1404480 67
1404992 195
1405508 448
1406020 768
1406536 1023
1407048 1023
1407568 1023
1408076 1023
1408596 1023
1409108 768
1409624 384
1410136 56
1410652 96
1411164 255
1411680 527
1412192 831
1412708 1023
1413220 1023
1413736 1023
1414248 1023
1414764 1008
1415276 655
1415796 255
1416304 48
1416824 126
1417336 319
1417852 608
1418364 903
1418880 1023
1419392 1023
1419908 1023
1420420 1023
1420936 920
1421448 551
1421964 159
1422476 60
1422992 167
1423504 391
1424024 704
1424532 992
1425052 1023
1425564 1023
1426080 1023
1426592 1023
1427108 824
1427620 448
1428136 67
1428648 78
1429164 224
1429676 480
1430192 782
1430704 1023
1431220 1023
1431732 1023
1432252 1023
1432760 1023
1433280 718
1433792 327
1434308 48
1434820 112
1435336 284
1435848 560
1436364 864
1436876 1023
1437392 1023
1437904 1023
1438420 1023
1438932 974
1439448 624
1439964 224
1440476 56
1440992 135
1441504 352
1442024 639
1442532 935
1443052 1023
1443560 1023
1444080 1023
1444592 1023
1445108 896
1445620 508
1446136 124
1446648 63
1447164 192
1447676 448
1448192 768
1448712 1016
1449228 670
1449740 286
1450256 48
1450768 124
1451284 316
1451796 608
1452312 896
1452824 1023
1453340 1023
1453852 1023
1454372 1023
1454880 931
1455400 574
1455908 192
1456428 60
1456940 158
1457456 384
1457968 671
1458484 967
1458996 1023
1459512 1023
1460024 1023
1460540 1023
1461052 846
1461568 480
1462080 96
1462600 71
1463108 224
1463628 455
1464140 768
1464656 1023
1465168 1023
1465684 1023
1466196 1023
1466712 1023
1467224 768
1467740 352
1468252 48
1468768 96
1469280 263
1469800 542
1470308 839
1470828 1023
1471336 1023
1471856 1023
1472368 1023
1472884 992
1473396 639
1473912 254
1474424 48
1474940 127
1475452 327
1475968 624
1476480 915
1476996 1023
1477508 1023
1478028 1023
1478536 1023
1479056 903
1479564 542
1480084 152
1480596 62
1481112 192
1481624 399
1482140 704
1482652 992
1483168 1023
1483680 1023
1484196 1023
1484708 1023
1485224 807
1485736 448
1486256 63
1486764 79
1487284 225
1487792 481
1488312 783
1488824 1023
1489340 1023
1489852 1023
1490368 1023
1490880 1023
1491396 707
1491908 319
1492424 48
1492936 112
1493452 287
1493964 568
1494484 864
1494992 1023
1495512 1023
1496020 1023
1496540 1023
1497052 967
1497568 624
1498080 224
1498596 56
1499108 135
1499624 352
1500136 639
1500652 944
1501164 1023
1501680 1023
1502192 1023
1502712 1023
1503220 896
1503740 508
1504248 124
1504768 63
1505280 192
1505796 448
1506308 736
1506824 1016
1507336 1023
1507852 1023
1508364 1023
1508880 1023
1509392 775
1509908 391
1510420 60
1510940 96
1511448 248
1511968 510
1512476 807
1512996 1023
1513508 1023
1514024 1023
1514536 1023
1515052 1023
1515564 704
1516080 291
1516592 48
1517108 120
1517620 304
1518136 583
1518648 896
1519168 1023
1519676 1023
1520196 1023
1520704 1023
1521224 960
1521736 575
1522252 192
1522764 60
1523280 156
1523792 384
1524308 671
1524820 960
1525336 1023
1525848 1023
1526364 1023
1526876 1023
1527396 839
1527904 480
1528424 96
1528932 70
1529452 199
1529964 449
1530480 768
1530992 1023
1531508 1023
1532020 1023
1532536 1023
1533048 1023
1533564 768
1534076 384
1534592 56
1535104 96
1535624 255
1536132 527
1536652 831
1537160 1023
1537680 1023
1538192 1023
1538708 1023
1539220 1008
1539736 649
1540248 255
1540764 48
1541276 127
1541792 319
1542304 608
1542820 910
1543332 1023
1543852 1023
1544360 1023
1544876 1023
1545388 908
1545904 543
1546420 156
1546932 62
1547448 192
1547960 399
1548480 704
1548988 992
1549508 1023
1550016 1023
1550536 1023
1551048 1023
1551564 824
1552076 448
1552592 71
1553104 76
1553620 224
1554132 480
1554648 775
1555160 1023
1555676 1023
1556188 1023
1556708 1023
1557216 1023
1557736 736
1558244 352
1558764 48
1559276 112
1559792 280
1560304 551
1560820 864
1561332 1023
1561848 1023
1562360 1023
1562876 1023
1563388 972
1563904 624
1564416 240
1564936 56
1565444 135
1565964 352
1566472 638
1566992 931
1567504 1023
1568020 1023
1568532 1023
1569048 1023
1569560 896
1570076 511
1570588 127
1571104 63
1571616 192
1572132 415
1572644 736
1573164 1008
1573672 1023
1574192 1023
1574700 1023
1575220 1023
1575732 798
1576248 414
1576760 62
1577276 96
1577788 240
1578304 504
1578816 799
1579332 1023
1579844 1023
1580360 543
1580876 847
1581388 1023
1581908 1023
1582416 1023
1582936 1023
1583448 992
1583964 636
1584476 252
1584992 56
1585504 127
1586020 335
1586532 632
1587048 924
1587560 1023
1588076 1023
1588588 1023
1589104 1023
1589616 903
1590136 536
1590644 152
1591164 62
1591676 192
1592192 408
1592704 704
1593220 992
1593732 1023
1594248 1023
1594760 1023
1595276 1023
1595788 803
1596304 415
1596816 63
1597332 96
1597844 240
1598364 496
1598872 783
1599392 1023
1599904 1023
1600420 1023
1600932 1023
1601448 1023
1601960 704
1602476 318
1602988 48
1603504 112
1604016 287
1604532 572
1605044 865
1605560 1023
1606072 1023
1606592 1023
1607100 1023
1607620 960
1608132 608
1608648 224
1609160 56
1609676 142
1610188 352
1610704 639
1611216 944
1611732 1023
1612244 1023
1612760 1023
1613272 1023
1613788 896
1614300 508
1614820 120
1615328 63
1615848 192
1616360 448
1616876 768
1617388 1016
1617904 1023
1618416 1023
1618932 1023
1619444 1023
1619960 768
1620472 387
1620988 56
1621500 96
1622020 252
1622528 511
1623048 816
1623560 1023
1624076 1023
1624588 1023
1625104 1023
1625616 1022
1626132 671
1626644 287
1627160 48
1627672 120
1628188 312
1628700 590
1629216 896
1629728 1023
1630248 1023
1630756 1023
1631276 1023
1631788 944
1632304 575
1632816 192
1633332 60
1633844 158
1634360 384
1634872 671
1635388 963
1635900 1023
1636416 1023
1636928 1023
1637444 1023
1637956 838
1638476 455
1638984 96
1639504 71
1640016 224
1640532 460
1641044 768
1641560 1023
1642072 1023
1642588 1023
1643100 1023
1643616 1023
1644128 768
1644644 384
1645156 48
1645672 96
1646184 255
1646700 540
1647216 839
1647728 1023
1648244 1023
1648756 1023
1649276 1023
1649784 995
1650304 639
1650812 255
1651332 56
1651844 127
1652360 327
1652872 624
1653388 911
1653900 1023
1654416 1023
1654928 1023
1655444 1023
1655956 903
1656472 536
1656984 152
1657504 62
1658012 192
1658532 408
1659040 704
1659560 992
1660072 1023
1660588 1023
1661100 1023
1661616 1023
1662128 816
1662644 448
1663156 67
1663672 79
1664184 224
1664704 480
1665212 783
1665732 1023
1666240 1023
1666760 1023
1667272 1023
1667788 1023
1668300 736
1668816 327
1669328 48
1669844 112
1670356 284
1670872 560
1671384 864
1671900 1023
1672412 1023
1672932 1023
1673440 1023
1673960 967
1674468 624
1674988 224
1675500 56
1676016 142
1676528 352
1677044 639
1677556 935
1678072 1023
1678584 1023
1679100 1023
1679612 1023
1680128 896
1680640 508
1681160 124
1681668 63
1682188 192
1682696 448
1683216 768
1683728 1016
1684244 1023
1684756 1023
1685272 1023
1685784 1023
1686300 783
1686812 399
1687328 60
1687840 96
1688356 248
1688868 508
1689388 807
1689896 1023
1690416 1023
1690924 1023
1691444 1023
1691956 1023
1692472 704
1692984 295
1693500 48
1694012 120
1694528 312
1695040 583
1695556 896
1696068 1023
1696584 1023
1697096 1023
1697616 1023
1698124 931
1698644 574
1699152 192
1699672 60
1700184 158
1700700 384
1701212 671
1701728 963
1702240 1023
1702756 1023
1703268 1023
1703784 1023
1704296 846
1704812 480
1705324 96
1705844 70
1706352 199
1706872 451
1707380 768
1707900 1023
1708412 1023
1708928 1023
1709440 1023
1709956 1023
1710468 768
1710984 384
1711496 56
1712016 48
1712528 126
1713044 319
1713556 608
1714072 903
1714584 1023
1715100 1023
1715612 1023
1716128 1023
1716640 911
1717156 543
1717668 159
1718184 62
1718696 166
1719216 398
1719724 704
1720244 992
1720756 1023
1721272 1023
1721784 1023
1722300 1023
1722812 828
1723328 448
1723840 71
1724356 71
1724872 224
1725384 480
1725900 775
1726412 1023
1726928 1023
1727440 1023
1727960 1023
1728468 1023
1728988 736
1729500 352
1730016 48
1730528 112
1731044 280
1731556 550
1732072 864
1732584 1023
1733100 1023
1733612 1023
1734128 1023
1734640 967
1735160 624
1735668 240
1736188 56
1736700 135
1737216 352
1737728 639
1738244 931
1738756 1023
1739272 1023
1739784 1023
1740300 1023
1740812 896
1741328 511
1741840 127
1742356 63
1742868 192
1743388 419
1743896 736
1744416 1016
1744928 1023
1745444 1023
1745956 1023
1746472 1023
1746984 798
1747500 412
1748012 62
1748528 96
1749040 240
1749556 504
1750068 799
1750584 1023
1751096 1023
1751616 1023
1752124 1023
1752644 1023
1753156 704
1753672 304
1754184 48
1754700 120
1755212 304
1755728 575
1756240 896
1756756 1023
1757268 1023
1757784 1023
1758296 1023
1758812 960
1759324 583
1759844 193
1760352 56
1760872 152
1761384 384
1761900 668
1762412 960
1762928 1023
1763440 1023
1763956 1023
1764468 1023
1764984 864
1765496 496
1766012 112
1766524 63
1767040 195
1767552 448
1768072 768
1768580 1023
1769100 1023
1769612 1023
1770128 1023
1770640 1023
1771156 768
1771668 384
1772184 56
1772696 96
1773212 255
1773724 519
1774240 830
1774752 1023
1775268 1023
1775780 1023
1776300 1023
1776808 1008
1777328 654
1777840 263
1778356 48
1778868 126
1779384 319
1779896 608
1780412 903
1780924 1023
1781440 1023
1781952 1023
1782468 1023
1782980 924
1783496 560
1784008 176
1784528 60
1785036 159
1785556 391
1786068 704
1786584 992
1787096 1023
1787612 1023
1788124 1023
1788640 1023
1789152 831
1789668 448
1790180 79
1790696 71
1791208 224
1791724 480
1792236 768
1792756 1023
1793264 1023
1793784 1023
1794296 1023
1794812 1023
1795324 736
1795840 335
1796352 48
1796868 112
1797380 271
1797896 551
1798408 864
1798924 1023
1799436 1023
1799952 1023
1800464 1023
1800984 975
1801492 632
1802012 240
1802524 56
1803040 135
1803552 352
1804068 636
1804580 927
1805096 1023
1805608 1023
1806124 1023
1806636 1023
1807152 896
1807664 526
1808180 135
1808692 63
1809212 192
1809720 414
1810240 711
1810752 1008
1811268 1023
1811780 1023
1812296 1023
1812808 1023
1813324 798
1813836 415
1814352 62
1814864 96
1815380 240
1815892 496
1816408 798
1816920 1023
1817440 1023
1817948 1023
1818468 1023
1818980 1023
1819496 704
1820008 312
1820524 48
1821036 112
1821552 295
1822064 575
1822580 896
1823092 1023
1823608 1023
1824120 1023
1824636 1023
1825148 960
1825668 608
1826176 224
1826696 56
1827208 143
1827724 384
1828236 652
1828752 960
1829264 1023
1829780 1023
1830292 1023
1830808 1023
1831320 880
1831836 496
1832348 112
1832864 63
1833376 192
1833896 448
1834404 768
1834924 1022
1835436 1023
1835952 1023
1836464 1023
1836980 1023
1837492 768
1838008 384
1838520 56
1839036 96
1839548 254
1840064 519
1840576 828
1841092 1023
1841608 1023
1842120 1023
1842636 1023
1843148 1016
1843656 199
1844176 451
1844684 768
1845204 1023
1845712 1023
1846232 1023
1846744 1023
1847260 1023
1847772 768
1848288 384
1848800 56
1849316 96
1849828 255
1850344 527
1850856 831
1851372 1023
1851884 1023
1852404 1023
1852912 1023
1853432 1008
1853940 647
1854460 255
1854972 48
1855488 127
1856000 319
1856516 624
1857028 908
1857544 1023
1858056 1023
1858572 1023
1859084 1023
1859600 903
1860112 542
1860632 156
1861140 62
1861660 192
1862168 399
1862688 704
1863200 992
1863716 1023
1864228 1023
1864744 1023
1865256 1023
1865772 824
1866284 448
1866800 71
1867312 78
1867828 224
1868340 480
1868860 780
1869368 1023
1869888 1023
1870396 1023
1870916 1023
1871428 1023
1871944 736
1872456 332
1872972 48
1873484 112
1874000 284
1874512 560
1875028 864
1875540 1023
1876056 1023
1876568 1023
1877088 1023
1877596 967
1878116 608
1878628 224
1879144 56
1879656 135
1880172 352
1880684 639
1881200 944
1881712 1023
1882228 1023
1882740 1023
1883256 1023
1883768 896
1884288 508
1884796 127
1885316 63
1885824 192
1886344 448
1886856 736
1887372 1016
1887884 1023
1888400 1023
1888912 1023
1889428 1023
1889940 792
1890456 401
1890968 60
1891484 96
1891996 240
1892512 504
1893024 799
1893540 1023
1894052 1023
1894568 1023
1895084 1023
1895596 1023
1896112 704
1896624 291
1897144 48
1897652 120
1898172 312
1898680 583
1899200 896
1899712 1023
1900228 1023
1900740 1023
1901256 1023
1901768 944
1902284 575
1902796 192
1903312 60
1903824 156
1904340 384
1904852 668
1905372 960
1905880 1023
1906400 1023
1906908 1023
1907428 1023
1907940 864
1908456 480
1908968 112
1909484 67
1909996 195
1910512 448
1911024 768
1911540 1023
1912052 1023
1912568 1023
1913080 1023
1913600 1023
1914108 768
1914628 384
1915136 56
1915656 96
1916168 255
1916684 527
1917196 830
1917712 1023
1918224 1023
1918740 1023
1919252 1023
1919768 992
1920280 647
1920796 255
1921308 48
1921828 127
1922336 319
1922856 624
1923364 908
1923884 1023
1924396 1023
1924912 1023
1925424 1023
1925940 911
1926452 547
1926968 159
1927480 60
1927996 167
1928508 391
1929024 704
1929536 992
1930056 1023
1930564 1023
1931084 1023
1931592 1023
1932112 828
1932624 448
1933140 71
1933652 71
1934168 224
1934680 480
1935196 771
1935708 1023
1936224 1023
1936736 1023
1937252 1023
1937764 1023
1938284 716
1938792 327
1939312 48
1939820 112
1940340 284
1940852 560
1941368 864
1941880 1023
1942396 1023
1942908 1023
1943424 1023
1943936 967
1944452 624
1944964 240
1945480 56
1945992 135
1946512 352
1947020 638
1947540 931
1948048 1023
1948568 1023
1949080 1023
1949596 1023
1950108 896
1950624 515
1951136 127
1951652 63
1952164 192
1952680 415
1953192 716
1953708 1008
1954220 1023
1954740 1023
1955248 1023
1955768 1023
1956276 792
1956796 399
1957308 60
1957824 96
1958336 240
1958852 504
1959364 799
1959880 1023
1960392 1023
1960908 1023
1961420 1023
1961936 1023
1962448 704
1962968 304
1963476 48
1963996 120
1964504 304
1965024 575
1965536 896
1966052 1023
1966564 1023
1967080 1023
1967592 1023
1968108 960
1968620 591
1969136 199
1969648 56
1970164 152
1970676 384
1971196 659
1971704 960
1972224 1023
1972732 1023
1973252 1023
1973764 1023
1974280 864
1974792 481
1975312 192
1975828 415
1976340 716
1976860 1008
1977368 1023
1977888 1023
1978400 1023
1978916 1023
1979428 799
1979944 415
1980456 63
1980972 96
1981484 240
1982000 504
1982512 798
1983028 1023
1983540 1023
1984056 1023
1984568 1023
1985088 1023
1985596 704
1986116 312
1986628 48
1987144 120
1987656 295
1988172 575
1988684 896
1989200 1023
1989712 1023
1990228 1023
1990740 1023
1991256 960
1991768 583
1992284 193
1992796 56
1993316 152
1993824 384
1994344 664
1994856 960
1995372 1023
1995884 1023
1996400 1023
1996912 1023
1997428 864
1997940 496
1998456 112
1998968 63
1999484 195
1999996 448
2000512 768
2001024 1023
2001544 1023
2002052 1023
2002572 1023
2003084 1023
2003600 768
2004112 384
2004628 56
2005140 96
2005656 255
2006168 519
2006684 828
2007196 1023
2007712 1023
2008224 1023
2008740 1023
2009252 1008
2009772 655
2010280 255
2010800 48
2011312 126
2011828 319
2012340 608
2012856 903
2013368 1023
2013884 1023
2014396 1023
2014912 1023
2015424 920
2015940 547
2016452 167
2016968 60
2017480 163
2018000 391
2018508 704
2019028 992
2019540 1023
2020056 1023
2020568 1023
2021084 1023
2021596 831
2022112 448
2022624 96
2023140 71
2023652 224
2024168 480
2024680 768
2025196 1023
2025708 1023
2026228 1023
2026736 1023
2027256 1023
2027768 768
2028284 352
2028796 48
2029312 112
2029824 271
2030340 550
2030852 864
2031368 1023
2031880 1023
2032396 1023
2032908 1023
2033424 967
2033936 632
2034456 240
2034964 56
2035484 135
2035996 352
2036512 638
2037024 927
2037540 1023
2038052 1023
2038568 1023
2039080 1023
2039596 896
2040108 521
2040624 135
2041136 63
2041652 192
2042164 415
2042684 711
2043192 1008
2043712 1023
2044224 1023
2044740 1023
2045252 1023
2045768 798
2046280 415
2046796 62
2047308 96
2047824 240
2048340 504
2048852 798
2049368 1023
2049880 1023
2050396 1023
2050908 1023
2051428 1023
2051936 704
2052456 304
2052968 48
2053484 120
2053996 304
2054512 575
2055024 896
2055540 1023
2056052 1023
2056568 1023
2057080 1023
2057596 960
2058108 591
2058624 199
2059136 56
2059656 152
2060164 384
2060684 664
2061196 960
2061712 1023
2062224 1023
2062740 1023
2063252 1023
2063768 864
2064280 496
2064796 112
2065308 63
2065824 195
2066336 448
2066856 768
2067364 1023
2067884 1023
2068396 1023
2068912 1023
2069424 1023
2069940 768
2070452 384
2070968 48
2071480 96
2071996 255
2072508 526
2073024 831
2073536 1023
2074052 1023
2074564 1023
2075084 1023
2075592 1008
2076112 654
2076624 268
2077140 48
2077652 126
2078168 319
2078680 608
2079196 903
2079708 1023
2080224 1023
2080736 1023
2081252 1023
2081764 926
2082280 560
2082792 192
2083312 60
2083820 159
2084340 391
2084852 704
2085368 992
2085880 1023
2086396 1023
2086908 1023
2087424 1023
2087936 830
2088452 448
2088964 71
2089480 76
2089992 224
2090508 480
2091020 769
2091540 1023
2092048 1023
2092568 1023
2093080 1023
2093596 1023
2094108 736
2094624 352
2095136 48
2095652 112
2096164 271
2096680 547
2097192 864
2097708 1023
2098220 1023
2098736 1023
2099248 1023
2099768 992
2100276 636
2100796 248
2101308 56
2101824 127
2102336 352
2102852 636
2103364 927
2103880 1023
2104392 1023
2104908 1023
2105420 1023
2105936 896
2106448 519
2106968 252
2107480 512
2107996 824
2108508 1023
2109024 1023
2109536 1023
2110052 1023
2110564 1016
2111080 664
2111592 271
2112108 48
2112620 124
2113136 318
2113648 608
2114168 897
2114680 1023
2115196 1023
2115708 1023
2116224 1023
2116736 927
2117252 568
2117764 192
2118280 60
2118792 159
2119308 384
2119820 679
2120336 972
2120848 1023
2121368 1023
2121876 1023
2122396 1023
2122908 839
2123424 455
2123936 96
2124452 71
2124964 224
2125480 462
2125992 768
2126508 1023
2127020 1023
2127536 1023
2128048 1023
2128564 1023
2129076 768
2129596 352
2130104 48
2130624 112
2131136 271
2131652 543
2132164 847
2132680 1023
2133192 1023
2133708 1023
2134220 1023
2134736 992
2135248 636
2135764 248
2136276 56
2136792 127
2137304 335
2137824 632
2138332 924
2138852 1023
2139364 1023
2139880 1023
2140392 1023
2140908 897
2141420 536
2141936 143
2142448 62
2142964 192
2143476 408
2143992 705
2144504 992
2145020 1023
2145532 1023
2146052 1023
2146560 1023
2147080 799
2147592 415
2148108 63
2148620 96
2149136 240
2149648 496
2150164 792
2150676 1023
2151192 1023
2151704 1023
2152220 1023
2152732 1023
2153248 704
2153760 316
2154280 48
2154788 112
2155308 287
2155820 572
2156336 896
2156848 1023
2157364 1023
2157876 1023
2158392 1023
2158904 960
2159420 608
2159932 224
2160448 56
2160960 143
2161476 384
2161988 639
2162508 960
2163016 1023
2163536 1023
2164048 1023
2164564 1023
2165076 896
2165592 496
2166104 120
2166620 63
2167132 192
2167648 448
2168160 768
2168676 1020
2169188 1023
2169704 1023
2170216 1023
2170736 1023
2171244 768
2171764 384
2172276 56
2172792 96
2173304 252
2173820 513
2174332 824
2174848 1023
2175360 1023
2175876 1023
2176388 1023
2176904 1016
2177416 671
2177932 286
2178444 48
2178964 124
2179472 316
2179992 608
2180504 896
2181020 1023
2181536 1023
2182048 1023
2182564 1023
2183076 931
2183592 572
2184104 192
2184624 60
2185132 159
2185652 384
2186160 675
2186680 967
2187192 1023
2187708 1023
2188220 1023
2188736 1023
2189248 831
2189764 449
2190276 96
2190792 71
2191304 224
2191820 480
2192332 768
2192852 1023
2193360 1023
2193880 1023
2194388 1023
2194908 1023
2195420 768
2195936 352
2196448 48
2196964 97
2197476 268
2197992 543
2198504 844
2199020 1023
2199532 1023
2200052 1023
2200560 1023
2201080 992
2201588 639
2202108 252
2202620 56
2203136 127
2203648 332
2204164 632
2204676 920
2205192 1023
2205704 1023
2206220 1023
2206732 1023
2207248 896
2207760 527
2208280 135
2208788 63
2209308 192
2209816 412
2210336 707
2210848 992
2211364 1023
2211876 1023
2212392 1023
2212904 1023
2213420 799
2213932 419
2214448 63
2214960 96
2215476 240
2215988 496
2216508 792
2217016 1023
2217536 1023
2218044 1023
2218564 1023
2219076 1023
2219592 705
2220104 319
2220620 48
2221132 112
2221648 287
2222160 568
2222676 865
2223188 1023
2223704 1023
2224216 1023
2224736 1023
2225244 961
2225764 608
2226272 224
2226792 56
2227304 143
2227820 384
2228332 639
2228848 960
2229360 1023
2229876 1023
2230388 1023
2230904 1023
2231416 864
2231932 496
2232444 120
2232964 63
2233472 192
2233992 448
2234500 768
2235020 1022
2235532 1023
2236048 1023
2236560 1023
2237076 1023
2237588 775
2238104 387
2238616 1023
2239128 1023
2239644 803
2240156 432
2240672 63
2241184 79
2241700 240
2242212 496
2242728 787
2243240 1023
2243756 1023
2244268 1023
2244788 1023
2245296 1023
2245816 705
2246328 319
2246844 48
2247356 112
2247872 287
2248384 568
2248900 865
2249412 1023
2249928 1023
2250440 1023
2250956 1023
2251468 967
2251984 608
2252496 224
2253016 56
2253524 142
2254044 353
2254556 639
2255072 960
2255584 1023
2256100 1023
2256612 1023
2257128 1023
2257640 896
2258156 504
2258668 120
2259184 63
2259696 192
2260212 448
2260724 768
2261244 1016
2261752 1023
2262272 1023
2262784 1023
2263300 1023
2263812 775
2264328 390
2264840 60
2265356 96
2265868 248
2266384 511
2266896 816
2267412 1023
2267924 1023
2268440 1023
2268952 1023
2269472 1022
2269980 688
2270500 287
2271012 48
2271528 120
2272040 312
2272556 588
2273068 896
2273584 1023
2274096 1023
2274612 1023
2275124 1023
2275640 944
2276152 575
2276668 192
2277180 60
2277700 158
2278208 384
2278728 671
2279240 960
2279756 1023
2280268 1023
2280784 1023
2281296 1023
2281812 835
2282324 480
2282840 96
2283352 71
2283868 224
2284380 455
2284896 768
2285408 1023
2285928 1023
2286436 1023
2286956 1023
2287468 1023
2287984 768
2288496 384
2289012 48
2289524 96
2290040 255
2290552 531
2291068 831
2291580 1023
2292096 1023
2292608 1023
2293128 1023
2293636 1008
2294156 639
2294664 255
2295184 48
2295696 127
2296212 327
2296724 624
2297240 911
2297752 1023
2298268 1023
2298780 1023
2299296 1023
2299808 903
2300324 531
2300836 152
2301352 62
2301864 192
2302384 408
2302892 704
2303412 992
2303924 1023
2304440 1023
2304952 1023
2305468 1023
2305980 816
2306496 448
2307008 67
2307524 79
2308036 224
2308552 480
2309064 783
2309580 1023
2310096 1023
2310608 1023
2311124 1023
2311636 1023
2312156 711
2312664 327
2313184 48
2313692 112
2314212 287
2314724 568
2315240 864
2315752 1023
2316268 1023
2316780 1023
2317296 1023
2317808 961
2318324 608
2318836 224
2319352 56
2319864 142
2320384 384
2320892 639
2321412 960
2321920 1023
2322440 1023
2322952 1023
2323468 1023
2323980 896
2324496 504
2325008 124
2325524 63
2326036 192
2326552 448
2327064 768
2327580 1020
2328092 1023
2328612 1023
2329120 1023
2329640 1023
2330148 783
2330668 399
2331180 60
2331696 96
2332208 248
2332724 508
2333236 803
2333752 1023
2334264 1023
2334780 1023
2335292 1023
2335808 1022
2336320 704
2336840 287
2337348 48
2337868 120
2338376 312
2338896 588
2339408 896
2339924 1023
2340436 1023
2340952 1023
2341464 1023
2341980 927
2342492 574
2343008 192
2343520 60
2344036 158
2344548 384
2345068 671
2345576 963
2346096 1023
2346604 1023
2347124 1023
2347636 1023
2348152 846
2348664 480
2349180 96
2349692 67
2350208 199
2350720 451
2351236 768
2351748 1023
2352264 1023
2352776 1023
2353296 1023
2353804 1023
2354324 768
2354832 384
2355352 48
2355864 96
2356380 255
2356892 531
2357408 831
2357920 1023
2358436 1023
2358948 1023
2359464 1023
2359976 992
2360492 639
2361004 254
2361524 56
2362032 127
2362552 334
2363060 624
2363580 920
2364092 1023
2364608 1023
2365120 1023
2365636 1023
2366148 903
2366664 536
2367176 156
2367692 62
2368204 176
2368720 399
2369232 704
2369748 992
2370268 583
2370784 896
2371296 1023
2371812 1023
2372324 1023
2372844 1023
2373352 960
2373872 579
2374384 193
2374900 60
2375412 152
2375928 384
2376440 668
2376956 960
2377468 1023
2377984 1023
2378496 1023
2379012 1023
2379524 864
2380040 480
2380552 96
2381072 67
2381580 199
2382100 449
2382612 768
2383128 1023
2383640 1023
2384156 1023
2384668 1023
2385184 1023
2385696 768
2386212 384
2386724 48
2387240 96
2387752 255
2388268 527
2388780 831
2389300 1023
2389808 1023
2390328 1023
2390840 1023
2391356 1008
2391868 654
2392384 255
2392896 48
2393412 127
2393924 319
2394440 609
2394952 908
2395468 1023
2395980 1023
2396496 1023
2397008 1023
2397528 911
2398036 543
2398556 159
2399068 62
2399584 176
2400096 398
2400612 704
2401124 992
2401640 1023
2402152 1023
2402668 1023
2403180 1023
2403696 816
2404208 448
2404724 63
2405236 79
2405756 224
2406264 480
2406784 783
2407296 1023
2407812 1023
2408324 1023
2408840 1023
2409352 1023
2409868 711
2410380 327
2410896 48
2411408 112
2411924 286
2412436 560
2412952 864
2413464 1023
2413984 1023
2414492 1023
2415012 1023
2415524 975
2416040 624
2416552 240
2417068 56
2417580 135
2418096 352
2418608 639
2419124 935
2419636 1023
2420152 1023
2420664 1023
2421180 1023
2421692 896
2422212 508
2422720 124
2423240 63
2423752 192
2424268 448
2424780 736
2425296 1016
2425808 1023
2426324 1023
2426836 1023
2427352 1023
2427864 783
2428380 399
2428892 60
2429412 96
2429920 240
2430440 508
2430948 799
2431468 1023
2431980 1023
2432496 1023
2433008 1023
2433524 1023
2434040 704
2434552 304
2435068 48
2435580 120
2436100 312
2436608 582
2437128 896
2437636 1023
2438156 1023
2438668 1023
2439184 1023
2439696 960
2440212 575
2440724 192
2441240 60
2441752 156
2442268 384
2442780 671
2443296 960
2443808 1023
2444328 1023
2444836 1023
2445356 1023
2445864 846
2446384 480
2446896 96
2447412 71
2447924 199
2448440 449
2448952 768
2449468 1023
2449980 1023
2450496 1023
2451008 1023
2451524 1023
2452036 768
2452556 384
2453064 56
2453584 96
2454092 255
2454612 527
2455124 831
2455640 1023
2456152 1023
2456668 1023
2457180 1023
2457696 1008
2458208 652
2458724 255
2459236 48
2459752 127
2460264 319
2460784 624
2461292 908
2461812 1023
2462320 1023
2462840 1023
2463352 1023
2463868 903
2464380 540
2464896 152
2465408 62
2465924 192
2466436 399
2466952 704
2467464 992
2467980 1023
2468492 1023
2469012 1023
2469520 1023
2470040 824
2470548 448
2471068 71
2471580 78
2472096 224
2472608 480
2473124 780
2473636 1023
2474152 1023
2474664 1023
2475180 1023
2475692 1023
2476212 736
2476720 327
2477240 48
2477748 112
2478268 284
2478780 560
2479296 864
2479808 1023
2480324 1023
2480836 1023
2481352 1023
2481864 966
2482380 608
2482892 224
2483408 56
2483920 140
2484440 352
2484948 639
2485468 944
2485976 1023
2486496 1023
2487008 1023
2487524 1023
2488036 896
2488552 508
2489064 127
2489580 63
2490092 192
2490608 448
2491120 736
2491636 1016
2492148 1023
2492668 1023
2493176 1023
2493696 1023
2494204 792
2494724 401
2495236 60
2495752 96
2496264 248
2496780 508
2497292 799
2497808 1023
2498320 1023
2498836 1023
2499348 1023
2499864 1023
2500376 704
2500896 287
2501404 48
2501920 504
2502440 799
2502948 1023
2503468 1023
2503980 1023
2504496 1023
2505008 1023
2505524 704
2506036 312
2506552 48
2507064 120
2507580 304
2508092 575
2508608 896
2509120 1023
2509640 1023
2510148 1023
2510668 1023
2511176 960
2511696 575
2512208 192
2512724 60
2513236 152
2513752 384
2514264 668
2514780 960
2515292 1023
2515808 1023
2516320 1023
2516840 1023
2517348 864
2517868 480
2518376 112
2518896 67
2519408 198
2519924 448
2520436 768
2520952 1023
2521464 1023
2521980 1023
2522492 1023
2523008 1023
2523520 768
2524036 384
2524548 56
2525068 96
2525576 255
2526096 524
2526604 828
2527124 1023
2527636 1023
2528152 1023
2528664 1023
2529180 1008
2529692 655
2530208 255
2530720 48
2531236 126
2531748 319
2532264 608
2532776 903
2533296 1023
2533804 1023
2534320 1023
2534832 1023
2535348 911
2535864 543
2536376 163
2536892 60
2537404 159
2537924 391
2538432 704
2538952 992
2539460 1023
2539980 1023
2540492 1023
2541008 1023
2541520 831
2542036 448
2542548 96
2543064 71
2543576 224
2544092 480
2544604 768
2545120 1023
2545632 1023
2546152 1023
2546660 1023
2547180 1023
2547688 768
2548208 352
2548720 48
2549236 112
2549748 271
2550264 551
2550776 864
2551292 1023
2551804 1023
2552320 1023
2552832 1023
2553348 967
2553860 624
2554380 240
2554888 56
2555408 135
2555916 352
2556436 638
2556948 927
2557464 1023
2557976 1023
2558492 1023
2559004 1023
2559520 896
2560032 519
2560548 135
2561060 63
2561576 192
2562088 415
2562608 715
2563116 1008
2563636 1023
2564144 1023
2564664 1023
2565176 1023
2565692 798
2566204 415
2566720 62
2567232 96
2567748 240
2568260 496
2568776 799
2569288 1023
2569804 1023
2570316 1023
2570836 1023
2571344 1023
2571864 704
2572372 304
2572892 48
2573404 120
2573920 304
2574432 575
2574948 896
2575460 1023
2575976 1023
2576488 1023
2577004 1023
2577516 960
2578032 583
2578544 199
2579064 56
2579572 152
2580092 384
2580600 664
2581120 960
2581632 1023
2582148 1023
2582660 1023
2583176 1023
2583688 864
2584204 496
2584716 112
2585232 63
2585744 193
2586260 448
2586772 768
2587292 1023
2587800 1023
2588320 1023
2588828 1023
2589348 1023
2589860 768
2590376 384
2590888 56
2591404 96
2591916 255
2592432 524
2592944 828
2593460 1023
2593972 1023
2594488 1023
2595000 1023
2595520 1008
2596028 655
2596548 270
2597056 48
2597576 126
2598088 319
2598604 608
2599116 899
2599632 1023
2600144 1023
2600660 1023
2601172 1023
2601688 926
2602200 568
2602716 192
2603228 60
2603748 159
2604256 385
2604776 704
2605284 974
2605804 1023
2606316 1023
2606832 1023
2607344 1023
2607860 831
2608372 449
2608888 78
2609400 71
2609916 224
2610428 480
2610944 768
2611456 1023
2611976 1023
2612484 1023
2613004 1023
2613512 1023
2614032 736
2614544 352
2615060 48
2615572 112
2616088 271
2616600 543
2617116 864
2617628 1023
2618144 1023
2618656 1023
2619172 1023
2619684 992
2620204 632
2620712 248
2621232 56
2621740 127
2622260 352
2622772 632
2623288 927
2623800 1023
2624316 1023
2624828 1023
2625344 1023
2625856 896
2626372 519
2626884 135
2627400 63
2627912 192
2628432 415
2628940 710
2629460 1008
2629968 1023
2630488 1023
2631000 1023
2631516 1023
2632028 796
2632544 408
2633056 62
