520 608
1032 152
1548 62
2060 7
2576 24
3088 63
3604 127
4116 195
4632 255
5144 316
5660 352
6172 359
6688 344
7196 295
7716 227
8224 143
8744 56
9252 7
9768 24
10280 63
10796 127
11308 199
11824 255
12336 319
12852 352
13364 359
13880 337
14392 291
14908 224
15420 135
15936 48
16448 7
16964 28
17472 71
17992 135
18500 207
19020 271
19528 319
20048 352
20556 355
21072 335
21580 287
22096 216
22608 127
23124 39
23632 7
24152 31
24668 79
25180 143
25696 216
26204 280
26724 319
27232 352
27752 355
28260 334
28776 284
29288 207
29804 124
30316 35
30832 7
31344 31
31860 79
32372 147
32888 220
33400 280
33916 327
34428 353
34944 355
35456 327
35972 280
36480 199
37000 113
37508 28
38028 12
38536 35
39056 88
39564 156
40080 224
40592 286
41108 327
41620 353
42136 352
42648 319
43164 271
43676 193
44192 103
44704 24
45220 14
45732 39
46248 94
46760 159
47276 231
47788 287
48304 335
48812 355
49332 353
49840 319
50360 255
50868 192
51384 99
51896 15
52412 15
52924 39
53440 96
53952 163
54468 231
54980 291
55496 335
56008 355
56524 352
57036 319
57552 255
58064 184
58580 92
59088 7
59608 15
60116 48
60636 103
61144 167
61660 240
62172 295
62688 337
63200 355
63716 352
64228 316
64744 254
65256 176
65772 88
66284 7
66800 15
67312 49
67828 108
68340 176
68856 248
69364 304
69884 344
70392 359
70912 352
71420 312
71940 249
72448 167
72964 79
73476 7
73992 17
74504 56
75020 112
75532 184
76048 252
76560 304
77076 344
77588 355
78104 348
78616 305
79132 240
79644 159
80160 67
80672 7
81188 24
81696 60
82216 120
82724 192
83244 255
83752 312
84268 348
84780 359
85296 344
85808 304
86324 231
86836 152
87352 63
87864 7
88380 24
88892 63
89408 126
89920 195
90436 255
90948 316
91464 352
91972 359
92492 344
93000 295
93520 231
94028 143
94544 56
95056 7
95572 24
96084 63
96600 127
97112 199
97628 255
98140 319
98656 352
99168 355
99684 335
100196 287
100712 224
101224 135
101740 48
102248 7
102768 30
103276 71
103796 135
104304 207
104824 271
105332 319
105848 352
106360 355
106876 335
107388 287
107904 216
108416 127
108932 39
109444 7
109960 31
110472 78
110988 143
111500 216
112016 280
112528 319
113044 352
113556 355
114072 334
114580 284
115100 207
115608 120
116128 31
116636 7
117152 31
117664 81
118180 152
118692 220
119208 284
119720 327
120236 353
120748 353
121264 327
121776 271
122292 199
122804 112
123320 24
123832 12
124348 39
124856 88
125376 158
125884 225
126404 287
126912 332
127428 355
127940 353
128456 319
128968 271
129484 192
129996 103
130512 19
131024 14
131540 39
132056 103
132568 17
133084 14
133596 39
134112 96
134624 159
135140 231
135652 291
136168 335
136680 355
137196 352
137704 319
138224 255
138732 184
139252 96
139760 12
140276 15
140788 48
141304 103
141816 167
142332 240
142844 295
143360 335
143872 355
144388 352
144900 316
145416 255
145928 176
146444 88
146956 7
147472 15
147980 49
148500 110
149008 177
149528 248
150036 304
150552 344
151064 359
151580 352
152092 312
152608 248
153120 167
153636 79
154148 7
154664 17
155176 56
155692 112
156204 184
156720 252
157232 305
157748 344
158256 359
158776 348
159284 305
159804 240
160312 159
160832 63
161340 7
161856 24
162368 60
162884 121
163396 192
163912 255
164424 312
164940 348
165452 359
165968 344
166480 304
166996 231
167508 152
168024 62
168536 7
169052 24
169564 63
170080 127
170588 195
171108 255
171616 316
172136 352
172644 359
173160 344
173672 295
174188 227
174700 143
175216 56
175728 7
176244 28
176756 67
177272 127
177784 199
178300 255
178812 319
179328 352
179840 355
180356 335
180864 287
181384 220
181892 127
182412 39
182920 7
183436 31
183948 71
184464 142
184976 209
185492 273
186004 319
186520 352
187032 355
187548 335
188060 286
188576 209
189088 126
189604 35
190116 7
190632 31
191140 79
191660 145
192168 216
192688 280
193196 327
193716 353
194224 355
194740 332
195252 280
195768 204
196280 120
196796 28
197308 12
197824 35
198336 88
198852 156
199364 224
199880 286
200392 327
200908 353
201420 353
201936 319
202448 271
202964 193
203472 103
203992 19
204500 14
205020 39
205528 96
206044 159
206556 231
207072 287
207584 335
208100 355
208612 353
209128 319
209640 255
210156 192
210668 99
211184 15
211696 15
212212 44
212724 97
213240 167
213748 238
214268 295
214776 335
215296 359
215804 352
216320 319
216832 255
217348 177
217860 92
218376 7
218888 15
219404 48
219916 103
220432 176
220944 241
221460 302
221972 344
222488 355
223000 352
223516 312
224024 252
224544 167
225052 79
225572 7
226080 17
226600 56
227108 112
227624 184
228136 249
228652 305
229160 344
229676 359
230184 352
230700 312
231208 248
231724 163
232236 71
232752 7
233260 19
233780 56
234296 115
234808 188
235324 254
235832 312
236352 345
236860 359
237380 348
237888 304
238404 240
238916 156
239432 63
239944 7
240460 24
240972 62
241488 124
242000 192
242516 255
243028 312
243544 348
244056 355
244572 344
245084 295
245600 231
246108 145
246628 56
247136 7
247656 24
248164 63
248684 127
249192 199
249708 255
250220 318
250736 352
251248 359
251764 344
252276 295
252792 225
253304 142
253820 49
254332 7
254848 28
255360 71
255876 135
256388 206
256904 271
257416 319
257932 352
258440 355
258960 335
259468 287
259988 216
260496 127
261012 39
261524 7
262040 31
262552 78
263068 143
263580 359
264096 344
264608 295
265124 224
265632 142
266152 49
266660 7
267180 28
267688 71
268204 135
268716 206
269232 271
269744 319
270260 352
270772 355
271288 335
271800 287
272316 216
272828 127
273344 39
273856 7
274372 31
274884 78
275400 143
275908 216
276428 280
276936 319
277456 353
277964 355
278484 335
278992 284
279508 207
280020 124
280536 33
281048 7
281564 31
282076 79
282592 147
283104 220
283620 281
284132 327
284648 355
285160 355
285676 327
286188 280
286704 199
287216 113
287732 24
288240 12
288760 35
289268 88
289788 156
290296 224
290812 287
291324 327
291840 355
292352 353
292868 319
293380 270
293896 192
294408 103
294924 17
295436 14
295952 39
296464 96
296980 159
297492 231
298008 287
298516 335
299036 355
299544 353
300064 319
300572 255
301088 188
301600 97
302116 15
302628 15
303144 44
303656 97
304172 167
304684 240
305200 295
305712 335
306228 359
306740 352
307256 318
307768 255
308284 176
308792 88
309312 7
309820 15
310340 48
310848 103
311368 176
311876 243
312392 304
312904 344
313420 359
313932 352
314448 312
314960 249
315476 167
315988 79
316504 7
317016 17
317532 56
318044 112
318560 184
319072 252
319588 305
320100 344
320616 359
321124 352
321644 312
322152 248
322672 159
323180 71
323696 7
324208 19
324724 60
325236 120
325752 192
326264 255
326780 312
327288 348
327804 359
328316 344
328832 304
329340 236
329860 152
330376 63
330888 7
331404 24
331912 63
332432 127
332940 195
333460 255
333968 316
334484 352
334996 359
335512 344
336024 295
336540 227
337052 143
337568 56
338080 7
338596 24
339108 63
339624 127
340136 199
340652 255
341164 319
341680 352
342188 359
342708 344
343216 291
343736 224
344244 135
344764 48
345272 7
345788 28
346300 71
346816 135
347328 207
347844 271
348356 319
348872 352
349384 355
349900 335
350412 286
350928 211
351440 126
351956 35
352468 7
352984 31
353496 79
354012 143
354520 216
355040 280
355548 327
356068 353
356576 355
357092 327
357604 280
358120 206
358632 120
359148 31
359660 7
360176 33
360688 88
361204 152
361716 224
362232 286
362744 327
363260 355
363772 355
364288 327
364796 271
365316 195
365824 110
366344 24
366852 14
367368 39
367880 92
368396 159
368908 227
369424 287
369936 335
370452 355
370964 352
371480 319
371992 255
372508 192
373020 97
373536 15
374048 15
374564 44
375072 97
375592 167
376100 238
376620 295
377128 335
377648 359
378156 352
378672 319
379184 255
379700 184
380212 94
380728 7
381240 15
381756 48
382268 103
382784 176
383296 241
383812 300
384324 344
384840 359
385352 352
385868 316
386380 254
386896 167
387404 79
387924 7
388432 15
388952 56
389460 112
389976 184
390488 248
391004 304
391516 344
392032 355
392544 348
393060 312
393572 243
394088 159
394600 71
395120 103
395636 176
396148 241
396664 304
397172 344
397692 359
398200 352
398720 316
399228 254
399748 167
400256 79
400772 7
401284 15
401800 51
402312 112
402828 184
403340 248
403856 304
404368 344
404884 355
405396 348
405912 307
406424 241
406940 159
407452 71
407968 7
408480 19
408996 60
409504 120
410024 192
410532 255
411052 312
411560 348
412076 359
412588 344
413104 304
413616 240
414132 156
414644 63
415160 7
415672 24
416188 63
416700 124
417216 193
417728 255
418244 316
418756 352
419272 359
419780 344
420300 295
420808 231
421328 143
421836 56
422352 7
422864 24
423380 63
423892 127
424408 199
424916 255
425436 319
425952 352
426460 355
426980 335
427488 287
428008 224
428516 135
429036 48
429544 7
430060 28
430572 71
431088 135
431600 207
432116 271
432628 319
433144 352
433656 359
434172 335
434684 287
435200 216
435712 127
436228 39
436740 7
437256 31
437768 78
438284 143
438792 216
439312 280
439820 319
440340 353
440848 355
441364 334
441876 280
442392 207
442904 120
443420 31
443932 7
444448 35
444960 83
445476 152
445988 224
446504 284
447016 327
447532 353
448044 353
448560 327
449068 271
449588 195
450096 112
450616 24
451124 12
451640 39
452152 92
452668 159
453180 227
453696 287
454208 334
454724 355
455236 355
455752 319
456264 271
456780 192
457292 103
457808 17
458320 14
458836 39
459344 96
459864 159
460372 231
460892 291
461400 335
461920 355
462428 352
462948 319
463456 255
463972 184
464484 96
465000 7
465512 15
466028 48
466540 103
467056 172
467568 240
468084 295
468596 337
469112 359
469624 352
470140 316
470652 255
471168 176
471676 88
472196 7
472704 15
473224 49
473732 103
474248 177
474760 248
475276 304
475788 344
476304 359
476816 352
477332 312
477844 252
478360 167
478872 79
479388 7
479900 17
480416 56
480928 113
481444 184
481952 252
482472 305
482980 344
483500 359
484008 348
484524 305
485036 240
485552 159
486064 63
486580 7
487092 24
487608 62
488120 120
488636 192
489148 255
489664 312
490176 348
490692 359
491204 344
491720 304
492228 231
492748 152
493256 62
493776 7
494284 24
494804 63
495312 127
495828 195
496340 255
496856 318
497368 352
497884 359
498396 344
498912 295
499424 227
499940 143
500452 56
500968 7
501480 28
501996 67
502508 127
503024 204
503536 255
504052 319
504560 352
505080 355
505588 335
506108 287
506616 220
507132 127
507644 39
508160 7
508672 30
509188 76
509700 142
510216 211
510728 275
511244 319
511756 352
512272 359
512784 335
513300 286
513812 211
514328 126
514836 35
515356 7
515864 31
516384 79
516892 143
517408 216
517920 280
518436 327
518948 353
519464 355
519976 327
520492 280
521004 204
521520 115
522032 30
522548 7
523060 35
523576 88
524088 153
524604 224
525112 286
525632 327
526140 353
526652 78
527160 143
527676 216
528188 280
528704 319
529216 352
529732 355
530244 334
530760 280
531268 207
531784 120
532292 31
532808 7
533320 31
533836 81
534344 152
534864 220
535380 284
535892 327
536408 355
536916 355
537436 327
537944 280
538464 199
538972 115
539488 28
540000 7
540516 35
541028 88
541544 156
542056 224
542572 287
543084 327
543600 355
544112 353
544628 319
545140 271
545656 192
546168 103
546684 17
547192 14
547712 39
548220 96
548740 159
549248 231
549768 287
550276 335
550792 355
551304 352
551820 319
552332 255
552848 184
553360 96
553876 15
554388 15
554904 46
555416 99
555932 167
556444 240
556960 295
557472 335
557988 359
558500 352
559016 319
559524 255
560044 177
560552 92
561072 7
561580 15
562096 48
562608 103
563124 176
563636 241
564152 304
564664 344
565180 359
565692 352
566208 312
566720 252
567236 167
567748 79
568264 7
568776 17
569292 56
569800 112
570320 184
570828 252
571348 305
571856 344
572372 359
572884 348
573400 307
573912 241
574428 159
574940 71
575456 7
575968 19
576484 60
576996 120
577512 192
578024 255
578540 312
579052 348
579568 359
580076 348
580596 304
581104 240
581624 156
582132 63
582652 7
583160 24
583676 63
584188 126
584704 195
585216 255
585732 316
586244 352
586760 359
587272 344
587788 295
588300 227
588816 143
589328 56
589844 7
590356 28
590872 67
591384 127
591900 204
592408 255
592928 319
593436 352
593956 359
594464 335
594980 287
595492 224
596008 135
596520 48
597036 7
597548 30
598064 71
598576 135
599092 207
599604 271
600120 319
600632 352
601148 359
601660 335
602176 287
602684 216
603204 127
603712 35
604232 7
604740 31
605256 79
605768 143
606284 216
606796 280
607312 327
607824 353
608340 355
608852 327
609368 280
609880 199
610396 113
610908 28
611424 12
611936 35
612452 88
612960 156
613480 224
613988 287
614508 327
615016 355
615536 355
616044 327
616560 271
617072 195
617588 108
618100 24
618616 14
619128 39
619644 92
620156 159
620672 227
621184 287
621700 335
622212 355
622728 353
623240 319
623756 255
624268 192
624784 97
625292 15
625812 15
626320 39
626840 97
627348 167
627864 236
628376 295
628892 335
629404 355
629920 352
630432 318
630948 255
631460 177
631976 88
632488 7
633004 15
633516 48
634032 103
634544 176
635060 243
635568 302
636088 344
636596 359
637116 352
637624 316
638140 254
638652 176
639168 83
639680 7
640196 15
640708 51
641224 112
641736 177
642252 248
642764 304
643280 344
643792 359
644308 352
644820 312
645336 248
645844 159
646364 71
646872 7
647392 19
647900 56
648420 120
648928 192
649448 255
649956 312
650472 344
650984 359
651500 344
652012 304
652528 240
653040 156
653556 63
654068 7
654584 24
655096 62
655612 124
656124 192
656640 255
657152 316
657668 352
658184 353
658700 319
659212 255
659728 192
660240 99
660756 15
661268 15
661784 39
662292 96
662812 167
663320 231
663840 295
664348 335
664864 355
665376 352
665892 319
666404 255
666920 184
667432 96
667948 12
668460 15
668976 48
669488 103
670004 174
670516 240
671032 300
671544 344
672060 359
672568 352
673088 316
673596 255
674116 176
674624 88
675140 7
675652 15
676168 51
676680 110
677196 177
677708 248
678224 304
678736 344
679252 359
679764 352
680280 312
680792 248
681308 159
681820 71
682336 7
682844 19
683364 56
683872 120
684392 192
684900 255
685420 312
685928 345
686444 359
686956 348
687472 304
687984 240
688500 156
689012 63
689528 7
690040 24
690556 62
691068 124
691584 192
692096 255
692612 312
693124 352
693640 359
694152 344
694668 302
695176 231
695696 147
696204 60
696724 7
697232 24
697748 63
698260 127
698776 199
699288 255
699804 318
700316 352
700832 355
701344 339
701860 287
702372 224
702888 135
703400 48
703916 7
704428 28
704944 71
705452 135
705972 207
706480 271
707000 319
707508 352
708024 359
708536 335
709052 287
709564 216
710080 127
710592 39
711108 7
711620 31
712136 78
712648 143
713164 216
713676 280
714192 319
714704 353
715220 355
715728 334
716248 284
716756 207
717276 120
717784 31
718304 7
718812 31
719328 83
719840 152
720356 224
720868 284
721384 327
721896 353
722412 353
722924 327
723440 271
723952 199
724468 112
724980 24
725496 12
726008 35
726524 89
727036 158
727552 227
728060 287
728580 334
729088 355
729608 355
730116 319
730632 271
731144 193
731660 103
732172 19
732688 14
733200 39
733716 96
734228 159
734744 231
735256 287
735772 335
736284 355
736800 352
737312 319
737828 255
738336 184
738856 96
739364 12
739884 15
740392 48
740908 99
741420 167
741936 240
742448 295
742964 335
743476 355
743992 352
744504 316
745020 255
745532 176
746048 88
746560 7
747076 15
747588 49
748104 103
748612 176
749132 248
749640 304
750160 344
750668 359
751188 352
751696 313
752212 252
752724 167
753240 79
753752 7
754268 17
754780 56
755296 112
755808 184
756324 252
756836 305
757352 344
757864 359
758380 348
758892 305
759408 240
759920 159
760436 67
760944 7
761464 24
761972 60
762492 120
763000 192
763516 255
764028 312
764544 348
765056 359
765572 344
766084 304
766600 231
767112 152
767628 62
768140 7
768656 24
769168 63
769684 127
770196 195
770712 255
771220 316
771740 352
772248 359
772768 344
773276 295
773792 227
774304 143
774820 56
775332 7
775848 28
776360 67
776876 127
777388 199
777904 255
778416 319
778932 352
779444 355
779960 335
780472 287
780988 220
781496 127
782016 39
782524 7
783044 31
783552 76
784072 142
784580 211
785096 275
785608 319
786124 352
786636 355
787152 335
787664 286
788180 211
788692 126
789208 35
789728 352
790244 359
790756 344
791272 304
791788 231
792300 152
792816 62
793324 7
793844 24
794352 63
794872 127
795380 195
795900 255
796408 316
796924 352
797436 359
797952 344
798464 295
798980 225
799492 142
800008 51
800520 7
801036 28
801548 71
802064 127
802576 204
803092 270
803604 319
804120 352
804632 355
805148 335
805656 287
806176 220
806684 127
807204 39
807712 7
808228 30
808740 71
809256 142
809768 209
810284 275
810796 319
811312 352
811824 359
812340 335
812852 287
813368 216
813880 127
814396 35
814908 7
815424 31
815932 79
816452 143
816960 216
817480 280
817988 327
818504 353
819016 355
819532 327
820044 280
820560 199
821072 115
821588 28
822100 12
822616 35
823128 88
823644 156
824156 224
824672 286
825184 327
825700 355
826208 353
826728 319
827236 271
827756 193
828264 103
828784 24
829292 14
829808 39
830320 92
830836 159
831348 231
831864 287
832376 335
832892 355
833404 353
833920 319
834432 255
834948 192
835460 99
835976 15
836488 15
837004 39
837516 96
838032 167
838540 231
839060 295
839568 335
840088 355
840596 352
841116 319
841624 255
842140 177
842652 89
843168 7
843680 15
844196 48
844708 103
845224 176
845736 241
846252 304
846764 344
847280 359
847792 352
848308 312
848816 252
849336 167
849844 79
850364 7
850872 15
851388 56
851900 112
852416 184
852928 248
853444 304
853956 344
854472 359
854984 352
855500 312
856012 248
856528 159
857040 71
857556 7
858068 19
858584 56
859092 120
859612 192
860120 255
860640 312
861148 348
861668 359
862176 344
862692 304
863204 236
863720 152
864232 63
864748 7
865260 24
865776 63
866288 126
866804 195
867316 255
867832 316
868344 352
868860 359
869372 344
869888 295
870400 231
870916 143
871424 56
871944 7
872452 24
872972 63
873480 127
873996 199
874508 255
875024 319
875536 352
876052 359
876564 339
877080 287
877592 224
878108 135
878620 48
879136 7
879648 28
880164 71
880676 135
881192 207
881700 271
882220 319
882728 352
883248 355
883756 335
884276 286
884784 216
885300 126
885812 35
886328 7
886840 31
887356 79
887868 143
888384 216
888896 280
889412 327
889924 353
890440 355
890952 334
891468 280
891976 207
892496 120
893004 31
893524 7
894032 31
894552 83
895060 152
895576 224
896088 284
896604 327
897116 355
897632 355
898144 327
898660 271
899172 195
899688 110
900200 24
900716 14
901228 39
901744 92
902256 159
902772 227
903284 287
903800 334
904308 355
904828 352
905336 319
905856 255
906364 192
906880 99
907392 15
907908 15
908420 39
908936 97
909448 167
909964 236
910476 295
910992 335
911504 359
912020 352
912532 319
913048 255
913560 184
914076 96
914584 7
915104 15
915612 48
916132 103
916640 167
917156 240
917668 295
918184 339
918696 359
919212 352
919724 316
920240 254
920752 174
921268 7
921788 17
922296 56
922816 112
923324 184
923840 252
924352 305
924868 344
925380 359
925896 352
926408 312
926924 243
927436 159
927952 71
928464 7
928980 19
929488 60
930004 120
930516 192
931032 255
931540 312
932060 348
932576 359
933088 344
933604 304
934112 231
934632 152
935140 62
935660 7
936168 24
936684 63
937196 127
937712 199
938224 255
938740 316
939252 352
939768 359
940280 344
940796 295
941308 227
941824 143
942336 56
942852 7
943364 24
943880 63
944388 127
944908 199
945416 255
945936 319
946444 352
946964 359
947472 337
947988 287
948500 224
949016 127
949528 46
950044 7
950556 30
951072 71
951584 140
952100 207
952612 271
953128 319
953640 352
954156 355
954668 334
955184 284
955696 207
956212 124
956720 35
957240 7
957748 31
958268 79
958776 145
959292 220
959804 280
960320 327
960832 353
961348 355
961860 327
962376 280
962888 206
963404 120
963916 30
964432 7
964944 35
965460 88
965972 152
966488 224
966996 286
967516 327
968024 355
968544 355
969052 327
969568 271
970080 195
970596 103
971108 19
971624 14
972136 39
972652 96
973164 159
973680 231
974192 287
974708 335
975220 355
975736 352
976248 319
976764 255
977272 192
977792 97
978300 15
978820 15
979328 44
979848 97
980356 167
980872 240
981384 295
981900 335
982412 359
982928 352
983440 319
983956 255
984468 184
984984 92
985496 7
986012 15
986524 48
987040 103
987552 176
988068 241
988580 300
989096 344
989604 359
990124 352
990632 316
991152 252
991660 167
992176 79
992688 7
993204 17
993716 56
994232 112
994744 184
995260 252
995772 304
996288 344
996800 359
997316 348
997828 312
998344 243
998856 159
999372 71
999880 7
1000400 19
1000908 56
1001428 120
1001936 192
1002452 255
1002964 312
1003480 348
1003992 359
1004508 348
1005020 304
1005536 240
1006048 156
1006564 63
1007076 7
1007592 24
1008104 63
1008620 126
1009132 193
1009648 255
1010156 316
1010676 352
1011184 359
1011704 344
1012212 295
1012732 227
1013240 143
1013756 56
1014268 7
1014784 25
1015296 63
1015812 127
1016324 199
1016840 255
1017352 319
1017868 352
1018380 359
1018896 335
1019408 287
1019924 224
1020436 135
1020952 48
1021464 7
1021980 28
1022488 71
1023008 135
1023516 207
1024036 271
1024544 319
1025060 352
1025572 359
1026088 335
1026600 287
1027116 216
1027628 127
1028144 39
1028656 7
1029172 31
1029684 79
1030200 143
1030712 216
1031228 280
1031740 319
1032256 352
1032764 355
1033284 327
1033792 280
1034312 204
1034820 120
1035336 30
1035848 7
1036364 35
1036876 88
1037392 152
1037904 224
1038420 286
1038932 327
1039448 355
1039960 355
1040476 327
1040988 271
1041504 199
1042016 112
1042532 24
1043040 12
1043560 39
1044068 92
1044588 159
1045096 227
1045616 287
1046124 334
1046640 355
1047152 353
1047668 319
1048180 255
1048696 192
1049208 99
1049724 15
1050236 15
1050752 39
1051264 96
1051780 167
1052292 231
