520 1023
1032 1023
1552 671
2060 280
2580 48
3088 124
3608 318
4120 608
4636 903
5148 1023
5664 1023
6176 1023
6692 1023
7204 1023
7720 768
8232 352
8748 48
9260 112
9780 271
10288 543
10808 864
11316 1023
11836 1023
12348 1023
12864 1023
13376 1023
13892 799
14404 414
14920 60
15432 96
15948 240
16460 496
16976 799
17488 1023
18004 1023
18516 1023
19032 1023
19544 1023
20060 896
20576 496
21088 112
21604 63
22116 192
22636 448
23144 768
23664 1023
24172 1023
24692 1023
25204 1023
25720 1023
26232 927
26748 560
27260 159
27776 60
28288 159
28804 391
29316 704
29832 992
30344 1023
30864 1023
31372 1023
31892 1023
32400 992
32920 624
33432 240
33948 56
34460 135
34976 352
35488 638
36004 944
36516 1023
37032 1023
37544 1023
38060 1023
38572 1023
39092 704
39600 304
40120 48
40628 120
41148 304
41660 575
42176 896
42688 1023
43204 1023
43716 1023
44232 1023
44744 1023
45260 768
45772 384
46288 48
46800 96
47320 255
47828 524
48348 831
48856 1023
49376 1023
49888 1023
50404 1023
50916 1023
51432 824
51944 448
52460 63
52972 78
53488 224
54000 480
54516 783
55028 1023
55548 1023
56056 1023
56576 1023
57084 1023
57604 896
58116 512
58632 124
59144 63
59660 192
60172 419
60688 736
61200 1020
61716 1023
62228 1023
62744 1023
63256 1023
63776 960
64284 583
64804 192
65312 60
65832 158
66344 384
66860 671
67372 967
67888 1023
68400 1023
68916 1023
69428 1023
69944 1008
70456 639
70972 252
71484 48
72004 127
72512 327
73032 624
73540 926
74060 1023
74572 1023
75088 1023
75600 1023
76116 1023
76628 716
77144 319
77656 48
78172 112
78684 286
79200 568
79712 896
80232 1023
80740 1023
81260 1023
81768 1023
82288 1023
82800 783
83316 391
83828 56
84344 96
84856 248
85372 511
85884 824
86400 1023
86912 1023
87428 1023
87940 1023
88460 1023
88968 846
89488 455
89996 79
90516 71
91028 224
91544 480
92056 768
92572 1023
93084 1023
93600 1023
94112 1023
94628 1023
95140 903
95656 527
96168 140
96688 63
97196 192
97716 412
98224 705
98744 1008
99256 1023
99772 1023
100284 1023
100800 1023
101312 975
101828 608
102340 224
102856 56
103368 143
103884 384
104396 647
104916 960
105424 1023
105944 1023
106452 1023
106972 1023
107484 1023
108000 670
108512 271
109028 48
109540 124
110056 318
110568 608
111084 903
111596 1023
112112 1023
112624 1023
113144 1023
113652 1023
114172 768
114680 352
115200 48
115712 97
116228 271
116740 543
117256 864
117768 1023
118284 1023
118796 1023
119312 1023
119824 1023
120340 807
120852 415
121372 62
121880 96
122400 240
122908 496
123428 799
123940 1023
124456 1023
124968 1023
125484 1023
125996 1023
126512 896
127024 496
127540 96
128052 63
128568 195
129080 448
129600 768
130108 1023
130628 1023
131136 1023
131656 1023
132180 127
132700 335
133212 632
133728 927
134244 1023
134756 1023
135272 1023
135784 1023
136304 1023
136812 707
137332 312
137844 48
138360 112
138872 287
139388 575
139900 896
140416 1023
140928 1023
141444 1023
141956 1023
142472 1023
142984 768
143500 384
144012 48
144532 96
145040 255
145560 527
146072 831
146588 1023
147100 1023
147616 1023
148128 1023
148644 1023
149156 831
149672 448
150184 70
150700 76
151212 224
151728 480
152240 775
152760 1023
153268 1023
153788 1023
154300 1023
154816 1023
155328 896
155844 512
156356 126
156872 63
157384 192
157900 423
158412 736
158928 1022
159440 1023
159956 1023
160468 1023
160988 1023
161496 960
162016 575
162528 192
163044 60
163556 158
164072 384
164584 671
165100 975
165612 1023
166128 1023
166640 1023
167156 1023
167668 1008
168184 639
168696 252
169216 56
169724 127
170244 332
170756 624
171272 927
171784 1023
172300 1023
172812 1023
173328 1023
173840 1023
174356 716
174868 319
175384 48
175896 112
176412 287
176924 568
177444 896
177952 1023
178472 1023
178984 1023
179500 1023
180012 1023
180528 775
181040 384
181556 56
182068 96
182584 254
183096 513
183612 828
184124 1023
184640 1023
185152 1023
185672 1023
186180 1023
186700 831
187212 449
187728 76
188240 71
188756 224
189268 480
189784 769
190296 1023
190812 1023
191324 1023
191840 1023
192352 1023
192868 903
193380 527
193900 127
194408 63
194928 192
195440 414
195956 711
196468 1016
196984 1023
197496 1023
198012 1023
198524 1023
199040 960
199552 591
200068 192
200580 56
201096 152
201608 384
202128 670
202636 961
203156 1023
203668 1023
204184 1023
204696 1023
205212 1016
205724 655
206240 255
206752 48
207268 127
207780 319
208296 624
208808 911
209324 1023
209836 1023
210356 1023
210864 1023
211384 1023
211896 768
212412 327
212924 48
213440 112
213952 280
214468 560
214980 864
215496 1023
216008 1023
216524 1023
217036 1023
217552 1023
218064 796
218584 396
219092 56
219612 96
220124 248
220640 510
221152 816
221668 1023
222180 1023
222696 1023
223208 1023
223724 1023
224236 847
224752 455
225264 96
225780 71
226292 224
226812 460
227320 768
227840 1023
228352 1023
228868 1023
229380 1023
229896 1023
230408 911
230924 536
231436 143
231952 63
232464 192
232980 412
233492 707
234008 1008
234520 1023
235040 1023
235548 1023
236068 1023
236580 972
237096 608
237608 204
238124 56
238636 143
239152 384
239664 655
240180 960
240692 1023
241208 1023
241720 1023
242236 1023
242748 1022
243268 659
243776 255
244296 48
244808 126
245324 319
245836 608
246352 911
246864 1023
247380 1023
247892 1023
248408 1023
248920 1023
249436 768
249948 334
250464 48
250980 112
251492 275
252008 560
252520 864
253040 1023
253548 1023
254068 1023
254576 1023
255096 1023
255608 799
256124 408
256636 60
257152 96
257664 240
258180 504
258692 799
259208 1023
259720 1023
260236 1023
260748 1023
261268 1023
261776 864
262296 480
262804 96
263324 71
263840 768
264360 1023
264868 1023
265388 1023
265900 1023
266416 1023
266928 903
267444 519
267956 127
268472 63
268984 192
269500 415
270012 711
270528 1016
271040 1023
271560 1023
272068 1023
272588 1023
273100 967
273616 608
274128 199
274644 56
275156 147
275672 384
276184 655
276700 960
277212 1023
277728 1023
278240 1023
278756 1023
279268 1022
279788 655
280296 255
280816 48
281328 127
281844 319
282356 608
282872 913
283384 1023
283900 1023
284412 1023
284928 1023
285440 1023
285956 736
286468 327
286984 48
287496 112
288016 284
288524 560
289044 864
289556 1023
290072 1023
290584 1023
291100 1023
291612 1023
292128 796
292640 399
293156 56
293668 96
294184 248
294696 508
295212 816
295724 1023
296244 1023
296752 1023
297272 1023
297784 1023
298300 864
298812 480
299328 96
299840 71
300356 224
300868 455
301384 768
301896 1023
302412 1023
302924 1023
303440 1023
303952 1023
304472 903
304980 527
305500 135
306012 62
306528 192
307040 412
307556 710
308068 1008
308584 1023
309096 1023
309612 1023
310124 1023
310640 967
311152 608
311668 224
312180 56
312700 143
313208 384
313728 655
314240 960
314756 1023
315268 1023
315784 1023
316296 1023
316812 1023
317324 671
317840 270
318352 48
318868 126
319380 319
319896 608
320408 903
320928 1023
321436 1023
321956 1023
322468 1023
322984 1023
323496 768
324012 327
324524 48
325040 112
325552 280
326068 560
326580 864
327096 1023
327608 1023
328124 1023
328636 1023
329156 1023
329664 799
330184 408
330696 60
331212 96
331724 240
332240 508
332752 806
333268 1023
333780 1023
334296 1023
334808 1023
335324 1023
335836 864
336352 480
336864 96
337384 71
337892 199
338412 451
338924 768
339440 1023
339952 1023
340468 1023
340980 1023
341496 1023
342008 911
342524 529
343036 142
343552 63
344064 192
344580 412
345092 705
345612 1008
346120 1023
346640 1023
347152 1023
347668 1023
348180 972
348696 608
349208 224
349724 56
350236 143
350752 384
351264 655
351780 960
352292 1023
352812 1023
353320 1023
353840 1023
354348 1023
354868 671
355380 271
355896 48
356408 124
356924 319
357436 608
357952 905
358464 1023
358980 1023
359492 1023
360008 1023
360520 1023
361036 768
361552 332
362064 48
362580 112
363092 280
363612 560
364120 864
364640 1023
365148 1023
365668 1023
366180 1023
366696 1023
367208 798
367724 399
368236 60
368752 96
369264 240
369780 508
370292 807
370808 1023
371320 1023
371840 1023
372348 1023
372868 1023
373376 864
373896 480
374408 96
374924 71
375436 199
375952 449
376464 768
376980 1023
377492 1023
378008 1023
378520 1023
379036 1023
379548 920
380068 540
380576 143
381096 62
381604 192
382124 408
382636 704
383152 1008
383664 1023
384180 1023
384692 1023
385208 1023
385720 972
386236 608
386748 224
387264 56
387776 143
388296 384
388804 647
389324 960
389832 1023
390352 1023
390864 1023
391380 1023
391892 1023
392408 671
392920 284
393436 48
393948 124
394464 316
394976 608
395500 384
396016 48
396528 96
397044 255
397556 523
398072 831
398584 1023
399100 1023
399612 1023
400128 1023
400640 1023
401160 831
401668 448
402188 63
402696 76
403216 224
403728 480
404244 780
404756 1023
405272 1023
405784 1023
406300 1023
406812 1023
407328 896
407840 508
408356 120
408868 63
409388 192
409896 448
410416 768
410924 1023
411444 1023
411956 1023
412472 1023
412984 1023
413500 960
414012 575
414528 192
415040 60
415556 159
416068 384
416584 678
417096 992
417616 1023
418124 1023
418644 1023
419152 1023
419672 1008
420184 639
420700 248
421212 56
421728 127
422240 335
422756 632
423268 927
423784 1023
424296 1023
424812 1023
425324 1023
425844 1023
426352 704
426872 304
427380 48
427900 120
428412 295
428928 575
429440 896
429956 1023
430468 1023
430984 1023
431496 1023
432012 1023
432524 768
433040 384
433552 56
434072 96
434580 255
435100 521
435608 831
436128 1023
436640 1023
437156 1023
437668 1023
438184 1023
438696 831
439212 448
439724 71
440240 76
440752 224
441268 480
441780 775
442296 1023
442808 1023
443324 1023
443836 1023
444352 1023
444868 896
445380 510
445896 120
446408 63
446928 192
447436 432
447956 768
448464 1023
448984 1023
449496 1023
450012 1023
450524 1023
451040 960
451552 575
452068 192
452580 60
453096 158
453608 384
454124 671
454636 974
455156 1023
455664 1023
456184 1023
456692 1023
457212 1016
457724 639
458240 252
458752 56
459268 127
459780 327
460296 632
460808 926
461324 1023
461836 1023
462352 1023
462864 1023
463384 1023
463892 707
464412 312
464920 48
465440 112
465952 287
466468 575
466980 896
467496 1023
468008 1023
468524 1023
469036 1023
469552 1023
470064 769
470580 384
471092 56
471612 96
472120 254
472640 519
473148 830
473668 1023
474180 1023
474696 1023
475208 1023
475724 1023
476236 839
476752 449
477264 76
477780 71
478292 224
478808 480
479320 769
479840 1023
480348 1023
480868 1023
481376 1023
481896 1023
482408 896
482924 513
483436 127
483952 63
484464 192
484980 419
485492 736
486008 1020
486520 1023
487036 1023
487548 1023
488068 1023
488576 960
489096 575
489604 192
490124 60
490636 152
491152 384
491664 671
492180 967
492692 1023
493208 1023
493720 1023
494236 1023
494748 1016
495264 647
495776 255
496296 48
496804 127
497324 327
497832 624
498352 924
498864 1023
499380 1023
499892 1023
500408 1023
500920 1023
501436 716
501948 319
502464 48
502976 112
503492 287
504004 572
504524 896
505032 1023
505552 1023
506060 1023
506580 1023
507092 1023
507608 769
508120 384
508636 48
509148 96
509664 254
510176 515
510692 830
511204 1023
511720 1023
512232 1023
512752 1023
513260 1023
513780 839
514288 451
514808 71
515320 71
515836 224
516348 480
516864 771
517376 1023
517892 1023
518404 1023
518920 1023
519432 1023
519948 899
520460 519
520980 127
521488 63
522008 192
522516 415
523036 736
523548 1020
524064 1023
524576 1023
525092 1023
525604 1023
526120 960
526632 575
527148 624
527664 924
528176 1023
528696 1023
529204 1023
529724 1023
530232 1023
530752 736
531264 327
531780 48
532292 112
532808 286
533320 568
533836 880
534348 1023
534864 1023
535376 1023
535892 1023
536404 1023
536924 783
537432 391
537952 56
538460 96
538980 252
539492 511
540008 824
540520 1023
541036 1023
541548 1023
542064 1023
542576 1023
543092 839
543604 455
544120 76
544632 71
545152 224
545660 480
546180 768
546688 1023
547208 1023
547720 1023
548236 1023
548748 1023
549264 903
549776 527
550292 131
550804 63
551320 192
551832 415
552348 716
552860 1016
553380 1023
553888 1023
554408 1023
554916 1023
555436 961
555948 608
556464 193
556976 56
557492 152
558004 384
558520 668
559032 961
559548 1023
560060 1023
560580 1023
561088 1023
561608 1016
562116 652
562636 254
563148 48
563664 127
564176 327
564692 624
565204 924
565720 1023
566232 1023
566748 1023
567260 1023
567776 1023
568288 736
568808 319
569316 48
569836 112
570344 286
570864 568
571376 896
571892 1023
572404 1023
572920 1023
573432 1023
573948 1023
574460 792
574976 391
575488 56
576004 96
576516 248
577036 512
577544 824
578064 1023
578572 1023
579092 1023
579604 1023
580120 1023
580632 839
581148 449
581660 71
582176 71
582688 224
583204 480
583716 769
584232 1023
584744 1023
585264 1023
585772 1023
586292 1023
586800 899
587320 519
587832 127
588348 63
588860 192
589376 415
589888 718
590404 1020
590916 1023
591432 1023
591944 1023
592460 1023
592972 963
593492 591
594000 195
594520 56
595028 152
595548 384
596060 664
596576 963
597088 1023
597604 1023
598116 1023
598632 1023
599144 1020
599660 654
600172 255
600688 48
601200 127
601720 327
602228 624
602748 920
603256 1023
603776 1023
604288 1023
604804 1023
605316 1023
605832 718
606344 319
606860 48
607372 112
607888 286
608400 568
608916 896
609428 1023
609948 1023
610456 1023
610976 1023
611484 1023
612004 792
612516 399
613032 56
613544 96
614060 248
614572 510
615088 824
615600 1023
616116 1023
616628 1023
617144 1023
617656 1023
618176 847
618684 455
619204 76
619712 71
620232 224
620744 462
621260 768
621772 1023
622288 1023
622800 1023
623316 1023
623828 1023
624344 899
624856 524
625372 127
625884 63
626404 192
626912 414
627432 711
627940 1016
628460 1023
628972 1023
629488 1023
630000 1023
630516 963
631028 608
631544 199
632056 56
632572 152
633084 384
633600 664
634112 960
634628 1023
635140 1023
635656 1023
636168 1023
636684 1023
637200 664
637712 255
638228 48
638740 126
639260 319
639768 608
640288 911
640796 1023
641316 1023
641828 1023
642344 1023
642856 1023
643372 736
643884 319
644400 48
644912 112
645428 286
645940 568
646456 880
646968 1023
647488 1023
647996 1023
648516 1023
649024 1023
649544 792
650056 398
650572 56
651084 96
651600 248
652112 510
652628 824
653140 1023
653656 1023
654168 1023
654684 1023
655196 1023
655716 864
656224 480
656744 96
657252 71
657772 224
658284 455
658804 1023
659320 736
659832 327
660348 48
660860 112
661380 286
661888 568
662408 865
662920 1023
663436 1023
663948 1023
664464 1023
664976 1023
665492 775
666004 385
666520 56
667032 96
667548 252
668060 512
668576 828
669088 1023
669608 1023
670116 1023
670636 1023
671148 1023
671664 844
672176 455
672692 79
673204 71
673720 224
674232 460
674748 768
675260 1023
675776 1023
676288 1023
676804 1023
677316 1023
677836 908
678344 527
678864 127
679376 63
679892 192
680404 414
680920 711
681432 1016
681948 1023
682460 1023
682976 1023
683488 1023
684004 960
684516 591
685032 192
685544 56
686064 152
686572 384
687092 668
687604 961
688120 1023
688632 1023
689148 1023
689660 1023
690176 1016
690688 655
691204 255
691716 48
692232 127
692744 319
693260 609
693772 911
694292 1023
694800 1023
695316 1023
695828 1023
696344 1023
696860 768
697372 335
697888 48
698400 112
698916 280
699428 560
699948 864
700456 1023
700976 1023
701484 1023
702004 1023
702516 1023
703032 783
703544 391
704060 56
704572 96
705088 248
705600 510
706116 816
706628 1023
707144 1023
707656 1023
708176 1023
708684 1023
709204 847
709712 480
710232 96
710744 71
711260 224
711772 455
712288 768
712800 1023
713316 1023
713828 1023
714344 1023
714856 1023
715372 911
715884 540
716404 143
716912 62
717432 192
717940 408
718460 705
718972 1008
719488 1023
720000 1023
720516 1023
721028 1023
721544 967
722056 608
722572 199
723084 56
723600 143
724112 384
724632 655
725140 960
725660 1023
726168 1023
726688 1023
727200 1023
727716 1020
728228 668
728744 263
729256 48
729772 126
730284 319
730800 608
731312 908
731828 1023
732340 1023
732860 1023
733368 1023
733888 1023
734396 768
734916 352
735428 48
735944 112
736456 271
736972 551
737484 864
738000 1023
738512 1023
739028 1023
739540 1023
740056 1023
740568 799
741088 408
741596 60
742116 96
742624 240
743144 504
743656 803
744172 1023
744684 1023
745200 1023
745712 1023
746228 1023
746740 864
747256 480
747768 96
748284 71
748796 204
749316 454
749824 768
750344 1023
750852 1023
751372 1023
751884 1023
752400 1023
752912 920
753428 542
753940 152
754456 62
754968 192
755484 401
755996 704
756512 1008
757024 1023
757544 1023
758052 1023
758572 1023
759080 992
759600 608
760112 224
760628 56
761140 143
761656 384
762168 647
762684 960
763196 1023
763712 1023
764224 1023
764740 1023
765252 1023
765772 668
766280 271
766800 48
767308 124
767828 319
768340 608
768856 910
769368 1023
769884 1023
770396 1023
770912 1023
771424 1023
771940 768
772452 352
772968 48
773480 112
774000 271
774508 547
775028 864
775536 1023
776056 1023
776568 1023
777084 1023
777596 1023
778112 799
778624 414
779140 60
779652 96
780168 240
780680 504
781196 799
781708 1023
782228 1023
782736 1023
783256 1023
783764 1023
784284 864
784796 480
785312 96
785824 70
786340 199
786852 448
787368 768
787880 1023
788396 1023
788908 1023
789424 1023
789936 1023
790464 1022
790980 1023
791492 1023
792008 1023
792520 1023
793040 960
793548 575
794068 192
794576 60
795096 159
795608 384
796124 675
796636 974
797152 1023
797664 1023
798180 1023
798692 1023
799208 993
799720 638
800236 248
800748 56
801268 127
801776 335
802296 632
802804 927
803324 1023
803836 1023
804352 1023
804864 1023
805380 1023
805892 707
806408 316
806920 48
807436 112
807948 287
808464 575
808976 896
809496 1023
810004 1023
810524 1023
811032 1023
811552 1023
812064 771
812580 384
813092 48
813608 96
814120 255
814636 519
815148 830
815664 1023
816176 1023
816692 1023
817204 1023
817724 1023
818232 830
818752 448
819260 63
819780 78
820292 224
820808 480
821320 780
821836 1023
822348 1023
822864 1023
823376 1023
823892 1023
824404 896
824920 511
825432 126
825952 63
826460 192
826980 423
827488 736
828008 1023
828520 1023
829036 1023
829548 1023
830064 1023
830576 960
831092 575
831604 192
832120 60
832632 156
833148 384
833660 671
834180 972
834688 1023
835208 1023
835716 1023
836236 1023
836748 1008
837264 639
837776 248
838292 56
838804 127
839320 335
839832 632
840348 927
840860 1023
841376 1023
841888 1023
842408 1023
842916 1023
843436 705
843944 318
844464 48
844976 112
845492 287
846004 572
846520 896
847032 1023
847548 1023
848060 1023
848576 1023
849088 1023
849604 775
850116 384
850636 56
851144 96
851664 254
852172 513
852692 828
853204 1023
853720 1023
854236 1023
854748 1023
855264 1023
855776 831
856292 448
856804 67
857324 76
857832 224
858352 480
858864 774
859380 1023
859892 1023
860408 1023
860920 1023
861436 1023
861948 896
862464 511
862976 127
863492 63
864004 192
864520 419
865032 736
865552 1020
866060 1023
866580 1023
867092 1023
867608 1023
868120 960
868636 583
869148 192
869664 60
870176 152
870692 384
871204 668
871720 967
872232 1023
872748 1023
873260 1023
873780 1023
874292 1016
874808 647
875320 255
875836 48
876348 127
876864 327
877376 624
877892 924
878404 1023
878920 1023
879432 1023
879948 1023
880460 1023
880980 711
881488 319
882008 48
882520 112
883036 287
883548 568
884064 896
884576 1023
885092 1023
885604 1023
886120 1023
886632 1023
887148 783
887660 391
888176 56
888688 96
889208 248
889716 511
890236 824
890748 1023
891264 1023
891776 1023
892292 1023
892804 1023
893320 844
893832 455
894348 76
894860 71
895376 224
895888 460
896404 768
896916 1023
897436 1023
897944 1023
898464 1023
898976 1023
899492 897
900004 519
900520 127
901032 63
901548 192
902060 415
902576 716
903088 1016
903604 1023
904116 1023
904632 1023
905144 1023
905664 960
906172 608
906692 195
907204 56
907720 152
908232 384
908748 664
909260 960
909776 1023
910288 1023
910804 1023
911316 1023
911832 1022
912344 664
912860 255
913372 48
913892 127
914400 319
914920 608
915432 911
915948 1023
916460 1023
916976 1023
917488 1023
918004 1023
918516 736
919032 319
919544 48
920060 112
920572 286
921088 568
921600 864
922120 56
922632 152
923148 384
923660 668
924176 966
924688 1023
925204 1023
925716 1023
926236 1023
926744 1020
927264 655
927776 255
928292 48
928804 126
929320 319
929832 608
930348 920
930860 1023
931376 1023
931888 1023
932404 1023
932916 1023
933432 736
933944 327
934464 48
934972 112
935492 286
936004 560
936520 880
937032 1023
937548 1023
938060 1023
938576 1023
939088 1023
939604 780
940116 387
940632 56
941144 96
941660 252
942172 512
942692 824
943200 1023
943720 1023
944232 1023
944748 1023
945260 1023
945776 846
946288 460
946804 96
947316 71
947832 224
948344 460
948860 768
949372 1023
949888 1023
950400 1023
950920 1023
951428 1023
951948 908
952460 527
952976 135
953488 63
954004 192
954516 414
955032 711
955544 1016
956060 1023
956572 1023
957088 1023
957600 1023
958116 960
958628 591
959148 192
959656 56
960176 152
960688 384
961204 668
961716 961
962232 1023
962744 1023
963260 1023
963772 1023
964288 1020
964800 655
965316 255
965828 48
966344 127
966856 319
967376 624
967884 911
968404 1023
968916 1023
969432 1023
969944 1023
970460 1023
970972 768
971488 327
972000 48
972516 112
973028 280
973544 560
974056 864
974572 1023
975084 1023
975604 1023
976112 1023
976632 1023
977144 792
977660 391
978172 56
978688 96
979200 248
979716 510
980228 816
980744 1023
981256 1023
981772 1023
982284 1023
982800 1023
983312 864
983832 463
984340 96
984860 71
985372 224
985888 455
986400 768
986916 1023
987428 1023
987944 1023
988456 1023
988972 1023
989484 913
990000 536
990512 143
991028 63
991540 192
992060 408
992568 707
993088 1008
993600 1023
994116 1023
994632 1023
995144 1023
995660 963
996172 608
996692 195
997200 56
997720 152
998228 384
998748 655
999260 960
999776 1023
1000288 1023
1000804 1023
1001316 1023
1001832 1008
1002344 664
1002860 255
1003372 48
1003888 126
1004400 319
1004920 608
1005428 911
1005948 1023
1006456 1023
1006976 1023
1007488 1023
1008004 1023
1008516 768
1009032 335
1009544 48
1010060 112
1010572 273
1011088 560
1011600 864
1012116 1023
1012628 1023
1013148 1023
1013656 1023
1014176 1023
1014684 798
1015204 399
1015716 56
1016232 96
1016744 248
1017260 508
1017772 816
1018288 1023
1018800 1023
1019316 1023
1019828 1023
1020344 1023
1020856 864
1021376 480
1021884 96
1022404 71
1022912 206
1023432 455
1023944 768
1024460 1023
1024972 1023
1025488 1023
1026000 1023
1026516 1023
1027028 913
1027544 536
1028056 143
1028572 62
1029084 192
1029604 408
1030112 705
1030632 1008
1031140 1023
1031660 1023
1032172 1023
1032688 1023
1033200 974
1033716 608
1034228 206
1034744 56
1035256 143
1035772 384
1036284 655
1036800 960
1037312 1023
1037832 1023
1038340 1023
1038860 1023
1039368 1022
1039888 655
1040400 255
1040916 48
1041428 126
1041944 319
1042456 608
1042972 911
1043484 1023
1044000 1023
1044512 1023
1045028 1023
1045540 1023
1046060 768
1046568 352
1047088 48
1047596 112
1048116 280
1048628 551
1049144 864
1049656 1023
1050172 1023
1050684 1023
1051200 1023
1051712 1023
1052228 799
1052740 408
1053256 56
1053776 48
1054292 96
1054804 255
1055320 531
1055832 835
1056348 1023
1056860 1023
1057380 1023
1057888 1023
1058408 1023
1058920 824
1059436 448
1059948 63
1060464 96
1060976 224
1061492 496
1062004 787
1062520 1023
1063032 1023
1063548 1023
1064060 1023
1064576 1023
1065088 896
1065608 496
1066116 112
1066636 63
1067148 192
1067664 448
1068176 768
1068692 1023
1069204 1023
1069720 1023
1070232 1023
1070748 1023
1071260 960
1071776 572
1072288 192
1072804 60
1073316 159
1073836 384
1074344 679
1074864 992
1075376 1023
1075892 1023
1076404 1023
1076920 1023
1077432 1008
1077948 636
1078460 240
1078976 56
1079488 127
1080004 352
1080516 636
1081032 934
1081544 1023
1082064 1023
1082572 1023
1083092 1023
1083604 1023
1084120 704
1084632 304
1085148 48
1085660 120
1086176 304
1086688 575
1087204 896
1087720 1023
1088232 1023
1088748 1023
1089260 1023
1089776 1023
1090288 768
1090808 384
1091316 48
1091836 96
1092348 255
1092864 527
1093376 831
1093892 1023
1094404 1023
1094920 1023
1095432 1023
1095948 1023
1096460 830
1096976 448
1097488 63
1098004 79
1098516 224
1099036 480
1099544 783
1100064 1023
1100576 1023
1101092 1023
1101604 1023
1102120 1023
1102632 896
1103148 504
1103660 112
1104176 63
1104688 192
1105204 448
1105716 768
1106232 1023
1106744 1023
1107264 1023
1107772 1023
1108292 1023
1108804 960
1109320 572
1109832 192
1110348 60
1110860 159
1111376 384
1111888 688
1112404 992
1112916 1023
1113432 1023
1113944 1023
1114464 1023
1114972 1008
1115492 638
1116004 248
1116520 56
1117032 127
1117548 352
1118060 632
1118576 931
1119088 1023
1119604 1023
1120116 1023
1120632 1023
1121144 1023
1121660 704
1122172 304
1122692 48
1123200 120
1123720 304
1124232 575
1124748 896
1125260 1023
1125776 1023
1126288 1023
1126804 1023
1127316 1023
1127832 768
1128344 384
1128860 48
1129372 96
1129888 255
1130400 527
1130920 831
1131428 1023
1131948 1023
1132460 1023
1132976 1023
1133488 1023
1134004 830
1134516 448
1135032 63
1135544 78
1136060 224
1136572 480
1137088 783
1137600 1023
1138116 1023
1138628 1023
1139148 1023
1139656 1023
1140176 896
1140688 508
1141204 120
1141716 63
1142232 192
1142744 448
1143260 768
1143772 1023
1144288 1023
1144800 1023
1145316 1023
1145828 1023
1146344 960
1146856 574
1147376 192
1147884 60
1148404 159
1148916 384
1149432 679
1149944 992
1150460 1023
1150972 1023
1151488 1023
1152000 1023
1152516 1008
1153028 639
1153544 248
1154056 56
1154572 127
1155084 334
1155604 632
1156112 927
1156632 1023
1157144 1023
1157660 1023
1158172 1023
1158688 1023
1159200 704
1159716 312
1160228 48
1160744 120
1161256 291
1161772 575
1162284 896
1162800 1023
1163312 1023
1163832 1023
1164340 1023
1164860 1023
1165372 768
1165888 384
1166400 56
1166916 96
1167428 255
1167944 519
1168456 830
1168972 1023
1169484 1023
1170000 1023
1170512 1023
1171028 1023
1171540 831
1172060 448
1172568 71
1173088 71
1173600 224
1174116 480
1174628 774
1175144 1023
1175656 1023
1176172 1023
1176684 1023
1177200 1023
1177712 896
1178228 511
1178740 124
1179256 63
1179768 192
1180288 423
1180796 736
1181316 1022
1181828 1023
1182344 1023
1182856 1023
1183372 1023
1183884 960
1184400 575
1184912 192
1185432 240
1185944 496
1186460 799
1186972 1023
1187488 1023
1188000 1023
1188520 1023
1189028 1023
1189544 896
1190056 496
1190572 112
1191088 63
1191600 193
1192116 448
1192628 768
1193148 1023
1193656 1023
1194176 1023
1194684 1023
1195204 1023
1195716 927
1196232 543
1196744 156
1197260 62
1197772 167
1198288 399
1198800 704
1199316 993
1199828 1023
1200344 1023
1200856 1023
1201376 1023
1201884 992
1202404 624
1202912 224
1203432 56
1203944 135
1204460 352
1204972 639
1205488 960
1206000 1023
1206516 1023
1207028 1023
1207544 1023
1208056 1023
1208572 704
1209084 287
1209604 48
1210112 120
1210632 312
1211140 588
1211660 896
1212172 1023
1212688 1023
1213200 1023
1213716 1023
1214228 1023
1214744 768
1215256 352
1215772 48
1216284 96
1216800 270
1217312 543
1217832 864
1218340 1023
1218860 1023
1219368 1023
1219888 1023
1220400 1023
1220916 803
1221428 415
1221944 62
1222456 96
1222972 240
1223484 496
1224000 799
1224512 1023
1225028 1023
1225540 1023
1226060 1023
1226568 1023
1227088 896
1227596 496
1228116 112
1228628 63
1229144 193
1229656 448
1230172 768
1230684 1023
1231200 1023
1231712 1023
1232228 1023
1232740 1023
1233256 927
1233768 560
1234288 159
1234796 60
1235316 163
1235824 391
1236344 704
1236856 992
1237372 1023
1237884 1023
1238400 1023
1238912 1023
1239428 992
1239940 624
1240456 224
1240968 56
1241484 135
1241996 352
1242516 639
1243024 960
1243544 1023
1244052 1023
1244572 1023
1245084 1023
1245600 1023
1246112 704
1246628 287
1247140 48
1247656 120
1248168 312
1248684 588
1249196 896
1249712 1023
1250224 1023
1250744 1023
1251252 1023
1251772 1023
1252280 768
1252800 352
1253312 48
1253828 96
1254340 255
1254856 540
1255368 839
1255884 1023
1256396 1023
1256912 1023
1257424 1023
1257940 1023
1258452 816
1258972 415
1259480 62
1260000 96
1260508 240
1261028 496
1261540 798
1262056 1023
1262568 1023
1263084 1023
1263596 1023
1264112 1023
1264624 896
1265140 496
1265652 112
1266168 63
1266680 192
1267200 448
1267708 768
1268228 1023
1268736 1023
1269256 1023
1269768 1023
1270284 1023
1270796 935
1271312 560
1271824 159
1272340 60
1272852 159
1273368 391
1273880 704
1274396 992
1274908 1023
1275428 1023
1275936 1023
1276456 1023
1276964 992
1277484 624
1277996 224
1278512 56
1279024 135
1279540 352
1280052 639
1280568 960
1281080 1023
1281596 1023
1282108 1023
1282624 1023
1283136 1023
1283656 704
1284164 287
1284684 48
1285192 120
1285712 312
1286224 590
1286740 896
1287252 1023
1287768 1023
1288280 1023
1288796 1023
1289308 1023
1289824 768
1290336 384
1290852 48
1291364 96
1291884 263
1292392 540
1292912 847
1293420 1023
1293940 1023
1294452 1023
1294968 1023
1295480 1023
1295996 807
1296508 415
1297024 60
1297536 96
1298052 240
1298564 496
1299080 799
1299592 1023
1300112 1023
1300620 1023
1301140 1023
1301648 1023
1302168 880
1302680 496
1303196 112
1303708 63
1304224 195
1304736 448
1305252 768
1305764 1023
1306280 1023
1306792 1023
1307308 1023
1307824 1023
1308336 931
1308852 560
1309364 159
1309884 60
1310392 159
1310912 391
1311420 704
1311940 992
1312452 1023
1312968 1023
1313480 1023
1313996 1023
1314508 992
1315024 624
1315536 224
1316052 56
1316564 135
1317084 63
1317600 192
1318112 415
1318628 736
1319140 1020
1319656 1023
1320168 1023
1320684 1023
1321196 1023
1321716 960
1322224 575
1322744 192
1323256 60
1323772 158
1324284 384
1324800 671
1325312 972
1325828 1023
1326340 1023
1326856 1023
1327368 1023
1327884 1008
1328396 647
1328912 252
1329424 48
1329944 127
1330452 327
1330972 624
1331484 926
1332000 1023
1332512 1023
1333028 1023
1333540 1023
1334056 1023
1334568 736
1335084 319
1335596 48
1336112 112
1336624 287
1337140 572
1337652 896
1338172 1023
1338680 1023
1339200 1023
1339712 1023
1340228 1023
1340740 771
1341256 384
1341768 56
1342284 96
1342796 254
1343312 519
1343824 830
1344340 1023
1344852 1023
1345368 1023
1345880 1023
1346400 1023
1346908 831
1347428 448
1347940 71
1348456 71
1348968 224
1349484 480
1349996 771
1350512 1023
1351024 1023
1351540 1023
1352052 1023
1352568 1023
1353080 899
1353596 515
1354108 127
1354628 63
1355136 192
1355656 415
1356168 736
1356684 1020
1357196 1023
1357712 1023
1358224 1023
1358740 1023
1359252 960
1359768 575
1360280 192
1360796 60
1361308 156
1361824 384
1362336 671
1362856 967
1363364 1023
1363884 1023
1364396 1023
1364912 1023
1365424 1016
1365940 639
1366452 254
1366968 48
1367480 127
1367996 327
1368508 624
1369024 926
1369536 1023
1370052 1023
1370564 1023
1371084 1023
1371592 1023
1372112 718
1372624 319
1373140 48
1373652 112
1374168 287
1374680 568
1375196 896
1375708 1023
1376224 1023
1376736 1023
1377252 1023
1377764 1023
1378280 780
1378792 385
1379312 56
1379820 96
1380340 252
1380852 512
1381368 828
1381880 1023
1382396 1023
1382908 1023
1383424 1023
1383936 1023
1384452 831
1384964 448
1385480 71
1385992 71
1386508 224
1387020 480
1387540 771
1388048 1023
1388568 1023
1389080 1023
1389596 1023
1390108 1023
1390624 899
1391136 519
1391652 127
1392164 62
1392680 192
1393192 415
1393708 736
1394220 1016
1394736 1023
1395248 1023
1395768 1023
1396276 1023
1396796 960
1397308 588
1397824 192
1398336 56
1398852 156
1399364 384
1399880 671
1400392 967
1400908 1023
1401420 1023
1401936 1023
1402448 1023
1402964 1008
1403480 639
1403992 254
1404508 56
1405020 127
1405540 327
1406048 624
1406568 926
1407076 1023
1407596 1023
1408108 1023
1408624 1023
1409136 1023
1409652 711
1410164 319
1410680 48
1411192 112
1411708 287
1412220 568
1412736 896
1413248 1023
1413768 1023
1414276 1023
1414796 1023
1415304 1023
1415824 782
1416336 385
1416852 56
1417364 96
1417880 252
1418392 512
1418908 828
1419420 1023
1419936 1023
1420448 1023
1420964 1023
1421476 1023
1421996 831
1422504 448
1423024 71
1423532 71
1424052 224
1424564 480
1425080 775
1425592 1023
1426108 1023
1426620 1023
1427136 1023
1427648 1023
1428164 896
1428676 519
1429192 127
1429704 63
1430224 192
1430732 415
1431252 736
1431760 1020
1432280 1023
1432792 1023
1433308 1023
1433820 1023
1434336 960
1434848 590
1435364 192
1435876 56
1436392 156
1436904 384
1437420 670
1437932 963
1438452 1023
1438960 1023
1439480 1023
1439988 1023
1440508 1016
1441020 639
1441536 252
1442048 48
1442564 127
1443076 327
1443592 624
1444104 926
1444620 1023
1445132 1023
1445648 1023
1446160 1023
1446680 1023
1447188 711
1447708 319
1448216 48
1448736 1023
1449244 1023
1449764 1023
1450276 1023
1450792 768
1451304 384
1451820 48
1452332 96
1452848 255
1453360 519
1453876 831
1454388 1023
1454904 1023
1455416 1023
1455932 1023
1456444 1023
1456964 831
1457472 448
1457992 70
1458504 71
1459020 224
1459532 480
1460048 775
1460560 1023
1461076 1023
1461588 1023
1462104 1023
1462616 1023
1463132 896
1463644 515
1464160 126
1464672 63
1465192 192
1465700 415
1466220 736
1466732 1020
1467248 1023
1467760 1023
1468276 1023
1468788 1023
1469304 960
1469820 575
1470332 192
1470848 60
1471360 158
1471876 384
1472388 671
1472908 975
1473416 1023
1473936 1023
1474448 1023
1474964 1023
1475476 1008
1475992 639
1476504 252
1477020 56
1477532 127
1478048 335
1478560 624
1479076 927
1479588 1023
1480104 1023
1480616 1023
1481136 1023
1481644 1023
1482164 711
1482676 319
1483192 48
1483704 112
1484220 287
1484732 572
1485248 896
1485760 1023
1486276 1023
1486788 1023
1487304 1023
1487816 1023
1488332 771
1488844 384
1489364 48
1489872 96
1490392 255
1490904 519
1491420 830
1491932 1023
1492448 1023
1492960 1023
1493476 1023
1493988 1023
1494504 831
1495016 448
1495532 71
1496044 71
1496560 224
1497072 480
1497592 775
1498100 1023
1498620 1023
1499132 1023
1499648 1023
1500160 1023
1500676 896
1501188 515
1501704 126
1502216 63
1502732 192
1503244 415
1503760 736
1504272 1020
1504788 1023
1505300 1023
1505820 1023
1506328 1023
1506848 960
1507360 575
1507876 192
1508388 60
1508904 158
1509416 384
1509932 671
1510444 967
1510960 1023
1511472 1023
1511988 1023
1512500 1023
1513016 1008
1513528 639
1514048 248
1514556 56
1515076 127
1515588 335
1516104 632
1516616 927
1517132 1023
1517644 1023
1518160 1023
1518672 1023
1519188 1023
1519700 710
1520216 316
1520728 48
1521244 112
1521756 287
1522276 574
1522784 896
1523304 1023
1523816 1023
1524332 1023
1524844 1023
1525360 1023
1525872 775
1526388 384
1526900 56
1527416 96
1527928 254
1528444 519
1528956 828
1529472 1023
1529984 1023
1530504 1023
1531012 1023
1531532 1023
1532044 831
1532560 448
1533072 63
1533588 78
1534100 224
1534616 480
1535128 780
1535644 1023
1536156 1023
1536672 1023
1537184 1023
1537700 1023
1538212 896
1538732 510
1539240 124
1539760 63
1540272 192
1540788 432
1541300 768
1541816 1023
1542328 1023
1542844 1023
1543356 1023
1543872 1023
1544384 960
1544900 575
1545412 192
1545928 60
1546440 158
1546960 384
1547468 671
1547988 974
1548500 1023
1549016 1023
1549528 1023
1550044 1023
1550556 1008
1551072 639
1551584 248
1552100 48
1552612 127
1553128 335
1553640 632
1554156 927
1554668 1023
1555188 1023
1555696 1023
1556216 1023
1556728 1023
1557244 704
1557756 316
1558272 48
1558784 112
1559300 287
1559812 574
1560328 896
1560840 1023
1561356 1023
1561868 1023
1562384 1023
1562896 1023
1563416 775
1563924 384
1564444 56
1564956 96
1565472 254
1565984 515
1566500 828
1567012 1023
1567528 1023
1568040 1023
1568556 1023
1569068 1023
1569584 831
1570096 448
1570612 67
1571124 76
1571644 224
1572152 480
1572672 775
1573184 1023
1573700 1023
1574212 1023
1574728 1023
1575240 1023
1575756 896
1576268 512
1576784 126
1577296 63
1577812 192
1578324 419
1578840 736
1579352 1020
1579872 1023
1580388 48
1580908 97
1581420 270
1581936 543
1582448 864
1582964 1023
1583476 1023
1583992 1023
1584504 1023
1585020 1023
1585532 807
1586048 414
1586560 60
1587080 96
1587588 240
1588108 504
1588616 799
1589136 1023
1589648 1023
1590164 1023
1590676 1023
1591192 1023
1591704 864
1592220 480
1592732 96
1593248 71
1593760 199
1594276 449
1594788 768
1595308 1023
1595816 1023
1596336 1023
1596844 1023
1597364 1023
1597876 924
1598392 543
1598904 152
1599420 62
1599932 128
1600448 399
1600960 704
1601476 1008
1601988 1023
1602504 1023
1603016 1023
1603536 1023
1604044 992
1604564 609
1605072 224
1605592 56
1606104 143
1606620 384
1607132 639
1607648 960
1608160 1023
1608676 1023
1609188 1023
1609704 1023
1610216 1023
1610732 671
1611244 271
1611764 48
1612272 124
1612792 319
1613300 608
1613820 908
1614332 1023
1614848 1023
1615360 1023
1615876 1023
1616388 1023
1616904 768
1617416 352
1617932 48
1618444 112
1618960 271
1619472 543
1619992 864
1620500 1023
1621020 1023
1621528 1023
1622048 1023
1622560 1023
1623076 799
1623588 415
1624104 60
1624616 96
1625132 240
1625644 504
1626160 799
1626672 1023
1627188 1023
1627700 1023
1628220 1023
1628728 1023
1629248 864
1629756 480
1630276 96
1630788 67
1631304 199
1631816 448
1632332 768
1632844 1023
1633360 1023
1633872 1023
1634388 1023
1634900 1023
1635416 920
1635928 542
1636444 152
1636960 62
1637472 192
1637988 399
1638500 704
1639016 1008
1639528 1023
1640048 1023
1640556 1023
1641076 1023
1641588 992
1642104 609
1642616 224
1643132 56
1643644 142
1644160 384
1644672 639
1645188 960
1645700 1023
1646216 1023
1646728 1023
1647244 1023
1647756 1023
1648276 671
1648784 275
1649304 48
1649816 124
1650332 318
1650844 608
1651360 903
1651872 1023
1652388 1023
1652900 1023
1653416 1023
1653928 1023
1654444 768
1654956 352
1655472 48
1655984 112
1656504 271
1657012 543
1657532 864
1658044 1023
1658560 1023
1659072 1023
1659588 1023
1660100 1023
1660616 799
1661128 415
1661644 60
1662156 96
1662672 240
1663184 496
1663700 799
1664212 1023
1664732 1023
1665240 1023
1665760 1023
1666272 1023
1666788 864
1667300 480
1667816 96
1668328 67
1668844 199
1669356 448
1669872 768
1670384 1023
1670900 1023
1671412 1023
1671928 1023
1672440 1023
1672960 911
1673468 542
1673988 143
1674500 62
1675016 192
1675528 399
1676044 704
1676556 1008
1677072 1023
1677584 1023
1678100 1023
1678612 1023
1679128 992
1679640 609
1680160 224
1680668 56
1681188 143
1681700 384
1682216 647
1682728 960
1683244 1023
1683756 1023
1684272 1023
1684784 1023
1685300 1023
1685812 671
1686328 271
1686840 48
1687356 124
1687868 318
1688388 608
1688896 903
1689416 1023
1689928 1023
1690444 1023
1690956 1023
1691472 1023
1691984 768
1692500 334
1693012 48
1693528 112
1694040 280
1694556 560
1695068 864
1695584 1023
1696096 1023
1696616 1023
1697124 1023
1697644 1023
1698156 799
1698672 399
1699184 60
1699700 96
1700212 240
1700728 504
1701240 803
1701756 1023
1702268 1023
1702784 1023
1703296 1023
1703812 1023
1704324 864
1704844 480
1705352 96
1705872 71
1706384 199
1706900 449
1707412 768
1707928 1023
1708440 1023
1708956 1023
1709468 1023
1709984 1023
1710496 911
1711012 536
1711524 142
1712044 415
1712560 736
1713072 1020
1713588 1023
1714100 1023
1714616 1023
1715128 1023
1715644 960
1716156 583
1716676 192
1717184 60
1717704 158
1718216 384
1718732 671
1719244 967
1719760 1023
1720272 1023
1720788 1023
1721300 1023
1721816 1008
1722328 639
1722844 248
1723356 56
1723872 127
1724384 334
1724904 632
1725412 927
1725932 1023
1726444 1023
1726960 1023
1727472 1023
1727988 1023
1728500 711
1729016 318
1729528 48
1730044 112
1730556 287
1731072 572
1731584 896
1732100 1023
1732612 1023
1733132 1023
1733640 1023
1734160 1023
1734672 775
1735188 384
1735700 56
1736216 96
1736728 254
1737244 519
1737756 828
1738272 1023
1738784 1023
1739300 1023
1739812 1023
1740332 1023
1740840 831
1741360 448
1741872 67
1742388 76
1742900 224
1743416 480
1743928 775
1744444 1023
1744956 1023
1745472 1023
1745984 1023
1746500 1023
1747012 896
1747528 511
1748040 126
1748560 63
1749068 192
1749588 423
1750100 736
1750616 1022
1751128 1023
1751644 1023
1752156 1023
1752672 1023
1753184 960
1753700 579
1754212 192
1754728 60
1755240 156
1755756 384
1756268 671
1756788 967
1757296 1023
1757816 1023
1758328 1023
1758844 1023
1759356 1008
1759872 639
1760384 252
1760900 56
1761412 127
1761928 335
1762440 624
1762956 927
1763468 1023
1763984 1023
1764496 1023
1765016 1023
1765524 1023
1766044 705
1766556 318
1767072 48
1767584 112
1768100 287
1768612 572
1769128 896
1769640 1023
1770156 1023
1770668 1023
1771184 1023
1771696 1023
1772212 775
1772724 384
1773244 56
1773752 96
1774272 254
1774784 513
1775300 828
1775812 1023
1776328 1023
1776840 1023
1777356 1023
1777868 1023
1778384 831
1778896 448
1779412 67
1779924 71
1780440 224
1780952 480
1781472 775
1781980 1023
1782500 1023
1783012 1023
1783528 1023
1784040 1023
1784556 896
1785068 512
1785584 126
1786096 63
1786612 192
1787124 419
1787640 736
1788152 1020
1788668 1023
1789180 1023
1789700 1023
1790208 1023
1790728 960
1791240 583
1791756 192
1792268 60
1792784 156
1793296 384
1793812 671
1794324 967
1794840 1023
1795352 1023
1795868 1023
1796380 1023
1796896 1016
1797412 647
1797924 254
1798440 48
1798952 127
1799472 327
1799980 624
1800500 926
1801008 1023
1801528 1023
1802040 1023
1802556 1023
1803068 1023
1803584 704
1804096 318
1804612 48
1805124 112
1805640 287
1806152 572
1806668 896
1807180 1023
1807700 1023
1808208 1023
1808728 1023
1809236 1023
1809756 775
1810268 384
1810784 56
1811296 96
1811812 254
1812324 513
1812840 830
1813352 1023
1813868 1023
1814380 1023
1814896 1023
1815408 1023
1815928 839
1816436 449
1816956 71
1817464 71
1817984 224
1818496 480
1819012 775
1819524 1023
1820040 1023
1820552 1023
1821068 1023
1821580 1023
1822096 896
1822608 511
1823124 124
1823636 63
1824156 192
1824664 423
1825184 768
1825692 1022
1826212 1023
1826724 1023
1827240 1023
1827752 1023
1828268 960
1828780 575
1829296 192
1829808 60
1830324 158
1830836 384
1831352 671
1831864 974
1832384 1023
1832892 1023
1833412 1023
1833920 1023
1834440 1016
1834952 647
1835468 254
1835980 48
1836496 127
1837008 327
1837524 624
1838036 924
1838552 1023
1839064 1023
1839580 1023
1840092 1023
1840612 1023
1841120 707
1841640 312
1842148 48
1842668 112
1843180 287
1843700 56
1844212 96
1844728 252
1845240 512
1845756 828
1846268 1023
1846784 1023
1847296 1023
1847812 1023
1848324 1023
1848840 847
1849352 462
1849872 96
1850380 71
1850900 224
1851408 460
1851928 768
1852440 1023
1852956 1023
1853468 1023
1853984 1023
1854496 1023
1855012 899
1855524 519
1856040 127
1856552 63
1857068 192
1857580 415
1858100 736
1858608 1016
1859128 1023
1859636 1023
1860156 1023
1860668 1023
1861184 960
1861696 590
1862212 192
1862724 56
1863240 152
1863752 384
1864268 668
1864780 963
1865296 1023
1865808 1023
1866328 1023
1866836 1023
1867356 1020
1867864 664
1868384 255
1868896 48
1869412 127
1869924 319
1870440 624
1870952 911
1871468 1023
1871980 1023
1872496 1023
1873008 1023
1873524 1023
1874036 736
1874556 319
1875064 48
1875584 112
1876092 286
1876612 568
1877124 865
1877640 1023
1878152 1023
1878668 1023
1879180 1023
1879696 1023
1880208 782
1880724 385
1881236 56
1881752 96
1882264 252
1882784 512
1883292 824
1883812 1023
1884320 1023
1884840 1023
1885352 1023
1885868 1023
1886380 864
1886896 460
1887408 96
1887924 71
1888436 224
1888952 460
1889464 768
1889980 1023
1890492 1023
1891012 1023
1891520 1023
1892040 1023
1892548 908
1893068 524
1893580 127
1894096 63
1894608 192
1895124 415
1895636 715
1896152 1016
1896664 1023
1897180 1023
1897692 1023
1898208 1023
1898720 960
1899240 583
1899748 192
1900268 60
1900776 156
1901296 384
1901808 668
1902324 967
1902836 1023
1903352 1023
1903864 1023
1904380 1023
1904892 1020
1905408 655
1905920 255
1906436 48
1906948 127
1907468 319
1907976 624
1908496 924
1909004 1023
1909524 1023
1910036 1023
1910552 1023
1911064 1023
1911580 736
1912092 319
1912608 48
1913120 112
1913636 287
1914148 568
1914664 896
1915176 1023
1915696 1023
1916204 1023
1916724 1023
1917232 1023
1917752 775
1918264 384
1918780 56
1919292 96
1919808 254
1920320 513
1920836 828
1921348 1023
1921864 1023
1922376 1023
1922892 1023
1923404 1023
1923924 839
1924432 455
1924952 76
1925460 71
1925980 224
1926492 480
1927008 769
1927520 1023
1928036 1023
1928548 1023
1929064 1023
1929580 1023
1930092 903
1930608 519
1931120 127
1931640 63
1932148 192
1932668 415
1933176 718
1933696 1020
1934208 1023
1934724 1023
1935236 1023
1935752 1023
1936264 960
1936780 575
1937292 192
1937808 60
1938320 156
1938836 384
1939348 671
1939868 974
1940376 1023
1940896 1023
1941404 1023
1941924 1023
1942436 1016
1942952 639
1943464 255
1943980 48
1944492 127
1945008 327
1945520 624
1946036 926
1946548 1023
1947064 1023
1947576 1023
1948096 1023
1948604 1023
1949124 736
1949632 319
1950152 48
1950664 112
1951180 287
1951692 568
1952208 896
1952720 1023
1953236 1023
1953748 1023
1954264 1023
1954776 1023
1955292 771
1955804 384
1956324 48
1956832 96
1957352 254
1957860 515
1958380 830
1958892 1023
1959408 1023
1959920 1023
1960436 1023
1960948 1023
1961464 831
1961976 449
1962492 71
1963004 71
1963520 224
1964032 480
1964552 771
1965060 1023
1965580 1023
1966088 1023
1966608 1023
1967120 1023
1967636 899
1968148 524
1968664 127
1969176 63
1969692 192
1970204 415
1970720 736
1971232 1016
1971748 1023
1972260 1023
1972780 1023
1973288 1023
1973808 960
1974316 583
1974836 192
1975352 1023
1975864 1023
1976384 1023
1976892 1023
1977412 1023
1977924 896
1978440 496
1978952 112
1979468 63
1979980 192
1980496 448
1981008 768
1981524 1023
1982036 1023
1982552 1023
1983064 1023
1983580 1023
1984092 927
1984612 547
1985120 159
1985640 60
1986152 163
1986668 391
1987180 704
1987696 992
1988208 1023
1988724 1023
1989236 1023
1989752 1023
1990264 992
1990780 632
1991292 240
1991808 56
1992320 135
1992840 352
1993348 639
1993868 960
1994380 1023
1994896 1023
1995408 1023
1995924 1023
1996436 1023
1996952 704
1997464 291
1997980 48
1998492 120
1999008 312
1999520 583
2000036 896
2000548 1023
2001068 1023
2001576 1023
2002096 1023
2002608 1023
2003124 768
2003636 352
2004152 48
2004664 96
2005180 263
2005692 540
2006208 846
2006720 1023
2007236 1023
2007748 1023
2008268 1023
2008776 1023
2009296 816
2009808 448
2010324 63
2010836 79
2011352 240
2011864 496
2012380 796
2012892 1023
2013408 1023
2013920 1023
2014436 1023
2014948 1023
2015464 896
2015976 504
2016496 112
2017004 63
2017524 192
2018036 448
2018552 768
2019064 1023
2019580 1023
2020092 1023
2020608 1023
2021120 1023
2021636 927
2022148 560
2022664 159
2023176 60
2023692 163
2024204 391
2024724 704
2025232 992
2025752 1023
2026264 1023
2026780 1023
2027292 1023
2027808 992
2028320 632
2028836 240
2029348 56
2029864 135
2030376 352
2030892 639
2031404 944
2031920 1023
2032432 1023
2032952 1023
2033460 1023
2033980 1023
2034492 704
2035008 304
2035520 48
2036036 120
2036548 304
2037064 582
2037576 896
2038092 1023
2038604 1023
2039120 1023
2039632 1023
2040148 1023
2040660 768
2041180 384
2041688 48
2042208 96
2042720 255
2043236 536
2043748 838
2044264 1023
2044776 1023
2045292 1023
2045804 1023
2046320 1023
2046832 824
2047348 448
2047860 63
2048376 79
2048888 224
2049404 480
2049916 785
2050432 1023
2050948 1023
2051460 1023
2051976 1023
2052488 1023
2053004 896
2053516 508
2054036 120
2054544 63
2055064 192
2055576 448
2056092 768
2056604 1023
2057120 1023
2057632 1023
2058148 1023
2058660 1023
2059176 960
2059688 572
2060204 192
2060716 60
2061232 159
2061744 384
2062264 704
2062772 992
2063292 1023
2063804 1023
2064320 1023
2064832 1023
2065348 992
2065860 636
2066376 240
2066888 56
2067404 131
2067916 352
2068432 636
2068944 931
2069460 1023
2069972 1023
2070492 1023
2071000 1023
2071520 1023
2072032 704
2072548 312
2073060 48
2073576 120
2074088 291
2074604 575
2075116 896
2075632 1023
2076144 1023
2076660 1023
2077172 1023
2077688 1023
2078200 768
2078720 384
2079228 48
2079748 96
2080260 255
2080776 527
2081288 831
2081804 1023
2082316 1023
2082832 1023
2083344 1023
2083860 1023
2084372 828
2084888 448
2085400 63
2085916 79
2086428 224
2086948 480
2087456 783
2087976 1023
2088488 1023
2089004 1023
2089516 1023
2090032 1023
2090544 896
2091060 508
2091572 124
2092088 63
2092600 192
2093116 448
2093628 768
2094144 1023
2094656 1023
2095176 1023
2095684 1023
2096204 1023
2096716 960
2097232 575
2097744 192
2098260 60
2098772 159
2099288 384
2099800 675
2100316 992
2100828 1023
2101344 1023
2101856 1023
2102372 1023
2102884 993
2103404 636
2103912 240
2104432 56
2104944 127
2105460 352
2105972 632
2106488 931
2107008 1023
2107524 1023
2108036 1023
2108552 807
2109064 415
2109580 62
2110092 96
2110608 240
2111120 496
2111636 799
2112148 1023
2112664 1023
2113176 1023
2113696 1023
2114204 1023
2114724 880
2115232 496
2115752 96
2116264 67
2116780 199
2117292 448
2117808 768
2118320 1023
2118836 1023
2119348 1023
2119864 1023
2120376 1023
2120892 920
2121404 543
2121924 152
2122432 62
2122952 176
2123460 399
2123980 704
2124492 993
2125008 1023
2125520 1023
2126036 1023
2126548 1023
2127064 992
2127576 624
2128092 224
2128604 56
2129120 140
2129632 352
2130152 639
2130660 960
2131180 1023
2131688 1023
2132208 1023
2132720 1023
2133236 1023
2133748 704
2134264 286
2134776 48
2135292 124
2135804 312
2136320 608
2136832 896
2137348 1023
2137860 1023
2138380 1023
2138888 1023
2139408 1023
2139916 768
2140436 352
2140948 48
2141464 112
2141976 271
2142492 543
2143004 864
2143520 1023
2144032 1023
2144548 1023
2145060 1023
2145580 1023
2146088 803
2146608 415
2147116 60
2147636 96
2148148 240
2148664 504
2149176 799
2149692 1023
2150204 1023
2150720 1023
2151232 1023
2151748 1023
2152260 896
2152776 480
2153288 96
2153808 67
2154316 195
2154836 448
2155344 768
2155864 1023
2156376 1023
2156892 1023
2157404 1023
2157920 1023
2158432 924
2158948 542
2159460 143
2159976 62
2160488 192
2161004 408
2161516 704
2162036 1008
2162544 1023
2163060 1023
2163572 1023
2164088 1023
2164604 974
2165116 608
2165632 224
2166144 56
2166664 143
2167172 353
2167692 647
2168200 960
2168720 1023
2169232 1023
2169748 1023
2170260 1023
2170776 1023
2171288 679
2171804 284
2172316 48
2172832 124
2173344 316
2173860 608
2174372 897
2174892 1023
2175400 1023
2175920 1023
2176428 1023
2176948 1023
2177460 768
2177976 352
2178488 48
2179004 112
2179516 271
2180032 543
2180544 864
2181060 1023
2181572 1023
2182088 1023
2182600 1023
2183120 1023
2183628 799
2184148 412
2184656 60
2185176 96
2185688 240
2186204 504
2186716 799
2187232 1023
2187744 1023
2188260 1023
2188772 1023
2189288 1023
2189800 880
2190316 480
2190828 96
2191348 67
2191856 195
2192376 448
2192884 768
2193404 1023
2193916 1023
2194432 1023
2194944 1023
2195460 1023
2195972 926
2196488 543
2197000 152
2197516 62
2198028 192
2198544 399
2199056 704
2199576 1008
2200084 1023
2200604 1023
2201112 1023
2201632 1023
2202144 975
2202660 608
2203172 224
2203688 56
2204200 143
2204716 384
2205228 639
2205744 960
2206256 1023
2206772 1023
2207284 1023
2207804 1023
2208312 1023
2208832 679
2209340 287
2209860 48
2210372 120
2210888 316
2211400 591
2211916 899
2212428 1023
2212944 1023
2213456 1023
2213972 1023
2214484 1023
2215000 768
2215512 352
2216032 48
2216540 97
2217060 271
2217568 543
2218088 864
2218600 1023
2219116 1023
2219628 1023
2220144 1023
2220656 1023
2221172 799
2221684 412
2222200 60
2222712 96
2223228 240
2223740 504
2224260 799
2224768 1023
2225288 1023
2225796 1023
2226316 1023
2226828 1023
2227344 864
2227856 481
2228372 96
2228884 67
2229400 199
2229912 448
2230428 768
2230940 1023
2231456 1023
2231968 1023
2232488 1023
2232996 1023
2233516 926
2234024 543
2234544 152
2235056 62
2235572 192
2236084 399
2236600 704
2237112 993
2237628 1023
2238140 1023
2238652 529
2239172 135
2239684 63
2240200 192
2240712 412
2241228 711
2241740 1008
2242256 1023
2242768 1023
2243284 1023
2243796 1023
2244312 960
2244824 590
2245340 192
2245852 56
2246372 152
2246880 384
2247400 668
2247912 963
2248428 1023
2248940 1023
2249456 1023
2249968 1023
2250484 1020
2250996 655
2251512 255
2252024 48
2252540 127
2253052 319
2253568 624
2254080 913
2254600 1023
2255108 1023
2255628 1023
2256140 1023
2256656 1023
2257168 768
2257684 327
2258196 48
2258712 112
2259224 284
2259740 568
2260252 864
2260768 1023
2261280 1023
2261796 1023
2262308 1023
2262828 1023
2263336 775
2263856 384
2264368 56
2264884 96
2265400 254
2265912 513
2266428 828
2266940 1023
2267460 1023
2267968 1023
2268488 1023
2268996 1023
2269516 839
2270028 451
2270544 71
2271056 71
2271572 224
2272084 480
2272600 771
2273112 1023
2273628 1023
2274140 1023
2274656 1023
2275168 1023
2275688 903
2276196 526
2276716 127
2277224 63
2277744 192
2278256 415
2278772 736
2279284 1016
2279800 1023
2280312 1023
2280828 1023
2281340 1023
2281856 960
2282368 583
2282884 192
2283396 56
2283916 156
2284424 384
2284944 671
2285452 967
2285972 1023
2286484 1023
2287000 1023
2287512 1023
2288028 1016
2288540 647
2289056 255
2289568 48
2290084 127
2290596 323
2291112 624
2291624 924
2292144 1023
2292652 1023
2293172 1023
2293680 1023
2294200 1023
2294712 736
2295228 319
2295740 48
2296256 112
2296768 286
2297284 568
2297796 880
2298312 1023
2298824 1023
2299340 1023
2299852 1023
2300372 1023
2300880 782
2301400 384
2301908 56
2302428 96
2302940 252
2303456 515
2303968 828
2304484 1023
2304996 1023
2305512 1023
2306024 1023
2306540 1023
2307052 835
2307568 448
2308080 76
2308600 71
2309108 224
2309628 480
2310136 769
2310656 1023
2311168 1023
2311684 1023
2312196 1023
2312712 1023
2313224 903
2313740 519
2314252 127
2314768 63
2315280 192
2315796 415
2316308 716
2316828 1020
2317336 1023
2317856 1023
2318364 1023
2318884 1023
2319396 960
2319912 583
2320424 192
2320940 60
2321452 156
2321968 384
2322480 670
2322996 967
2323508 1023
2324024 1023
2324536 1023
2325056 1023
2325564 1008
2326084 639
2326592 254
2327112 56
2327624 127
2328140 327
2328652 624
2329168 926
2329680 1023
2330196 1023
2330708 1023
2331224 1023
2331736 1023
2332252 711
2332764 319
2333284 48
2333792 112
2334312 287
2334820 572
2335340 896
2335852 1023
2336368 1023
2336880 1023
2337396 1023
2337908 1023
2338424 780
2338936 384
2339452 56
2339964 96
2340480 254
2340992 513
2341512 828
2342020 1023
2342540 1023
2343048 1023
2343568 1023
2344080 1023
2344596 831
2345108 448
2345624 67
2346136 71
2346652 224
2347164 480
2347680 775
2348192 1023
2348708 1023
2349220 1023
2349740 1023
2350248 1023
2350768 896
2351276 513
2351796 126
2352308 63
2352824 192
2353336 419
2353852 736
2354364 1022
2354880 1023
2355392 1023
2355908 1023
2356420 1023
2356936 960
2357448 583
2357968 192
2358476 60
2358996 158
2359504 384
2360024 671
2360536 967
2361052 1023
2361564 1023
2362080 1023
2362592 1023
2363108 1008
2363620 639
2364136 248
2364648 56
2365164 127
2365676 334
2366196 632
2366704 927
2367224 1023
2367732 1023
2368252 1023
2368764 1023
2369280 1023
2369792 707
2370316 560
2370832 159
2371344 60
2371860 163
2372372 391
2372888 704
2373400 992
2373916 1023
2374428 1023
2374944 1023
2375456 1023
2375976 992
2376484 624
2377004 224
2377516 56
2378032 135
2378544 352
2379060 639
2379572 960
2380088 1023
2380600 1023
2381116 1023
2381628 1023
2382144 1023
2382656 704
2383172 287
2383684 48
2384204 120
2384712 304
2385232 583
2385744 896
2386260 1023
2386772 1023
2387288 1023
2387800 1023
2388316 1023
2388828 768
2389344 384
2389856 48
2390372 96
2390884 255
2391400 540
2391912 839
2392432 1023
2392940 1023
2393460 1023
2393972 1023
2394488 1023
2395000 816
2395516 415
2396028 62
2396544 96
2397056 240
2397572 496
2398084 798
2398600 1023
2399112 1023
2399632 1023
2400140 1023
2400660 1023
2401172 896
2401688 496
2402200 112
2402716 63
2403228 192
2403744 448
2404256 768
2404772 1023
2405284 1023
2405800 1023
2406312 1023
2406828 1023
2407340 935
2407860 560
2408368 159
2408888 60
2409400 163
2409916 391
2410428 704
2410944 992
2411456 1023
2411972 1023
2412484 1023
2413000 1023
2413512 992
2414028 624
2414540 224
2415056 56
2415568 140
2416088 352
2416596 639
2417116 960
2417628 1023
2418144 1023
2418656 1023
2419172 1023
2419684 1023
2420200 704
2420712 287
2421228 48
2421740 120
2422256 312
2422768 590
2423284 896
2423796 1023
2424316 1023
2424824 1023
2425344 1023
2425856 1023
2426372 768
2426884 352
2427400 48
2427912 96
2428428 263
2428940 542
2429456 847
2429968 1023
2430484 1023
2430996 1023
2431512 1023
2432024 1023
2432544 799
2433052 415
2433572 60
2434084 96
2434600 240
2435112 496
2435628 799
2436140 1023
2436656 1023
2437168 1023
2437684 1023
2438196 1023
2438712 864
2439224 481
2439740 96
2440252 67
2440772 195
2441280 448
2441800 768
2442312 1023
2442828 1023
2443340 1023
2443856 1023
2444368 1023
2444884 927
2445396 560
2445912 159
2446424 62
2446940 163
2447452 398
2447968 704
2448484 992
2448996 1023
2449512 1023
2450024 1023
2450544 1023
2451052 992
2451572 609
2452080 224
2452600 56
2453112 142
2453628 353
2454140 639
2454656 960
2455168 1023
2455684 1023
2456196 1023
2456712 1023
2457224 1023
2457740 671
2458252 286
2458772 48
2459280 124
2459800 316
2460308 608
2460828 899
2461340 1023
2461856 1023
2462368 1023
2462884 1023
2463396 1023
2463912 768
2464424 352
2464940 48
2465452 96
2465968 270
2466480 543
2467000 864
2467508 1023
2468028 1023
2468536 1023
2469056 1023
2469568 1023
2470084 799
2470596 415
2471112 60
2471624 96
2472140 240
2472652 496
2473168 799
2473680 1023
2474196 1023
2474708 1023
2475228 1023
2475736 1023
2476256 864
2476764 480
2477284 96
2477796 67
2478312 199
2478824 448
2479340 768
2479852 1023
2480368 1023
2480880 1023
2481396 1023
2481908 1023
2482424 927
2482936 551
2483456 159
2483964 60
2484484 163
2484992 391
2485512 704
2486024 992
2486540 1023
2487052 1023
2487568 1023
2488080 1023
2488596 992
2489108 624
2489624 224
2490136 56
2490652 142
2491164 352
2491684 639
2492192 960
2492712 1023
2493220 1023
2493740 1023
2494252 1023
2494768 1023
2495280 671
2495796 280
2496308 48
2496824 124
2497336 316
2497852 608
2498364 899
2498880 1023
2499392 1023
2499912 1023
2500420 1023
2500940 1023
2501448 768
2501968 529
2502484 135
2502996 62
2503512 192
2504024 408
2504540 707
2505052 1008
2505568 1023
2506080 1023
2506596 1023
2507108 1023
2507628 967
2508136 608
2508656 206
2509168 56
2509684 143
2510196 384
2510712 655
2511224 960
2511740 1023
2512252 1023
2512768 1023
2513280 1023
2513796 1022
2514308 668
2514824 255
2515336 48
2515856 126
2516364 319
2516884 608
2517396 908
2517912 1023
2518424 1023
2518940 1023
2519452 1023
2519968 1023
2520480 768
2520996 334
2521508 48
2522024 112
2522540 280
2523052 560
2523568 864
2524080 1023
2524600 1023
2525108 1023
2525628 1023
2526136 1023
2526656 798
2527168 408
2527684 56
2528196 96
2528712 248
2529224 504
2529740 816
2530252 1023
2530768 1023
2531280 1023
2531796 1023
2532308 1023
2532828 864
2533336 480
2533856 96
2534364 71
2534884 224
2535396 451
2535912 768
2536424 1023
2536940 1023
2537452 1023
2537968 1023
2538480 1023
2538996 908
2539508 536
2540024 142
2540536 62
2541056 192
2541564 408
2542084 705
2542592 1008
2543112 1023
2543624 1023
2544140 1023
2544652 1023
2545168 972
2545680 608
2546196 224
2546708 56
2547224 143
2547736 384
2548252 652
2548764 960
2549284 1023
2549792 1023
2550312 1023
2550820 1023
2551340 1023
2551852 671
2552368 271
2552880 48
2553396 126
2553908 318
2554424 608
2554936 903
2555452 1023
2555964 1023
2556480 1023
2556992 1023
2557512 1023
2558020 768
2558540 335
2559048 48
2559568 112
2560080 271
2560596 551
2561108 864
2561624 1023
2562136 1023
2562652 1023
2563164 1023
2563680 1023
2564192 799
2564708 403
2565220 60
2565740 96
2566248 240
2566768 508
2567276 807
2567796 1023
2568308 1023
2568824 1023
2569336 1023
2569852 1023
2570364 864
2570880 480
2571392 96
2571908 71
2572420 199
2572936 451
2573448 768
2573968 1023
2574476 1023
2574996 1023
2575504 1023
2576024 1023
2576536 911
2577052 527
2577564 135
2578080 63
2578592 192
2579108 412
2579620 707
2580136 1008
2580648 1023
2581164 1023
2581676 1023
2582196 1023
2582704 967
2583224 608
2583732 224
2584252 56
2584764 143
2585280 384
2585792 654
2586308 960
2586820 1023
2587336 1023
2587848 1023
2588364 1023
2588876 1023
2589392 671
2589904 271
2590424 48
2590932 124
2591452 319
2591960 608
2592480 903
2592992 1023
2593508 1023
2594020 1023
2594536 1023
2595048 1023
2595564 768
2596076 334
2596592 48
2597104 112
2597620 280
2598132 560
2598652 864
2599160 1023
2599680 1023
2600188 1023
2600708 1023
2601220 1023
2601736 796
2602248 401
2602764 56
2603276 96
2603792 248
2604304 504
2604820 816
2605332 1023
2605848 1023
2606360 1023
2606880 1023
2607388 1023
2607908 864
2608416 480
2608936 96
2609448 67
2609964 199
2610476 448
2610992 768
2611504 1023
2612020 1023
2612532 1023
2613048 1023
2613560 1023
2614076 911
2614588 540
2615108 135
2615616 62
2616136 192
2616644 408
2617164 705
2617676 1008
2618192 1023
2618704 1023
2619220 1023
2619732 1023
2620248 967
2620760 608
2621276 224
2621788 56
2622304 143
2622816 384
2623336 654
2623844 960
2624364 1023
2624872 1023
2625392 1023
2625904 1023
2626420 1023
2626932 671
2627448 275
2627960 48
2628476 124
2628988 316
2629504 608
2630016 903
2630532 1023
2631044 1023
2631564 1023
2632072 1023
2632592 1023
2633100 768
