520 399
1032 152
1548 216
2060 255
2576 287
3088 286
3604 248
4116 176
4632 83
5144 7
5660 17
6172 56
6688 112
7196 176
7716 227
8224 255
8744 271
9252 248
9768 184
10280 99
10796 15
11308 14
11824 46
12336 97
12852 159
13364 224
13880 255
14392 286
14908 271
15420 231
15936 163
16448 88
16964 12
17472 15
17992 51
18500 112
19020 184
19528 243
20048 287
20556 312
21072 295
21580 248
22096 167
22608 71
23124 7
23632 24
24152 63
24668 124
25180 192
25696 240
26204 271
26724 280
27232 248
27752 188
28260 103
28776 15
29288 14
29804 39
30316 88
30832 152
31344 206
31860 248
32372 255
32888 255
33400 224
33916 159
34428 88
34944 15
35456 15
35972 48
36480 103
37000 167
37508 227
38028 271
38536 287
39056 284
39564 243
40080 179
40592 103
41108 24
41620 12
42136 39
42648 96
43164 159
43676 220
44192 255
44704 280
45220 255
45732 220
46248 143
46760 60
47276 7
47788 24
48304 63
48812 124
49332 184
49840 227
50360 254
50868 252
51384 220
51896 163
52412 96
52924 24
53440 14
53952 39
54468 96
54980 158
55496 220
56008 255
56524 286
57036 280
57552 240
58064 176
58580 96
59088 19
59608 15
60116 48
60636 103
61144 176
61660 238
62172 280
62688 295
63200 280
63716 225
64228 145
64744 56
65256 7
65772 28
66284 71
66800 127
67312 193
67828 248
68340 271
68856 255
69364 231
69884 159
70392 71
70912 7
71420 19
71940 60
72448 120
72964 184
73476 240
73992 271
74504 286
75020 255
75532 216
76048 135
76560 57
77076 7
77588 24
78104 71
78616 127
79132 199
79644 255
80160 300
80672 312
81188 286
81696 225
82216 135
82724 39
83244 7
83752 31
84268 79
84780 143
85296 207
85808 254
86324 280
86836 271
87352 231
87864 163
88380 78
88892 7
89408 17
89920 51
90436 103
90948 163
91464 220
91972 255
92492 255
93000 252
93520 204
94028 135
94544 63
95056 7
95572 24
96084 62
96600 120
97112 188
97628 241
98140 280
98656 287
99168 271
99684 224
100196 158
100712 79
101224 12
101740 15
102248 56
102768 112
103276 176
103796 231
104304 255
104824 280
105332 255
105848 199
106360 124
106876 35
107388 7
107904 31
108416 79
108932 142
109444 195
109960 240
110472 255
110988 248
111500 207
112016 143
112528 71
113044 7
113556 17
114072 56
114580 112
115100 177
115608 231
116128 271
116636 287
117152 271
117664 224
118180 152
118692 67
119208 7
119720 24
120236 63
120748 127
121264 199
121776 255
122292 287
122804 295
123320 255
123832 206
124348 120
124856 24
125376 7
125884 39
126404 92
126912 156
127428 216
127940 255
128456 271
128968 255
129484 216
129996 135
130512 39
131024 7
131540 31
132056 56
132576 112
133084 176
133604 231
134112 271
134632 287
135140 271
135656 224
136168 152
136684 67
137196 7
137712 24
138224 63
138740 127
139248 195
139764 255
140276 302
140792 312
141300 287
141820 227
142336 142
142848 39
143364 7
143872 31
144392 79
144900 143
145420 207
145928 255
146444 280
146956 271
147472 231
147984 159
148500 71
149012 7
149528 17
150040 56
150556 112
151068 176
151584 227
152096 255
152612 271
153124 255
153640 207
154148 135
154668 56
155176 7
155696 24
156204 63
156724 127
157232 195
157748 252
158260 287
158776 295
159288 275
159804 225
160316 152
160832 63
161344 7
161860 24
162372 63
162888 124
163400 192
163916 241
164428 271
164944 280
165456 248
165972 192
166480 103
167000 15
167508 14
168028 39
168536 92
169052 152
169564 206
170080 240
170592 255
171108 240
171620 199
172136 135
172648 63
173164 7
173676 24
174192 60
174704 120
175220 184
175732 240
176248 275
176756 287
177276 255
177784 220
178304 143
178812 63
179328 7
179840 24
180356 63
180868 126
181384 192
181896 248
182412 281
182924 287
183440 255
183952 199
184468 113
184980 24
185496 7
186008 39
186524 92
187032 152
187552 207
188060 254
188580 271
189088 255
189608 206
190116 127
190632 39
191144 7
191660 31
192172 78
192688 140
193200 199
193716 254
194228 284
194744 284
195256 254
195772 192
196284 113
196800 31
197312 7
197828 35
198340 88
198856 158
199364 224
199884 280
200392 312
200912 307
201420 255
201936 195
202448 99
202964 7
203476 15
203992 48
204504 103
205020 167
205532 227
206048 255
206560 280
207076 255
207588 207
208104 127
208616 39
209132 7
209640 30
210160 71
210668 127
211188 193
211696 241
212212 255
212724 255
213240 240
213752 184
214268 103
214780 31
215296 7
215808 35
216324 88
216836 153
217352 216
217864 255
218380 287
218892 287
219408 255
219916 199
220436 124
220944 39
221464 7
221972 31
222492 79
223000 143
223516 207
224028 255
224544 280
225056 271
225572 231
226084 159
226600 76
227112 7
227628 19
228140 56
228656 112
229168 167
229684 224
230196 248
230712 254
231224 227
231740 177
232248 112
232768 39
233276 7
233796 31
234304 79
234820 143
235332 206
235848 255
236360 284
236876 284
237388 252
237904 192
238416 113
238932 35
239444 7
239960 35
240472 92
240988 158
241500 220
242016 255
242524 287
243044 284
243552 240
244072 167
244580 78
245096 7
245608 19
246124 60
246636 120
247152 179
247664 231
248180 255
248692 271
249208 240
249720 177
250236 96
250748 7
251264 15
251776 48
252292 103
252800 167
253320 227
253828 255
254348 287
254856 271
255376 227
255884 159
256400 76
256912 7
257428 17
257940 60
258456 120
258968 192
259484 252
259996 295
260512 312
261024 295
261540 241
262052 159
262568 62
263080 7
263600 271
264108 280
264628 254
265136 199
265652 127
266164 48
266680 7
267192 28
267708 71
268220 135
268736 206
269248 255
269764 287
270276 295
270792 271
271304 224
271820 142
272332 56
272848 7
273356 28
273876 71
274384 135
274904 199
275412 248
275928 280
276440 271
276956 240
277468 176
277984 88
278496 7
279012 15
279524 48
280040 103
280552 159
281068 207
281580 248
282096 255
282608 240
283124 192
283632 127
284152 56
284660 7
285180 24
285688 63
286208 124
286716 192
287232 241
287744 280
288260 287
288772 255
289288 211
289800 135
290316 62
290828 7
291344 24
291856 63
292372 127
292884 192
293400 248
293912 280
294428 286
294940 255
295456 193
295964 112
296484 24
296992 12
297512 39
298020 92
298536 152
299048 209
299564 254
300076 255
300592 252
301104 199
301620 126
302132 39
302648 7
303160 31
303676 79
304188 142
304704 199
305216 254
305732 284
306240 284
306760 252
307268 192
307788 112
308296 31
308812 7
309324 35
309840 92
310352 159
310868 227
311376 284
311896 312
312412 305
312920 255
313440 192
313948 96
314468 7
314976 15
315496 56
316004 112
316520 176
317032 231
317548 270
318060 280
318576 255
319088 199
319604 120
320116 30
320632 7
321144 31
321660 79
322172 143
322688 199
323200 252
323716 271
324228 270
324744 231
325252 176
325772 96
326280 24
326800 14
327308 39
327824 96
328336 159
328852 225
329364 271
329880 295
330392 287
330908 255
331420 192
331936 112
332448 30
332964 7
333476 39
333992 92
334504 156
335020 216
335528 255
336048 280
336556 255
337076 224
337584 147
338100 60
338612 7
339128 24
339640 63
340156 124
340668 177
341184 224
341696 252
342212 252
342724 224
343240 167
343752 103
344268 31
344780 7
345296 35
345804 88
346324 152
346832 207
347352 255
347860 286
348380 284
348888 248
349404 188
349916 108
350432 31
350944 12
351460 39
351972 92
352488 158
353000 220
353516 255
354028 287
354544 280
355056 231
355572 159
356084 71
356600 7
357112 24
357628 60
358136 120
358656 184
359164 231
359684 255
360192 255
360708 231
361220 172
361736 88
362248 7
362764 15
363276 49
363792 103
364304 167
364820 227
365332 270
365848 287
366360 271
366876 227
367388 159
367904 71
368412 7
368932 19
369440 60
369960 120
370468 192
370984 255
371496 295
372012 312
372524 291
373040 240
373552 152
374068 56
374580 7
375096 28
375608 71
376124 135
376636 199
377152 252
377664 280
378180 271
378688 240
379208 167
379716 88
380236 7
380744 15
381264 48
381772 103
382288 163
382800 224
383316 255
383828 271
384344 255
384856 216
385372 143
385884 63
386400 7
386912 19
387428 60
387940 120
388456 188
388968 243
389484 284
389996 295
390512 280
391020 231
391540 163
392048 81
392568 7
393076 15
393592 56
394104 112
394620 176
395140 99
395652 14
396168 15
396676 46
397196 97
397704 159
398224 220
398732 255
399252 271
399760 252
400276 195
400788 120
401304 30
401816 7
402332 35
402844 88
403360 152
403872 211
404388 255
404900 284
405416 280
405928 248
406444 179
406956 99
407472 24
407984 14
408500 44
409008 99
409528 167
410036 231
410556 287
411064 312
411580 304
412092 255
412608 184
413120 88
413636 7
414148 17
414664 56
415176 115
415692 184
416204 231
416720 271
417232 280
417748 254
418260 193
418776 113
419284 24
419804 7
420312 35
420832 83
421340 143
421856 199
422368 248
422884 270
423396 255
423912 227
424424 167
424940 96
425452 24
425968 14
426480 39
426996 97
427508 159
428024 224
428536 271
429052 287
429564 287
430080 252
430588 192
431108 112
431616 31
432136 7
432644 35
433160 89
433672 153
434188 216
434700 255
435216 280
435728 255
436244 224
436756 152
437272 63
437784 7
438300 24
438812 63
439328 120
439840 177
440356 225
440868 252
441384 252
441892 224
442412 167
442920 97
443440 28
443948 12
444464 39
444976 88
445492 152
446004 216
446520 255
447032 286
447548 280
448060 243
448576 184
449088 99
449604 24
450116 14
450632 44
451144 99
451660 167
452168 227
452688 271
453196 287
453716 280
454224 231
454740 153
455252 62
455768 7
456280 24
456796 63
457308 127
457824 192
458336 240
458852 255
459364 255
459880 231
460392 167
460908 79
461420 7
461936 17
462444 56
462964 113
463472 177
463992 231
464500 271
465020 287
465528 255
466044 220
466556 143
467072 63
467584 7
468100 24
468612 63
469128 127
469640 199
470156 255
470668 300
471184 312
471696 287
472212 231
472724 143
473240 48
473752 7
474268 31
474776 78
475296 143
475804 206
476324 254
476832 280
477348 271
477860 231
478376 163
478888 79
479404 7
479916 15
480432 51
480944 103
481460 163
481972 220
482488 255
483000 255
483516 252
484028 207
484544 135
485052 63
485572 7
486080 24
486600 62
487108 120
487624 188
488132 241
488648 280
489156 287
489672 271
490184 227
490700 159
491208 79
491728 12
492244 15
492756 51
493272 112
493780 176
494300 231
494808 255
495328 280
495836 255
496352 199
496864 124
497380 33
497892 7
498408 31
498920 79
499436 142
499948 195
500464 240
500976 255
501492 248
502004 207
502520 143
503032 71
503548 7
504056 17
504576 56
505084 112
505604 176
506112 231
506632 271
507140 287
507656 271
508168 224
508684 152
509196 71
509712 7
510224 24
510740 63
511252 127
511768 195
512280 254
512796 287
513308 295
513824 255
514336 206
514852 120
515364 24
515880 7
516388 39
516908 92
517416 153
517936 216
518444 255
518960 271
519472 255
519988 211
520500 135
521016 39
521528 7
522044 31
522556 78
523072 142
523584 199
524100 254
524612 280
525128 280
525640 252
526156 192
526668 12
527176 39
527692 92
528204 152
528720 207
529232 248
529748 255
530260 240
530776 193
531288 127
531804 51
532316 7
532832 28
533344 63
533860 127
534372 192
534888 248
535400 280
535916 287
536424 255
536944 206
537452 127
537972 48
538480 7
538996 31
539508 79
540024 152
540536 220
541052 271
541564 295
542080 295
542592 255
543108 184
543616 92
544132 7
544640 15
545156 51
545664 108
546180 174
546692 227
547208 255
547716 271
548236 254
548752 195
549264 112
549780 19
550288 12
550808 39
551316 92
551836 158
552344 216
552860 255
553372 284
553888 273
554400 236
554916 167
555428 92
555944 15
556456 15
556972 48
557484 103
558000 176
558512 240
559028 286
559540 305
560056 295
560564 255
561084 184
561592 88
562112 7
562620 15
563140 56
563648 112
564164 176
564676 231
565192 271
565704 280
566220 255
566732 199
567248 120
567760 31
568276 7
568788 31
569304 79
569816 135
570332 192
570844 231
571360 255
571872 255
572388 224
572896 167
573416 96
573924 28
574444 14
574952 39
575468 92
575980 156
576496 220
577008 255
577524 287
578036 284
578552 248
579064 184
579580 112
580092 35
580608 7
581120 31
581636 81
582148 143
582664 207
583172 255
583692 280
584200 271
584720 231
585228 159
585744 71
586256 7
586772 19
587284 56
587800 112
588312 176
588828 224
589340 255
589856 255
590368 227
590884 167
591396 97
591912 24
592424 12
592940 39
593448 92
593968 156
594476 216
594996 255
595504 287
596024 280
596532 241
597048 176
597560 96
598076 15
598588 15
599104 48
599616 112
600132 184
600644 248
601160 287
601672 304
602188 287
602700 231
603216 152
603728 51
604244 7
604756 28
605272 71
605780 135
606300 199
606808 248
607328 271
607836 271
608352 231
608864 167
609380 78
609892 7
610408 19
610920 57
611436 120
611948 184
612464 236
612976 271
613492 284
614004 255
614520 211
615032 135
615548 56
616056 7
616576 24
617084 67
617604 127
618112 199
618628 255
619140 291
619656 304
620168 286
620684 231
621196 152
621712 56
622224 7
622740 28
623252 71
623768 135
624280 199
624796 248
625308 275
625824 271
626332 240
626852 174
627360 88
627880 7
628388 15
628908 48
629416 97
629932 158
630444 207
630960 248
631472 255
631988 243
632500 199
633016 135
633528 63
634044 7
634556 19
635072 56
635584 113
636100 179
636612 236
637128 271
637640 287
638156 271
638664 224
639184 156
639692 79
640212 15
640720 15
641236 51
641748 103
642264 167
642776 227
643292 255
643804 280
644320 255
644832 207
645348 127
645860 39
646376 7
646888 31
647404 78
647916 135
648432 195
648940 241
649460 255
649968 252
650488 207
650996 143
651512 63
652024 7
652540 24
653052 60
653568 120
654080 184
654596 240
655108 280
655624 287
656136 255
656652 216
657164 143
657680 60
658200 280
658708 255
659224 224
659736 152
660252 63
660764 7
661280 24
661792 63
662308 121
662820 184
663336 231
663848 255
664364 255
664876 224
665392 159
665904 88
666420 14
666932 15
667448 48
667956 103
668476 167
668984 225
669504 271
670012 287
670528 273
671040 231
671556 159
672068 79
672584 7
673096 17
673612 60
674124 124
674640 193
675152 255
675668 295
676180 305
676696 284
677208 224
677724 127
678232 35
678752 7
679260 31
679780 83
680288 145
680804 207
681316 255
681832 280
682344 255
682860 224
683372 152
683888 62
684400 7
684916 24
685428 63
685944 127
686456 192
686972 241
687484 271
688000 280
688508 255
689028 199
689536 127
690056 46
690564 7
691084 31
691592 79
692108 143
692620 207
693136 255
693648 295
694164 304
694676 280
695192 220
695704 135
696220 39
696732 7
697248 31
697760 79
698276 143
698788 207
699304 255
699816 280
700332 271
700840 231
701360 159
701868 76
702388 7
702896 17
703412 56
703924 108
704440 163
704952 216
705468 248
705980 255
706496 240
707008 192
707524 127
708036 56
708552 7
709064 24
709580 63
710092 127
710608 192
711116 248
711636 280
712144 287
712664 255
713172 216
713688 142
714200 63
714716 7
715228 24
715744 62
716256 120
716772 184
717284 240
717800 271
718312 280
718828 254
719340 193
719856 112
720368 24
720884 7
721392 35
721912 88
722420 152
722940 207
723448 248
723968 255
724476 248
724992 199
725504 127
726020 48
726532 7
727048 28
727560 71
728076 127
728588 195
729104 252
729616 281
730132 286
730644 255
731160 199
731672 124
732188 39
732700 7
733216 31
733724 88
734244 159
734752 225
735272 280
735780 312
736296 304
736808 255
737324 188
737836 92
738352 7
738864 15
739380 56
739892 112
740408 176
740920 231
741436 270
741948 280
742464 254
742976 195
743492 113
744000 24
744520 7
745028 39
745548 88
746056 152
746572 216
747084 255
747600 280
748112 271
748628 231
749136 167
749656 92
750172 15
750680 15
751200 48
751708 103
752228 172
752736 231
753256 280
753764 302
754284 291
754792 255
755308 188
755820 99
756336 15
756848 15
757364 48
757876 103
758392 167
758904 225
759420 255
759932 280
760448 255
760960 207
761476 127
761988 39
762504 7
763012 31
763532 71
764040 127
764560 188
765068 227
765584 254
766096 252
766612 224
767124 163
767640 96
768152 28
768668 14
769180 39
769696 92
770208 156
770724 216
771236 255
771752 287
772264 280
772780 248
773288 184
773808 103
774316 31
774836 7
775344 35
775860 88
776372 152
776888 216
777400 255
777916 284
778428 271
778944 231
779456 159
779972 71
780484 7
781000 24
781512 60
782028 120
782540 177
783056 231
783564 255
784084 255
784592 231
785112 167
785620 88
786140 12
786648 15
787164 48
787676 99
788192 167
788704 224
789220 255
789736 159
790248 220
790764 255
791276 271
791792 255
792304 216
792820 147
793328 71
793848 7
794356 19
794876 56
795384 120
795900 184
796412 240
796928 284
797440 295
797956 280
798468 231
798984 167
799496 88
800012 7
800524 15
801040 51
801552 112
802068 176
802580 231
803096 255
803604 280
804124 255
804632 199
805152 124
805660 33
806180 7
806688 31
807204 79
807716 135
808232 195
808744 236
809260 255
809772 248
810288 207
810800 152
811316 78
811828 14
812344 15
812856 51
813372 103
813884 167
814400 231
814912 271
815428 287
815936 271
816456 227
816964 159
817484 78
817992 7
818508 17
819020 56
819536 120
820048 184
820564 241
821076 280
821592 287
822104 255
822620 207
823132 127
823648 31
824160 7
824676 31
825184 81
825704 143
826220 206
826732 252
827248 271
827756 255
828276 216
828784 142
829304 51
829812 7
830328 28
830840 71
831356 127
831868 195
832384 248
832896 280
833412 284
833924 255
834440 199
834952 124
835468 39
835980 7
836496 31
837008 83
837524 152
838032 220
838552 271
839060 307
839580 312
840088 271
840608 206
841116 112
841632 15
842144 14
842660 39
843172 97
843688 159
844200 224
844716 255
845228 280
845744 255
846256 216
846772 135
847284 48
847800 7
848312 28
848828 63
849340 126
849856 184
850364 231
850884 255
851392 255
851912 240
852420 192
852936 115
853448 39
853964 7
854476 31
854992 79
855504 143
856020 207
856532 255
857048 287
857560 287
858076 255
858588 207
859104 127
859616 56
860132 7
860640 28
861160 71
861668 127
862188 195
862696 248
863212 275
863724 271
864240 240
864752 176
865268 92
865780 7
866296 15
866808 48
867324 99
867836 159
868352 216
868864 248
869380 255
869892 231
870408 188
870916 120
871436 48
871944 7
872464 28
872972 71
873492 127
874000 195
874516 252
875028 280
875544 286
876056 255
876572 199
877084 126
877600 44
878112 7
878628 31
879140 83
879656 152
880168 216
880684 255
881196 287
881712 287
882224 248
882740 176
883248 88
883768 7
884276 15
884796 56
885304 112
885820 176
886332 227
886848 255
887360 271
887876 248
888388 192
888904 103
889416 15
889932 14
890444 44
890960 97
891472 159
891988 224
892500 255
893016 286
893524 271
894044 231
894552 163
895072 83
895580 7
896096 15
896608 56
897124 112
897636 184
898152 248
898664 287
899180 312
899692 295
900208 248
900720 167
901236 71
901748 7
902264 24
902776 63
903292 124
903800 192
904320 241
904828 271
905348 280
905856 248
906376 188
906884 103
907400 15
907912 14
908428 39
908940 88
909456 145
909968 199
910484 248
910996 255
911512 255
912024 220
912540 159
913052 88
913568 15
914080 15
914596 48
915108 103
915624 167
916132 227
916652 271
917160 287
917680 280
918188 241
918704 177
919216 99
919732 28
920244 12
920760 39
921276 110
921784 174
922304 231
922812 255
923328 284
923840 255
924356 220
924868 147
925384 63
925896 7
926412 24
926924 63
927440 127
927952 192
928468 252
928980 287
929496 304
930008 287
930524 240
931032 159
931552 63
932060 7
932580 24
933088 63
933608 127
934116 192
934632 243
935144 271
935660 275
936172 248
936688 184
937200 99
937716 15
938228 15
938744 39
939256 94
939772 152
940284 199
940800 240
941308 255
941828 248
942336 207
942856 143
943364 71
943884 14
944392 15
944908 51
945420 108
945936 176
946448 231
946964 271
947476 287
947992 271
948504 227
949020 159
949532 88
950048 15
950560 15
951076 48
951588 103
952104 167
952616 224
953132 255
953640 281
954160 255
954668 216
955188 135
955696 48
956212 7
956724 28
957240 71
957752 127
958268 192
958780 240
959296 255
959808 255
960324 216
960836 152
961352 67
961864 7
962380 19
962892 56
963408 115
963916 179
964436 240
964944 271
965464 287
965972 255
966488 220
967000 145
967516 63
968028 7
968544 24
969056 67
969572 135
970084 207
970600 255
971112 304
971628 312
972140 280
972656 207
973168 120
973684 19
974192 12
974712 39
975220 96
975740 159
976248 220
976768 255
977276 280
977792 255
978304 216
978820 140
979332 48
979848 7
980360 28
980876 71
981388 127
981904 195
982416 248
982932 275
983444 280
983960 248
984472 192
984988 113
985500 35
986016 7
986524 35
987044 88
987552 152
988072 216
988580 255
989096 295
989608 295
990124 270
990636 207
991152 126
991664 35
992180 7
992692 33
993208 88
993720 152
994236 211
994748 255
995264 280
995776 270
996292 225
996800 156
997320 63
997828 7
998348 24
998856 60
999372 113
999884 167
1000400 220
1000912 248
1001428 254
1001940 231
1002456 184
1002968 120
1003484 46
1003996 7
1004512 30
1005024 71
1005540 135
1006052 199
1006568 252
1007076 284
1007596 287
1008104 255
1008624 199
1009132 127
1009652 51
1010160 7
1010676 28
1011188 71
1011704 127
1012216 195
1012732 248
1013244 280
1013760 280
1014272 248
1014788 184
1015300 97
1015816 14
1016328 15
1016844 46
1017356 97
1017872 159
1018384 216
1018900 255
1019408 255
1019928 241
1020436 192
1020956 112
1021464 31
1021980 7
1022492 33
1023008 83
1023520 145
1024036 207
1024548 255
1025064 286
1025576 284
1026092 248
1026604 185
1027120 103
1027632 25
1028148 12
1028660 39
1029176 97
1029684 167
1030204 240
1030712 287
1031232 312
1031740 304
1032256 254
1032768 176
1033284 71
1033796 7
1034312 24
1034824 62
1035340 124
1035852 188
1036368 240
1036880 271
1037396 280
1037908 248
1038424 192
1038936 103
1039452 14
1039960 14
1040480 39
1040988 96
1041508 159
1042016 216
1042536 255
1043044 280
1043560 255
1044072 225
1044588 159
1045100 79
1045616 12
1046128 15
1046644 56
1047152 112
1047672 179
1048188 240
1048700 281
1049216 300
1049724 287
1050244 248
1050752 176
1051272 92
1051780 7
1052296 15
