520 1023
1032 384
1552 655
2060 974
2580 1023
3088 1023
3608 1023
4120 1023
4636 1023
5148 1023
5664 1020
6176 632
6692 224
7204 56
7720 135
8232 352
8748 639
9260 960
9780 1023
10288 1023
10808 1023
11316 1023
11836 1023
12348 1023
12864 1023
13376 655
13892 252
14404 48
14920 127
15432 319
15948 624
16460 944
16976 1023
17488 1023
18004 1023
18516 1023
19032 1023
19544 1023
20060 1023
20576 670
21088 255
21604 48
22116 126
22636 319
23144 608
23664 927
24172 1023
24692 1023
25204 1023
25720 1023
26232 1023
26748 1023
27260 1023
27776 704
28288 287
28804 48
29316 120
29832 312
30344 588
30864 911
31372 1023
31892 1023
32400 1023
32920 1023
33432 1023
33948 1023
34460 1023
34976 711
35488 312
36004 48
36516 112
37032 287
37544 574
38060 896
38572 1023
39092 1023
39600 1023
40120 1023
40628 1023
41148 1023
41660 1023
42176 736
42688 319
43204 48
43716 112
44232 286
44744 568
45260 896
45772 1023
46288 1023
46800 1023
47320 1023
47828 1023
48348 1023
48856 1023
49376 768
49888 352
50404 48
50916 97
51432 271
51944 543
52460 880
52972 1023
53488 1023
54000 1023
54516 1023
55028 1023
55548 1023
56056 1023
56576 768
57084 384
57604 48
58116 96
58632 255
59144 527
59660 864
60172 1023
60688 1023
61200 1023
61716 1023
62228 1023
62744 1023
63256 1023
63776 775
64284 384
64804 48
65312 96
65832 255
66344 519
66860 844
67372 1023
67888 1023
68400 1023
68916 1023
69428 1023
69944 1023
70456 1023
70972 799
71484 399
72004 56
72512 96
73032 248
73540 508
74060 828
74572 1023
75088 1023
75600 1023
76116 1023
76628 1023
77144 1023
77656 1023
78172 824
78684 415
79200 56
79712 96
80232 240
80740 496
81260 816
81768 1023
82288 1023
82800 1023
83316 1023
83828 1023
84344 1023
84856 1023
85372 831
85884 448
86400 62
86912 79
87428 224
87940 480
88460 798
88968 1023
89488 1023
89996 1023
90516 1023
91028 1023
91544 1023
92056 1023
92572 864
93084 455
93600 71
94112 71
94628 224
95140 455
95656 775
96168 1023
96688 1023
97196 1023
97716 1023
98224 1023
98744 1023
99256 1023
99772 896
100284 480
100800 79
101312 71
101828 199
102340 448
102856 768
103368 1023
103884 1023
104396 1023
104916 1023
105424 1023
105944 1023
106452 1023
106972 896
107484 496
108000 97
108512 63
109028 192
109540 448
110056 768
110568 1023
111084 1023
111596 1023
112112 1023
112624 1023
113144 1023
113652 1023
114172 924
114680 519
115200 124
115712 63
116228 192
116740 415
117256 736
117768 1023
118284 1023
118796 1023
119312 1023
119824 1023
120340 1023
120852 1023
121372 927
121880 527
122400 127
122908 63
123428 192
123940 408
124456 716
124968 1023
125484 1023
125996 1023
126512 1023
127024 1023
127540 1023
128052 1023
128568 960
129080 560
129600 156
130108 60
130628 163
131136 387
131656 704
132172 1023
132684 1023
133200 1023
133712 1023
134232 1023
134740 839
135260 448
135768 63
136288 79
136800 224
137316 480
137828 796
138344 1023
138856 1023
139372 1023
139884 1023
140400 1023
140912 1023
141428 1023
141940 864
142460 449
142968 67
143488 71
143996 224
144516 480
145028 775
145544 1023
146056 1023
146572 1023
147084 1023
147600 1023
148112 1023
148628 1023
149140 864
149656 455
150168 71
150688 71
151196 224
151716 460
152224 771
152744 1023
153256 1023
153772 1023
154284 1023
154800 1023
155312 1023
155828 1023
156340 896
156856 480
157368 96
157884 67
158396 193
158916 448
159424 768
159944 1023
160452 1023
160972 1023
161484 1023
162000 1023
162512 1023
163028 1023
163540 902
164056 496
164568 96
165084 63
165596 192
166112 448
166624 768
167140 1023
167652 1023
168168 1023
168680 1023
169196 1023
169712 1023
170224 1023
170740 903
171252 508
171772 112
172280 63
172800 192
173308 419
173828 768
174340 1023
174856 1023
175368 1023
175884 1023
176396 1023
176912 1023
177424 1023
177940 927
178452 527
178968 127
179480 63
180000 192
180508 412
181028 736
181536 1023
182056 1023
182568 1023
183084 1023
183596 1023
184112 1023
184624 1023
185140 960
185652 543
186168 135
186680 62
187196 192
187708 399
188228 707
188736 1023
189256 1023
189764 1023
190284 1023
190796 1023
191312 1023
191824 1023
192340 960
192852 560
193368 156
193880 60
194396 163
194908 387
195424 704
195936 1020
196456 1023
196964 1023
197484 1023
197992 1023
198512 1023
199024 1023
199540 992
200052 579
200568 192
201080 60
201596 158
202108 384
202624 678
203136 1008
203652 1023
204164 1023
204684 1023
205192 1023
205712 1023
206220 1023
206740 992
207252 590
207768 192
208280 60
208796 156
209308 384
209824 671
210336 993
210852 1023
211364 1023
211880 1023
212392 1023
212912 1023
213420 1023
213940 1008
214448 608
214968 199
215480 56
215996 143
216508 384
217024 655
217536 992
218052 1023
218564 1023
219080 1023
219592 1023
220108 1023
220620 1023
221140 1022
221648 636
222168 224
222676 56
223196 135
223708 352
224224 639
224736 963
225252 1023
225764 1023
226280 1023
226792 1023
227308 1023
227820 1023
228336 1023
228848 638
229368 224
229876 56
230396 135
230904 352
231424 639
231936 960
232452 1023
232964 1023
233480 1023
233992 1023
234508 1023
235020 1023
235536 1023
236048 655
236564 252
237076 48
237596 127
238104 327
238624 632
239132 960
239652 1023
240164 1023
240680 1023
241192 1023
241708 1023
242220 1023
242736 1023
243248 671
243764 255
244276 48
244792 127
245304 319
245824 609
246332 931
246852 1023
247360 1023
247880 1023
248392 1023
248908 1023
249420 1023
249936 1023
250448 675
250964 263
251476 48
251992 124
252504 316
253020 608
253532 926
254052 1023
254560 1023
255080 1023
255588 1023
256108 1023
256620 1023
257136 1023
257648 704
258164 287
258676 48
259192 120
259704 304
260220 583
260732 908
261248 1023
261760 1023
262280 1023
262788 1023
263308 1023
263828 67
264340 71
264856 224
265368 480
265884 783
266396 1023
266912 1023
267424 1023
267940 1023
268452 1023
268968 1023
269480 1023
270000 880
270508 480
271028 71
271540 71
272056 224
272568 455
273084 771
273596 1023
274112 1023
274624 1023
275140 1023
275652 1023
276168 1023
276680 1023
277196 896
277708 480
278228 96
278736 67
279256 199
279768 448
280284 768
280796 1023
281312 1023
281824 1023
282340 1023
282852 1023
283368 1023
283880 1023
284396 897
284908 504
285424 112
285936 63
286456 192
286964 448
287484 768
287996 1023
288512 1023
289024 1023
289540 1023
290056 1023
290568 1023
291084 1023
291596 908
292112 508
292624 112
293144 63
293652 192
294172 448
294684 768
295200 1023
295712 1023
296228 1023
296740 1023
297256 1023
297768 1023
298284 1023
298796 924
299312 518
299824 126
300340 63
300852 192
301372 415
301880 736
302400 1023
302912 1023
303428 1023
303940 1023
304456 1023
304968 1023
305484 1023
305996 960
306512 543
307024 143
307540 62
308052 176
308568 399
309080 704
309600 1023
310108 1023
310628 1023
311140 1023
311656 1023
312168 1023
312684 1023
313196 960
313712 550
314224 152
314740 62
315252 163
315768 391
316280 704
316796 1023
317308 1023
317828 1023
318336 1023
318856 1023
319368 1023
319884 1023
320396 967
320912 572
321424 192
321940 60
322452 159
322968 384
323480 704
323996 1008
324508 1023
325024 1023
325536 1023
326056 1023
326564 1023
327084 1023
327596 992
328112 591
328624 192
329140 60
329652 152
330168 384
330680 670
331196 992
331708 1023
332224 1023
332736 1023
333252 1023
333764 1023
334284 1023
334792 993
335312 608
335824 192
336340 56
336852 145
337368 384
337880 664
338396 992
338908 1023
339424 1023
339936 1023
340452 1023
340964 1023
341480 1023
341992 1016
342512 624
343020 224
343540 56
344052 135
344568 352
345080 639
345596 972
346108 1023
346624 1023
347136 1023
347652 1023
348164 1023
348680 1023
349192 1023
349708 638
350220 225
350740 56
351248 135
351768 352
352280 638
352796 960
353308 1023
353824 1023
354336 1023
354852 1023
355364 1023
355880 1023
356392 1023
356908 639
357420 240
357936 56
358448 127
358968 335
359476 632
359996 960
360508 1023
361024 1023
361536 1023
362052 1023
362564 1023
363080 1023
363592 1023
364108 668
364620 255
365136 48
365648 126
366164 319
366676 608
367196 931
367704 1023
368224 1023
368736 1023
369252 1023
369764 1023
370280 1023
370792 1023
371308 675
371820 271
372336 48
372848 124
373364 316
373876 608
374392 926
374904 1023
375424 1023
375932 1023
376452 1023
376964 1023
377480 1023
377992 1023
378508 704
379020 287
379536 48
380048 120
380564 304
381076 583
381592 910
382104 1023
382620 1023
383132 1023
383652 1023
384160 1023
384680 1023
385192 1023
385708 716
386220 316
386736 48
387248 112
387764 287
388276 572
388792 896
389304 1023
389820 1023
390332 1023
390848 1023
391360 1023
391880 1023
392388 1023
392908 768
393420 319
393936 48
394448 112
394964 286
395488 935
396004 1023
396516 1023
397032 1023
397544 1023
398064 1023
398572 1023
399092 1023
399600 679
400120 271
400632 48
401148 124
401664 316
402176 608
402692 926
403204 1023
403724 1023
404232 1023
404752 1023
405264 1023
405780 1023
406292 1023
406808 704
407320 287
407836 48
408348 120
408864 312
409376 588
409892 911
410404 1023
410920 1023
411432 1023
411952 1023
412460 1023
412980 1023
413492 1023
414008 704
414520 295
415036 48
415548 120
416064 304
416576 575
417092 903
417604 1023
418120 1023
418632 1023
419148 1023
419660 1023
420180 1023
420688 1023
421208 736
421720 318
422236 48
422748 112
423264 287
423776 572
424292 896
424804 1023
425320 1023
425832 1023
426348 1023
426860 1023
427376 1023
427888 1023
428408 768
428916 323
429436 48
429948 112
430464 284
430976 560
431492 896
432004 1023
432520 1023
433032 1023
433548 1023
434060 1023
434576 1023
435088 1023
435604 768
436116 352
436636 48
437144 112
437664 271
438176 547
438692 896
439204 1023
439720 1023
440232 1023
440748 1023
441260 1023
441776 1023
442288 1023
442804 768
443316 384
443832 48
444344 96
444864 255
445372 536
445892 864
446404 1023
446920 1023
447432 1023
447948 1023
448460 1023
448976 1023
449488 1023
450004 775
450516 384
451032 48
451544 96
452060 255
452572 527
453092 864
453600 1023
454120 1023
454632 1023
455148 1023
455660 1023
456176 1023
456688 1023
457204 787
457716 384
458232 48
458744 96
459260 252
459772 512
460288 831
460800 1023
461320 1023
461828 1023
462348 1023
462860 1023
463376 1023
463888 1023
464404 816
464916 403
465432 56
465944 96
466460 240
466972 504
467488 828
468000 1023
468516 1023
469028 1023
469548 1023
470056 1023
470576 1023
471088 1023
471604 824
472116 412
472632 56
473144 96
473660 240
474172 504
474688 824
475200 1023
475716 1023
476228 1023
476744 1023
477256 1023
477776 1023
478284 1023
478804 831
479316 448
479832 62
480344 79
480860 224
481372 480
481888 799
482400 1023
482916 1023
483428 1023
483944 1023
484456 1023
484972 1023
485484 1023
486004 864
486512 448
487032 63
487544 76
488060 224
488572 480
489088 792
489600 1023
490116 1023
490628 1023
491144 1023
491656 1023
492172 1023
492684 1023
493200 864
493712 448
494232 63
494740 71
495260 224
495772 480
496288 783
496800 1023
497316 1023
497828 1023
498344 1023
498856 1023
499372 1023
499884 1023
500400 896
500912 480
501432 79
501940 71
502460 206
502968 451
503488 769
504000 1023
504516 1023
505028 1023
505544 1023
506056 1023
506572 1023
507084 1023
507600 896
508112 480
508628 96
509140 67
509656 199
510168 448
510688 768
511196 1023
511716 1023
512228 1023
512744 1023
513256 1023
513772 1023
514284 1023
514800 896
515312 496
515828 96
516340 67
516856 193
517368 448
517884 768
518400 1023
518912 1023
519428 1023
519940 1023
520460 1023
520968 1023
521488 1023
521996 911
522516 508
523028 120
523544 63
524056 192
524572 448
525084 768
525600 1023
526112 1023
526628 1023
527148 1023
527660 1023
528176 1023
528688 1023
529204 1023
529716 704
530232 271
530744 48
531260 124
531772 316
532292 608
532800 926
533320 1023
533832 1023
534348 1023
534860 1023
535376 1023
535888 1023
536404 1023
536916 704
537432 286
537944 48
538460 120
538972 312
539488 591
540000 911
540520 1023
541028 1023
541548 1023
542060 1023
542576 1023
543088 1023
543604 1023
544116 704
544632 287
545144 48
545660 120
546172 304
546688 583
547200 908
547716 1023
548228 1023
548748 1023
549256 1023
549776 1023
550288 1023
550804 1023
551316 736
551832 316
552344 48
552860 112
553372 287
553888 572
554400 896
554916 1023
555428 1023
555944 1023
556456 1023
556976 1023
557484 1023
558004 1023
558516 768
559032 319
559544 48
560060 112
560572 284
561088 568
561600 896
562116 1023
562628 1023
563144 1023
563656 1023
564172 1023
564684 1023
565204 1023
565712 768
566232 334
566744 48
567260 112
567772 271
568288 551
568800 896
569316 1023
569828 1023
570344 1023
570856 1023
571372 1023
571884 1023
572400 1023
572912 768
573432 352
573940 48
574460 96
574972 255
575488 540
576000 864
576516 1023
577028 1023
577544 1023
578056 1023
578572 1023
579084 1023
579600 1023
580112 775
580628 384
581140 48
581660 96
582168 255
582688 529
583200 864
583716 1023
584228 1023
584744 1023
585256 1023
585772 1023
586284 1023
586800 1023
587312 792
587828 384
588340 48
588856 96
589368 252
589888 515
590396 831
590916 1023
591428 1023
591944 1023
592456 1023
592972 1023
593484 1023
594000 1023
594512 816
595028 399
595540 56
596056 96
596568 248
597084 508
597596 828
598116 1023
598624 1023
599144 1023
599656 1023
600172 1023
600684 1023
601200 1023
601712 816
602228 399
602740 56
603256 96
603768 240
604284 504
604796 824
605312 1023
605824 1023
606344 1023
606852 1023
607372 1023
607884 1023
608400 1023
608912 831
609428 419
609940 60
610456 96
610968 224
611484 496
611996 799
612512 1023
613024 1023
613540 1023
614052 1023
614572 1023
615080 1023
615600 1023
616112 847
616628 448
617140 63
617656 79
618168 224
618684 480
619196 796
619712 1023
620224 1023
620740 1023
621252 1023
621768 1023
622280 1023
622796 1023
623308 847
623824 448
624340 63
624852 76
625368 224
625880 480
626396 792
626908 1023
627428 1023
627936 1023
628456 1023
628968 1023
629484 1023
629996 1023
630512 880
631024 480
631540 71
632052 71
632568 224
633080 455
633596 775
634108 1023
634624 1023
635136 1023
635656 1023
636164 1023
636684 1023
637196 1023
637712 896
638224 480
638740 79
639252 71
639768 199
640280 448
640796 768
641308 1023
641824 1023
642336 1023
642852 1023
643364 1023
643884 1023
644392 1023
644912 896
645424 481
645940 96
646452 67
646968 195
647480 448
647996 768
648508 1023
649024 1023
649536 1023
650052 1023
650564 1023
651080 1023
651592 1023
652112 908
652620 508
653140 112
653652 63
654168 192
654680 448
655196 768
655708 1023
656224 1023
656736 1023
657252 1023
657764 1023
658280 1023
658800 240
659316 508
659828 824
660344 1023
660856 1023
661372 1023
661884 1023
662404 1023
662912 1023
663432 1023
663944 830
664460 415
664972 60
665488 96
666000 225
666516 496
667028 803
667544 1023
668056 1023
668572 1023
669084 1023
669600 1023
670112 1023
670632 1023
671140 864
671660 448
672172 63
672688 78
673200 224
673716 480
674228 792
674744 1023
675256 1023
675772 1023
676284 1023
676800 1023
677312 1023
677828 1023
678340 864
678860 448
679368 63
679888 76
680400 224
680916 480
681428 783
681944 1023
682456 1023
682972 1023
683484 1023
684000 1023
684512 1023
685028 1023
685540 896
686056 480
686568 79
687088 71
687596 204
688116 455
688628 768
689144 1023
689656 1023
690172 1023
690684 1023
691200 1023
691712 1023
692228 1023
692740 896
693256 480
693768 96
694288 67
694796 195
695316 448
695828 768
696344 1023
696856 1023
697372 1023
697884 1023
698400 1023
698912 1023
699428 1023
699940 896
700456 496
700968 96
701484 63
701996 192
702516 448
703024 768
703544 1023
704056 1023
704572 1023
705084 1023
705600 1023
706112 1023
706628 1023
707140 911
707656 510
708168 120
708684 63
709196 192
709712 423
710224 768
710740 1023
711252 1023
711768 1023
712284 1023
712796 1023
713312 1023
713824 1023
714340 926
714852 519
715372 124
715880 63
716400 192
716912 415
717428 768
717940 1023
718456 1023
718968 1023
719484 1023
719996 1023
720512 1023
721024 1023
721540 927
722052 536
722568 127
723080 62
723600 192
724108 403
724628 711
725140 1023
725656 1023
726168 1023
726684 1023
727196 1023
727712 1023
728224 1023
728740 960
729252 560
729768 156
730280 60
730796 163
731308 387
731828 704
732336 1022
732856 1023
733368 1023
733884 1023
734396 1023
734912 1023
735424 1023
735940 967
736452 572
736968 159
737480 60
737996 159
738508 384
739024 704
739536 1016
740056 1023
740564 1023
741084 1023
741596 1023
742112 1023
742624 1023
743140 992
743652 583
744168 192
744680 60
745196 156
745708 384
746224 671
746736 993
747252 1023
747764 1023
748284 1023
748792 1023
749312 1023
749824 1023
750340 1008
750852 608
751368 199
751880 56
752396 143
752908 384
753424 655
753936 992
754452 1023
754964 1023
755480 1023
755992 1023
756512 1023
757020 1023
757540 1016
758052 624
758568 224
759080 56
759596 143
760108 352
760624 652
761136 974
761652 1023
762164 1023
762680 1023
763192 1023
763708 1023
764220 1023
764740 1023
765248 639
765768 240
766280 56
766796 131
767308 352
767824 638
768336 960
768852 1023
769364 1023
769880 1023
770392 1023
770908 1023
771420 1023
771936 1023
772448 655
772968 248
773476 48
773996 127
774508 327
775024 632
775536 960
776052 1023
776564 1023
777080 1023
777592 1023
778108 1023
778620 1023
779136 1023
779648 657
780164 252
780676 48
781196 127
781704 319
782224 624
782736 944
783252 1023
783764 1023
784280 1023
784792 1023
785308 1023
785820 1023
786336 1023
786848 679
787364 271
787876 48
788392 124
788904 316
789424 608
789932 927
790452 143
790964 384
791480 655
791992 992
792508 1023
793020 1023
793536 1023
794048 1023
794564 1023
795076 1023
795592 1023
796104 632
796624 224
797132 56
797652 135
798160 352
798680 639
799192 967
799708 1023
800220 1023
800736 1023
801248 1023
801764 1023
802276 1023
802792 1023
803304 636
803824 224
804332 56
804852 135
805360 352
805880 639
806392 961
806908 1023
807420 1023
807936 1023
808448 1023
808964 1023
809476 1023
809992 1023
810504 647
811020 248
811532 56
812052 127
812560 327
813080 632
813588 960
814108 1023
814620 1023
815136 1023
815648 1023
816164 1023
816676 1023
817192 1023
817704 664
818220 254
818732 48
819248 127
819760 319
820280 624
820788 960
821308 1023
821816 1023
822336 1023
822848 1023
823364 1023
823876 1023
824392 1023
824904 671
825420 255
825932 48
826448 126
826960 319
827476 609
827988 931
828508 1023
829016 1023
829536 1023
830044 1023
830564 1023
831076 1023
831592 1023
832104 704
832620 280
833132 48
833648 124
834160 312
834676 608
835188 920
835704 1023
836216 1023
836736 1023
837244 1023
837764 1023
838272 1023
838792 1023
839304 704
839820 287
840332 48
840848 120
841360 304
841876 590
842388 911
842904 1023
843416 1023
843932 1023
844444 1023
844964 1023
845472 1023
845992 1023
846500 711
847020 304
847532 48
848048 120
848560 287
849076 575
849588 897
850104 1023
850616 1023
851132 1023
851644 1023
852160 1023
852672 1023
853192 1023
853700 768
854220 319
854728 48
855248 112
855760 284
856276 568
856788 896
857304 1023
857816 1023
858332 1023
858844 1023
859360 1023
859872 1023
860388 1023
860900 768
861420 327
861928 48
862448 112
862956 280
863476 560
863988 896
864504 1023
865016 1023
865532 1023
866044 1023
866560 1023
867072 1023
867588 1023
868100 768
868616 352
869128 48
869648 97
870156 511
870676 543
871184 864
871704 1023
872216 1023
872732 1023
873244 1023
873760 1023
874272 1023
874788 1023
875300 775
875816 384
876328 48
876844 96
877356 255
877876 527
878384 864
878904 1023
879412 1023
879932 1023
880444 1023
880960 1023
881472 1023
881988 1023
882500 782
883016 384
883528 48
884044 96
884556 255
885072 526
885584 846
886104 1023
886612 1023
887132 1023
887640 1023
888160 1023
888672 1023
889188 1023
889700 799
890216 385
890728 56
891244 96
891756 248
892272 512
892784 831
893300 1023
893812 1023
894332 1023
894840 1023
895360 1023
895868 1023
896388 1023
896900 816
897416 399
897928 56
898444 96
898956 248
899472 508
899988 828
900500 1023
901016 1023
901528 1023
902048 1023
902556 1023
903076 1023
903584 1023
904104 816
904616 408
905132 56
905644 96
906160 240
906672 504
907188 824
907700 1023
908216 1023
908728 1023
909244 1023
909756 1023
910276 1023
910784 1023
911304 831
911812 448
912332 62
912844 79
913360 224
913872 480
914388 799
914900 1023
915416 1023
915928 1023
916444 1023
916956 1023
917472 1023
917984 1023
918504 847
919012 448
919532 62
920040 78
920560 224
921072 480
921588 796
922108 120
922624 304
923136 583
923652 911
924164 1023
924684 1023
925192 1023
925712 1023
926224 1023
926740 1023
927252 1023
927768 736
928280 318
928796 48
929308 112
929824 287
930336 572
930852 896
931364 1023
931880 1023
932392 1023
932912 1023
933420 1023
933940 1023
934452 1023
934968 768
935480 319
935996 48
936508 112
937024 287
937536 568
938052 896
938564 1023
939080 1023
939592 1023
940108 1023
940620 1023
941140 1023
941648 1023
942168 768
942680 335
943196 48
943708 112
944224 271
944736 550
945252 896
945764 1023
946280 1023
946792 1023
947308 1023
947820 1023
948336 1023
948848 1023
949368 768
949876 352
950396 48
950908 96
951424 255
951936 540
952452 864
952964 1023
953480 1023
953992 1023
954508 1023
955020 1023
955536 1023
956048 1023
956568 768
957076 352
957596 48
958108 96
958624 255
959140 542
959652 864
960168 1023
960680 1023
961200 1023
961708 1023
962228 1023
962736 1023
963256 1023
963768 783
964284 384
964796 48
965312 96
965824 254
966340 524
966852 844
967368 1023
967880 1023
968396 1023
968908 1023
969428 1023
969936 1023
970456 1023
970964 799
971484 384
971996 48
972512 96
973024 252
973540 513
974052 831
974568 1023
975080 1023
975596 1023
976108 1023
976624 1023
977136 1023
977656 1023
978164 799
978684 387
979192 56
979712 96
980224 248
980740 511
981252 831
981768 1023
982280 1023
982796 1023
983308 1023
983824 1023
984336 1023
984852 1023
985364 828
985884 412
986392 56
986912 96
987420 240
987940 504
988452 816
988968 1023
989480 1023
989996 1023
990508 1023
991024 1023
991536 1023
992052 1023
992564 831
993080 415
993592 60
994112 96
994620 240
995140 496
995648 803
996168 1023
996680 1023
997196 1023
997708 1023
998224 1023
998736 1023
999252 1023
999764 839
1000280 448
1000792 62
1001308 79
1001820 224
1002340 480
1002848 798
1003368 1023
1003876 1023
1004396 1023
1004908 1023
1005424 1023
1005936 1023
1006452 1023
1006964 864
1007480 451
1007992 71
1008508 71
1009020 224
1009536 480
1010048 775
1010568 1023
1011076 1023
1011596 1023
1012104 1023
1012624 1023
1013136 1023
1013652 1023
1014164 896
1014680 455
1015192 71
1015708 71
1016220 224
1016736 460
1017248 774
1017764 1023
1018276 1023
1018796 1023
1019304 1023
1019824 1023
1020332 1023
1020852 1023
1021364 896
1021880 480
1022392 96
1022908 67
1023420 199
1023936 448
1024448 768
1024964 1023
1025476 1023
1025992 1023
1026504 1023
1027024 1023
1027532 1023
1028052 1023
1028560 903
1029080 504
1029592 112
1030108 63
1030620 192
1031136 448
1031648 768
1032164 1023
1032676 1023
1033192 1023
1033704 1023
1034220 1023
1034732 1023
1035252 1023
1035760 903
1036280 504
1036788 112
1037308 63
1037820 192
1038336 448
1038848 768
1039364 1023
1039876 1023
1040392 1023
1040904 1023
1041420 1023
1041932 1023
1042448 1023
1042960 924
1043480 515
1043988 124
1044508 63
1045016 192
1045536 415
1046048 768
1046564 1023
1047076 1023
1047592 1023
1048104 1023
1048620 1023
1049132 1023
1049648 1023
1050160 960
1050676 540
1051188 135
1051708 63
1052216 192
1052736 408
1053244 711
1053764 1023
1054280 830
1054792 415
1055308 56
1055820 96
1056340 240
1056848 496
1057368 816
1057880 1023
1058396 1023
1058908 1023
1059424 1023
1059936 1023
1060452 1023
1060964 1023
1061480 839
1061992 448
1062508 63
1063020 78
1063536 224
1064048 480
1064568 796
1065076 1023
1065596 1023
1066108 1023
1066624 1023
1067136 1023
1067652 1023
1068164 1023
1068680 864
1069192 451
1069708 63
1070220 71
1070736 224
1071248 480
1071764 783
1072276 1023
1072796 1023
1073304 1023
1073824 1023
1074336 1023
1074852 1023
1075364 1023
1075880 864
1076392 455
1076908 71
1077420 71
1077936 224
1078448 459
1078964 775
1079476 1023
1079992 1023
1080504 1023
1081024 1023
1081532 1023
1082052 1023
1082564 1023
1083080 896
1083592 480
1084108 96
1084620 67
1085136 199
1085648 448
1086164 768
1086676 1023
1087192 1023
1087704 1023
1088220 1023
1088732 1023
1089252 1023
1089760 1023
1090280 896
1090792 496
1091308 96
1091820 67
1092336 195
1092848 448
1093364 768
1093876 1023
1094392 1023
1094904 1023
1095420 1023
1095932 1023
1096448 1023
1096960 1023
1097480 897
1097988 496
1098508 112
1099020 63
1099536 192
1100052 448
1100564 768
1101080 1023
1101592 1023
1102112 1023
1102620 1023
1103140 1023
1103648 1023
1104168 1023
1104680 924
1105196 513
1105708 124
1106224 63
1106736 192
1107252 415
1107764 768
1108280 1023
1108792 1023
1109308 1023
1109820 1023
1110340 1023
1110848 1023
1111368 1023
1111876 927
1112396 519
1112908 124
1113424 63
1113936 192
1114452 415
1114964 736
1115480 1023
1115992 1023
1116508 1023
1117020 1023
1117536 1023
1118048 1023
1118568 1023
1119076 960
1119596 540
1120104 135
1120624 62
1121136 192
1121652 401
1122164 707
1122680 1023
1123192 1023
1123708 1023
1124220 1023
1124736 1023
1125248 1023
1125764 1023
1126276 960
1126796 560
1127304 158
1127824 60
1128332 159
1128852 391
1129364 704
1129880 1022
1130392 1023
1130908 1023
1131420 1023
1131936 1023
1132448 1023
1132964 1023
1133476 966
1133992 568
1134504 159
1135024 60
1135532 159
1136052 387
1136560 704
1137080 1020
1137592 1023
1138108 1023
1138620 1023
1139136 1023
1139648 1023
1140164 1023
1140676 992
1141192 575
1141704 192
1142220 60
1142732 158
1143252 384
1143760 675
1144280 1008
1144788 1023
1145308 1023
1145820 1023
1146336 1023
1146848 1023
1147364 1023
1147876 1008
1148392 608
1148904 192
1149420 56
1149932 152
1150448 384
1150960 670
1151480 992
1151988 1023
1152508 1023
1153016 1023
1153536 1023
1154048 1023
1154564 1023
1155076 1008
1155592 608
1156104 193
1156620 56
1157132 145
1157648 384
1158160 668
1158676 992
1159188 1023
1159708 1023
1160216 1023
1160736 1023
1161244 1023
1161764 1023
1162276 1020
1162792 624
1163304 224
1163820 56
1164332 140
1164848 352
1165360 647
1165876 975
1166388 1023
1166904 1023
1167416 1023
1167936 1023
1168444 1023
1168964 1023
1169472 1023
1169992 636
1170504 224
1171020 56
1171532 135
1172048 352
1172560 639
1173076 967
1173588 1023
1174104 1023
1174616 1023
1175132 1023
1175644 1023
1176164 1023
1176672 1023
1177192 638
1177700 240
1178220 56
1178732 127
1179248 352
1179760 638
1180276 960
1180788 1023
1181304 1023
1181816 1023
1182332 1023
1182844 1023
1183360 1023
1183872 1023
1184392 655
1184900 254
1185420 1023
1185936 1023
1186448 911
1186964 510
1187476 120
1187992 63
1188504 192
1189020 432
1189532 768
1190048 1023
1190560 1023
1191080 1023
1191588 1023
1192108 1023
1192616 1023
1193136 1023
1193648 920
1194164 512
1194676 120
1195192 63
1195704 192
1196220 423
1196732 768
1197248 1023
1197760 1023
1198276 1023
1198788 1023
1199308 1023
1199816 1023
1200336 1023
1200844 935
1201364 529
1201876 127
1202392 63
1202904 192
1203420 412
1203932 716
1204448 1023
1204960 1023
1205476 1023
1205988 1023
1206504 1023
1207016 1023
1207536 1023
1208044 960
1208564 543
1209072 143
1209592 62
1210104 176
1210620 399
1211132 704
1211648 1023
1212160 1023
1212676 1023
1213188 1023
1213704 1023
1214216 1023
1214732 1023
1215244 960
1215764 551
1216272 152
1216792 62
1217300 167
1217820 396
1218332 704
1218848 1023
1219364 1023
1219876 1023
1220392 1023
1220904 1023
1221424 1023
1221932 1023
1222452 963
1222964 574
1223480 159
1223992 60
1224508 159
1225020 384
1225536 704
1226048 1016
1226564 1023
1227076 1023
1227592 1023
1228104 1023
1228620 1023
1229132 1023
1229652 992
1230160 583
1230680 192
1231192 60
1231708 158
1232220 384
1232736 704
1233248 1008
1233764 1023
1234276 1023
1234792 1023
1235304 1023
1235820 1023
1236332 1023
1236848 992
1237360 583
1237880 192
1238388 60
1238908 156
1239420 384
1239936 671
1240448 1008
1240964 1023
1241476 1023
1241992 1023
1242504 1023
1243020 1023
1243532 1023
1244048 1008
1244560 609
1245076 199
1245588 56
1246108 143
1246616 384
1247136 655
1247648 992
1248164 1023
1248676 1023
1249192 1023
1249704 1023
1250220 1023
1250732 1023
1251248 1016
1251760 624
1252276 224
1252788 56
1253304 143
1253816 352
1254336 652
1254844 974
1255364 1023
1255876 1023
1256392 1023
1256904 1023
1257420 1023
1257932 1023
1258448 1022
1258960 636
1259476 224
1259988 56
1260504 135
1261016 352
1261532 639
1262044 960
1262564 1023
1263072 1023
1263592 1023
1264104 1023
1264620 1023
1265132 1023
1265648 1023
1266160 655
1266676 248
1267188 48
1267704 127
1268216 327
1268732 632
1269244 960
1269760 1023
1270272 1023
1270792 1023
1271300 1023
1271820 1023
1272332 1023
1272848 1023
1273360 664
1273876 252
1274388 48
1274904 127
1275416 319
1275932 624
1276444 960
1276960 1023
1277472 1023
1277988 1023
1278500 1023
1279020 1023
1279528 1023
1280048 1023
1280560 671
1281076 263
1281588 48
1282104 124
1282616 316
1283132 608
1283644 927
1284160 1023
1284672 1023
1285188 1023
1285700 1023
1286216 1023
1286728 1023
1287248 1023
1287756 704
1288276 287
1288788 48
1289304 120
1289816 312
1290332 591
1290844 911
1291360 1023
1291872 1023
1292388 1023
1292900 1023
1293416 1023
1293928 1023
1294444 1023
1294956 704
1295476 287
1295984 48
1296504 120
1297016 304
1297532 583
1298044 908
1298560 1023
1299072 1023
1299588 1023
1300100 1023
1300616 1023
1301128 1023
1301644 1023
1302156 736
1302672 312
1303184 48
1303704 112
1304212 287
1304732 575
1305244 896
1305760 1023
1306272 1023
1306788 1023
1307300 1023
1307816 1023
1308328 1023
1308844 1023
1309356 768
1309872 319
1310384 48
1310900 112
1311412 284
1311932 568
1312440 896
1312960 1023
1313472 1023
1313988 1023
1314500 1023
1315016 1023
1315528 1023
1316044 1023
1316556 768
1317076 960
1317592 540
1318104 135
1318624 62
1319132 192
1319652 401
1320160 707
1320680 1023
1321192 1023
1321708 1023
1322220 1023
1322736 1023
1323248 1023
1323764 1023
1324276 960
1324792 568
1325304 159
1325820 60
1326332 159
1326852 387
1327360 704
1327880 1022
1328388 1023
1328908 1023
1329420 1023
1329936 1023
1330448 1023
1330964 1023
1331476 975
1331992 574
1332504 167
1333020 60
1333532 159
1334048 384
1334560 704
1335080 1016
1335588 1023
1336108 1023
1336616 1023
1337136 1023
1337648 1023
1338164 1023
1338676 992
1339192 575
1339704 192
1340220 60
1340732 158
1341248 384
1341760 675
1342276 1008
1342788 1023
1343308 1023
1343816 1023
1344336 1023
1344844 1023
1345364 1023
1345876 1008
1346392 608
1346904 195
1347420 56
1347932 143
1348448 384
1348960 664
1349476 992
1349988 1023
1350504 1023
1351016 1023
1351536 1023
1352044 1023
1352564 1023
1353072 1016
1353592 608
1354104 199
1354620 56
1355132 143
1355648 384
1356160 655
1356676 992
1357188 1023
1357704 1023
1358216 1023
1358732 1023
1359244 1023
1359764 1023
1360272 1020
1360792 624
1361300 224
1361820 56
1362332 135
1362848 352
1363360 639
1363876 967
1364388 1023
1364904 1023
1365416 1023
1365932 1023
1366444 1023
1366960 1023
1367472 1023
1367992 639
1368500 248
1369020 56
1369528 127
1370048 335
1370560 632
1371076 960
1371588 1023
1372104 1023
1372616 1023
1373132 1023
1373644 1023
1374160 1023
1374672 1023
1375188 652
1375700 248
1376220 48
1376728 127
1377248 327
1377756 632
1378276 960
1378788 1023
1379304 1023
1379816 1023
1380332 1023
1380844 1023
1381360 1023
1381872 1023
1382388 671
1382900 255
1383416 48
1383928 126
1384448 319
1384956 608
1385476 931
1385984 1023
1386504 1023
1387016 1023
1387532 1023
1388044 1023
1388560 1023
1389072 1023
1389588 704
1390100 284
1390616 48
1391128 120
1391644 312
1392156 608
1392676 920
1393184 1023
1393704 1023
1394212 1023
1394732 1023
1395244 1023
1395760 1023
1396272 1023
1396788 704
1397300 286
1397816 48
1398328 120
1398844 312
1399356 591
1399872 920
1400384 1023
1400904 1023
1401412 1023
1401932 1023
1402440 1023
1402960 1023
1403472 1023
1403988 711
1404500 312
1405016 48
1405528 112
1406044 291
1406556 575
1407072 899
1407584 1023
1408100 1023
1408612 1023
1409132 1023
1409640 1023
1410160 1023
1410668 1023
1411188 736
1411700 316
1412216 48
1412732 112
1413244 287
1413760 574
1414272 896
1414788 1023
1415300 1023
1415820 1023
1416328 1023
1416848 1023
1417360 1023
1417876 1023
1418388 768
1418904 319
1419416 48
1419932 112
1420444 286
1420960 572
1421472 896
1421988 1023
1422500 1023
1423016 1023
1423528 1023
1424048 1023
1424556 1023
1425076 1023
1425588 768
1426104 352
1426616 48
1427132 112
1427644 271
1428160 550
1428672 896
1429188 1023
1429700 1023
1430216 1023
1430728 1023
1431244 1023
1431756 1023
1432276 1023
1432784 768
1433304 352
1433816 48
1434332 97
1434844 263
1435360 543
1435872 864
1436388 1023
1436900 1023
1437416 1023
1437928 1023
1438444 1023
1438956 1023
1439472 1023
1439984 768
1440504 384
1441012 48
1441532 96
1442044 255
1442560 536
1443072 864
1443588 1023
1444100 1023
1444616 1023
1445128 1023
1445644 1023
1446156 1023
1446672 1023
1447184 796
1447700 384
1448212 48
1448728 1023
1449244 1023
1449756 1023
1450272 1023
1450784 1023
1451304 711
1451812 312
1452332 48
1452840 112
1453360 287
1453872 575
1454388 896
1454900 1023
1455416 1023
1455928 1023
1456444 1023
1456956 1023
1457472 1023
1457984 1023
1458500 768
1459012 319
1459532 48
1460040 112
1460560 284
1461068 568
1461588 896
1462100 1023
1462616 1023
1463128 1023
1463644 1023
1464156 1023
1464672 1023
1465184 1023
1465700 768
1466212 352
1466728 48
1467240 112
1467760 271
1468268 543
1468788 896
1469296 1023
1469816 1023
1470328 1023
1470844 1023
1471356 1023
1471872 1023
1472384 1023
1472900 768
1473412 352
1473928 48
1474440 97
1474956 270
1475468 543
1475988 880
1476496 1023
1477016 1023
1477524 1023
1478044 1023
1478556 1023
1479072 1023
1479584 1023
1480100 771
1480612 384
1481128 48
1481640 96
1482156 255
1482668 527
1483184 864
1483696 1023
1484216 1023
1484724 1023
1485244 1023
1485756 1023
1486272 1023
1486784 1023
1487300 783
1487812 384
1488328 48
1488840 96
1489356 255
1489868 519
1490384 844
1490896 1023
1491416 1023
1491924 1023
1492440 1023
1492952 1023
1493468 1023
1493984 1023
1494496 798
1495012 384
1495524 48
1496044 96
1496552 248
1497072 512
1497580 831
1498100 1023
1498612 1023
1499128 1023
1499640 1023
1500156 1023
1500668 1023
1501184 1023
1501696 824
1502212 408
1502724 56
1503240 96
1503752 240
1504272 504
1504780 824
1505300 1023
1505808 1023
1506328 1023
1506840 1023
1507356 1023
1507868 1023
1508384 1023
1508896 830
1509412 415
1509924 56
1510440 96
1510952 240
1511468 496
1511980 807
1512500 1023
1513008 1023
1513528 1023
1514036 1023
1514556 1023
1515068 1023
1515584 1023
1516096 831
1516612 448
1517124 63
1517640 79
1518152 224
1518668 480
1519180 798
1519696 1023
1520208 1023
1520728 1023
1521236 1023
1521756 1023
1522264 1023
1522784 1023
1523296 864
1523812 451
1524324 71
1524840 71
1525352 224
1525868 480
1526380 775
1526896 1023
1527408 1023
1527924 1023
1528436 1023
1528956 1023
1529464 1023
1529984 1023
1530492 880
1531012 455
1531524 71
1532040 71
1532552 224
1533068 462
1533580 775
1534096 1023
1534608 1023
1535124 1023
1535636 1023
1536152 1023
1536664 1023
1537184 1023
1537692 896
1538212 480
1538720 96
1539240 71
1539752 195
1540268 448
1540780 768
1541296 1023
1541808 1023
1542324 1023
1542836 1023
1543352 1023
1543864 1023
1544380 1023
1544892 903
1545412 496
1545920 97
1546440 63
1546948 192
1547468 448
1547980 768
1548496 1023
1549008 1023
1549524 1023
1550036 1023
1550552 1023
1551064 1023
1551580 1023
1552092 903
1552608 504
1553120 112
1553640 63
1554148 192
1554668 448
1555176 768
1555696 1023
1556208 1023
1556724 1023
1557236 1023
1557752 1023
1558264 1023
1558780 1023
1559292 924
1559808 515
1560320 124
1560836 63
1561348 192
1561868 415
1562376 768
1562896 1023
1563404 1023
1563924 1023
1564436 1023
1564952 1023
1565464 1023
1565980 1023
1566492 935
1567008 527
1567520 127
1568036 63
1568548 192
1569064 414
1569576 736
1570096 1023
1570604 1023
1571124 1023
1571632 1023
1572152 1023
1572664 1023
1573180 1023
1573692 944
1574208 536
1574720 135
1575236 63
1575748 192
1576264 408
1576776 711
1577292 1023
1577804 1023
1578324 1023
1578832 1023
1579352 1023
1579860 1023
1580372 1023
1580892 1023
1581400 768
1581920 352
1582432 48
1582948 97
1583460 268
1583976 543
1584488 864
1585004 1023
1585516 1023
1586032 1023
1586544 1023
1587060 1023
1587572 1023
1588088 1023
1588600 771
1589120 384
1589628 48
1590148 96
1590660 255
1591176 531
1591688 864
1592204 1023
1592716 1023
1593232 1023
1593744 1023
1594260 1023
1594772 1023
1595288 1023
1595800 792
1596316 384
1596828 48
1597348 96
1597856 254
1598376 519
1598888 839
1599404 1023
1599916 1023
1600432 1023
1600944 1023
1601460 1023
1601972 1023
1602488 1023
1603000 792
1603516 384
1604028 48
1604544 96
1605056 252
1605576 515
1606088 831
1606604 1023
1607116 1023
1607632 1023
1608144 1023
1608660 1023
1609172 1023
1609688 1023
1610200 816
1610716 399
1611228 56
1611744 96
1612256 240
1612776 508
1613284 828
1613804 1023
1614316 1023
1614832 1023
1615344 1023
1615860 1023
1616372 1023
1616888 1023
1617400 828
1617916 412
1618428 56
1618944 96
1619456 240
1619972 504
1620484 816
1621004 1023
1621512 1023
1622032 1023
1622544 1023
1623060 1023
1623572 1023
1624088 1023
1624600 831
1625116 419
1625628 60
1626144 96
1626656 224
1627172 496
1627684 799
1628200 1023
1628712 1023
1629232 1023
1629740 1023
1630260 1023
1630772 1023
1631288 1023
1631800 864
1632316 448
1632828 63
1633344 78
1633856 224
1634372 480
1634884 783
1635400 1023
1635912 1023
1636428 1023
1636940 1023
1637460 1023
1637968 1023
1638488 1023
1639000 864
1639516 448
1640028 63
1640544 71
1641056 224
1641572 480
1642084 780
1642600 1023
1643112 1023
1643628 1023
1644140 1023
1644656 1023
1645168 1023
1645688 1023
1646196 896
1646716 480
1647228 96
1647744 71
1648256 199
1648772 451
1649284 768
1649800 1023
1650312 1023
1650828 1023
1651340 1023
1651856 1023
1652368 1023
1652884 1023
1653396 896
1653916 496
1654424 96
1654944 67
1655456 193
1655972 448
1656484 768
1657000 1023
1657512 1023
1658028 1023
1658540 1023
1659056 1023
1659568 1023
1660084 1023
1660596 897
1661112 496
1661624 96
1662144 63
1662652 192
1663172 448
1663684 768
1664200 1023
1664712 1023
1665228 1023
1665740 1023
1666256 1023
1666768 1023
1667284 1023
1667796 913
1668312 511
1668824 120
1669340 63
1669852 192
1670372 423
1670880 768
1671400 1023
1671912 1023
1672428 1023
1672940 1023
1673456 1023
1673968 1023
1674484 1023
1674996 931
1675512 527
1676024 127
1676540 63
1677052 192
1677568 415
1678080 736
1678600 1023
1679108 1023
1679628 1023
1680140 1023
1680656 1023
1681168 1023
1681684 1023
1682196 931
1682712 527
1683224 127
1683740 63
1684252 192
1684768 414
1685280 736
1685796 1023
1686308 1023
1686828 1023
1687336 1023
1687856 1023
1688368 1023
1688884 1023
1689396 960
1689912 551
1690424 152
1690940 62
1691452 163
1691968 391
1692480 704
1692996 1023
1693508 1023
1694024 1023
1694540 1023
1695052 1023
1695568 1023
1696080 1023
1696600 961
1697108 568
1697628 158
1698136 60
1698656 163
1699168 387
1699684 704
1700196 1020
1700712 1023
1701224 1023
1701740 1023
1702252 1023
1702768 1023
1703280 1023
1703796 967
1704308 574
1704828 163
1705336 60
1705856 159
1706364 384
1706884 704
1707396 1008
1707912 1023
1708424 1023
1708940 1023
1709452 1023
1709968 1023
1710480 1023
1710996 992
1711508 608
1712028 1023
1712544 1023
1713056 671
1713572 263
1714084 48
1714600 126
1715112 318
1715628 608
1716140 927
1716656 1023
1717168 1023
1717688 1023
1718196 1023
1718716 1023
1719224 1023
1719744 1023
1720256 704
1720772 271
1721284 48
1721800 124
1722312 316
1722828 608
1723340 924
1723856 1023
1724368 1023
1724884 1023
1725396 1023
1725916 1023
1726424 1023
1726944 1023
1727452 704
1727972 287
1728484 48
1729000 120
1729512 304
1730028 583
1730540 908
1731056 1023
1731568 1023
1732084 1023
1732596 1023
1733112 1023
1733624 1023
1734144 1023
1734652 736
1735172 312
1735680 48
1736200 112
1736712 287
1737228 574
1737740 896
1738256 1023
1738768 1023
1739284 1023
1739796 1023
1740312 1023
1740824 1023
1741340 1023
1741852 736
1742372 316
1742880 48
1743400 112
1743908 287
1744428 572
1744940 896
1745456 1023
1745968 1023
1746484 1023
1746996 1023
1747512 1023
1748024 1023
1748540 1023
1749052 768
1749568 332
1750080 48
1750600 112
1751108 271
1751628 560
1752136 896
1752656 1023
1753168 1023
1753684 1023
1754196 1023
1754712 1023
1755224 1023
1755740 1023
1756252 768
1756768 352
1757280 48
1757796 96
1758308 263
1758828 543
1759336 864
1759856 1023
1760364 1023
1760884 1023
1761396 1023
1761912 1023
1762424 1023
1762940 1023
1763452 768
1763968 352
1764480 48
1764996 96
1765508 255
1766024 542
1766536 864
1767056 1023
1767564 1023
1768084 1023
1768592 1023
1769112 1023
1769624 1023
1770140 1023
1770652 783
1771168 384
1771680 48
1772196 96
1772708 255
1773224 519
1773740 846
1774252 1023
1774768 1023
1775280 1023
1775800 1023
1776308 1023
1776828 1023
1777336 1023
1777856 796
1778368 384
1778884 48
1779396 96
1779912 252
1780424 513
1780940 831
1781452 1023
1781968 1023
1782480 1023
1782996 1023
1783508 1023
1784028 1023
1784536 1023
1785056 799
1785564 391
1786084 56
1786596 96
1787112 248
1787624 508
1788140 830
1788652 1023
1789168 1023
1789680 1023
1790196 1023
1790708 1023
1791224 1023
1791736 1023
1792256 824
1792764 415
1793284 56
1793792 96
1794312 240
1794824 496
1795340 816
1795852 1023
1796368 1023
1796880 1023
1797396 1023
1797908 1023
1798424 1023
1798936 1023
1799452 831
1799964 423
1800484 60
1800992 96
1801512 225
1802020 496
1802540 799
1803052 1023
1803568 1023
1804080 1023
1804596 1023
1805108 1023
1805624 1023
1806136 1023
1806652 839
1807164 448
1807680 63
1808192 76
1808712 224
1809220 480
1809740 792
1810248 1023
1810768 1023
1811280 1023
1811796 1023
1812308 1023
1812824 1023
1813336 1023
1813852 865
1814364 462
1814880 71
1815392 71
1815912 224
1816420 455
1816940 774
1817448 1023
1817968 1023
1818480 1023
1818996 1023
1819508 1023
1820024 1023
1820536 1023
1821052 896
1821564 480
1822080 71
1822592 71
1823108 224
1823620 455
1824140 769
1824648 1023
1825168 1023
1825676 1023
1826196 1023
1826708 1023
1827224 1023
1827736 1023
1828252 896
1828764 496
1829280 96
1829792 67
1830308 195
1830820 448
1831336 768
1831848 1023
1832368 1023
1832876 1023
1833396 1023
1833904 1023
1834424 1023
1834936 1023
1835452 903
1835964 504
1836480 112
1836992 63
1837508 192
1838020 448
1838536 768
1839048 1023
1839564 1023
1840076 1023
1840596 1023
1841104 1023
1841624 1023
1842132 1023
1842652 903
1843164 508
1843672 224
1844192 480
1844700 775
1845220 1023
1845728 1023
1846248 1023
1846760 1023
1847276 1023
1847788 1023
1848304 1023
1848816 896
1849332 462
1849844 71
1850360 71
1850872 224
1851388 455
1851900 769
1852420 1023
1852928 1023
1853448 1023
1853956 1023
1854476 1023
1854988 1023
1855504 1023
1856016 896
1856532 480
1857044 96
1857560 67
1858072 195
1858588 448
1859100 768
1859616 1023
1860128 1023
1860648 1023
1861156 1023
1861676 1023
1862184 1023
1862704 1023
1863216 903
1863732 504
1864244 112
1864760 63
1865272 192
1865788 448
1866300 768
1866816 1023
1867328 1023
1867844 1023
1868356 1023
1868876 1023
1869384 1023
1869904 1023
1870412 910
1870932 508
1871444 112
1871960 63
1872472 192
1872988 448
1873500 768
1874016 1023
1874528 1023
1875044 1023
1875556 1023
1876072 1023
1876584 1023
1877104 1023
1877612 927
1878132 519
1878640 127
1879160 63
1879672 192
1880188 415
1880700 736
1881216 1023
1881728 1023
1882244 1023
1882756 1023
1883272 1023
1883784 1023
1884304 1023
1884812 960
1885332 540
1885840 127
1886360 63
1886872 192
1887388 408
1887900 711
1888416 1023
1888928 1023
1889444 1023
1889956 1023
1890472 1023
1890984 1023
1891500 1023
1892012 960
1892532 543
1893040 143
1893560 62
1894068 176
1894588 399
1895100 705
1895616 1023
1896128 1023
1896644 1023
1897156 1023
1897672 1023
1898184 1023
1898700 1023
1899212 963
1899728 568
1900240 159
1900760 60
1901268 159
1901788 385
1902296 704
1902816 1020
1903328 1023
1903844 1023
1904356 1023
1904872 1023
1905384 1023
1905900 1023
1906412 992
1906928 575
1907440 192
1907956 60
1908468 159
1908988 384
1909496 704
1910016 1008
1910524 1023
1911044 1023
1911556 1023
1912072 1023
1912584 1023
1913100 1023
1913612 992
1914128 583
1914640 192
1915156 60
1915668 152
1916184 384
1916696 671
1917216 995
1917724 1023
1918244 1023
1918752 1023
1919272 1023
1919784 1023
1920300 1023
1920812 1016
1921328 609
1921840 224
1922356 56
1922868 143
1923384 384
1923896 655
1924412 992
1924924 1023
1925444 1023
1925952 1023
1926472 1023
1926980 1023
1927500 1023
1928012 1016
1928528 624
1929040 224
1929556 56
1930068 142
1930584 352
1931096 639
1931612 975
1932124 1023
1932640 1023
1933152 1023
1933672 1023
1934180 1023
1934700 1023
1935208 1023
1935728 636
1936240 240
1936756 56
1937268 131
1937784 352
1938296 638
1938812 960
1939324 1023
1939840 1023
1940352 1023
1940868 1023
1941380 1023
1941900 1023
1942408 1023
1942928 655
1943436 252
1943956 56
1944468 127
1944984 327
1945496 624
1946012 960
1946524 1023
1947040 1023
1947552 1023
1948068 1023
1948580 1023
1949096 1023
1949608 1023
1950124 664
1950640 252
1951152 48
1951668 127
1952180 319
1952696 624
1953208 960
1953728 1023
1954236 1023
1954756 1023
1955268 1023
1955784 1023
1956296 1023
1956812 1023
1957324 679
1957840 270
1958352 48
1958868 124
1959380 316
1959896 608
1960408 927
1960924 1023
1961436 1023
1961956 1023
1962464 1023
1962984 1023
1963496 1023
1964012 1023
1964524 704
1965040 286
1965552 48
1966068 120
1966580 312
1967096 608
1967608 911
1968124 1023
1968636 1023
1969156 1023
1969664 1023
1970184 1023
1970696 1023
1971212 1023
1971724 704
1972240 287
1972752 48
1973268 120
1973780 304
1974296 590
1974808 911
1975328 1023
1975840 704
1976356 287
1976868 48
1977384 120
1977896 304
1978412 583
1978924 903
1979440 1023
1979952 1023
1980468 1023
1980980 1023
1981496 1023
1982008 1023
1982528 1023
1983036 707
1983556 304
1984068 48
1984584 120
1985096 291
1985612 575
1986124 899
1986640 1023
1987152 1023
1987668 1023
1988180 1023
1988696 1023
1989208 1023
1989724 1023
1990236 768
1990756 319
1991264 48
1991784 112
1992296 284
1992812 568
1993324 896
1993840 1023
1994352 1023
1994868 1023
1995380 1023
1995896 1023
1996408 1023
1996924 1023
1997436 768
1997952 327
1998464 48
1998984 112
1999492 275
2000012 560
2000524 896
2001040 1023
2001552 1023
2002068 1023
2002580 1023
2003096 1023
2003608 1023
2004124 1023
2004636 768
2005152 352
2005664 48
2006180 97
2006692 263
2007212 543
2007720 864
2008240 1023
2008752 1023
2009268 1023
2009780 1023
2010296 1023
2010808 1023
2011324 1023
2011836 775
2012352 384
2012864 48
2013380 96
2013892 255
2014408 527
2014920 847
2015440 1023
2015948 1023
2016468 1023
2016980 1023
2017496 1023
2018008 1023
2018524 1023
2019036 783
2019552 384
2020064 48
2020580 96
2021092 254
2021608 521
2022120 839
2022636 1023
2023148 1023
2023668 1023
2024176 1023
2024696 1023
2025208 1023
2025724 1023
2026236 799
2026752 387
2027264 56
2027780 96
2028292 248
2028808 511
2029320 830
2029836 1023
2030348 1023
2030868 1023
2031376 1023
2031896 1023
2032404 1023
2032924 1023
2033436 828
2033952 412
2034464 56
2034980 96
2035492 240
2036008 504
2036520 816
2037036 1023
2037548 1023
2038064 1023
2038576 1023
2039092 1023
2039604 1023
2040124 1023
2040632 828
2041152 415
2041664 56
2042180 96
2042692 240
2043208 496
2043720 816
2044236 1023
2044748 1023
2045264 1023
2045776 1023
2046292 1023
2046804 1023
2047320 1023
2047832 839
2048352 448
2048860 63
2049380 79
2049892 224
2050408 480
2050920 798
2051436 1023
2051948 1023
2052464 1023
2052976 1023
2053492 1023
2054004 1023
2054520 1023
2055032 864
2055548 448
2056060 63
2056580 76
2057088 224
2057608 480
2058120 783
2058636 1023
2059148 1023
2059664 1023
2060176 1023
2060692 1023
2061204 1023
2061720 1023
2062232 864
2062748 448
2063260 67
2063776 71
2064288 224
2064808 480
2065316 780
2065836 1023
2066348 1023
2066864 1023
2067376 1023
2067892 1023
2068404 1023
2068920 1023
2069432 896
2069948 480
2070460 96
2070976 71
2071488 199
2072004 448
2072516 768
2073036 1023
2073544 1023
2074064 1023
2074576 1023
2075092 1023
2075604 1023
2076120 1023
2076632 896
2077148 480
2077660 96
2078176 67
2078688 195
2079204 448
2079716 768
2080232 1023
2080744 1023
2081264 1023
2081772 1023
2082292 1023
2082804 1023
2083320 1023
2083832 896
2084348 496
2084864 96
2085376 63
2085892 192
2086404 448
2086924 768
2087432 1023
2087952 1023
2088460 1023
2088980 1023
2089492 1023
2090008 1023
2090520 1023
2091036 911
2091548 512
2092064 120
2092576 63
2093092 192
2093604 419
2094120 768
2094632 1023
2095152 1023
2095660 1023
2096180 1023
2096688 1023
2097208 1023
2097720 1023
2098236 926
2098748 519
2099264 124
2099776 63
2100292 192
2100804 415
2101320 768
2101832 1023
2102348 1023
2102860 1023
2103380 1023
2103888 1023
2104408 1023
2104916 1023
2105436 931
2105948 540
2106464 127
2106984 1023
2107500 1023
2108012 1023
2108528 1023
2109040 1023
2109556 1023
2110068 1023
2110584 864
2111096 455
2111612 67
2112124 71
2112640 224
2113152 462
2113672 775
2114180 1023
2114700 1023
2115208 1023
2115728 1023
2116240 1023
2116756 1023
2117268 1023
2117784 896
2118296 480
2118812 96
2119324 67
2119840 199
2120352 448
2120868 768
2121380 1023
2121896 1023
2122408 1023
2122924 1023
2123440 1023
2123952 1023
2124468 1023
2124980 897
2125500 496
2126008 96
2126528 67
2127036 192
2127556 448
2128068 768
2128584 1023
2129096 1023
2129612 1023
2130124 1023
2130640 1023
2131152 1023
2131668 1023
2132180 897
2132696 496
2133208 112
2133728 63
2134236 192
2134756 448
2135264 768
2135784 1023
2136296 1023
2136812 1023
2137324 1023
2137840 1023
2138352 1023
2138868 1023
2139380 924
2139896 515
2140408 124
2140924 63
2141436 192
2141956 415
2142464 768
2142984 1023
2143492 1023
2144012 1023
2144524 1023
2145040 1023
2145552 1023
2146068 1023
2146580 931
2147096 527
2147608 127
2148124 63
2148636 192
2149152 414
2149664 736
2150184 1023
2150692 1023
2151212 1023
2151720 1023
2152240 1023
2152752 1023
2153268 1023
2153780 944
2154296 540
2154808 135
2155324 62
2155836 192
2156352 399
2156864 707
2157380 1023
2157892 1023
2158412 1023
2158920 1023
2159440 1023
2159948 1023
2160468 1023
2160980 961
2161496 568
2162008 159
2162524 60
2163036 159
2163552 385
2164064 704
2164580 1020
2165092 1023
2165608 1023
2166120 1023
2166640 1023
2167148 1023
2167668 1023
2168176 972
2168696 574
2169208 167
2169724 60
2170236 159
2170752 384
2171264 704
2171780 1016
2172292 1023
2172808 1023
2173320 1023
2173836 1023
2174348 1023
2174868 1023
2175376 992
2175896 583
2176404 192
2176924 60
2177436 152
2177952 384
2178464 671
2178980 993
2179492 1023
2180008 1023
2180520 1023
2181036 1023
2181548 1023
2182064 1023
2182576 1016
2183096 624
2183604 224
2184124 56
2184632 143
2185152 384
2185664 654
2186180 992
2186692 1023
2187208 1023
2187720 1023
2188236 1023
2188748 1023
2189264 1023
2189776 1020
2190292 624
2190804 224
2191324 56
2191832 140
2192352 352
2192860 639
2193380 972
2193892 1023
2194408 1023
2194920 1023
2195436 1023
2195948 1023
2196464 1023
2196976 1023
2197492 638
2198004 240
2198520 56
2199032 127
2199552 352
2200060 636
2200580 960
2201088 1023
2201608 1023
2202120 1023
2202636 1023
2203148 1023
2203664 1023
2204176 1023
2204692 655
2205204 252
2205720 48
2206232 127
2206748 327
2207260 624
2207780 960
2208288 1023
2208808 1023
2209316 1023
2209836 1023
2210348 1023
2210864 1023
2211376 1023
2211892 655
2212404 254
2212920 48
2213432 127
2213948 319
2214460 624
2214976 944
2215488 1023
2216008 1023
2216516 1023
2217036 1023
2217544 1023
2218064 1023
2218576 1023
2219092 679
2219604 271
2220120 48
2220632 124
2221148 316
2221660 608
2222176 926
2222688 1023
2223204 1023
2223716 1023
2224236 1023
2224744 1023
2225264 1023
2225772 1023
2226292 704
2226804 287
2227320 48
2227832 120
2228348 312
2228860 591
2229376 911
2229888 1023
2230404 1023
2230916 1023
2231432 1023
2231944 1023
2232464 1023
2232972 1023
2233492 704
2234000 295
2234520 48
2235032 120
2235548 304
2236060 575
2236576 903
2237088 1023
2237604 1023
2238116 1023
2238632 1023
2239148 897
2239660 504
2240176 96
2240688 63
2241204 192
2241716 448
2242232 768
2242744 1023
2243264 1023
2243772 1023
2244292 1023
2244804 1023
2245320 1023
2245832 1023
2246348 913
2246860 513
2247376 120
2247888 63
2248404 192
2248916 419
2249432 768
2249944 1023
2250460 1023
2250972 1023
2251492 1023
2252000 1023
2252520 1023
2253032 1023
2253548 927
2254060 527
2254576 126
2255088 63
2255604 192
2256116 414
2256632 736
2257144 1023
2257660 1023
2258172 1023
2258688 1023
2259200 1023
2259720 1023
2260228 1023
2260748 927
2261260 529
2261776 127
2262288 63
2262804 192
2263316 412
2263832 736
2264344 1023
2264860 1023
2265372 1023
2265888 1023
2266400 1023
2266916 1023
2267428 1023
2267948 960
2268456 560
2268976 152
2269488 60
2270004 167
2270516 391
2271032 704
2271544 1023
2272060 1023
2272572 1023
2273088 1023
2273600 1023
2274116 1023
2274628 1023
2275144 961
2275656 568
2276176 158
2276684 60
2277204 159
2277716 385
2278232 704
2278744 1020
2279260 1023
2279772 1023
2280288 1023
2280800 1023
2281316 1023
2281828 1023
2282344 967
2282856 575
2283372 167
2283884 60
2284404 159
2284912 384
2285432 704
2285944 1008
2286460 1023
2286972 1023
2287488 1023
2288000 1023
2288516 1023
2289028 1023
2289544 992
2290056 608
2290572 192
2291084 56
2291600 152
2292112 384
2292632 671
2293140 992
2293660 1023
2294172 1023
2294688 1023
2295200 1023
2295716 1023
2296228 1023
2296744 1008
2297256 608
2297772 192
2298284 56
2298800 145
2299312 384
2299828 664
2300340 992
2300860 1023
2301368 1023
2301888 1023
2302400 1023
2302916 1023
2303428 1023
2303944 1016
2304456 624
2304972 224
2305484 56
2306000 142
2306512 352
2307028 647
2307540 967
2308056 1023
2308568 1023
2309088 1023
2309596 1023
2310116 1023
2310628 1023
2311144 1023
2311656 639
2312172 240
2312684 56
2313200 127
2313712 352
2314228 636
2314740 960
2315256 1023
2315768 1023
2316284 1023
2316796 1023
2317316 1023
2317824 1023
2318344 1023
2318856 639
2319372 240
2319884 56
2320400 127
2320912 334
2321428 636
2321940 960
2322456 1023
2322968 1023
2323484 1023
2323996 1023
2324512 1023
2325024 1023
2325544 1023
2326052 668
2326572 255
2327084 48
2327600 127
2328112 319
2328628 624
2329140 944
2329656 1023
2330168 1023
2330684 1023
2331196 1023
2331712 1023
2332224 1023
2332740 1023
2333252 704
2333772 270
2334280 48
2334800 124
2335312 316
2335828 608
2336340 927
2336856 1023
2337372 1023
2337884 1023
2338400 1023
2338912 1023
2339432 1023
2339940 1023
2340460 679
2340968 271
2341488 48
2342000 124
2342516 316
2343028 608
2343544 926
2344056 1023
2344572 1023
2345084 1023
2345600 1023
2346112 1023
2346628 1023
2347140 1023
2347660 704
2348168 291
2348688 48
2349196 120
2349716 304
2350228 583
2350744 910
2351256 1023
2351772 1023
2352284 1023
2352800 1023
2353312 1023
2353828 1023
2354340 1023
2354856 711
2355368 312
2355888 48
2356396 112
2356916 291
2357424 575
2357944 899
2358456 1023
2358972 1023
2359484 1023
2360000 1023
2360512 1023
2361028 1023
2361540 1023
2362056 736
2362568 316
2363084 48
2363596 112
2364116 287
2364624 572
2365144 896
2365656 1023
2366172 1023
2366684 1023
2367200 1023
2367712 1023
2368228 1023
2368740 1023
2369256 768
2369768 335
2370288 1023
2370804 1023
2371316 1023
2371832 1023
2372344 1023
2372860 1023
2373372 799
2373888 384
2374400 48
2374916 96
2375428 248
2375948 512
2376456 831
2376976 1023
2377488 1023
2378004 1023
2378516 1023
2379032 1023
2379544 1023
2380060 1023
2380572 807
2381088 399
2381600 56
2382116 96
2382628 240
2383144 504
2383656 824
2384176 1023
2384684 1023
2385204 1023
2385716 1023
2386232 1023
2386744 1023
2387260 1023
2387772 831
2388288 423
2388800 60
2389316 96
2389828 224
2390344 496
2390856 799
2391372 1023
2391884 1023
2392404 1023
2392912 1023
2393432 1023
2393944 1023
2394460 1023
2394972 839
2395488 448
2396000 62
2396516 79
2397028 224
2397544 480
2398056 798
2398572 1023
2399084 1023
2399600 1023
2400112 1023
2400632 1023
2401140 1023
2401660 1023
2402172 864
2402688 448
2403200 71
2403716 71
2404228 224
2404744 480
2405256 775
2405772 1023
2406284 1023
2406800 1023
2407312 1023
2407828 1023
2408340 1023
2408860 1023
2409368 896
2409888 480
2410400 96
2410916 71
2411428 199
2411944 449
2412456 768
2412972 1023
2413484 1023
2414000 1023
2414512 1023
2415028 1023
2415540 1023
2416056 1023
2416568 896
2417088 480
2417596 96
2418116 67
2418628 199
2419144 448
2419660 768
2420172 1023
2420688 1023
2421200 1023
2421716 1023
2422228 1023
2422748 1023
2423256 1023
2423776 896
2424284 504
2424804 96
2425316 63
2425832 192
2426344 448
2426860 768
2427372 1023
2427888 1023
2428400 1023
2428916 1023
2429428 1023
2429944 1023
2430456 1023
2430976 911
2431484 511
2432004 112
2432512 63
2433032 192
2433544 423
2434060 768
2434572 1023
2435088 1023
2435600 1023
2436116 1023
2436628 1023
2437144 1023
2437656 1023
2438172 920
2438684 515
2439204 120
2439712 62
2440232 192
2440740 415
2441260 768
2441772 1023
2442288 1023
2442800 1023
2443316 1023
2443828 1023
2444344 1023
2444856 1023
2445372 944
2445884 542
2446400 135
2446912 62
2447432 192
2447940 399
2448460 711
2448968 1023
2449488 1023
2450000 1023
2450516 1023
2451028 1023
2451544 1023
2452056 1023
2452572 960
2453084 551
2453600 143
2454112 62
2454628 167
2455140 391
2455660 704
2456168 1023
2456688 1023
2457200 1023
2457716 1023
2458228 1023
2458744 1023
2459256 1023
2459772 960
2460284 568
2460800 159
2461312 60
2461828 159
2462340 384
2462860 704
2463368 1016
2463888 1023
2464396 1023
2464916 1023
2465428 1023
2465944 1023
2466456 1023
2466972 992
2467484 588
2468000 192
2468512 60
2469028 156
2469540 384
2470056 671
2470568 992
2471088 1023
2471596 1023
2472116 1023
2472624 1023
2473144 1023
2473656 1023
2474172 992
2474684 608
2475200 192
2475712 56
2476228 152
2476740 384
2477256 670
2477768 992
2478284 1023
2478796 1023
2479316 1023
2479824 1023
2480344 1023
2480852 1023
2481372 1008
2481884 624
2482400 224
2482912 56
2483428 143
2483940 352
2484456 647
2484968 972
2485484 1023
2485996 1023
2486512 1023
2487024 1023
2487544 1023
2488052 1023
2488572 1023
2489080 639
2489600 240
2490112 56
2490628 135
2491140 352
2491656 638
2492168 960
2492684 1023
2493196 1023
2493712 1023
2494224 1023
2494740 1023
2495252 1023
2495772 1023
2496280 639
2496800 240
2497308 56
2497828 127
2498340 335
2498856 636
2499368 960
2499884 1023
2500396 1023
2500912 1023
2501424 1023
2501944 1023
2502456 1023
2502972 1023
2503484 1023
2504000 1023
2504512 1023
2505028 675
2505540 255
2506056 48
2506572 126
2507084 318
2507600 608
2508112 927
2508632 1023
2509140 1023
2509660 1023
2510168 1023
2510688 1023
2511200 1023
2511716 1023
2512228 704
2512744 271
2513256 48
2513772 124
2514284 312
2514800 608
2515312 920
2515828 1023
2516340 1023
2516860 1023
2517368 1023
2517888 1023
2518396 1023
2518916 1023
2519428 707
2519944 304
2520456 48
2520972 120
2521484 295
2522000 575
2522512 899
2523028 1023
2523540 1023
2524056 1023
2524568 1023
2525088 1023
2525596 1023
2526116 1023
2526624 716
2527144 312
2527656 48
2528172 112
2528684 287
2529200 575
2529712 896
2530228 1023
2530740 1023
2531256 1023
2531768 1023
2532284 1023
2532796 1023
2533316 1023
2533824 768
2534344 319
2534852 48
2535372 112
2535884 280
2536400 568
2536912 896
2537428 1023
2537940 1023
2538456 1023
2538968 1023
2539484 1023
2539996 1023
2540512 1023
2541024 768
2541544 352
2542052 48
2542572 112
2543080 270
2543600 543
2544112 865
2544628 1023
2545140 1023
2545656 1023
2546168 1023
2546684 1023
2547196 1023
2547712 1023
2548224 768
2548740 352
2549252 48
2549772 97
2550280 263
2550800 543
2551308 864
2551828 1023
2552340 1023
2552856 1023
2553368 1023
2553884 1023
2554396 1023
2554912 1023
2555424 775
2555940 384
2556452 48
2556968 96
2557480 255
2558000 527
2558508 864
2559028 1023
2559536 1023
2560056 1023
2560568 1023
2561084 1023
2561596 1023
2562112 1023
2562624 796
2563140 384
2563652 48
2564168 96
2564680 252
2565196 519
2565708 831
2566228 1023
2566736 1023
2567256 1023
2567764 1023
2568284 1023
2568796 1023
2569312 1023
2569824 796
2570340 384
2570852 48
2571368 96
2571880 252
2572396 513
2572908 831
2573424 1023
2573936 1023
2574456 1023
2574964 1023
2575484 1023
2575992 1023
2576512 1023
2577024 816
2577540 408
2578052 56
2578568 96
2579080 240
2579596 504
2580108 824
2580624 1023
2581136 1023
2581652 1023
2582164 1023
2582684 1023
2583192 1023
2583712 1023
2584220 830
2584740 415
2585252 56
2585768 96
2586280 240
2586796 496
2587308 816
2587824 1023
2588336 1023
2588852 1023
2589364 1023
2589880 1023
2590392 1023
2590912 1023
2591420 831
2591940 415
2592448 60
2592968 79
2593480 224
2593996 496
2594508 799
2595024 1023
2595536 1023
2596052 1023
2596564 1023
2597080 1023
2597592 1023
2598108 1023
2598620 864
2599140 448
2599648 63
2600168 76
2600676 224
2601196 480
2601708 783
2602224 1023
2602736 1023
2603252 1023
2603764 1023
2604280 1023
2604792 1023
2605308 1023
2605820 864
2606336 448
2606848 63
2607368 71
2607876 224
2608396 480
2608904 782
2609424 1023
2609936 1023
2610452 1023
2610964 1023
2611480 1023
2611992 1023
2612508 1023
2613020 896
2613536 480
2614048 79
2614564 71
2615076 204
2615596 455
2616104 768
2616624 1023
2617132 1023
2617652 1023
2618164 1023
2618680 1023
2619192 1023
2619708 1023
2620220 896
2620736 496
2621248 96
2621764 67
2622280 195
2622792 448
2623308 768
2623820 1023
2624340 1023
2624848 1023
2625368 1023
2625876 1023
2626396 1023
2626908 1023
2627424 896
2627936 496
2628452 96
2628964 63
2629480 193
2629992 448
2630508 768
2631020 1023
2631536 1023
2632048 1023
2632568 1023
2633076 1023
