112 99
224 99
336 103
452 99
568 99
680 103
792 103
904 103
1016 103
1128 103
1240 103
1352 103
1472 103
1584 103
1696 103
1808 103
1920 103
2032 103
2144 103
2256 103
2368 103
2488 103
2600 103
2712 103
2824 103
2936 103
3048 99
3160 103
3272 99
3384 99
3504 103
3616 99
3728 99
3840 99
3952 99
4064 99
4176 99
4292 99
4404 99
4520 99
4632 99
4744 99
4856 99
4972 99
5084 99
5196 99
5308 99
5420 99
5536 99
5652 99
5764 103
5876 103
5988 103
6100 103
6212 99
6324 103
6436 103
6556 99
6668 103
6780 103
6892 103
7004 99
7116 99
7228 99
7340 99
7452 99
7572 99
7684 99
7796 99
7908 99
8020 99
8132 99
8244 99
8356 99
8468 99
8588 99
8700 99
8812 99
8924 99
9036 99
9148 103
9260 99
9372 99
9488 99
9604 103
9716 103
9828 103
9940 103
10052 103
10168 103
10280 103
10392 103
10504 103
10620 103
10732 103
10848 103
10960 103
11072 103
11184 103
11296 103
11408 103
11520 103
11640 103
11752 103
11864 103
11976 103
12088 103
12200 103
12312 103
12424 103
12536 103
12656 103
12768 103
12880 103
12992 103
13104 99
13216 103
13328 103
13440 99
13552 103
13664 103
13784 103
13896 99
14008 103
14120 103
14232 99
14344 103
14456 103
14568 103
14684 103
14800 103
14912 103
15024 103
15136 103
15248 103
15360 103
15472 103
15584 103
15696 103
15816 103
15928 103
16040 103
16152 103
16264 99
16376 103
16488 103
16604 103
16716 99
16832 103
16944 99
17056 103
17168 103
17284 103
17396 99
17508 103
17620 99
17732 103
17848 103
17964 103
18076 103
18188 103
18300 103
18412 103
18524 103
18636 103
18748 103
18868 103
18980 103
19092 103
19204 103
19316 103
19428 103
19540 103
19652 103
19764 103
19884 103
19996 103
20108 103
20220 103
20332 103
20444 103
20556 99
20668 103
20780 103
20900 99
21012 99
21124 99
21236 103
21348 99
21460 99
21572 99
21684 99
21800 99
21916 103
22028 99
22140 99
22252 99
22364 99
22480 103
22592 103
22704 99
22816 103
22932 103
23044 103
23160 103
23272 103
23384 103
23496 103
23608 103
23720 103
23832 103
23952 103
24064 103
24176 103
24288 99
24400 99
24512 99
24624 99
24736 103
24848 99
24968 99
25080 99
25192 99
25304 99
25416 99
25528 99
25640 99
25752 99
25864 99
25984 99
26096 99
26208 99
26320 103
26432 99
26544 99
26656 99
26768 99
26880 99
27000 99
27112 103
27224 99
27336 99
27448 99
27560 103
27672 103
27788 103
27900 103
28016 99
28128 103
28240 99
28352 103
28468 103
28580 103
28692 99
28804 99
28916 99
29032 103
29148 103
29260 103
29372 103
29484 103
29596 103
29708 103
29828 103
29940 103
30052 103
30164 103
30276 103
30388 103
30500 103
30612 99
30724 99
30844 99
30956 103
31068 99
31180 99
31292 99
31404 99
31516 99
31628 99
31740 99
31860 99
31972 99
32084 99
32196 99
32308 99
32420 99
32532 99
32644 99
32756 99
32876 99
32988 99
33100 99
33212 103
33324 103
33436 103
33552 103
33664 99
33776 103
33892 103
34004 103
34116 103
34232 103
34344 99
34456 103
34568 99
34680 103
34792 99
34908 99
35024 99
35136 99
35248 99
35360 99
35472 99
35584 99
35696 99
35808 99
35928 99
36040 99
36152 99
36264 99
36376 99
36488 99
36600 103
36712 99
36824 99
36944 103
37056 99
37168 103
37280 103
37392 103
37504 103
37616 103
37728 103
37840 103
37960 103
38072 103
38184 103
38296 103
38408 103
38520 103
38632 103
38748 103
38860 103
38976 103
39088 103
39200 103
39312 103
39428 103
39540 103
39652 99
39764 99
39876 103
39992 99
40108 99
40220 103
40332 99
40444 103
40556 99
40668 103
40780 103
40892 103
41012 99
41124 103
41236 103
41348 99
41460 99
41572 103
41684 103
41796 99
41908 103
42028 103
42140 103
42252 103
42364 103
42476 103
42588 103
42700 103
42812 103
42924 103
43044 103
43156 103
43268 103
43380 103
43492 99
43604 99
43716 99
43828 103
43944 99
44056 99
44172 99
44284 99
44396 99
44508 99
44624 99
44736 99
44848 99
44960 99
45072 99
45188 103
45304 103
45416 103
45528 103
45640 103
45752 103
45864 103
45976 103
46088 103
46208 103
46320 103
46432 103
46544 103
46656 103
46768 103
46880 103
46992 103
47104 103
47224 103
47336 103
47448 103
47560 103
47672 103
47784 103
47896 103
48008 103
48120 103
48240 103
48352 99
48464 99
48576 103
48688 99
48800 99
48912 99
49024 103
49140 99
49256 99
49368 99
49480 99
49592 99
49704 99
49820 103
49932 99
50044 99
50156 99
50272 99
50384 103
50500 103
50612 103
50724 103
50836 103
50948 103
51060 103
51172 103
51292 103
51404 103
51516 103
51628 103
51740 103
51852 103
51964 103
52076 103
52188 99
52308 99
52420 99
52532 99
52644 99
52756 99
52868 99
52980 99
53092 99
53204 99
53324 99
53436 99
53548 99
53660 99
53772 99
53884 99
53996 99
54108 99
54220 99
54340 99
54452 99
54564 99
54676 99
54788 99
54900 103
55016 103
55128 99
55240 103
55356 99
55468 99
55580 103
55696 103
55808 103
55920 103
56032 103
56144 103
56256 99
56372 103
56488 103
56600 103
56712 99
56824 99
56936 103
57048 99
57160 99
57272 99
57392 103
57504 99
57616 99
57728 99
57840 103
57960 99
58072 99
58184 103
58296 103
58408 103
58528 99
58640 103
58752 103
58864 103
58976 103
59088 103
59200 103
59312 103
59424 103
59544 103
59656 103
59768 103
59880 103
59992 103
60104 103
60216 103
60328 103
60440 103
60560 103
60672 103
60784 103
60896 103
61008 103
61120 103
61232 103
61344 103
61456 103
61576 103
61688 99
61800 103
61912 103
62024 103
62136 103
62252 103
62364 99
62476 99
62592 103
62704 99
62816 99
62932 99
63044 99
63156 99
63268 103
63380 99
63492 99
63604 103
63720 99
63832 103
63944 103
64056 103
64168 103
64280 103
64392 103
64504 103
64616 103
64736 103
64848 103
64960 99
65072 103
65184 103
65296 103
65412 103
65524 103
65636 99
65752 103
65864 99
65976 99
66092 103
66204 99
66316 99
66428 99
66540 99
66652 99
66768 99
66884 99
66996 103
67108 99
67220 99
67332 99
67444 99
67556 99
67668 99
67788 103
67900 99
68012 99
68124 99
68236 99
68348 99
68460 99
68572 99
68684 103
68804 103
68916 99
69028 99
69140 103
69252 103
69364 103
69476 103
69588 103
69700 99
69820 99
69932 99
70044 99
70156 99
70268 99
70380 99
70492 99
70608 99
70720 99
70836 99
70948 99
71060 99
71172 99
71288 99
71400 99
71512 99
71624 99
71736 99
71852 99
71968 99
72080 103
72192 103
72304 103
72416 103
72528 103
72640 103
72752 103
72872 103
72984 103
73096 103
73208 103
73320 103
73432 103
73544 103
73656 103
73768 103
73888 103
74000 103
74112 99
74224 103
74336 103
74448 103
74560 103
74672 103
74784 103
74904 103
75016 103
75128 103
75240 103
75352 103
75464 103
75576 103
75688 103
75804 103
75920 103
76032 103
76144 103
76256 103
76368 103
76484 103
76596 103
76708 103
76820 103
76936 103
77048 103
77164 103
77276 103
77388 103
77500 103
77612 103
77724 103
77836 103
77956 103
78068 103
78180 103
78292 103
78404 103
78516 103
78628 103
78740 103
78852 103
78964 103
79084 103
79196 103
79308 103
79420 99
79532 99
79644 103
79756 99
79868 103
79980 103
80100 99
80212 99
80324 103
80436 103
80548 103
80660 103
80772 103
80884 103
81000 99
81116 103
81228 103
81340 103
81452 103
81564 103
81680 103
81792 103
81904 103
82016 103
82132 103
82244 103
82360 103
82472 103
82584 103
82696 99
82808 103
82920 103
83032 103
83152 99
83264 99
83376 103
83488 103
83600 99
83712 99
83824 103
83936 99
84048 99
84168 103
84280 99
84392 103
84504 99
84616 99
84728 99
84840 103
84952 99
85064 103
85184 99
85296 99
85408 99
85520 99
85632 99
85744 103
85856 103
85968 103
86080 99
86200 99
86312 99
86424 99
86536 99
86648 103
86760 99
86876 99
86988 99
87104 99
87216 99
87328 99
87440 99
87552 99
87668 99
87784 103
87896 99
88008 99
88120 99
88232 99
88344 99
88456 99
88568 99
88688 99
88800 99
88912 99
89024 99
89136 99
89248 99
89360 99
89472 99
89584 99
89704 99
89816 99
89928 99
90040 99
90152 99
90264 99
90376 99
90488 99
90600 103
90720 103
90832 103
90944 103
91056 103
91168 103
91280 103
91392 103
91504 103
91620 103
91736 99
91848 103
91960 103
92072 99
92184 103
92300 103
92412 103
92524 103
92636 103
92752 103
92864 103
92980 103
93092 103
93204 103
93316 103
93428 103
93540 103
93652 103
93772 103
93884 103
93996 103
94108 103
94220 103
94332 103
94444 103
94556 103
94668 103
94788 103
94900 103
95012 103
95124 103
95236 103
95348 103
95460 103
95572 103
95684 103
95804 103
95916 103
96028 103
96140 103
96252 103
96364 103
96476 103
96588 103
96700 103
96820 103
96932 103
97044 103
97156 103
97268 103
97380 103
97496 103
97608 103
97720 103
97836 103
97948 103
98060 99
98176 103
98288 103
98400 103
98512 99
98624 103
98736 99
98848 99
98968 103
99080 99
99192 103
99304 99
99416 99
99528 99
99640 103
99752 103
99864 103
99984 103
100096 103
100208 103
100320 103
100432 103
100544 103
100656 103
100768 103
100880 103
101000 103
101112 103
101224 103
101336 103
101448 103
101560 103
101672 103
101784 103
101896 99
102016 99
102128 103
102240 99
102352 99
102464 99
102576 99
102692 99
102804 99
102916 99
103032 99
103144 99
103256 99
103372 99
103484 99
103596 99
103708 99
103820 99
103932 99
104048 99
104164 103
104276 103
104388 99
104500 99
104612 103
104724 103
104836 103
104948 103
105068 103
105180 103
105292 99
105404 99
105516 103
105628 103
105740 99
105852 103
105964 99
106084 99
106196 99
106308 99
106420 99
106532 103
106644 99
106756 99
106868 99
106980 99
107100 99
107212 99
107324 99
107436 99
107548 99
107660 99
107772 99
107888 99
108000 99
108116 103
108228 99
108340 99
108452 99
108568 99
108680 103
108792 103
108904 103
109016 103
109132 103
109248 103
109360 103
109472 103
109584 103
109696 103
109808 103
109920 103
110032 103
110152 103
110264 103
110376 103
110488 103
110600 103
110712 99
110824 103
110936 99
111048 99
111168 99
111280 99
111392 99
111504 99
111616 99
111728 99
111840 103
111952 99
112064 99
112184 99
112296 99
112408 99
112520 103
112632 99
112744 103
112856 103
112968 103
113084 103
113200 103
113312 103
113424 103
113536 103
113648 103
113764 103
113876 103
113988 103
114100 103
114216 103
114328 103
114444 103
114556 103
114668 103
114780 103
114892 103
115004 103
115116 103
115228 103
115344 99
115456 99
115568 99
115680 103
115796 103
115908 103
116020 103
116132 103
116244 103
116356 103
116468 103
116588 103
116700 103
116812 103
116924 103
117036 103
117148 103
117260 103
117372 103
117484 103
117604 103
117716 103
117828 103
117940 103
118052 103
118164 99
118276 103
118388 99
118500 99
118620 99
118732 99
118844 99
118956 99
119068 103
119180 103
119292 99
119408 103
119520 99
119636 103
119748 103
119860 103
119972 103
120088 103
120200 103
120312 103
120424 103
120536 103
120652 103
120768 103
120880 103
120992 103
121104 103
121216 103
121328 99
121440 99
121552 103
121672 99
121784 99
121896 99
122008 99
122120 99
122232 99
122344 99
122456 99
122568 99
122688 99
122800 99
122912 99
123024 99
123136 99
123248 99
123360 99
123472 99
123584 99
123704 99
123816 99
123928 99
124040 99
124152 99
124264 99
124376 99
124488 99
124604 99
124720 99
124832 99
124944 99
125056 103
125168 99
125284 99
125396 99
125508 99
125620 99
125736 99
125848 99
125964 99
126076 99
126188 99
126300 99
126412 99
126524 99
126636 99
126756 99
126868 99
126980 99
127092 99
127204 99
127316 99
127428 99
127540 99
127652 99
127764 99
127884 99
127996 99
128108 99
128220 99
128332 99
128444 99
128556 99
128668 99
128780 99
128900 99
129012 99
129124 99
129236 103
129348 103
129460 103
129572 103
129684 103
129796 103
129916 103
130028 103
130140 103
130252 103
130364 103
130476 103
130588 103
130700 99
130812 99
130932 99
131044 99
131156 99
131268 99
131380 99
131492 99
131604 99
131720 99
131832 99
131948 99
132060 99
132172 99
132284 103
132400 103
132512 103
132624 103
132736 103
132848 103
132964 103
133080 103
133192 103
133304 103
133416 103
133528 103
133640 103
133752 103
133864 103
133984 103
134096 103
134208 103
134320 103
134432 103
134544 103
134656 103
134768 103
134880 103
135000 99
135112 99
135224 99
135336 99
135448 99
135560 103
135672 99
135784 99
135896 99
136016 99
136128 103
136240 103
136352 103
136464 103
136576 103
136688 99
136800 103
136916 103
137032 103
137144 103
137256 103
137368 103
137480 103
137596 103
137708 103
137820 103
137932 103
138048 103
138160 103
138276 103
138388 103
138500 103
138612 103
138724 103
138836 103
138948 103
139068 103
139180 103
139292 103
139404 103
139516 103
139628 103
139740 103
139852 99
139964 99
140084 99
140196 99
140308 99
140420 99
140532 99
140644 99
140756 103
140868 99
140980 99
141100 103
141212 99
141324 99
141436 99
141548 103
141660 103
141772 99
141884 99
141996 103
142116 103
142228 103
142340 103
142452 103
142564 103
142676 99
142788 103
142904 103
143016 103
143132 99
143244 103
143356 99
143468 103
143584 99
143696 99
143808 99
143920 103
144032 99
144144 99
144260 99
144372 99
144484 99
144596 99
144716 99
144828 99
144940 99
145052 103
145164 103
145276 103
145388 103
145500 103
145612 103
145732 103
145844 103
145956 103
146068 103
146180 103
146292 103
146404 103
146516 103
146628 103
146748 103
146860 103
146972 103
147084 103
147196 103
147308 103
147420 103
147532 103
147644 103
147764 103
147876 103
147988 103
148100 99
148212 103
148324 103
148436 99
148552 99
148664 99
148780 103
148892 103
149004 103
149116 103
149232 103
149344 103
149456 103
149568 103
149680 103
149796 103
149912 103
150024 103
150136 103
150248 103
150360 103
150472 103
150584 103
150696 103
150816 103
150928 103
151040 103
151152 103
151264 103
151376 103
151488 103
151600 103
151712 103
151832 103
151944 103
152056 103
152168 103
152280 99
152392 99
152504 99
152616 99
152728 99
152848 99
152960 99
153072 99
153184 99
153296 99
153408 103
153520 99
153632 103
153744 103
153860 103
153976 103
154088 103
154200 103
154312 103
154424 103
154540 103
154652 103
154764 103
154876 103
154992 103
155104 103
155216 103
155328 103
155440 103
155552 103
155664 103
155776 99
155888 99
156008 99
156120 99
156232 99
156344 99
156456 99
156568 99
156680 99
156792 99
156908 99
157024 99
157136 99
157248 99
157360 99
157472 99
157584 99
157700 99
157812 99
157924 99
158040 99
158152 99
158264 99
158380 99
158492 99
158604 99
158716 99
158828 99
158940 99
159056 99
159172 99
159284 99
159396 103
159508 103
159620 99
159732 99
159844 99
159956 99
160076 103
160188 103
160300 103
160412 99
160524 103
160636 99
160748 99
160860 99
160972 103
161092 99
161204 99
161316 99
161428 99
161540 99
161652 99
161764 99
161876 99
161988 99
162108 99
162220 99
162332 99
162444 99
162556 99
162668 99
162780 99
162896 99
163008 99
163124 99
163236 103
163348 99
163460 103
163576 103
163688 103
163800 103
163912 103
164024 103
164140 103
164256 103
164368 103
164480 103
164592 103
164704 103
164816 103
164928 99
165040 99
165160 99
165272 103
165384 103
165496 103
165608 99
165720 103
165832 103
165944 103
166056 103
166176 103
166288 103
166400 103
166512 103
166624 103
166736 103
166848 103
166960 103
167072 103
167192 103
167304 103
167416 103
167528 103
167640 103
167752 103
167864 103
167976 103
168092 103
168208 103
168320 103
168432 99
168544 103
168656 103
168772 103
168884 103
168996 103
169108 103
169224 103
169336 103
169452 103
169564 103
169676 103
169788 103
169900 103
170012 103
170124 103
170236 103
170352 103
170464 103
170576 103
170688 103
170800 103
170912 103
171024 103
171136 103
171248 103
171368 103
171480 103
171592 103
171704 103
171816 103
171928 103
172040 103
172152 103
172264 103
172384 103
172496 103
172608 103
172720 103
172832 103
172944 99
173056 103
173172 103
173284 99
173400 99
173512 103
173628 99
173740 99
173852 103
173972 99
174084 99
174196 99
174308 99
174420 99
174532 99
174644 99
174756 99
174868 99
174988 103
175100 103
175212 103
175324 99
175436 103
175548 103
175660 103
175772 103
175884 103
176004 103
176116 99
176228 103
176340 103
176452 103
176564 103
176676 103
176788 103
176900 99
177020 99
177132 99
177244 99
177356 99
177468 99
177580 99
177692 99
177804 99
177920 99
178036 99
178148 99
178260 99
178372 99
178484 99
178600 99
178712 99
178824 99
178936 99
179052 99
179164 99
179280 99
179392 103
179504 99
179616 99
179728 99
179840 99
179952 99
180072 99
180184 103
180296 99
180408 99
180520 99
180632 99
180744 99
180856 99
180968 99
181088 99
181200 99
181312 99
181424 99
181536 99
181648 99
181760 99
181872 103
181984 99
182096 99
182216 99
182328 99
182440 99
182552 99
182664 99
182776 99
182888 99
183000 99
183116 99
183232 103
183344 99
183456 99
183568 103
183680 99
183796 103
183908 103
184020 103
184132 103
184248 103
184360 103
184476 103
184588 103
184700 103
184812 103
184924 103
185036 103
185148 103
185268 103
185380 103
185492 103
185604 103
185716 103
185828 103
185940 103
186052 103
186164 103
186284 103
186396 103
186508 99
186620 103
186732 103
186844 103
186956 103
187068 103
187180 103
187300 103
187412 103
187524 103
187636 103
187748 103
187860 103
187972 103
188084 103
188196 103
188316 103
188428 103
188540 103
188652 103
188764 103
188876 103
188992 103
189104 103
189216 103
189332 103
189444 103
189556 103
189672 103
189784 103
189896 103
190008 103
190120 103
190232 103
190348 103
190464 103
190576 103
190688 103
190800 103
190912 103
191024 103
191136 103
191248 103
191368 103
191480 103
191592 103
191704 103
191816 103
191928 103
192040 103
192152 103
192264 103
192384 103
192496 103
192608 103
192720 103
192832 103
192944 103
193056 103
193168 103
193280 103
193400 103
193512 103
193624 103
193736 103
193848 103
193960 103
194072 103
194188 103
194300 103
194416 103
194528 103
194640 103
194752 103
194868 103
194980 99
195092 99
195204 103
195316 103
195432 99
195548 103
195660 99
195772 99
195884 103
195996 99
196108 99
196220 103
196332 99
196452 99
196564 103
196676 99
196788 99
196900 99
197012 99
197124 99
197236 99
197348 99
197460 99
197580 99
197692 99
197804 99
197916 99
198028 99
198140 99
198252 99
198364 99
198476 99
198596 99
198708 99
198820 99
198932 99
199044 103
199156 99
199268 99
199380 99
199492 99
199612 99
199724 103
199836 99
199948 99
200060 99
200172 99
200284 99
200396 103
200512 99
200628 99
200740 99
200852 99
200964 99
201076 99
201188 99
201304 99
201416 99
201528 99
201644 99
201756 99
201868 99
201984 99
202096 99
202208 99
202320 99
202432 99
202544 99
202660 103
202776 99
202888 103
203000 103
203112 103
203224 103
203336 103
203448 103
203560 103
203680 103
203792 103
203904 103
204016 103
204128 103
204240 103
204352 103
204464 103
204576 103
204696 103
204808 103
204920 103
205032 103
205144 103
205256 103
205368 103
205480 103
205592 103
205712 103
205824 103
205936 103
206048 103
206160 103
206272 103
206384 99
206496 99
206612 103
206728 103
206840 103
206952 103
207064 103
207176 103
207292 99
207404 103
207516 103
207628 103
207744 103
207856 103
207972 103
208084 99
208196 103
208308 103
208420 103
208532 103
208644 103
208764 103
208876 103
208988 103
209100 103
209212 103
209324 103
209436 103
209548 103
209660 103
209780 103
209892 103
210004 103
210116 103
210228 103
210340 99
210452 99
210564 99
210676 99
210796 99
210908 103
211020 99
211132 99
211244 99
211356 99
211468 99
211580 99
211692 99
211812 99
211924 99
212036 99
212148 99
212260 99
212372 99
212488 99
212600 103
212712 103
212828 99
212940 103
213052 103
213168 103
213280 99
213392 103
213504 103
213616 103
213728 99
213840 103
213960 103
214072 99
214184 99
214296 99
214408 99
214520 99
214632 99
214744 99
214856 99
214976 99
215088 99
215200 99
215312 99
215424 99
215536 99
215648 99
215760 99
215872 99
215992 99
216104 99
216216 99
216328 99
216440 99
216552 99
216664 99
216776 99
216888 99
217008 99
217120 99
217232 99
217344 99
217456 103
217568 103
217684 103
217796 103
217908 103
218024 103
218136 103
218248 103
218360 99
218476 99
218588 99
218700 99
218812 99
218924 99
219040 99
219156 99
219268 99
219380 99
219492 99
219604 99
219716 99
219828 99
219940 99
220060 99
220172 99
220284 99
220396 99
220508 99
220620 103
220732 99
220844 99
220956 99
221076 99
221188 99
221300 103
221412 99
221524 103
221636 103
221748 99
221860 103
221972 103
222092 103
222204 103
222316 103
222428 103
222540 99
222652 103
222764 103
222876 103
222992 103
223108 103
223220 103
223332 103
223444 103
223556 103
223672 103
223784 103
223896 103
224008 103
224124 103
224236 99
224352 99
224464 99
224576 99
224688 99
224800 99
224912 99
225024 103
225144 99
225256 99
225368 99
225480 99
225592 99
225704 99
225816 103
225928 103
226040 103
226160 103
226272 103
226384 103
226496 103
226608 103
226720 103
226832 103
226944 103
227056 103
227176 103
227288 103
227400 103
227512 103
227624 103
227736 103
227848 103
227960 103
228072 103
228192 99
228304 99
228416 99
228528 99
228640 99
228752 99
228868 99
228980 99
229092 99
229208 99
229320 103
229432 99
229548 99
229660 99
229772 103
229884 103
229996 103
230108 103
230220 103
230336 103
230448 103
230560 103
230672 103
230784 103
230896 103
231008 103
231120 103
231232 103
231352 103
