220 1023
432 224
644 327
856 448
1068 575
1284 707
1496 839
1704 972
1916 1023
2128 1023
2344 1023
2556 1023
2764 1023
2976 1023
3192 1023
3404 1023
3616 1023
3828 1023
4040 1023
4256 1023
4468 1023
4680 1023
4888 1023
5100 1023
5316 864
5528 704
5740 527
5952 384
6164 193
6380 60
6592 48
6804 63
7012 112
7224 159
7440 248
7652 352
7864 449
8076 575
8292 707
8504 839
8716 967
8924 1023
9136 1023
9356 1023
9564 1023
9776 1023
9988 1023
10200 1023
10416 1023
10628 1023
10840 1023
11048 1023
11260 1023
11480 1023
11688 1023
11900 1023
12112 1016
12324 864
12540 704
12752 519
12964 353
13172 192
13384 60
13604 48
13812 63
14024 112
14236 159
14452 248
14664 352
14876 451
15088 575
15296 707
15516 847
15728 992
15936 1023
16148 1023
16360 1023
16576 1023
16788 1023
17000 1023
17212 1023
17420 1023
17640 1023
17852 1023
18060 1023
18272 1023
18484 1023
18700 1023
18912 1023
19124 1022
19336 864
19552 704
19764 527
19972 384
20184 195
20396 63
20612 48
20824 63
21036 112
21248 159
21460 240
21676 335
21888 448
22096 575
22308 704
22520 831
22736 967
22948 1023
23160 1023
23372 1023
23584 1023
23800 1023
24012 1023
24220 1023
24432 1023
24644 1023
24860 1023
25072 1023
25284 1023
25496 1023
25712 1023
25924 1023
26136 1020
26344 864
26556 704
26776 526
26984 384
27196 192
27408 60
27620 48
27836 63
28048 112
28260 159
28468 248
28680 335
28900 451
29108 575
29320 707
29532 839
29744 967
29960 1023
30172 1023
30384 1023
30592 1023
30804 1023
31024 1023
31232 1023
31444 1023
31656 1023
31872 1023
32084 1023
32296 1023
32508 1023
32716 1023
32936 1023
33148 1016
33356 864
33568 704
33780 527
33996 352
34208 192
34420 60
34632 48
34840 63
35060 112
35272 159
35480 248
35692 352
35904 448
36120 575
36332 707
36544 839
36756 972
36972 1023
37184 1023
37396 1023
37604 1023
37816 1023
38036 1023
38244 1023
38456 1023
38668 1023
38880 1023
39096 1023
39308 1023
39520 1023
39728 1023
39940 1023
40160 1022
40368 864
40580 704
40792 536
41004 384
41220 195
41432 62
41644 48
41852 63
42064 112
42280 159
42492 240
42700 332
42912 448
43128 575
43340 704
43552 831
43764 967
43976 1023
44192 1023
44404 1023
44612 1023
44824 1023
45036 1023
45252 1023
45464 1023
45676 1023
45888 1023
46100 1023
46316 1023
46528 1023
46736 1023
46948 1023
47160 1022
47376 864
47588 704
47800 527
48012 384
48228 192
48440 60
48652 48
48860 63
49072 112
49292 159
49500 248
49712 352
49924 448
50136 575
50352 707
50564 839
50776 967
50984 1023
51196 1023
51416 1023
51624 1023
51836 1023
52048 1023
52260 1023
52476 1023
52688 1023
52900 1023
53108 1023
53320 1023
53540 1023
53748 1023
53960 1023
54172 1020
54388 864
54600 1023
54812 1023
55020 1023
55240 1023
55448 1023
55660 1023
55872 1023
56084 1023
56300 1023
56512 944
56724 777
56932 609
57152 448
57364 263
57572 112
57784 48
57996 60
58212 96
58424 127
58636 199
58848 287
59056 391
59276 519
59488 639
59696 782
59908 911
60120 1023
60336 1023
60548 1023
60760 1023
60972 1023
61180 1023
61400 1023
61612 1023
61820 1023
62032 1023
62244 1023
62460 1023
62672 1023
62884 1023
63096 1023
63312 1023
63524 927
63732 768
63944 608
64156 448
64372 255
64584 112
64796 48
65008 60
65220 96
65436 127
65648 199
65856 287
66068 399
66280 515
66496 647
66708 783
66920 913
67132 1023
67344 1023
67560 1023
67772 1023
67980 1023
68192 1023
68404 1023
68620 1023
68832 1023
69044 1023
69256 1023
69472 1023
69684 1023
69896 1023
70104 1023
70316 1023
70536 935
70744 775
70956 608
71168 448
71380 271
71596 112
71808 48
72020 60
72228 96
72440 127
72660 199
72868 287
73080 396
73292 515
73504 639
73720 783
73932 911
74144 1023
74352 1023
74572 1023
74784 1023
74992 1023
75204 1023
75416 1023
75632 1023
75844 1023
76056 1023
76268 1023
76476 1023
76696 1023
76908 1023
77116 1023
77328 1023
77540 931
77756 768
77968 608
78180 448
78392 255
78600 112
78820 48
79032 60
79240 96
79452 127
79664 199
79880 291
80092 399
80300 519
80512 652
80728 787
80940 920
81152 1023
81364 1023
81576 1023
81792 1023
82004 1023
82212 1023
82424 1023
82636 1023
82852 1023
83064 1023
83276 1023
83488 1023
83700 1023
83916 1023
84128 1023
84336 1023
84548 927
84760 768
84976 608
85188 448
85400 255
85612 112
85828 48
86040 60
86252 96
86460 127
86672 199
86892 291
87104 399
87312 521
87524 652
87736 783
87952 924
88164 1023
88376 1023
88588 1023
88796 1023
89016 1023
89228 1023
89436 1023
89648 1023
89860 1023
90076 1023
90288 1023
90500 1023
90712 1023
90920 1023
91140 1023
91352 1023
91560 934
91772 775
91988 608
92200 448
92412 255
92624 112
92836 48
93052 60
93264 96
93476 127
93684 199
93896 287
94112 399
94324 519
94536 647
94748 783
94960 911
95176 1023
95388 1023
95600 1023
95808 1023
96020 1023
96236 1023
96448 1023
96660 1023
96872 1023
97088 1023
97300 1023
97512 1023
97720 1023
97932 1023
98152 1023
98360 1023
98572 927
98784 768
98996 608
99212 419
99424 255
99636 96
99844 48
100056 60
100276 96
100484 135
100696 206
100908 295
101120 403
101336 527
101548 655
101760 792
101968 926
102180 1023
102400 1023
102608 1023
102820 1023
103032 1023
103248 1023
103460 1023
103672 1023
103884 1023
104092 1023
104312 1023
104524 1023
104732 1023
104944 1023
105156 1023
105372 1023
105584 924
105796 768
106008 608
106216 423
106436 255
106648 97
106856 48
107068 60
107280 96
107496 135
107708 206
107920 295
108132 403
108340 527
108560 655
108768 792
108984 1023
109196 1023
109408 992
109620 831
109836 668
110048 504
110260 323
110468 159
110680 56
110896 56
111108 71
111316 120
111528 192
111744 255
111956 384
112168 480
112380 608
112592 768
112808 865
113020 993
113228 1023
113440 1023
113652 1023
113868 1023
114080 1023
114292 1023
114504 1023
114716 1023
114932 1023
115144 1023
115352 1023
115564 1023
115776 1023
115992 1023
116204 1023
116416 992
116628 831
116844 664
117056 496
117268 323
117476 159
117688 56
117908 56
118116 71
118328 120
118540 192
118752 255
118968 384
119180 480
119392 608
119600 768
119812 864
120032 1008
120240 1023
120452 1023
120664 1023
120876 1023
121092 1023
121304 1023
121516 1023
121724 1023
121936 1023
122156 1023
122364 1023
122576 1023
122788 1023
123004 1023
123216 1023
123428 992
123640 831
123848 671
124068 504
124280 327
124488 176
124700 56
124912 56
125128 71
125340 112
125552 192
125764 254
125972 352
126192 480
126404 608
126612 768
126824 864
127036 992
127252 1023
127464 1023
127676 1023
127888 1023
128104 1023
128316 1023
128528 1023
128736 1023
128948 1023
129164 1023
129376 1023
129588 1023
129800 1023
130012 1023
130228 1023
130440 992
130652 831
130860 670
131072 504
131288 319
131500 159
131712 56
131924 56
132136 71
132352 120
132564 192
132776 255
132984 384
133196 480
133412 608
133624 768
133836 865
134048 993
134264 1023
134476 1023
134688 1023
134896 1023
135108 1023
135328 1023
135536 1023
135748 1023
135960 1023
136172 1023
136388 1023
136600 1023
136812 1023
137020 1023
137232 1023
137452 992
137660 830
137872 664
138084 504
138296 327
138512 159
138724 56
138936 56
139144 71
139356 120
139576 192
139784 255
139996 384
140208 480
140424 608
140636 768
140848 865
141060 1008
141268 1023
141488 1023
141700 1023
141908 1023
142120 1023
142332 1023
142548 1023
142760 1023
142972 1023
143184 1023
143392 1023
143612 1023
143824 1023
144032 1023
144244 1023
144456 993
144672 831
144884 671
145096 508
145308 334
145524 163
145736 56
145944 56
146156 71
146368 112
146584 192
146796 255
147008 352
147220 480
147432 608
147648 768
147860 864
148068 992
148280 1023
148492 1023
148708 1023
148920 1023
149132 1023
149344 1023
149556 1023
149772 1023
149984 1023
150192 1023
150404 1023
150616 1023
150832 1023
151044 1023
151252 1023
151464 992
151684 830
151892 664
152104 496
152316 319
152528 159
152744 48
152956 48
153168 71
153376 120
153588 192
153808 255
154016 384
154228 480
154440 608
154652 768
154868 896
155080 1008
155292 1023
155500 1023
155712 1023
155932 1023
156140 1023
156352 1023
156564 1023
156780 1023
156992 1023
157204 1023
157416 1023
157624 1023
157844 1023
158056 1023
158264 1023
158476 992
158688 831
158904 664
159116 504
159328 327
159540 163
159748 56
159968 56
160180 71
160388 120
160600 192
160812 255
161028 384
161240 480
161452 608
161664 768
161872 864
162092 1008
162304 1023
162512 1023
162724 1023
162940 1023
163152 1023
163360 240
163572 319
163788 448
164000 572
164212 704
164424 831
164632 960
164852 1023
165064 1023
165272 1023
165484 1023
165696 1023
165912 1023
166124 1023
166336 1023
166548 1023
166756 1023
166976 1023
167188 1023
167396 1023
167608 1023
167820 1023
168036 1023
168248 896
168460 711
168672 543
168880 384
169100 199
169312 63
169520 48
169732 63
169948 112
170160 158
170372 240
170584 327
170796 448
171012 574
171224 704
171436 831
171644 961
171856 1023
172072 1023
172284 1023
172496 1023
172708 1023
172920 1023
173136 1023
173348 1023
173560 1023
173768 1023
173980 1023
174196 1023
174408 1023
174620 1023
174832 1023
175048 1022
175260 864
175472 704
175680 536
175892 384
176112 193
176320 62
176532 48
176744 63
176956 112
177172 159
177384 240
177596 335
177804 448
178016 574
178236 705
178444 839
178656 967
178868 1023
179080 1023
179296 1023
179508 1023
179720 1023
179928 1023
180140 1023
180360 1023
180568 1023
180780 1023
180992 1023
181208 1023
181420 1023
181632 1023
181844 1023
182052 1023
182272 768
182484 704
182692 540
182904 384
183116 199
183332 63
183544 48
183756 63
183968 112
184176 158
184396 240
184608 334
184816 448
185028 574
185240 704
185456 831
185668 967
185880 1023
186092 1023
186300 1023
186520 1023
186728 1023
186940 1023
187152 1023
187368 1023
187580 1023
187792 1023
188004 1023
188216 1023
188432 1023
188644 1023
188852 1023
189064 1023
189276 880
189492 704
189704 527
189916 384
190128 192
190340 60
190556 48
190768 63
190976 112
191188 159
191400 240
191616 352
191828 449
192040 575
192252 705
192468 844
192680 975
192892 1023
193100 1023
193312 1023
193532 1023
193740 1023
193952 1023
194164 1023
194376 1023
194592 1023
194804 1023
195016 1023
195224 1023
195436 1023
195656 1023
195864 1023
196076 1016
196288 864
196500 704
196716 521
196928 353
197140 192
197348 60
197560 48
197776 63
197988 112
198196 159
198408 240
198624 352
198836 451
199048 575
199260 707
199472 839
199688 975
199900 1023
200112 1023
200320 1023
200532 1023
200748 1023
200960 1023
201172 1023
201384 1023
201596 1023
201812 1023
202024 1023
202236 1023
202444 1023
202656 1023
202872 1023
203084 1022
203296 865
203508 704
203724 527
203936 384
204148 195
204356 62
204568 48
204788 63
204996 112
205208 159
205420 240
205632 335
205848 449
206060 575
206272 705
206480 839
206692 967
206912 1023
207120 1023
207332 1023
207544 1023
207756 1023
207972 1023
208184 1023
208396 1023
208604 1023
208816 1023
209036 1023
209244 1023
209456 1023
209668 1023
209884 1023
210096 1020
210308 864
210520 704
210728 527
210948 352
211160 192
211368 60
211580 48
211792 63
212008 112
212220 159
212432 248
212644 352
212852 451
213072 582
213284 711
213492 847
213704 992
213916 1023
214132 1023
214344 1023
214556 1023
214768 1023
214984 1023
215196 1023
215404 1023
215616 1023
215828 1023
216044 1023
216256 1023
216468 1023
216680 1023
216892 1023
217108 1008
217320 864
217528 704
217748 1023
217960 1023
218172 1023
218380 1023
218600 1023
218808 1023
219020 1023
219232 1023
219444 1023
219660 1023
219872 992
220084 831
220292 668
220504 504
220724 319
220932 158
221144 48
221356 56
221568 71
221784 120
221996 192
222208 255
222416 384
222628 480
222848 608
223056 768
223268 880
223480 1008
223696 1023
223908 1023
224120 1023
224332 1023
224540 1023
224760 1023
224972 1023
225180 1023
225392 1023
225604 1023
225820 1023
226032 1023
226244 1023
226456 1023
226664 1023
226884 992
227096 828
227304 664
227516 496
227728 319
227944 159
228156 56
228368 56
228580 71
228792 120
229008 192
229220 255
229428 384
229640 480
229860 608
230068 768
230280 896
230492 1008
230704 1023
230920 1023
231132 1023
231344 1023
231552 1023
231764 1023
231984 1023
232192 1023
232404 1023
232616 1023
232828 1023
233044 1023
233256 1023
233468 1023
233676 1023
233888 992
234108 831
234316 668
234528 504
234740 327
234952 159
235168 56
235380 56
235592 71
235800 120
236020 192
236232 255
236440 384
236652 480
236864 608
237080 768
237292 880
237504 1008
237716 1023
237924 1023
238144 1023
238356 1023
238564 1023
238776 1023
238988 1023
239204 1023
239416 1023
239628 1023
239840 1023
240048 1023
240268 1023
240480 1023
240688 1023
240900 992
241116 828
241328 655
241540 496
241752 319
241964 158
242180 48
242392 56
242604 71
242812 120
243024 192
243240 255
243452 384
243664 480
243876 608
244088 768
244304 896
244516 1008
244728 1023
244936 1023
245148 1023
245364 1023
245576 1023
245788 1023
246000 1023
246212 1023
246428 1023
246640 1023
246848 1023
247060 1023
247280 1023
247488 1023
247700 1023
247912 992
248124 828
248340 654
248552 496
248764 319
248972 158
249184 48
249404 56
249612 71
249824 120
250036 192
250248 255
250464 384
250676 480
250888 608
251096 768
251308 896
251528 1008
251736 1023
251948 1023
252160 1023
252376 1023
252588 1023
252800 1023
253012 1023
253220 1023
253440 1023
253652 1023
253860 1023
254072 1023
254284 1023
254500 1023
254712 1023
254924 992
255136 831
255344 668
255564 496
255776 319
255984 159
256196 56
256408 56
256624 71
256836 120
257048 192
257260 255
257468 384
257688 480
257900 608
258108 768
258320 896
258536 1008
258748 1023
258960 1023
259172 1023
259384 1023
259600 1023
259812 1023
260020 1023
260232 1023
260444 1023
260660 1023
260872 1023
261084 1023
261296 1023
261508 1023
261724 1023
261936 974
262144 824
262356 647
262568 480
262784 312
262996 143
263208 48
263420 56
263636 76
263848 124
264060 192
264268 263
264480 384
264700 496
264908 624
265120 768
265332 896
265544 1016
265760 1023
265972 1023
266184 1023
266392 1023
266604 1023
266824 1023
267032 1023
267244 1023
267456 1023
267668 1023
267884 1023
268096 1023
268308 1023
268516 1023
268728 1023
268948 967
269156 816
269368 647
269580 480
269796 312
270008 143
270220 48
270432 56
270644 71
270860 120
271072 192
271280 255
271492 384
271704 496
271920 624
272140 1023
272348 1023
272568 1023
272780 1023
272988 1023
273200 1023
273416 1023
273628 1023
273840 1023
274052 1023
274264 1023
274480 1023
274692 1023
274904 1023
275112 1023
275324 1023
275540 927
275752 768
275964 608
276176 448
276388 255
276604 97
276816 48
277028 60
277236 96
277448 127
277664 206
277876 304
278088 408
278300 527
278516 664
278728 796
278940 927
279148 1023
279360 1023
279580 1023
279788 1023
280000 1023
280212 1023
280424 1023
280640 1023
280852 1023
281064 1023
281272 1023
281484 1023
281704 1023
281912 1023
282124 1023
282336 1023
282548 927
282764 768
282976 591
283188 415
283396 254
283608 96
283828 48
284036 62
284248 96
284460 135
284676 224
284888 312
285100 414
285312 536
285520 664
285740 799
285952 927
286160 1023
286372 1023
286584 1023
286800 1023
287012 1023
287224 1023
287436 1023
287644 1023
287864 1023
288076 1023
288284 1023
288496 1023
288708 1023
288924 1023
289136 1023
289348 1023
289560 911
289776 768
289988 575
290196 408
290408 248
290620 96
290836 48
291048 62
291260 96
291472 142
291684 224
291900 316
292112 419
292320 543
292532 671
292744 803
292960 960
293172 1023
293384 1023
293596 1023
293808 1023
294024 1023
294236 1023
294444 1023
294656 1023
294868 1023
295084 1023
295296 1023
295508 1023
295720 1023
295936 1023
296148 1023
296360 1023
296568 908
296780 768
297000 575
297208 408
297420 240
297632 96
297844 48
298060 62
298272 96
298484 143
298692 224
298904 312
299124 419
299332 543
299544 671
299756 807
299968 944
300184 1023
300396 1023
300608 1023
300816 1023
301028 1023
301244 1023
301456 1023
301668 1023
301880 1023
302096 1023
302308 1023
302520 1023
302732 1023
302940 1023
303160 1023
303368 1023
303580 899
303792 768
304004 574
304220 391
304432 224
304644 71
304856 48
305064 63
305284 96
305492 143
305704 224
305916 318
306128 448
306344 551
306556 704
306768 824
306980 960
307196 1023
307408 1023
307616 1023
307828 1023
308040 1023
308256 1023
308468 1023
308680 1023
308892 1023
309104 1023
309320 1023
309532 1023
309740 1023
309952 1023
310164 1023
310380 1023
310592 896
310804 736
311016 560
311228 387
311444 224
311656 71
311864 48
312076 63
312288 96
312504 152
312716 224
312924 319
313136 448
313356 560
313564 704
313776 828
313988 960
314200 1023
314416 1023
314628 1023
314840 1023
315048 1023
315260 1023
315480 1023
315688 1023
315900 1023
316112 1023
316324 1023
316540 1023
316752 1023
316964 1023
317172 1023
317384 1023
317604 896
317812 768
318024 568
318236 390
318452 224
318664 71
318876 48
319088 63
319296 96
319516 152
319724 224
319936 319
320148 448
320360 560
320576 704
320788 828
321000 960
321212 1023
321420 1023
321640 1023
321848 1023
322060 1023
322272 1023
322484 1023
322700 1023
322912 1023
323124 1023
323336 1023
323544 1023
323764 1023
323972 1023
324184 1023
324396 1023
324612 896
324824 736
325036 547
325248 384
325460 224
325676 63
325888 48
326096 63
326308 96
326524 1023
326732 1023
326944 1023
327160 1023
327372 1023
327584 1023
327796 1023
328008 880
328224 704
328436 536
328644 384
328856 199
329068 63
329284 48
329496 63
329708 112
329920 159
330132 240
330348 335
330560 448
330768 575
330980 704
331200 839
331408 972
331620 1023
331832 1023
332044 1023
332260 1023
332472 1023
332684 1023
332892 1023
333104 1023
333324 1023
333532 1023
333744 1023
333956 1023
334168 1023
334384 1023
334596 1023
334808 1022
335016 864
335228 704
335448 527
335656 384
335868 192
336080 60
336296 48
336508 63
336720 112
336932 159
337140 248
337360 352
337572 455
337780 575
337992 711
338204 844
338420 992
338632 1023
338844 1023
339056 1023
339264 1023
339484 1023
339696 1023
339904 1023
340116 1023
340328 1023
340544 1023
340756 1023
340968 1023
341180 1023
341388 1023
341608 1023
341820 1008
342028 864
342240 704
342456 512
342668 352
342880 192
343092 56
343304 48
343520 67
343732 112
343944 163
344152 248
344364 352
344580 462
344792 588
345004 736
345216 864
345428 992
345644 1023
345856 1023
346068 1023
346276 1023
346488 1023
346704 1023
346916 1023
347128 1023
347340 1023
347552 1023
347768 1023
347980 1023
348192 1023
348400 1023
348620 1023
348828 1016
349040 864
349252 704
349464 519
349680 352
349892 192
350104 60
350312 48
350524 63
350744 112
350952 163
351164 248
351376 352
351588 455
351804 585
352016 736
352228 864
352436 992
352648 1023
352868 1023
353076 1023
353288 1023
353500 1023
353716 1023
353928 1023
354140 1023
354352 1023
354560 1023
354780 1023
354992 1023
355200 1023
355412 1023
355624 1023
355840 1008
356052 847
356264 704
356476 512
356684 352
356904 192
357116 56
357324 48
357536 67
357748 112
357964 167
358176 252
358388 352
358600 480
358808 590
359024 736
359236 864
359444 992
359656 1023
359872 1023
360084 1023
360296 1023
360508 1023
360720 1023
360936 1023
361148 1023
361356 1023
361568 1023
361780 1023
361996 1023
362208 1023
362420 1023
362632 1023
362844 1008
363060 839
363272 671
363480 510
363692 352
363904 192
364120 56
364332 56
364544 67
364756 112
364972 176
365184 254
365396 352
365604 480
365816 608
366036 768
366244 864
366456 992
366668 1023
366880 1023
367096 1023
367308 1023
367520 1023
367728 1023
367940 1023
368160 1023
368368 1023
368580 1023
368792 1023
369004 1023
369220 1023
369432 1023
369644 1023
369852 1008
370064 847
370284 679
370492 511
370704 352
370916 192
371132 56
371344 56
371556 67
371768 112
371976 163
372196 252
372408 352
372616 480
372828 591
373040 736
373256 864
373468 992
373680 1023
373892 1023
374100 1023
374320 1023
374532 1023
374740 1023
374952 1023
375164 1023
375380 1023
375592 1023
375804 1023
376016 1023
376232 1023
376444 1023
376656 1023
376864 1008
377076 839
377292 671
377504 504
377716 327
377928 163
378140 56
378356 56
378568 71
378780 120
378988 192
379200 255
379416 384
379628 480
379840 608
380052 768
380264 864
380480 993
380692 1023
380912 1023
381124 1023
381332 1023
381544 1023
381760 896
381972 736
382184 560
382396 387
382608 224
382824 71
383036 48
383248 63
383456 96
383668 143
383888 224
384096 319
384308 448
384520 551
384732 704
384948 824
385160 960
385372 1023
385580 1023
385800 1023
386012 1023
386220 1023
386432 1023
386644 1023
386860 1023
387072 1023
387284 1023
387496 1023
387704 1023
387924 1023
388136 1023
388344 1023
388556 1023
388768 897
388984 768
389196 568
389408 391
389620 240
389828 79
390048 48
390260 63
390468 96
390680 143
390892 224
391108 318
391320 448
391532 547
391744 679
391960 824
392172 960
392380 1023
392592 1023
392804 1023
393020 1023
393232 1023
393444 1023
393656 1023
393868 1023
394084 1023
394296 1023
394504 1023
394716 1023
394928 1023
395144 1023
395356 1023
395568 1023
395780 896
395992 768
396208 560
396420 384
396628 224
396840 67
397052 48
397268 63
397480 96
397692 152
397904 224
398120 319
398332 448
398544 560
398752 704
398964 828
399184 960
399392 1023
399604 1023
399816 1023
400028 1023
400244 1023
400456 1023
400668 1023
400876 1023
401088 1023
401308 1023
401516 1023
401728 1023
401940 1023
402152 1023
402368 1023
402580 1023
402792 896
403000 736
403220 551
403432 384
403640 224
403852 71
404064 48
404280 63
404492 96
404704 152
404916 224
405124 319
405344 448
405556 560
405764 704
405976 824
406188 960
406404 1023
406616 1023
406828 1023
407040 1023
407248 1023
407468 1023
407680 1023
407888 1023
408100 1023
408312 1023
408528 1023
408740 1023
408948 1023
409160 1023
409376 1023
409588 1023
409800 896
410012 768
410224 568
410440 385
410652 224
410860 71
411072 48
411284 63
411500 96
411712 152
411924 224
412136 319
412348 448
412564 560
412776 704
412984 824
413196 960
413408 1023
413624 1023
413836 1023
414048 1023
414260 1023
414476 1023
414688 1023
414900 1023
415108 1023
415320 1023
415540 1023
415748 1023
415960 1023
416172 1023
416384 1023
416600 1023
416812 896
417024 736
417232 547
417444 384
417664 224
417872 63
418084 48
418296 63
418508 96
418724 156
418936 240
419148 319
419356 448
419568 568
419788 704
419996 830
420208 960
420420 1023
420636 1023
420848 1023
421060 1023
421272 1023
421480 1023
421700 1023
421912 1023
422120 1023
422332 1023
422544 1023
422760 1023
422972 1023
423184 1023
423396 1023
423604 1023
423824 896
424036 711
424244 543
424456 384
424668 224
424884 63
425096 48
425308 63
425520 96
425736 156
425948 240
426160 319
426368 448
426580 568
426800 704
427008 831
427220 960
427432 1023
427644 1023
427860 1023
428072 1023
428284 1023
428492 1023
428704 1023
428924 1023
429132 1023
429344 1023
429556 1023
429768 1023
429984 1023
430196 1023
430408 1023
430616 1023
430828 896
431048 718
431256 547
431468 384
431680 224
431896 63
432108 48
432320 63
432532 96
432740 156
432960 240
433172 323
433380 448
433592 568
433804 704
434020 831
434232 960
434444 1023
434656 1023
434864 1023
435084 1023
435304 1023
435512 1023
435724 1023
435936 1023
436148 1023
436364 1023
436576 1023
436788 1023
437000 1023
437208 1023
437428 1023
437636 1023
437848 1023
438060 1023
438272 1023
438488 1023
438700 896
438912 736
439124 560
439332 384
439552 224
439760 67
439972 48
440184 63
440396 96
440612 152
440824 225
441036 319
441248 448
441464 568
441676 704
441884 828
442096 960
442308 1023
442524 1023
442736 1023
442948 1023
443160 1023
443372 1023
443588 1023
443800 1023
444008 1023
444220 1023
444432 1023
444648 1023
444860 1023
445072 1023
445284 1023
445496 1023
445712 896
445924 736
446132 547
446344 384
446564 224
446772 63
446984 48
447196 63
447408 96
447624 156
447836 240
448048 323
448256 448
448468 568
448684 704
448896 831
449108 960
449320 1023
449532 1023
449748 1023
449960 1023
450172 1023
450380 1023
450592 1023
450808 1023
451020 1023
451232 1023
451444 1023
451656 1023
451872 1023
452084 1023
452296 1023
452504 1023
452724 896
452932 705
453144 542
453356 384
453568 224
453784 63
453996 48
454208 63
454420 112
454628 156
454848 240
455056 327
455268 448
455480 572
455692 704
455908 831
456120 963
456332 1023
456544 1023
456752 1023
456972 1023
457180 1023
457392 1023
457604 1023
457820 1023
458032 1023
458244 1023
458456 1023
458664 1023
458884 1023
459096 1023
459304 1023
459516 1023
459728 896
459944 711
460156 543
460368 384
460580 224
460788 63
461008 48
461220 63
461428 97
461640 156
461852 240
462068 327
462280 448
462492 572
462704 704
462912 831
463132 963
463344 1023
463552 1023
463764 1023
463980 1023
464192 1023
464404 1023
464616 1023
464828 1023
465044 1023
465256 1023
465468 1023
465676 1023
465888 1023
466104 1023
466316 1023
466528 1023
466740 896
466952 707
467168 536
467380 384
467592 195
467800 62
468012 48
468228 63
468440 112
468652 159
468864 240
469076 335
469292 448
469504 575
469712 704
469924 831
470144 967
470352 1023
470564 1023
470776 1023
470988 1023
471204 1023
471416 1023
471628 1023
471836 1023
472048 1023
472268 1023
472476 1023
472688 1023
472900 1023
473112 1023
473328 1023
473540 1020
473752 864
473960 704
474172 536
474392 384
474600 193
474812 62
475024 48
475240 63
475452 112
475664 159
475876 240
476084 334
476304 449
476516 575
476724 705
476936 839
477148 967
477364 1023
477576 1023
477788 1023
478000 1023
478208 1023
478428 1023
478640 1023
478848 1023
479060 1023
479272 1023
479488 1023
479700 1023
479912 1023
480124 1023
480336 1023
480552 1023
480764 880
480972 704
481184 540
481400 384
481612 195
481824 62
482036 48
482248 63
482464 112
482676 159
482884 240
483096 332
483308 448
483524 575
483736 705
483948 839
484160 967
484372 1023
484588 1023
484800 1023
485008 1023
485220 1023
485432 1023
485648 1023
485860 1023
486072 1023
486284 1023
486500 1023
486712 1023
486924 1023
487132 1023
487344 1023
487564 1020
487772 864
487984 704
488196 526
488408 384
488624 192
488836 60
489048 48
489256 63
489468 112
489688 1023
489900 1023
490108 1023
490320 1023
490532 1023
490748 931
490960 771
491172 608
491384 448
491592 263
491812 112
492024 48
492232 60
492444 96
492656 127
492872 199
493084 287
493296 399
493508 519
493724 654
493936 783
494148 920
494356 1023
494568 1023
494784 1023
494996 1023
495208 1023
495420 1023
495632 1023
495848 1023
496060 1023
496272 1023
496480 1023
496692 1023
496908 1023
497120 1023
497332 1023
497544 1023
497756 927
497972 768
498184 608
498396 448
498604 255
498824 112
499032 48
499244 60
499456 96
499668 127
499884 199
500096 291
500308 399
500516 519
500728 647
500948 783
501156 924
501368 1023
501580 1023
501792 1023
502008 1023
502220 1023
502432 1023
502640 1023
502852 1023
503072 1023
503280 1023
503492 1023
503704 1023
503916 1023
504132 1023
504344 1023
504552 1023
504764 935
504984 769
505192 608
505404 448
505616 263
505828 112
506044 48
506256 60
506468 96
506676 127
506888 199
507108 287
507316 399
507528 519
507740 647
507952 783
508168 920
508380 1023
508592 1023
508800 1023
509012 1023
509232 1023
509440 1023
509652 1023
509864 1023
510080 1023
510292 1023
510504 1023
510716 1023
510924 1023
511144 1023
511356 1023
511564 1023
511776 927
511988 768
512204 608
512416 423
512628 255
512840 96
513048 48
513268 60
513480 96
513688 135
513900 206
514112 295
514328 408
514540 527
514752 655
514964 792
515172 924
515392 1023
515604 1023
515812 1023
516024 1023
516240 1023
516452 1023
516664 1023
516876 1023
517088 1023
517304 1023
517516 1023
517724 1023
517936 1023
518148 1023
518364 1023
518576 1023
518788 924
519000 768
519212 608
519428 415
519640 255
519848 96
520060 48
520272 60
520488 96
520700 135
520912 224
521124 304
521340 412
521552 527
521764 664
521972 796
522184 927
522404 1023
522612 1023
522824 1023
523036 1023
523248 1023
523464 1023
523676 1023
523888 1023
524096 1023
524308 1023
524528 1023
524736 1023
524948 1023
525160 1023
525372 1023
525588 1023
525800 927
526012 768
526220 608
526432 448
526652 255
526860 96
527072 48
527284 60
527500 96
527712 135
527924 224
528136 304
528344 408
528564 527
528772 657
528984 796
529196 926
529408 1023
529624 1023
529836 1023
530048 1023
530260 1023
530468 1023
530688 1023
530896 1023
531108 1023
531320 1023
531532 1023
531748 1023
531960 1023
532172 1023
532384 1023
532592 1023
532812 911
533020 768
533232 583
533444 414
533660 248
533872 96
534084 48
534296 62
534508 96
534724 140
534936 224
535144 312
535356 415
535568 540
535784 671
535996 799
536208 935
536420 1023
536632 1023
536848 1023
537060 1023
537268 1023
537480 1023
537692 1023
537908 1023
538120 1023
538332 1023
538544 1023
538760 1023
538972 1023
539184 1023
539392 1023
539604 1023
539820 910
540032 768
540244 575
540456 414
540668 252
540884 96
541096 48
541308 62
541516 96
541728 135
541944 224
542156 312
542368 415
542580 540
542792 670
543008 803
543220 935
543432 1023
543640 1023
543852 1023
544072 768
544284 896
544492 1016
544704 1023
544916 1023
545132 1023
545344 1023
545556 1023
545768 1023
545984 1023
546196 1023
546408 1023
546616 1023
546828 1023
547048 1023
547256 1023
547468 1023
547680 1023
547892 992
548108 828
548320 655
548532 496
548740 318
548952 152
549172 48
549380 56
549592 71
549804 120
550016 192
550232 255
550444 384
550656 496
550864 624
551076 768
551296 896
551504 1016
551716 1023
551928 1023
552144 1023
552356 1023
552568 1023
552780 1023
552988 1023
553208 1023
553416 1023
553628 1023
553840 1023
554052 1023
554268 1023
554480 1023
554692 1023
554904 967
555112 816
555332 639
555540 480
555752 304
555964 135
556176 48
556392 56
556604 78
556816 124
557028 192
557236 271
557456 384
557664 496
557876 624
558088 768
558304 896
558516 1022
558728 1023
558940 1023
559152 1023
559368 1023
559580 1023
559788 1023
560000 1023
560212 1023
560428 1023
560640 1023
560852 1023
561064 1023
561276 1023
561492 1023
561704 1023
561912 967
562124 816
562336 639
562552 480
562764 312
562976 143
563188 48
563404 56
563616 76
563828 124
564036 192
564248 263
564464 384
564676 496
564888 624
565100 768
565312 896
565528 1020
565740 1023
565952 1023
566160 1023
566372 1023
566588 1023
566800 1023
567012 1023
567224 1023
567436 1023
567652 1023
567864 1023
568076 1023
568284 1023
568496 1023
568712 1023
568924 967
569132 816
569344 639
569564 480
569772 304
569984 135
570196 48
570408 56
570624 79
570836 124
571048 192
571256 271
571468 384
571688 504
571896 632
572108 768
572320 896
572532 1020
572748 1023
572960 1023
573172 1023
573380 1023
573592 1023
573812 1023
574020 1023
574232 1023
574444 1023
574660 1023
574872 1023
575084 1023
575296 1023
575508 1023
575724 1023
575936 960
576144 799
576356 636
576568 480
576784 287
576996 127
577208 48
577420 56
577632 79
577848 126
578060 192
578268 271
578480 384
578692 504
578908 636
579120 768
579332 896
579544 1023
579756 1023
579972 1023
580184 1023
580392 1023
580604 1023
580824 1023
581032 1023
581244 1023
581456 1023
581668 1023
581884 1023
582096 1023
582308 1023
582516 1023
582728 1023
582944 960
583156 799
583368 638
583580 480
583792 295
584008 127
584220 48
584432 56
584640 79
584852 124
585068 192
585280 271
585492 384
585704 504
585920 636
586132 768
586344 896
586556 1023
586764 1023
586984 1023
587192 1023
587404 1023
587616 1023
587828 1023
588044 1023
588256 1023
588468 1023
588680 1023
588888 1023
589108 1023
589316 1023
589528 1023
589740 1023
589952 960
590168 798
590380 632
590592 455
590804 287
591012 127
591232 48
591440 56
591652 79
591864 126
592080 192
592292 280
592504 384
592716 508
592924 636
593144 768
593356 897
593564 1023
593776 1023
593988 1023
594204 1023
594416 1023
594628 1023
594840 1023
595048 1023
595268 1023
595480 1023
595688 1023
595900 1023
596112 1023
596328 1023
596540 1023
596752 1023
596964 960
597172 783
597392 624
597604 448
597812 286
598024 126
598240 48
598452 768
598664 575
598872 408
599092 240
599304 96
599512 48
599724 62
599936 96
600152 143
600364 224
600576 316
600788 419
601004 543
601216 675
601428 816
601636 960
601848 1023
602064 1023
602276 1023
602488 1023
602700 1023
602912 1023
603128 1023
603340 1023
603552 1023
603760 1023
603972 1023
604188 1023
604400 1023
604612 1023
604824 1023
605036 1023
605252 896
605464 768
605676 568
605884 391
606096 225
606312 71
606524 48
606736 63
606948 96
607164 147
607376 224
607588 319
607796 448
608008 551
608228 704
608436 824
608648 960
608860 1023
609072 1023
609288 1023
609500 1023
609712 1023
609920 1023
610132 1023
610352 1023
610560 1023
610772 1023
610984 1023
611196 1023
611412 1023
611624 1023
611836 1023
612044 1023
612264 896
612476 768
612684 568
612896 391
613108 240
613324 71
613536 48
613748 63
613960 96
614168 143
614388 224
614600 318
614808 448
615020 547
615232 679
615448 824
615660 960
615872 1023
616084 1023
616296 1023
616512 1023
616724 1023
616932 1023
617144 1023
617356 1023
617572 1023
617784 1023
617996 1023
618208 1023
618424 1023
618636 1023
618848 1023
619056 1023
619268 896
619488 736
619696 560
619908 384
620120 224
620332 67
620548 48
620760 63
620972 96
621180 152
621392 224
621612 319
621820 448
622032 560
622244 704
622456 828
622672 960
622884 1023
623096 1023
623304 1023
623524 1023
623736 1023
623944 1023
624156 1023
624368 1023
624584 1023
624796 1023
625008 1023
625220 1023
625428 1023
625648 1023
625860 1023
626068 1023
626280 896
626492 736
626708 543
626920 384
627132 224
627344 67
627552 48
627772 63
627984 96
628192 152
628404 225
628616 319
628832 448
629044 568
629256 704
629468 830
629684 960
629896 1023
630108 1023
630316 1023
630528 1023
630744 1023
630956 1023
631168 1023
631380 1023
631592 1023
631808 1023
632020 1023
632232 1023
632440 1023
632652 1023
632868 1023
633080 1023
633292 896
633504 736
633716 560
633932 384
634144 224
634356 67
634564 48
634776 63
634992 96
635204 152
635416 225
635628 319
635844 448
636056 568
636268 704
636476 830
636688 960
636908 1023
637116 1023
637328 1023
637540 1023
637752 1023
637968 1023
638180 1023
638392 1023
638600 1023
638812 1023
639032 1023
639240 1023
639452 1023
639664 1023
639876 1023
640092 1023
640304 896
640516 711
640724 543
640944 384
641156 199
641364 63
641576 48
641788 63
642004 112
642216 158
642428 240
642640 327
642848 448
643068 572
643280 704
643488 831
643700 961
643912 1023
644128 1023
644340 1023
644552 1023
644764 1023
644972 1023
645192 1023
645404 1023
645612 1023
645824 1023
646036 1023
646252 1023
646464 1023
646672 1023
646884 1023
647104 1023
647312 896
647524 705
647736 542
647948 384
648164 199
648376 63
648588 48
648796 63
649008 112
649228 158
649436 240
649648 327
649860 448
650072 572
650288 704
650500 831
650712 963
650920 1023
651132 1023
651352 1023
651560 1023
651772 1023
651984 1023
652200 1023
652412 1023
652624 1023
652840 48
653048 56
653268 71
653480 124
653688 192
653900 263
654116 384
654328 496
654540 624
654752 768
654964 896
655180 1016
655392 1023
655604 1023
655812 1023
656024 1023
656240 1023
656452 1023
656664 1023
656876 1023
657088 1023
657304 1023
657516 1023
657728 1023
657936 1023
658148 1023
658364 1023
658576 967
658788 816
659000 639
659216 480
659428 312
659640 143
659848 48
660060 56
660280 76
660488 124
660700 192
660912 263
661124 384
661340 496
661552 624
661764 768
661972 896
662184 1016
662404 1023
662612 1023
662824 1023
663036 1023
663248 1023
663464 1023
663676 1023
663888 1023
664096 1023
664308 1023
664528 1023
664736 1023
664948 1023
665160 1023
665376 1023
665588 992
665800 824
666012 652
666220 481
666440 312
666652 143
666860 48
667072 56
667284 71
667500 124
667712 192
667924 255
668136 384
668344 496
668564 624
668776 768
668984 896
669196 1016
669408 1023
669624 1023
669836 1023
670048 1023
670260 1023
670476 1023
670688 1023
670896 1023
671108 1023
671320 1023
671536 1023
671748 1023
671960 1023
672172 1023
672384 1023
672600 961
672812 799
673020 639
673232 480
673444 304
673660 127
673872 48
674084 56
674296 78
674508 124
674724 192
674936 271
675144 384
675356 504
675568 632
675784 768
675996 896
676208 1022
676420 1023
676636 1023
676848 1023
677060 1023
677268 1023
677480 1023
677700 1023
677908 1023
678120 1023
678332 1023
678544 1023
678760 1023
678972 1023
679184 1023
679392 1023
679604 963
679824 799
680032 638
680244 480
680456 304
680668 135
680884 48
681096 56
681308 78
681516 124
681728 192
681948 271
682156 384
682368 504
682580 632
682796 768
683008 896
683220 1023
683432 1023
683640 1023
683860 1023
684072 1023
684280 1023
684492 1023
684704 1023
684920 1023
685132 1023
685344 1023
685556 1023
685764 1023
685984 1023
686196 1023
686404 1023
686616 966
686828 807
687044 639
687256 480
687468 304
687680 135
687896 48
688108 56
688320 78
688528 124
688740 192
688956 271
689168 384
689380 504
689592 632
689804 768
690020 896
690232 1023
690444 1023
690652 1023
690864 1023
691080 1023
691292 1023
691504 1023
691716 1023
691928 1023
692144 1023
692356 1023
692568 1023
692776 1023
692988 1023
693204 1023
693416 1023
693624 960
693836 798
694052 632
694264 451
694476 287
694688 126
694900 48
695116 56
695328 96
695536 127
695748 192
695960 280
696176 385
696388 510
696600 638
696812 768
697024 897
697240 1023
697452 1023
697660 1023
697872 1023
698084 1023
698300 1023
698512 1023
698724 1023
698936 1023
699152 1023
699364 1023
699576 1023
699784 1023
699996 1023
700216 1023
700424 1023
700636 960
700848 796
701060 632
701276 451
701488 287
701700 127
701908 48
702120 56
702340 96
702552 127
702760 192
702972 280
703184 384
703400 510
703612 638
703824 768
704036 899
704244 1023
704464 1023
704676 1023
704884 1023
705096 1023
705312 1023
705524 1023
705736 1023
705948 1023
706160 1023
706376 1023
706588 1023
706800 1023
707008 1023
707216 1023
707428 1023
707640 1023
707852 1023
708068 1023
708280 1023
708492 1023
708700 1023
708912 1023
709128 1023
709340 1023
709552 903
709764 768
709980 574
710192 399
710404 240
710612 96
710824 48
711044 62
711252 96
711464 143
711676 224
711888 316
712104 422
712316 543
712528 671
712736 816
712948 960
713168 1023
713376 1023
713588 1023
713800 1023
714012 1023
714228 1023
714440 1023
714652 1023
714860 1023
715080 1023
715292 1023
715500 1023
715712 1023
715924 1023
716140 1023
716352 1023
716564 899
716776 768
716984 572
717204 391
717416 224
717624 71
717836 48
718048 63
718264 96
718476 143
718688 224
718900 318
719108 432
719328 551
719540 704
719748 824
719960 960
720172 1023
720388 1023
720600 1023
720812 1023
721024 1023
721240 1023
721452 1023
721660 1023
721872 1023
722084 1023
722300 1023
722512 1023
722724 1023
722936 1023
723148 1023
723364 1023
723576 896
723784 768
723996 568
724208 391
724424 224
724636 71
724848 48
725060 63
725272 96
725488 147
725700 224
725908 319
726120 448
726332 560
726548 704
726760 824
726972 960
727184 1023
727400 1023
727612 1023
727824 1023
728032 1023
728244 1023
728464 1023
728672 1023
728884 1023
729096 1023
729308 1023
729524 1023
729736 1023
729948 1023
730156 1023
730368 1023
730588 896
730796 768
731008 568
731220 391
731432 240
731648 71
731860 48
732072 63
732280 96
732500 145
732712 224
732920 319
733132 448
733344 551
733560 704
733772 824
733984 960
734196 1023
734404 1023
734624 1023
734836 1023
735044 1023
735256 1023
735468 1023
735684 1023
735896 1023
736108 1023
736320 1023
736528 1023
736748 1023
736960 1023
737168 1023
737380 1023
737592 896
737808 736
738020 560
738228 384
738440 224
738656 63
738868 48
739080 63
739292 96
739504 152
739720 240
739932 319
740140 448
740352 560
740564 704
740780 830
740992 960
741204 1023
741416 1023
741628 1023
741844 1023
742056 1023
742264 1023
742476 1023
742688 1023
742904 1023
743116 1023
743328 1023
743540 1023
743756 1023
743968 1023
744180 1023
744388 1023
744600 896
744820 736
745028 551
745240 384
745452 224
745664 71
745880 48
746092 63
746304 96
746512 152
746724 224
746944 319
747152 448
747364 568
747576 704
747788 828
748004 960
748216 1023
748428 1023
748636 1023
748848 1023
749068 1023
749276 1023
749488 1023
749700 1023
749916 1023
750128 1023
750340 1023
750552 1023
750760 1023
750980 1023
751192 1023
751400 1023
751612 896
751824 992
752040 551
752252 384
752464 224
752676 67
752884 48
753104 63
753316 96
753524 152
753736 225
753948 319
754164 448
754376 568
754588 704
754800 828
755016 960
755228 1023
755440 1023
755648 1023
755860 1023
756076 1023
756288 1023
756500 1023
756712 1023
756924 1023
757140 1023
757352 1023
757564 1023
757772 1023
757984 1023
758200 1023
758412 1023
758624 896
758836 711
759048 543
759264 384
759476 204
759688 63
759896 48
760108 63
760324 112
760536 158
760748 240
760960 327
761176 448
761388 572
761596 1016
761816 1023
762024 1023
762236 1023
762448 1023
762660 1023
762876 1023
763088 1023
763300 1023
763508 1023
763720 1023
763940 1023
764148 1023
764360 1023
764572 1023
764784 1023
765000 960
765212 799
765424 639
765632 480
765844 304
766064 135
766272 48
766484 56
766696 76
766912 124
767124 192
767336 271
767548 384
767756 496
767976 632
768188 768
768396 896
768608 1020
768820 1023
769036 1023
769248 1023
769460 1023
769672 1023
769880 1023
770100 1023
770312 1023
770520 1023
770732 1023
770944 1023
771160 1023
771372 1023
771584 1023
771796 1023
772004 972
772224 816
772436 639
772644 480
772856 312
773072 142
773284 48
773496 56
773708 71
773920 124
774136 192
774348 268
774560 384
774768 496
774980 624
775196 768
775408 896
775620 1020
775832 1023
776044 1023
776260 1023
776472 1023
776684 1023
776892 1023
777104 1023
777320 1023
777532 1023
777744 1023
777956 1023
778168 1023
778384 1023
778596 1023
778804 1023
779016 963
779236 799
779444 638
779656 480
779868 295
780080 127
780296 48
780508 56
780720 79
780928 124
781140 192
781360 271
781568 384
781780 504
781992 632
782204 768
782420 896
782632 1023
782844 1023
783052 1023
783264 1023
783484 1023
783692 1023
783904 1023
784116 1023
784332 1023
784544 1023
784756 1023
784968 1023
785176 1023
785396 1023
785608 1023
785816 1023
786028 960
786240 799
786456 632
786668 455
786880 287
787092 127
787300 48
787520 56
787732 79
787940 126
788152 192
788364 271
788580 384
788792 504
789004 632
789216 768
789428 896
789644 1023
789856 1023
790064 1023
790276 1023
790496 1023
790704 1023
790916 1023
791128 1023
791340 1023
791556 1023
791768 1023
791980 1023
792188 1023
792400 1023
792620 1023
792828 1023
793040 960
793252 799
793464 639
793680 480
793892 295
794104 135
794312 48
794524 56
794744 79
794952 124
795164 192
795376 271
795592 384
795804 504
796016 632
796228 768
796436 896
796656 1023
796864 1023
797076 1023
797288 1023
797500 1023
797716 1023
797928 1023
798140 1023
798352 1023
798560 1023
798780 1023
798988 1023
799200 1023
799412 1023
799624 1023
799840 1023
800052 960
800264 798
800476 632
800684 455
800904 286
801112 126
801324 48
801536 56
801752 96
801964 127
802176 192
802388 280
802600 384
802816 510
803028 638
803236 768
803448 899
803660 1023
803876 1023
804088 1023
804300 1023
804512 1023
804724 1023
804940 1023
805152 1023
805360 1023
805572 1023
805784 1023
806000 1023
806212 1023
806424 1023
806636 1023
806852 1023
807064 960
807276 792
807484 632
807696 454
807912 286
808124 126
808336 48
808548 56
808760 79
808976 127
809188 192
809400 284
809608 384
809820 508
810036 638
810248 768
810460 899
810672 1023
810884 1023
811100 1023
811312 1023
811524 1023
811732 1023
811944 1023
812160 1023
812372 1023
812584 1023
812796 1023
813012 1023
813224 1023
813436 1023
813648 1023
813856 1023
814076 960
814284 798
814496 632
814708 455
814920 287
815136 127
815348 48
815560 56
815772 79
815992 1023
816204 1023
816420 913
816632 768
816844 583
817052 415
817264 252
817480 96
817692 48
817904 60
818116 96
818328 135
818544 224
818756 312
818968 415
819176 536
819388 668
819604 799
819816 931
820028 1023
820240 1023
820452 1023
820668 1023
820880 1023
821092 1023
821300 1023
821520 1023
821728 1023
821940 1023
822152 1023
822364 1023
822580 1023
822792 1023
823004 1023
823216 1023
823424 911
823644 768
823852 583
824064 415
824276 252
824488 96
824704 48
824916 62
825128 96
825340 135
825548 224
825768 312
825976 415
826188 540
826400 668
826612 799
826828 934
827040 1023
827252 1023
827464 1023
827680 1023
827892 1023
828104 1023
828312 1023
828524 1023
828740 1023
828952 1023
829164 1023
829376 1023
829588 1023
829804 1023
830016 1023
830228 1023
830436 920
830648 768
830864 583
831076 415
831288 252
831500 96
831712 48
831928 62
832140 96
832352 135
832560 224
832780 312
832988 415
833200 540
833412 670
833624 799
833840 935
834052 1023
834264 1023
834472 1023
834684 1023
834904 1023
835112 1023
835324 1023
835536 1023
835748 1023
835964 1023
836176 1023
836388 1023
836596 1023
836808 1023
837028 1023
837236 1023
837448 903
837660 768
837872 575
838088 399
838300 240
838512 79
838720 48
838940 62
839152 96
839360 143
839572 224
839784 316
840000 432
840212 547
840424 679
840636 816
840844 960
841064 1023
841276 1023
841484 1023
841696 1023
841908 1023
842124 1023
842336 1023
842548 1023
842760 1023
842968 1023
843188 1023
843400 1023
843608 1023
843820 1023
844032 1023
844248 1023
844460 897
844672 768
844884 572
845100 391
845312 240
845520 79
845732 48
845944 62
846160 96
846372 143
846584 224
846796 316
847008 423
847224 547
847436 679
847644 816
847856 960
848068 1023
848284 1023
848496 1023
848708 1023
848920 1023
849132 1023
849348 1023
849560 1023
849768 1023
849980 1023
850200 1023
850408 1023
850620 1023
850832 1023
851044 1023
851260 1023
851472 899
851684 768
851892 574
852104 399
852324 240
852532 76
852744 48
852956 62
853168 96
853384 143
853596 224
853808 318
854016 432
854228 543
854448 704
854656 824
854868 960
855080 1023
855292 1023
855508 1023
855720 1023
855928 1023
856140 1023
856356 1023
856568 1023
856780 1023
856992 1023
857204 1023
857420 1023
857632 1023
857840 1023
858052 1023
858264 1023
858480 896
858692 736
858904 560
859116 384
859328 224
859544 63
859756 48
859964 63
860176 96
860388 152
860604 240
860816 319
861028 448
861240 568
861456 704
861668 830
861880 960
862088 1023
862300 1023
862520 1023
862728 1023
862940 1023
863152 1023
863364 1023
863580 1023
863792 1023
864004 1023
864212 1023
864424 1023
864644 1023
864852 1023
865064 1023
865276 1023
865488 896
865704 736
865916 560
866128 384
866336 224
866548 71
866768 48
866976 63
867188 96
867400 152
867616 240
867828 319
868040 448
868252 568
868460 704
868680 831
868892 960
869100 1023
869312 1023
869524 1023
869740 1023
869952 1023
870164 1023
870376 1023
870588 1023
870800 1023
871008 1023
871228 1023
871440 1023
871648 1023
871860 961
872072 799
872288 636
872500 462
872712 287
872924 127
873132 48
873352 56
873564 79
873772 126
873984 192
874196 280
874412 384
874624 504
874836 636
875048 768
875264 896
875476 1023
875684 1023
875896 1023
876108 1023
876324 1023
876536 1023
876748 1023
876960 1023
877172 1023
877388 1023
877600 1023
877808 1023
878020 1023
878232 1023
878448 1023
878660 1023
878872 960
879084 796
879296 632
879512 451
879724 287
879932 127
880144 48
880364 56
880572 96
880784 127
880996 192
881208 280
881424 385
881636 508
881848 638
882056 768
882268 897
882488 1023
882696 1023
882908 1023
883120 1023
883332 1023
883548 1023
883760 1023
883972 1023
884180 1023
884392 1023
884612 1023
884820 1023
885032 1023
885244 1023
885456 1023
885672 1023
885884 960
886092 799
886304 636
886520 455
886732 287
886944 127
887156 48
887368 56
887584 79
887796 126
888004 192
888216 280
888428 384
888644 508
888856 636
889068 768
889280 897
889492 1023
889708 1023
889920 1023
890128 1023
890340 1023
890552 1023
890768 1023
890980 1023
891192 1023
891404 1023
891620 1023
891832 1023
892044 1023
892252 1023
892464 1023
892684 1023
892892 960
893104 792
893316 624
893528 449
893744 280
893956 120
894168 48
894376 56
894588 96
894808 127
895016 193
895228 286
895440 387
895652 511
895868 639
896080 771
896292 903
896500 1023
896712 1023
896932 1023
897140 1023
897352 1023
897564 1023
897780 1023
897992 1023
898204 1023
898416 1023
898624 1023
898844 1023
899056 1023
899264 1023
899476 1023
899688 1023
899904 944
900116 775
900328 624
900540 448
900748 275
900968 120
901180 48
901388 60
901600 96
901812 127
902028 195
902240 287
902452 391
902664 512
902880 639
903092 775
903304 911
903512 1023
903724 1023
903940 1023
904152 1023
904364 1023
904576 1023
904788 1023
905004 1023
905216 1023
905428 1023
905636 1023
905848 1023
906064 1023
906276 1023
906488 1023
906700 1023
906912 960
907128 783
907340 624
907552 448
907760 284
907972 124
908188 48
908400 60
908612 96
908824 127
909040 195
909252 287
909464 391
909672 512
909884 639
910104 775
910312 910
910524 1023
910736 1023
910948 1023
911164 1023
911376 1023
911588 1023
911796 1023
912008 1023
912228 1023
912436 1023
912648 1023
912860 1023
913072 1023
913288 1023
913500 1023
913712 1023
913920 935
914132 769
914352 608
914560 448
914772 255
914984 112
915200 48
915412 60
915624 96
915836 127
916044 199
916264 291
916476 399
916684 519
916896 647
917108 783
917324 924
917536 1023
917748 1023
917960 1023
918168 1023
918388 1023
918600 1023
918808 1023
919020 1023
919232 1023
919448 1023
919660 1023
919872 1023
920084 1023
920300 1023
920512 1023
920720 1023
920932 927
921144 769
921360 608
921572 448
921784 255
921996 112
922208 48
922424 60
922636 96
922844 127
923056 199
923268 287
923484 399
923696 519
923908 652
924120 783
924332 920
924548 1023
924760 1023
924972 1023
925180 1023
925392 1023
925604 1023
925820 1023
926032 1023
926244 1023
926456 1023
926672 1023
926884 1023
927096 1023
927304 1023
927516 903
927732 768
927944 572
928156 398
928368 240
928580 79
928796 48
929008 62
929220 96
929428 143
929640 224
929856 318
930068 448
930280 547
930492 679
930704 816
930920 960
931132 1023
931344 1023
931552 1023
931764 1023
931980 1023
932192 1023
932404 1023
932616 1023
932832 1023
933044 1023
933256 1023
933464 1023
933676 1023
933896 1023
934104 1023
934316 1023
934528 896
934740 768
934956 568
935168 391
935380 240
935588 79
935800 48
936020 63
936228 96
936440 143
936652 224
936864 316
937080 448
937292 547
937504 679
937712 816
937932 960
938144 1023
938352 1023
938564 1023
938776 1023
938992 1023
939204 1023
939416 1023
939628 1023
939836 1023
940056 1023
940268 1023
940476 1023
940688 1023
940900 1023
941116 1023
941328 1023
941540 899
941752 768
941960 574
942180 391
942392 240
942600 78
942812 48
943024 63
943240 96
943452 143
943664 224
943876 318
944092 448
944304 551
944512 688
944724 824
944936 960
945152 1023
945364 1023
945576 1023
945788 1023
946000 1023
946216 1023
946428 1023
946636 1023
946848 1023
947060 1023
947276 1023
947488 1023
947700 1023
947912 1023
948124 1023
948340 1023
948552 896
948760 736
948972 560
949192 384
949400 224
949612 63
949824 48
950036 63
950252 96
950464 152
950676 240
950884 319
951096 448
951316 568
951524 704
951736 830
951948 960
952160 1023
952376 1023
952588 1023
952800 1023
953008 1023
953220 1023
953440 1023
953648 1023
953860 1023
954072 1023
954284 1023
954500 1023
954712 1023
954924 1023
955132 1023
955352 1023
955560 896
955772 736
955984 560
956196 384
956412 224
956624 67
956836 48
957048 63
957256 96
957476 152
957684 225
957896 319
958108 448
958320 560
958536 704
958748 828
958960 960
959172 1023
959380 1023
959600 1023
959808 1023
960020 1023
960232 1023
960444 1023
960660 1023
960872 1023
961084 1023
961296 1023
961512 1023
961724 1023
961932 1023
962144 1023
962356 1023
962572 896
962784 736
962996 551
963208 384
963420 224
963636 63
963848 48
964056 63
964268 96
964480 152
964696 240
964908 319
965120 448
965332 568
965544 704
965760 830
965972 960
966180 1023
966392 1023
966612 1023
966820 1023
967032 1023
967244 1023
967456 1023
967672 1023
967884 1023
968096 1023
968304 1023
968516 1023
968732 1023
968944 1023
969156 1023
969368 1023
969580 896
969796 705
970008 540
970220 384
970428 199
970640 63
970856 48
971068 63
971280 112
971492 158
971704 240
971920 334
972132 448
972340 574
972552 704
972768 839
972980 967
973192 1023
973404 1023
973616 1023
973832 1023
974044 1023
974256 1023
974464 1023
974676 1023
974892 1023
975104 1023
975316 1023
975528 1023
975740 1023
975956 1023
976168 1023
976380 1023
976588 896
976800 707
977016 540
977228 384
977440 199
977652 63
977868 48
978080 63
978292 112
978504 158
978712 240
978932 335
979160 668
979368 504
979580 327
979792 159
980004 56
980220 56
980432 71
980644 120
980852 192
981064 255
981284 384
981492 480
981704 608
981916 768
982132 896
982344 1008
982556 1023
982768 1023
982976 1023
983196 1023
983408 1023
983616 1023
983828 1023
984040 1023
984256 1023
984468 1023
984680 1023
984892 1023
985100 1023
985320 1023
985532 1023
985740 992
985952 831
986164 668
986380 496
986592 319
986804 158
987016 48
987232 56
987444 71
987652 120
987864 192
988076 255
988292 384
988504 480
988716 608
988928 768
989140 896
989356 1008
989568 1023
989776 1023
989988 1023
990200 1023
990416 1023
990628 1023
990840 1023
991052 1023
991264 1023
991480 1023
991692 1023
991900 1023
992112 1023
992324 1023
992540 1023
992752 974
992964 824
993172 652
993392 480
993600 316
993812 152
994024 48
994236 56
994452 71
994664 120
994876 192
995084 255
995296 384
995516 496
995724 624
995936 768
996148 896
996360 1016
996576 1023
996788 1023
997000 1023
997208 1023
997420 1023
997640 1023
997848 1023
998060 1023
998272 1023
998488 1023
998700 1023
998912 1023
999124 1023
999332 1023
999552 1023
999764 992
999972 824
1000184 654
1000396 496
1000612 316
1000824 145
1001036 48
1001248 56
1001456 71
1001676 124
1001888 192
1002096 255
1002308 384
1002520 496
1002736 624
1002948 768
1003160 896
1003372 1016
1003580 1023
1003800 1023
1004012 1023
1004220 1023
1004432 1023
1004648 1023
1004860 1023
1005072 1023
1005284 1023
1005496 1023
1005712 1023
1005924 1023
1006132 1023
1006344 1023
1006556 1023
1006772 967
1006984 816
1007196 639
1007408 480
1007620 312
1007836 135
1008048 48
1008256 56
1008468 76
1008680 124
1008896 192
1009108 270
1009320 384
1009532 496
1009748 632
1009960 768
1010172 896
1010380 1020
1010592 1023
1010812 1023
1011020 1023
1011232 1023
1011444 1023
1011656 1023
1011872 1023
1012084 1023
1012296 1023
1012504 1023
1012716 1023
1012936 1023
1013144 1023
1013356 1023
1013568 1023
1013780 961
1013996 799
1014208 639
1014420 480
1014628 304
1014840 135
1015060 48
1015268 56
1015480 78
1015692 124
1015908 192
1016120 271
1016332 384
1016544 496
1016752 624
1016972 768
1017180 896
1017392 1022
1017604 1023
1017816 1023
1018032 1023
1018244 1023
1018456 1023
1018668 1023
1018876 1023
1019096 1023
1019304 1023
1019516 1023
1019728 1023
1019940 1023
1020156 1023
1020368 1023
1020580 1023
1020792 967
1021000 803
1021220 639
1021428 480
1021640 304
1021852 135
1022068 48
1022280 56
1022492 78
1022704 126
1022916 192
1023132 271
1023344 384
1023552 504
1023764 632
1023976 768
1024192 896
1024404 1023
1024616 1023
1024828 1023
1025040 1023
1025256 1023
1025468 1023
1025676 1023
1025888 1023
1026100 1023
1026316 1023
1026528 1023
1026740 1023
1026952 1023
1027168 1023
1027380 1023
1027592 1023
1027800 960
1028012 799
1028228 632
1028440 455
1028652 287
1028864 127
1029076 48
1029292 56
1029504 79
1029716 126
1029924 192
1030136 280
1030352 384
1030564 508
1030776 636
1030988 768
1031200 896
1031416 1023
1031628 1023
1031840 1023
1032048 1023
1032260 1023
1032476 1023
1032688 1023
1032896 1023
1033108 1023
1033328 1023
1033536 1023
1033748 1023
1033964 911
1034176 768
1034388 583
1034600 415
1034812 254
1035028 96
1035240 48
1035448 60
1035660 96
1035880 135
1036088 224
1036300 304
1036512 414
1036724 531
1036940 668
1037152 799
1037364 927
1037572 1023
1037784 1023
1038000 1023
1038212 1023
1038424 1023
1038636 1023
1038848 1023
1039064 1023
1039276 1023
1039488 1023
1039696 1023
1039908 1023
1040124 1023
1040336 1023
1040548 1023
1040760 1023
1040972 924
1041188 768
1041400 588
1041612 415
1041820 252
1042040 96
1042248 48
1042460 60
1042672 96
1042884 135
1043100 224
1043312 304
1043524 414
1043736 536
1043944 664
1044164 799
1044372 927
1044584 1023
1044796 1023
1045008 1023
1045224 1023
1045436 1023
1045648 1023
1045860 1023
1046068 1023
1046288 1023
1046496 1023
1046708 1023
1046920 1023
1047132 1023
1047348 1023
1047560 1023
1047772 1023
1047980 911
1048200 768
1048412 575
1048620 408
1048832 248
1049044 96
1049260 48
1049472 62
1049684 96
1049896 142
1050104 224
1050324 316
1050536 415
1050744 543
1050956 671
1051168 799
1051384 944
1051596 1023
1051808 1023
1052020 1023
1052228 1023
1052448 1023
1052660 1023
1052868 1023
1053080 1023
1053296 1023
1053508 1023
1053720 1023
1053932 1023
1054144 1023
1054360 1023
1054572 1023
1054784 1023
1054992 903
1055204 768
1055420 575
1055632 408
1055844 248
1056056 96
1056268 48
1056484 62
1056696 96
1056908 142
1057116 224
1057328 312
1057544 415
1057756 543
1057968 671
1058180 799
1058392 935
1058608 1023
1058820 1023
1059028 1023
1059240 1023
1059456 1023
1059668 1023
1059880 1023
1060092 1023
1060304 1023
1060520 1023
1060732 1023
1060944 1023
1061152 1023
1061364 1023
1061580 1023
1061792 1023
1062004 911
1062216 768
1062428 575
1062644 412
1062856 248
1063068 96
1063276 48
1063488 62
1063704 96
1063916 142
1064128 224
1064340 312
1064556 415
1064768 543
1064980 671
1065188 799
1065400 934
1065620 1023
1065828 1023
1066040 1023
1066252 1023
1066464 1023
1066680 1023
1066892 1023
1067104 1023
1067312 1023
1067524 1023
1067744 1023
1067952 1023
1068164 1023
1068376 1023
1068588 1023
1068804 1023
1069016 897
1069228 768
1069436 572
1069648 399
1069868 224
1070076 71
1070288 48
1070500 62
1070716 96
1070928 143
1071140 224
1071352 318
1071560 423
1071780 551
1071992 688
1072200 824
1072412 960
1072624 1023
1072840 1023
1073052 1023
1073264 1023
1073476 1023
1073684 1023
1073904 1023
1074116 1023
1074324 1023
1074536 1023
1074748 1023
1074964 1023
1075176 1023
1075388 1023
1075600 1023
1075816 1023
1076028 896
1076236 768
1076448 572
1076660 399
1076876 240
1077088 79
1077300 48
1077512 62
1077724 96
1077940 143
1078152 224
1078360 316
1078572 423
1078784 543
1079000 679
1079212 816
1079424 960
1079636 1023
1079848 1023
1080064 1023
1080276 1023
1080484 1023
1080696 1023
1080908 1023
1081124 1023
1081336 1023
1081548 1023
1081760 1023
1081976 1023
1082188 1023
1082400 1023
1082608 1023
1082820 1023
1083040 896
1083252 768
1083460 572
1083672 398
1083884 240
1084100 76
1084312 48
1084524 62
1084736 96
1084944 143
1085164 224
1085376 318
1085584 448
1085796 547
1086008 679
1086224 824
1086436 960
1086648 1023
1086860 1023
1087068 1023
1087288 1023
1087500 1023
1087708 1023
