520 1023
1032 1023
1552 1023
2060 774
2580 384
3088 48
3608 96
4120 255
4636 527
5148 839
5664 1023
6176 1023
6692 1023
7204 1023
7720 1023
8232 1023
8748 911
9260 513
9780 120
10288 63
10808 192
11316 419
11836 768
12348 1023
12864 1023
13376 1023
13892 1023
14404 1023
14920 1023
15432 1023
15948 655
16460 255
16976 48
17488 127
18004 319
18516 624
19032 927
19544 1023
20060 1023
20576 1023
21088 1023
21604 1023
22116 1023
22636 816
23144 412
23664 56
24172 96
24692 240
25204 504
25720 816
26232 1023
26748 1023
27260 1023
27776 1023
28288 1023
28804 1023
29316 960
29832 550
30344 152
30864 62
31372 167
31892 398
32400 704
32920 1020
33432 1023
33948 1023
34460 1023
34976 1023
35488 1023
36004 1023
36516 704
37032 287
37544 48
38060 120
38572 304
39092 583
39600 899
40120 1023
40628 1023
41148 1023
41660 1023
42176 1023
42688 1023
43204 847
43716 448
44232 63
44744 71
45260 224
45772 480
46288 783
46800 1023
47320 1023
47828 1023
48348 1023
48856 1023
49376 1023
49888 992
50404 588
50916 192
51432 60
51944 156
52460 384
52972 671
53488 992
54000 1023
54516 1023
55028 1023
55548 1023
56056 1023
56576 1023
57084 768
57604 327
58116 48
58632 112
59144 280
59660 560
60172 896
60688 1023
61200 1023
61716 1023
62228 1023
62744 1023
63256 1023
63776 896
64284 496
64804 96
65312 67
65832 195
66344 448
66860 768
67372 1023
67888 1023
68400 1023
68916 1023
69428 1023
69944 1023
70456 1020
70972 632
71484 224
72004 56
72512 135
73032 352
73540 639
74060 960
74572 1023
75088 1023
75600 1023
76116 1023
76628 1023
77144 1023
77656 771
78172 384
78684 48
79200 96
79712 255
80232 527
80740 839
81260 1023
81768 1023
82288 1023
82800 1023
83316 1023
83828 1023
84344 920
84856 521
85372 124
85884 63
86400 192
86912 415
87428 736
87940 1023
88460 1023
88968 1023
89488 1023
89996 1023
90516 1023
91028 1023
91544 668
92056 255
92572 48
93084 127
93600 319
94112 624
94628 927
95140 1023
95656 1023
96168 1023
96688 1023
97196 1023
97716 1023
98224 816
98744 401
99256 56
99772 96
100284 240
100800 504
101312 816
101828 1023
102340 1023
102856 1023
103368 1023
103884 1023
104396 1023
104916 960
105424 568
105944 158
106452 60
106972 159
107484 387
108000 704
108512 1016
109028 1023
109540 1023
110056 1023
110568 1023
111084 1023
111596 1023
112112 704
112624 287
113144 48
113652 120
114172 304
114680 583
115200 899
115712 1023
116228 1023
116740 1023
117256 1023
117768 1023
118284 1023
118796 847
119312 448
119824 63
120340 76
120852 224
121372 480
121880 783
122400 1023
122908 1023
123428 1023
123940 1023
124456 1023
124968 1023
125484 992
125996 608
126512 192
127024 56
127540 152
128052 384
128568 668
129080 992
129600 1023
130108 1023
130628 1023
131136 1023
131656 1023
132176 448
132688 63
133204 78
133716 224
134232 480
134744 792
135260 1023
135772 1023
136288 1023
136800 1023
137320 1023
137828 1023
138348 992
138856 588
139376 192
139888 60
140404 158
140916 384
141432 675
141944 992
142460 1023
142972 1023
143488 1023
144000 1023
144516 1023
145028 1023
145548 736
146056 318
146576 48
147084 112
147604 287
148116 572
148632 896
149144 1023
149660 1023
150172 1023
150688 1023
151200 1023
151716 1023
152228 880
152744 480
153256 79
153776 71
154284 224
154804 455
155312 768
155832 1023
156344 1023
156860 1023
157372 1023
157888 1023
158400 1023
158916 1008
159428 624
159944 199
160456 56
160972 143
161484 384
162004 655
162512 972
163032 1023
163540 1023
164060 1023
164572 1023
165088 1023
165600 1023
166116 768
166628 352
167144 48
167656 112
168172 271
168684 547
169200 880
169712 1023
170232 1023
170740 1023
171260 1023
171768 1023
172288 1023
172800 896
173316 496
173828 96
174344 63
174856 192
175372 448
175884 768
176400 1023
176912 1023
177428 1023
177940 1023
178460 1023
178968 1023
179488 1023
179996 638
180516 224
181028 56
181544 135
182056 352
182572 639
183084 960
183600 1023
184116 1023
184628 1023
185144 1023
185656 1023
186176 1023
186684 768
187204 384
187712 48
188232 96
188744 255
189260 531
189772 847
190288 1023
190800 1023
191316 1023
191828 1023
192344 1023
192856 1023
193372 911
193884 513
194404 120
194912 63
195432 192
195940 419
196460 768
196972 1023
197488 1023
198000 1023
198516 1023
199028 1023
199544 1023
200056 1023
200572 655
201084 252
201600 48
202112 127
202632 327
203140 624
203660 944
204168 1023
204688 1023
205200 1023
205716 1023
206228 1023
206744 1023
207256 796
207772 384
208284 48
208800 96
209312 252
209828 512
210340 831
210860 1023
211368 1023
211888 1023
212396 1023
212916 1023
213428 1023
213944 935
214456 543
214972 135
215484 62
216000 192
216512 399
217028 711
217540 1023
218056 1023
218568 1023
219088 1023
219596 1023
220116 1023
220624 1023
221144 688
221656 271
222172 48
222684 124
223200 318
223712 608
224228 924
224740 1023
225256 1023
225768 1023
226284 1023
226796 1023
227316 1023
227824 828
228344 415
228852 60
229372 96
229884 240
230400 496
230912 803
231428 1023
231940 1023
232456 1023
232968 1023
233484 1023
233996 1023
234512 960
235024 572
235544 159
236052 60
236572 159
237080 384
237600 704
238112 1008
238628 1023
239140 1023
239656 1023
240168 1023
240684 1023
241196 1023
241712 707
242224 304
242740 48
243252 120
243772 304
244280 575
244800 897
245308 1023
245828 1023
246340 1023
246856 1023
247368 1023
247884 1023
248396 864
248912 448
249424 63
249940 76
250452 224
250968 480
251480 783
252000 1023
252508 1023
253028 1023
253536 1023
254056 1023
254568 1023
255084 992
255596 608
256112 192
256624 56
257140 152
257652 384
258168 668
258680 992
259196 1023
259708 1023
260228 1023
260736 1023
261256 1023
261764 1023
262284 768
262796 327
263312 48
263832 1023
264344 1023
264860 1023
265372 1023
265888 935
266400 543
266916 135
267428 62
267948 192
268456 403
268976 711
269488 1023
270004 1023
270516 1023
271032 1023
271544 1023
272060 1023
272572 1023
273088 704
273600 286
274116 48
274628 120
275148 312
275656 608
276176 911
276688 1023
277204 1023
277716 1023
278232 1023
278744 1023
279260 1023
279772 831
280288 423
280800 60
281316 96
281828 240
282344 496
282856 799
283376 1023
283884 1023
284404 1023
284916 1023
285432 1023
285944 1023
286460 960
286972 568
287488 158
288000 60
288516 159
289028 387
289544 704
290056 1016
290572 1023
291084 1023
291604 1023
292112 1023
292632 1023
293144 1023
293660 707
294172 312
294688 48
295200 112
295716 295
296228 575
296744 897
297256 1023
297772 1023
298284 1023
298800 1023
299312 1023
299832 1023
300340 864
300860 448
301372 63
301888 76
302400 224
302916 480
303428 783
303944 1023
304456 1023
304972 1023
305484 1023
306000 1023
306512 1023
307028 972
307540 583
308060 192
308568 60
309088 158
309600 384
310116 678
310628 992
311144 1023
311656 1023
312172 1023
312684 1023
313200 1023
313712 1023
314228 768
314740 319
315256 48
315768 112
316288 286
316796 568
317316 896
317828 1023
318344 1023
318856 1023
319372 1023
319884 1023
320400 1023
320912 896
321428 480
321940 78
322456 71
322968 224
323484 455
323996 768
324516 1023
325024 1023
325544 1023
326056 1023
326572 1023
327084 1023
327600 992
328112 608
328628 195
329140 56
329656 143
330168 384
330684 657
331196 975
331712 1023
332224 1023
332744 1023
333252 1023
333772 1023
334284 1023
334800 768
335312 352
335828 48
336340 96
336856 268
337368 543
337884 864
338396 1023
338912 1023
339424 1023
339940 1023
340452 1023
340972 1023
341480 896
342000 496
342512 96
343028 63
343540 193
344056 448
344568 768
345084 1023
345596 1023
346112 1023
346624 1023
347140 1023
347652 1023
348168 1020
348680 636
349200 224
349708 56
350228 135
350740 352
351256 639
351768 960
352284 1023
352800 1023
353312 1023
353828 1023
354340 1023
354860 1023
355368 780
355888 384
356396 48
356916 96
357428 255
357944 524
358456 839
358972 1023
359484 1023
360000 1023
360512 1023
361028 1023
361540 1023
362060 911
362568 512
363088 120
363596 63
364116 192
364628 422
365144 768
365656 1023
366172 1023
366684 1023
367200 1023
367712 1023
368228 1023
368740 1023
369256 655
369768 254
370288 48
370796 127
371316 327
371824 624
372344 944
372856 1023
373372 1023
373884 1023
374400 1023
374912 1023
375428 1023
375940 807
376456 399
376968 56
377484 96
377996 248
378516 508
379024 824
379544 1023
380052 1023
380572 1023
381084 1023
381600 1023
382112 1023
382628 944
383140 543
383656 135
384168 62
384684 192
385196 408
385712 711
386224 1023
386744 1023
387252 1023
387772 1023
388280 1023
388800 1023
389312 1023
389828 704
390340 280
390856 48
391368 124
391884 316
392396 608
392912 920
393424 1023
393940 1023
394452 1023
394968 1023
395484 768
396000 319
396512 48
397028 112
397540 286
398056 572
398568 896
399084 1023
399596 1023
400112 1023
400624 1023
401144 1023
401656 1023
402172 896
402684 480
403200 79
403712 71
404228 206
404740 451
405256 768
405768 1023
406284 1023
406796 1023
407312 1023
407824 1023
408344 1023
408852 1008
409372 624
409884 206
410400 56
410912 143
411428 384
411940 654
412456 972
412968 1023
413484 1023
413996 1023
414512 1023
415024 1023
415540 1023
416052 768
416572 352
417080 48
417600 112
418112 270
418628 543
419140 864
419656 1023
420168 1023
420684 1023
421196 1023
421712 1023
422224 1023
422740 896
423252 504
423768 112
424280 63
424800 192
425308 448
425828 768
426340 1023
426856 1023
427368 1023
427884 1023
428396 1023
428912 1023
429424 1023
429940 638
430452 240
430968 56
431480 135
431996 352
432508 638
433028 960
433536 1023
434056 1023
434568 1023
435084 1023
435596 1023
436112 1023
436624 775
437140 384
437652 48
438168 96
438680 255
439196 527
439708 839
440224 1023
440736 1023
441256 1023
441764 1023
442284 1023
442796 1023
443312 924
443824 524
444340 124
444852 63
445368 192
445880 415
446396 768
446908 1023
447424 1023
447936 1023
448452 1023
448964 1023
449484 1023
449992 1023
450512 664
451024 255
451540 48
452052 127
452568 319
453080 624
453596 935
454108 1023
454624 1023
455136 1023
455652 1023
456164 1023
456680 1023
457192 799
457712 391
458220 56
458740 96
459252 248
459768 510
460280 828
460796 1023
461308 1023
461824 1023
462336 1023
462852 1023
463364 1023
463880 960
464392 551
464908 143
465420 62
465940 176
466448 399
466968 704
467480 1022
467996 1023
468508 1023
469024 1023
469536 1023
470052 1023
470564 1023
471080 704
471592 280
472108 48
472620 124
473136 316
473648 608
474168 920
474676 1023
475196 1023
475708 1023
476224 1023
476736 1023
477252 1023
477764 831
478280 423
478792 60
479308 96
479820 224
480336 496
480848 799
481364 1023
481876 1023
482396 1023
482904 1023
483424 1023
483936 1023
484452 967
484964 575
485480 176
485992 60
486508 159
487020 384
487536 704
488048 1008
488564 1023
489076 1023
489592 1023
490104 1023
490624 1023
491132 1023
491652 711
492164 312
492680 48
493192 120
493708 291
494224 575
494736 896
495252 1023
495764 1023
496284 1023
496792 1023
497312 1023
497820 1023
498340 864
498852 449
499368 63
499880 71
500396 224
500908 480
501424 783
501936 1023
502452 1023
502964 1023
503480 1023
503992 1023
504512 1023
505020 992
505540 608
506048 193
506568 56
507080 147
507596 384
508108 668
508624 992
509136 1023
509652 1023
510164 1023
510680 1023
511192 1023
511708 1023
512220 768
512740 319
513248 48
513768 112
514276 284
514796 568
515308 896
515824 1023
516336 1023
516852 1023
517364 1023
517880 1023
518392 1023
518908 896
519420 480
519936 96
520448 67
520968 199
521476 448
521996 768
522504 1023
523024 1023
523536 1023
524052 1023
524564 1023
525080 1023
525592 1020
526108 632
526620 224
527136 992
527656 1023
528164 1023
528684 1023
529192 1023
529712 1023
530224 1023
530740 768
531252 319
531768 48
532280 112
532796 287
533308 568
533824 896
534336 1023
534852 1023
535364 1023
535884 1023
536392 1023
536912 1023
537420 896
537940 480
538452 96
538968 71
539480 199
539996 451
540508 768
541024 1023
541536 1023
542052 1023
542564 1023
543080 1023
543592 1023
544112 1008
544620 624
545140 199
545648 56
546168 143
546680 384
547196 655
547708 967
548224 1023
548736 1023
549252 1023
549764 1023
550280 1023
550792 1023
551308 768
551820 352
552340 48
552848 97
553368 271
553876 543
554396 864
554908 1023
555424 1023
555936 1023
556452 1023
556964 1023
557480 1023
557992 896
558508 496
559020 112
559536 63
560048 192
560568 448
561076 768
561596 1023
562104 1023
562624 1023
563136 1023
563652 1023
564164 1023
564680 1023
565192 639
565708 224
566220 56
566736 135
567248 352
567764 639
568276 960
568796 1023
569304 1023
569824 1023
570332 1023
570852 1023
571364 1023
571880 771
572392 384
572908 48
573420 96
573936 255
574448 527
574964 847
575476 1023
575992 1023
576504 1023
577024 1023
577532 1023
578052 1023
578560 920
579080 515
579592 124
580108 63
580620 192
581136 419
581648 768
582164 1023
582676 1023
583192 1023
583704 1023
584220 1023
584732 1023
585252 1023
585760 659
586280 252
586788 48
587308 127
587820 327
588336 624
588848 944
589364 1023
589876 1023
590392 1023
590904 1023
591420 1023
591932 1023
592448 798
592960 391
593480 48
593988 96
594508 248
595016 511
595536 830
596048 1023
596564 1023
597076 1023
597592 1023
598104 1023
598620 1023
599132 960
599648 543
600160 142
600676 62
601188 192
601708 408
602216 707
602736 1023
603244 1023
603764 1023
604276 1023
604792 1023
605304 1023
605820 1023
606332 704
606848 271
607360 48
607876 124
608388 316
608904 608
609416 920
609936 1023
610444 1023
610964 1023
611472 1023
611992 1023
612504 1023
613020 824
613532 415
614048 56
614560 96
615076 240
615588 496
616104 807
616616 1023
617132 1023
617644 1023
618160 1023
618676 1023
619188 1023
619704 960
620216 572
620732 159
621244 60
621764 159
622272 384
622792 704
623304 1008
623820 1023
624332 1023
624848 1023
625360 1023
625876 1023
626388 1023
626904 704
627416 304
627932 48
628444 120
628960 304
629472 575
629992 899
630500 1023
631020 1023
631532 1023
632048 1023
632560 1023
633076 1023
633588 847
634104 448
634616 63
635132 76
635644 224
636160 480
636672 783
637188 1023
637700 1023
638220 1023
638728 1023
639248 1023
639760 1023
640276 992
640788 608
641304 192
641816 56
642332 152
642844 384
643360 671
643872 992
644388 1023
644900 1023
645416 1023
645928 1023
646448 1023
646956 1023
647476 768
647988 319
648504 48
649016 112
649532 286
650044 568
650560 896
651072 1023
651588 1023
652100 1023
652616 1023
653128 1023
653648 1023
654156 896
654676 480
655188 96
655704 71
656216 199
656732 454
657244 768
657760 1023
658272 1023
658788 48
659296 96
659816 255
660328 526
660844 846
661356 1023
661872 1023
662384 1023
662900 1023
663412 1023
663928 1023
664440 924
664956 519
665468 124
665988 63
666496 192
667016 415
667524 768
668044 1023
668556 1023
669072 1023
669584 1023
670100 1023
670612 1023
671128 1023
671640 655
672156 252
672668 48
673184 127
673696 327
674216 632
674724 944
675244 1023
675752 1023
676272 1023
676784 1023
677300 1023
677812 1023
678328 799
678840 391
679356 48
679868 96
680384 248
680896 510
681412 830
681924 1023
682444 1023
682952 1023
683472 1023
683980 1023
684500 1023
685012 960
685528 543
686040 140
686556 62
687068 192
687584 408
688096 707
688612 1023
689124 1023
689640 1023
690152 1023
690672 1023
691180 1023
691700 1023
692208 679
692728 268
693240 48
693756 124
694268 316
694784 608
695296 924
695812 1023
696324 1023
696840 1023
697352 1023
697868 1023
698380 1023
698900 824
699408 415
699928 56
700436 96
700956 240
701468 496
701984 816
702496 1023
703012 1023
703524 1023
704040 1023
704552 1023
705068 1023
705580 961
706096 572
706608 159
707128 60
707636 159
708156 387
708664 704
709184 1016
709696 1023
710212 1023
710724 1023
711240 1023
711752 1023
712268 1023
712780 704
713296 287
713808 48
714324 120
714836 304
715356 588
715864 903
716384 1023
716892 1023
717412 1023
717924 1023
718440 1023
718952 1023
719468 839
719980 448
720496 63
721008 78
721524 224
722036 480
722552 792
723064 1023
723584 1023
724092 1023
724612 1023
725120 1023
725640 1023
726152 992
726668 583
727180 192
727696 60
728208 156
728724 384
729236 675
729752 992
730268 1023
730780 1023
731300 1023
731808 1023
732328 1023
732836 1023
733356 736
733868 316
734384 48
734896 112
735412 287
735924 574
736440 896
736952 1023
737468 1023
737980 1023
738496 1023
739008 1023
739528 1023
740036 864
740556 455
741064 71
741584 71
742096 224
742612 463
743124 775
743640 1023
744152 1023
744668 1023
745180 1023
745696 1023
746208 1023
746724 1008
747236 608
747756 195
748264 56
748784 143
749292 384
749812 664
750324 992
750840 1023
751352 1023
751868 1023
752380 1023
752896 1023
753408 1023
753924 768
754436 327
754952 48
755464 112
755984 280
756492 560
757012 896
757520 1023
758040 1023
758552 1023
759068 1023
759580 1023
760096 1023
760608 896
761124 480
761636 96
762152 67
762664 199
763180 448
763692 768
764212 1023
764720 1023
765240 1023
765748 1023
766268 1023
766780 1023
767296 1020
767808 632
768324 224
768836 56
769352 140
769864 352
770380 639
770892 961
771408 1023
771920 1023
772440 1023
772948 1023
773468 1023
773976 1023
774496 768
775008 352
775524 48
776036 96
776552 270
777064 543
777580 864
778092 1023
778608 1023
779120 1023
779636 1023
780148 1023
780668 1023
781176 899
781696 504
782204 112
782724 63
783236 192
783752 448
784264 768
784780 1023
785292 1023
785808 1023
786320 1023
786836 1023
787348 1023
787864 1023
788376 639
788896 240
789404 56
789924 135
790440 1023
790952 1023
791468 1023
791980 896
792500 480
793008 96
793528 67
794036 199
794556 448
795068 768
795584 1023
796096 1023
796612 1023
797124 1023
797640 1023
798152 1023
798668 1020
799180 636
799696 224
800208 56
800728 135
801236 352
801756 639
802264 960
802784 1023
803296 1023
803812 1023
804324 1023
804840 1023
805352 1023
805868 768
806380 384
806896 48
807408 96
807924 255
808436 536
808956 864
809464 1023
809984 1023
810492 1023
811012 1023
811524 1023
812040 1023
812552 903
813068 508
813580 112
814096 63
814608 192
815124 448
815636 768
816152 1023
816664 1023
817184 1023
817692 1023
818212 1023
818720 1023
819240 1023
819752 655
820268 252
820780 48
821296 127
821808 327
822324 632
822836 944
823352 1023
823864 1023
824380 1023
824892 1023
825412 1023
825920 1023
826440 792
826948 384
827468 48
827980 96
828496 254
829008 515
829524 831
830036 1023
830552 1023
831064 1023
831580 1023
832092 1023
832608 1023
833124 926
833636 527
834152 127
834664 63
835180 192
835692 414
836212 736
836720 1023
837240 1023
837752 1023
838268 1023
838780 1023
839296 1023
839808 1023
840324 679
840836 271
841352 48
841864 124
842380 318
842892 608
843408 924
843920 1023
844440 1023
844948 1023
845468 1023
845980 1023
846496 1023
847008 816
847524 408
848036 56
848552 96
849064 240
849580 508
850092 824
850608 1023
851120 1023
851636 1023
852148 1023
852668 1023
853176 1023
853696 960
854208 560
854724 152
855236 62
855752 167
856264 391
856780 704
857292 1020
857808 1023
858320 1023
858836 1023
859348 1023
859864 1023
860376 1023
860896 704
861404 291
861924 48
862436 120
862952 312
863464 583
863980 903
864492 1023
865008 1023
865520 1023
866036 1023
866548 1023
867064 1023
867576 831
868092 432
868604 60
869124 96
869632 224
870152 496
870664 799
871180 1023
871692 1023
872208 1023
872720 1023
873236 1023
873748 1023
874264 963
874776 575
875292 176
875804 60
876320 159
876832 384
877352 704
877860 1008
878380 1023
878892 1023
879408 1023
879920 1023
880436 1023
880948 1023
881464 736
881976 318
882492 48
883004 112
883520 287
884032 574
884548 896
885060 1023
885580 1023
886088 1023
886608 1023
887120 1023
887636 1023
888148 864
888664 448
889176 63
889692 76
890204 224
890720 480
891232 783
891748 1023
892260 1023
892776 1023
893288 1023
893808 1023
894316 1023
894836 992
895348 608
895864 192
896376 56
896892 152
897404 384
897920 671
898432 992
898948 1023
899460 1023
899976 1023
900488 1023
901004 1023
901516 1023
902036 768
902544 334
903064 48
903576 112
904092 280
904604 560
905120 896
905632 1023
906148 1023
906660 1023
907176 1023
907688 1023
908204 1023
908716 896
909232 480
909744 78
910264 71
910772 206
911292 455
911804 768
912320 1023
912832 1023
913348 1023
913860 1023
914376 1023
914888 1023
915404 1008
915916 624
916432 224
916944 56
917460 143
917972 352
918492 654
919000 967
919520 1023
920032 1023
920548 1023
921060 1023
921576 1023
922096 707
922604 304
923124 48
923632 120
924152 304
924664 575
925180 899
925692 1023
926208 1023
926720 1023
927236 1023
927748 1023
928264 1023
928776 839
929292 448
929804 62
930324 79
930832 224
931352 480
931860 798
932380 1023
932892 1023
933408 1023
933920 1023
934436 1023
934948 1023
935464 975
935976 583
936492 192
937004 60
937520 158
938032 384
938552 679
939060 992
939580 1023
940088 1023
940608 1023
941120 1023
941636 1023
942148 1023
942664 768
943176 319
943692 48
944204 112
944720 287
945232 572
945748 896
946260 1023
946780 1023
947288 1023
947808 1023
948316 1023
948836 1023
949348 864
949864 451
950376 67
950892 71
951404 224
951920 480
952432 775
952948 1023
953460 1023
953976 1023
954488 1023
955008 1023
955516 1023
956036 992
956544 608
957064 195
957576 56
958092 143
958604 384
959120 668
959632 992
960148 1023
960660 1023
961176 1023
961688 1023
962208 1023
962716 1023
963236 768
963744 352
964264 48
964776 112
965292 275
965804 551
966320 896
966832 1023
967348 1023
967860 1023
968376 1023
968888 1023
969404 1023
969916 896
970436 480
970944 96
971464 63
971972 199
972492 451
973004 768
973520 1023
974032 1023
974548 1023
975060 1023
975576 1023
976088 1023
976604 1016
977116 632
977632 224
978144 56
978664 140
979172 352
979692 639
980200 963
980720 1023
981232 1023
981748 1023
982260 1023
982776 1023
983288 1023
983804 768
984316 384
984832 48
985344 96
985860 263
986372 540
986892 864
987400 1023
987920 1023
988428 1023
988948 1023
989460 1023
989976 1023
990488 896
991004 496
991516 96
992032 63
992544 192
993060 448
993572 768
994088 1023
994600 1023
995120 1023
995628 1023
996148 1023
996656 1023
997176 1023
997688 639
998204 240
998716 56
999232 127
999744 352
1000260 638
1000772 960
1001288 1023
1001800 1023
1002316 1023
1002828 1023
1003348 1023
1003856 1023
1004376 783
1004884 384
1005404 48
1005916 96
1006432 255
1006944 524
1007460 839
1007972 1023
1008488 1023
1009000 1023
1009516 1023
1010028 1023
1010544 1023
1011056 911
1011576 511
1012084 120
1012604 63
1013112 192
1013632 432
1014144 768
1014660 1023
1015172 1023
1015688 1023
1016200 1023
1016716 1023
1017228 1023
1017744 1023
1018256 664
1018772 254
1019284 48
1019804 127
1020312 319
1020832 624
1021340 934
1021860 1023
1022372 1023
1022888 1023
1023400 1023
1023916 1023
1024428 1023
1024944 799
1025460 387
1025972 48
1026488 96
1027000 252
1027520 512
1028028 830
1028548 1023
1029056 1023
1029576 1023
1030088 1023
1030604 1023
1031116 1023
1031632 927
1032144 527
1032660 127
1033172 63
1033688 192
1034200 412
1034716 736
1035228 1023
1035748 1023
1036256 1023
1036776 1023
1037284 1023
1037804 1023
1038316 1023
1038832 679
1039344 271
1039860 48
1040372 124
1040888 316
1041400 608
1041916 924
1042428 1023
1042944 1023
1043456 1023
1043976 1023
1044484 1023
1045004 1023
1045512 824
1046032 412
1046544 56
1047060 96
1047572 240
1048088 504
1048600 816
1049116 1023
1049628 1023
1050144 1023
1050656 1023
1051172 1023
1051684 1023
1052204 960
1052712 560
1053232 152
1053748 960
1054268 1023
1054776 1023
1055296 1023
1055808 1023
1056324 1023
1056836 1023
1057352 768
1057864 384
1058380 48
1058892 96
1059408 255
1059920 540
1060436 864
1060948 1023
1061468 1023
1061976 1023
1062496 1023
1063004 1023
1063524 1023
1064036 903
1064552 508
1065064 112
1065580 63
1066092 192
1066608 448
1067120 768
1067636 1023
1068148 1023
1068664 1023
1069176 1023
1069696 1023
1070204 1023
1070724 1023
1071232 647
1071752 240
1072264 56
1072780 127
1073292 335
1073808 636
1074320 960
1074836 1023
1075348 1023
1075864 1023
1076376 1023
1076892 1023
1077408 1023
1077920 783
1078436 384
1078948 48
1079464 96
1079976 254
1080496 519
1081004 835
1081524 1023
1082036 1023
1082552 1023
1083064 1023
1083580 1023
1084092 1023
1084608 926
1085120 527
1085636 127
1086148 63
1086664 192
1087176 414
1087692 736
1088204 1023
1088724 1023
1089232 1023
1089752 1023
1090264 1023
1090780 1023
1091292 1023
1091808 670
1092320 255
1092836 48
1093348 127
1093864 319
1094376 624
1094892 927
1095404 1023
1095924 1023
1096432 1023
1096952 1023
1097464 1023
1097980 1023
1098492 803
1099008 399
1099520 56
1100036 96
1100548 248
1101064 508
1101576 824
1102092 1023
1102604 1023
1103120 1023
1103632 1023
1104152 1023
1104660 1023
1105180 960
1105692 560
1106208 145
1106720 62
1107236 167
1107748 396
1108264 704
1108776 1020
1109292 1023
1109804 1023
1110320 1023
1110832 1023
1111348 1023
1111860 1023
1112380 704
1112888 284
1113408 48
1113920 124
1114436 316
1114948 608
1115464 911
1115976 1023
1116492 1023
1117004 1023
1117520 1023
1118032 1023
1118548 1023
1119060 831
1119576 419
1120088 60
1120608 96
1121116 225
1121636 496
1122148 799
1122664 1023
1123176 1023
1123692 1023
1124204 1023
1124720 1023
1125232 1023
1125748 966
1126260 575
1126776 176
1127288 60
1127804 159
1128316 384
1128836 704
1129344 1008
1129864 1023
1130376 1023
1130892 1023
1131404 1023
1131920 1023
1132432 1023
1132948 711
1133460 304
1133976 48
1134488 120
1135004 295
1135516 575
1136036 896
1136544 1023
1137064 1023
1137572 1023
1138092 1023
1138604 1023
1139120 1023
1139632 864
1140148 448
1140660 63
1141176 71
1141688 224
1142204 480
1142716 783
1143232 1023
1143744 1023
1144260 1023
1144772 1023
1145292 1023
1145800 1023
1146320 992
1146832 608
1147348 192
1147860 56
1148376 152
1148888 384
1149404 670
1149916 992
1150432 1023
1150944 1023
1151460 1023
1151972 1023
1152488 1023
1153000 1023
1153520 768
1154028 323
1154548 48
1155060 112
1155576 284
1156088 568
1156604 896
1157116 1023
1157632 1023
1158144 1023
1158660 1023
1159172 1023
1159688 1023
1160200 896
1160716 480
1161228 96
1161748 71
1162256 199
1162776 451
1163288 768
1163804 1023
1164316 1023
1164832 1023
1165344 1023
1165860 1023
1166372 1023
1166888 1016
1167400 632
1167916 224
1168428 56
1168944 142
1169456 352
1169976 639
1170484 961
1171004 1023
1171516 1023
1172032 1023
1172544 1023
1173060 1023
1173572 1023
1174088 768
1174600 352
1175116 48
1175628 97
1176144 268
1176656 543
1177172 864
1177684 1023
1178204 1023
1178712 1023
1179232 1023
1179744 1023
1180260 1023
1180772 897
1181288 504
1181800 112
1182316 63
1182828 192
1183344 448
1183856 768
1184372 1023
1184884 1023
1185404 1023
1185920 1023
1186432 1023
1186948 899
1187460 504
1187976 112
1188488 63
1189004 192
1189516 448
1190036 768
1190544 1023
1191064 1023
1191576 1023
1192092 1023
1192604 1023
1193120 1023
1193632 1023
1194148 639
1194660 248
1195176 56
1195688 127
1196204 335
1196716 632
1197232 960
1197744 1023
1198264 1023
1198772 1023
1199292 1023
1199804 1023
1200320 1023
1200832 798
1201348 384
1201860 48
1202376 96
1202888 252
1203404 515
1203916 831
1204432 1023
1204944 1023
1205460 1023
1205972 1023
1206492 1023
1207000 1023
1207520 924
1208032 519
1208548 124
1209060 63
1209576 192
1210088 415
1210604 768
1211116 1023
1211632 1023
1212144 1023
1212660 1023
1213172 1023
1213688 1023
1214200 1023
1214720 670
1215228 255
1215748 48
1216260 126
1216776 319
1217288 624
1217804 927
1218316 1023
1218832 1023
1219344 1023
1219860 1023
1220372 1023
1220888 1023
1221400 816
1221916 401
1222428 56
1222948 96
1223456 240
1223976 508
1224488 824
1225004 1023
1225516 1023
1226032 1023
1226544 1023
1227060 1023
1227572 1023
1228088 935
1228600 543
1229116 135
1229628 62
1230144 192
1230656 408
1231176 711
1231684 1023
1232204 1023
1232716 1023
1233232 1023
1233748 1023
1234260 1023
1234776 1023
1235288 704
1235804 275
1236316 48
1236836 124
1237344 316
1237864 608
1238372 920
1238892 1023
1239404 1023
1239920 1023
1240432 1023
1240948 1023
1241460 1023
1241976 830
1242488 415
1243004 56
1243516 96
1244032 240
1244544 496
1245064 807
1245572 1023
1246092 1023
1246600 1023
1247120 1023
1247632 1023
1248148 1023
1248660 960
1249176 560
1249688 156
1250204 62
1250716 167
1251232 396
1251744 704
1252260 1020
1252772 1023
1253292 1023
1253800 1023
1254320 1023
1254828 1023
1255348 1023
1255860 704
1256376 287
1256888 48
1257404 120
1257916 304
1258432 583
1258944 903
1259460 1023
1259972 1023
1260488 1023
1261000 1023
1261520 1023
1262028 1023
1262548 839
1263056 448
1263576 62
1264088 79
1264604 224
1265116 480
1265632 798
1266144 1023
1266660 1023
1267172 1023
1267688 1023
1268200 1023
1268716 1023
1269228 961
1269748 572
1270256 163
1270776 60
1271284 159
1271804 384
1272316 704
1272832 1008
1273344 1023
1273860 1023
1274372 1023
1274888 1023
1275400 1023
1275916 1023
1276428 736
1276948 312
1277456 48
1277976 112
1278484 287
1279004 575
1279516 896
1280032 1023
1280544 1023
1281060 1023
1281572 1023
1282088 1023
1282600 1023
1283116 864
1283628 448
1284144 63
1284656 71
1285176 224
1285684 480
1286204 783
1286712 1023
1287232 1023
1287744 1023
1288260 1023
1288772 1023
1289288 1023
1289800 992
1290316 583
1290828 192
1291344 60
1291856 156
1292372 384
1292884 671
1293404 992
1293912 1023
1294432 1023
1294940 1023
1295460 1023
1295972 1023
1296488 1023
1297000 768
1297516 319
1298028 48
1298544 112
1299056 284
1299572 568
1300084 896
1300600 1023
1301112 1023
1301632 1023
1302140 1023
1302660 1023
1303168 1023
1303688 896
1304200 480
1304716 71
1305228 71
1305744 224
1306256 455
1306772 768
1307284 1023
1307800 1023
1308312 1023
1308828 1023
1309340 1023
1309860 1023
1310368 993
1310888 608
1311396 199
1311916 56
1312428 143
1312944 384
1313456 655
1313972 992
1314484 1023
1315000 1023
1315512 1023
1316028 1023
1316540 1023
1317056 455
1317568 768
1318084 1023
1318596 1023
1319116 1023
1319624 1023
1320144 1023
1320652 1023
1321172 1008
1321684 624
1322200 199
1322712 56
1323228 143
1323740 384
1324256 655
1324768 972
1325284 1023
1325796 1023
1326312 1023
1326824 1023
1327344 1023
1327852 1023
1328372 768
1328880 352
1329400 48
1329912 112
1330428 271
1330940 547
1331456 896
1331968 1023
1332484 1023
1332996 1023
1333512 1023
1334024 1023
1334540 1023
1335052 896
1335572 496
1336080 96
1336600 67
1337108 195
1337628 448
1338140 768
1338656 1023
1339168 1023
1339684 1023
1340196 1023
1340712 1023
1341224 1023
1341740 1022
1342252 638
1342768 224
1343280 56
1343800 135
1344308 352
1344828 639
1345336 960
1345856 1023
1346368 1023
1346884 1023
1347396 1023
1347912 1023
1348424 1023
1348940 768
1349452 384
1349968 48
1350480 96
1350996 255
1351508 536
1352028 864
1352536 1023
1353056 1023
1353564 1023
1354084 1023
1354596 1023
1355112 1023
1355624 903
1356140 508
1356652 112
1357168 63
1357680 192
1358196 448
1358708 768
1359224 1023
1359736 1023
1360256 1023
1360764 1023
1361284 1023
1361792 1023
1362312 1023
1362824 647
1363340 240
1363852 56
1364368 127
1364880 352
1365396 636
1365908 960
1366424 1023
1366936 1023
1367452 1023
1367964 1023
1368484 1023
1368992 1023
1369512 780
1370020 384
1370540 48
1371052 96
1371568 255
1372084 527
1372596 839
1373112 1023
1373624 1023
1374140 1023
1374652 1023
1375172 1023
1375680 1023
1376200 920
1376712 519
1377228 124
1377740 63
1378256 192
1378768 415
1379284 768
1379796 1023
1380312 1023
1380824 1023
1381340 1023
1381852 1023
1382368 1023
1382880 1023
1383400 664
1383908 255
1384428 48
1384940 127
1385456 327
1385968 624
1386484 944
1386996 1023
1387512 1023
1388024 1023
1388540 1023
1389052 1023
1389568 1023
1390080 798
1390596 384
1391108 48
1391628 96
1392136 252
1392656 513
1393168 831
1393684 1023
1394196 1023
1394712 1023
1395224 1023
1395740 1023
1396252 1023
1396768 931
1397280 542
1397796 131
1398308 62
1398824 192
1399336 408
1399856 716
1400364 1023
1400884 1023
1401396 1023
1401912 1023
1402424 1023
1402940 1023
1403452 1023
1403968 675
1404480 263
1404996 48
1405508 126
1406024 319
1406536 608
1407056 927
1407564 1023
1408084 1023
1408596 1023
1409112 1023
1409624 1023
1410140 1023
1410652 816
1411168 408
1411680 56
1412196 96
1412708 240
1413224 504
1413736 824
1414252 1023
1414764 1023
1415284 1023
1415792 1023
1416312 1023
1416824 1023
1417340 960
1417852 560
1418368 152
1418880 60
1419396 167
1419908 391
1420424 704
1420936 1020
1421452 1023
1421964 1023
1422480 1023
1422992 1023
1423512 1023
1424020 1023
1424540 704
1425052 287
1425568 48
1426080 120
1426596 312
1427108 591
1427624 910
1428136 1023
1428652 1023
1429164 1023
1429680 1023
1430192 1023
1430708 1023
1431220 831
1431740 432
1432248 60
1432768 96
1433280 224
1433796 496
1434308 799
1434824 1023
1435336 1023
1435852 1023
1436364 1023
1436880 1023
1437392 1023
1437908 967
1438420 575
1438936 192
1439448 60
1439968 159
1440476 384
1440996 704
1441508 1008
1442024 1023
1442536 1023
1443052 1023
1443564 1023
1444080 1023
1444592 1023
1445108 716
1445620 312
1446136 48
1446648 112
1447164 291
1447676 575
1448196 896
1448716 56
1449228 140
1449744 352
1450256 639
1450772 963
1451284 1023
1451800 1023
1452312 1023
1452828 1023
1453340 1023
1453856 1023
1454368 768
1454888 352
1455396 48
1455916 97
1456428 263
1456944 543
1457456 864
1457972 1023
1458484 1023
1459000 1023
1459512 1023
1460028 1023
1460540 1023
1461056 896
1461568 496
1462084 96
1462596 63
1463116 192
1463624 448
1464144 768
1464656 1023
1465172 1023
1465684 1023
1466200 1023
1466712 1023
1467228 1023
1467740 1023
1468256 639
1468768 240
1469284 56
1469796 127
1470312 352
1470824 636
1471344 960
1471852 1023
1472372 1023
1472884 1023
1473400 1023
1473912 1023
1474428 1023
1474940 780
1475456 384
1475968 48
1476484 96
1476996 255
1477512 527
1478024 839
1478540 1023
1479052 1023
1479572 1023
1480080 1023
1480600 1023
1481112 1023
1481628 911
1482140 513
1482656 120
1483168 63
1483684 192
1484196 419
1484712 768
1485224 1023
1485740 1023
1486252 1023
1486768 1023
1487280 1023
1487800 1023
1488308 1023
1488828 668
1489340 255
1489856 48
1490368 127
1490884 319
1491396 624
1491912 931
1492424 1023
1492940 1023
1493456 1023
1493968 1023
1494484 1023
1494996 1023
1495516 798
1496024 387
1496544 48
1497056 96
1497572 252
1498084 512
1498600 831
1499112 1023
1499628 1023
1500140 1023
1500656 1023
1501168 1023
1501684 1023
1502196 931
1502712 536
1503224 135
1503744 63
1504252 192
1504772 412
1505284 711
1505800 1023
1506312 1023
1506828 1023
1507340 1023
1507856 1023
1508368 1023
1508884 1023
1509396 704
1509912 271
1510424 48
1510940 124
1511452 316
1511972 608
1512480 920
1513000 1023
1513512 1023
1514028 1023
1514540 1023
1515056 1023
1515568 1023
1516084 824
1516596 415
1517112 56
1517624 96
1518140 240
1518652 504
1519168 816
1519680 1023
1520200 1023
1520708 1023
1521228 1023
1521740 1023
1522256 1023
1522768 960
1523284 560
1523796 159
1524312 60
1524824 159
1525340 391
1525852 704
1526368 1016
1526880 1023
1527396 1023
1527908 1023
1528428 1023
1528936 1023
1529456 1023
1529968 707
1530484 304
1530996 48
1531512 120
1532024 304
1532540 583
1533052 897
1533568 1023
1534080 1023
1534596 1023
1535108 1023
1535624 1023
1536136 1023
1536656 835
1537164 448
1537684 62
1538196 79
1538712 224
1539224 480
1539740 798
1540252 1023
1540768 1023
1541280 1023
1541796 1023
1542308 1023
1542824 1023
1543336 974
1543852 575
1544364 192
1544884 60
1545392 158
1545912 384
1546424 679
1546940 1008
1547452 1023
1547968 1023
1548480 1023
1548996 1023
1549508 1023
1550024 1023
1550536 768
1551052 319
1551564 48
1552080 112
1552592 287
1553112 572
1553620 896
1554140 1023
1554652 1023
1555168 1023
1555680 1023
1556196 1023
1556708 1023
1557224 864
1557736 451
1558252 63
1558764 71
1559280 224
1559792 480
1560308 783
1560820 1023
1561340 1023
1561848 1023
1562368 1023
1562880 1023
1563396 1023
1563908 992
1564424 608
1564936 193
1565452 56
1565964 147
1566480 384
1566992 668
1567508 992
1568020 1023
1568536 1023
1569048 1023
1569568 1023
1570076 1023
1570596 1023
1571108 768
1571624 334
1572136 48
1572652 112
1573164 275
1573680 560
1574192 896
1574708 1023
1575220 1023
1575736 1023
1576248 1023
1576764 1023
1577276 1023
1577796 896
1578304 480
1578824 76
1579336 71
1579852 224
1580368 768
1580884 1023
1581396 1023
1581916 1023
1582424 1023
1582944 1023
1583456 1023
1583972 1023
1584484 664
1585000 254
1585512 48
1586028 127
1586540 319
1587056 624
1587568 931
1588084 1023
1588596 1023
1589116 1023
1589624 1023
1590144 1023
1590656 1023
1591172 806
1591684 401
1592200 56
1592712 96
1593228 248
1593740 508
1594256 828
1594768 1023
1595284 1023
1595796 1023
1596312 1023
1596824 1023
1597344 1023
1597852 944
1598372 542
1598884 135
1599400 63
1599912 192
1600428 408
1600940 707
1601456 1023
1601968 1023
1602484 1023
1602996 1023
1603512 1023
1604024 1023
1604540 1023
1605052 704
1605572 271
1606080 48
1606600 124
1607112 316
1607628 608
1608140 920
1608656 1023
1609168 1023
1609684 1023
1610196 1023
1610712 1023
1611224 1023
1611740 831
1612252 448
1612768 60
1613280 96
1613796 225
1614308 496
1614824 799
1615340 1023
1615852 1023
1616368 1023
1616880 1023
1617396 1023
1617908 1023
1618428 960
1618936 568
1619456 156
1619968 60
1620484 163
1620996 391
1621512 704
1622024 1016
1622540 1023
1623052 1023
1623568 1023
1624080 1023
1624596 1023
1625108 1023
1625628 704
1626136 304
1626656 48
1627164 120
1627684 304
1628196 575
1628712 899
1629224 1023
1629740 1023
1630252 1023
1630768 1023
1631280 1023
1631796 1023
1632308 864
1632824 448
1633336 63
1633852 78
1634364 224
1634884 480
1635392 783
1635912 1023
1636424 1023
1636940 1023
1637452 1023
1637968 1023
1638480 1023
1638996 975
1639508 583
1640024 192
1640536 60
1641052 159
1641564 384
1642080 679
1642592 992
1643112 1023
1643620 1023
1644140 1023
1644652 1023
1645168 1023
1645680 1023
1646196 736
1646708 319
1647224 48
1647736 112
1648252 287
1648764 572
1649280 896
1649792 1023
1650308 1023
1650820 1023
1651340 1023
1651848 1023
1652368 1023
1652880 896
1653396 480
1653908 78
1654424 71
1654936 224
1655452 455
1655964 769
1656480 1023
1656992 1023
1657508 1023
1658020 1023
1658536 1023
1659048 1023
1659568 992
1660076 608
1660596 192
1661108 56
1661624 152
1662136 384
1662652 668
1663164 992
1663680 1023
1664192 1023
1664708 1023
1665220 1023
1665736 1023
1666248 1023
1666764 768
1667276 352
1667796 48
1668304 112
1668824 271
1669336 547
1669852 896
1670364 1023
1670880 1023
1671392 1023
1671908 1023
1672420 1023
1672936 1023
1673448 896
1673964 496
1674476 96
1674992 67
1675504 195
1676024 448
1676532 768
1677052 1023
1677564 1023
1678080 1023
1678592 1023
1679108 1023
1679620 1023
1680136 1016
1680648 632
1681164 224
1681676 56
1682192 143
1682704 352
1683220 647
1683732 963
1684252 1023
1684760 1023
1685280 1023
1685792 1023
1686308 1023
1686820 1023
1687336 768
1687848 384
1688364 48
1688876 96
1689392 255
1689904 536
1690420 864
1690932 1023
1691448 1023
1691960 1023
1692480 1023
1692988 1023
1693508 1023
1694020 910
1694536 508
1695048 112
1695564 63
1696076 192
1696592 448
1697104 768
1697620 1023
1698132 1023
1698648 1023
1699160 1023
1699676 1023
1700188 1023
1700708 1023
1701216 639
1701736 240
1702248 56
1702764 135
1703276 352
1703792 639
1704304 960
1704820 1023
1705332 1023
1705848 1023
1706360 1023
1706876 1023
1707388 1023
1707904 783
1708416 384
1708936 48
1709444 96
1709964 254
1710476 519
1710992 839
1711504 1023
1712028 352
1712540 639
1713056 960
1713568 1023
1714084 1023
1714596 1023
1715112 1023
1715624 1023
1716140 1023
1716652 775
1717172 384
1717680 48
1718200 96
1718712 255
1719228 531
1719740 864
1720256 1023
1720768 1023
1721284 1023
1721796 1023
1722312 1023
1722824 1023
1723340 911
1723852 512
1724368 112
1724880 63
1725400 192
1725908 448
1726428 768
1726940 1023
1727456 1023
1727968 1023
1728484 1023
1728996 1023
1729512 1023
1730024 1023
1730540 639
1731052 240
1731568 56
1732080 127
1732596 352
1733108 636
1733628 960
1734136 1023
1734656 1023
1735168 1023
1735684 1023
1736196 1023
1736712 1023
1737224 796
1737740 384
1738252 48
1738768 96
1739280 252
1739796 519
1740308 831
1740824 1023
1741336 1023
1741856 1023
1742364 1023
1742884 1023
1743396 1023
1743912 927
1744424 526
1744940 124
1745452 63
1745968 192
1746480 415
1746996 768
1747508 1023
1748024 1023
1748536 1023
1749052 1023
1749564 1023
1750084 1023
1750596 1023
1751112 655
1751624 254
1752140 48
1752652 127
1753168 327
1753680 624
1754196 944
1754708 1023
1755224 1023
1755736 1023
1756252 1023
1756764 1023
1757284 1023
1757792 799
1758312 391
1758824 56
1759340 96
1759852 248
1760368 511
1760880 830
1761396 1023
1761908 1023
1762424 1023
1762936 1023
1763452 1023
1763964 1023
1764480 935
1764992 542
1765512 127
1766020 63
1766540 192
1767052 412
1767568 736
1768080 1023
1768596 1023
1769108 1023
1769624 1023
1770136 1023
1770652 1023
1771164 1023
1771680 670
1772192 255
1772708 48
1773220 126
1773740 319
1774248 609
1774768 927
1775280 1023
1775796 1023
1776308 1023
1776824 1023
1777336 1023
1777852 1023
1778364 824
1778880 412
1779392 56
1779908 96
1780420 240
1780936 504
1781448 816
1781968 1023
1782476 1023
1782996 1023
1783508 1023
1784024 1023
1784536 1023
1785052 960
1785564 550
1786080 142
1786592 62
1787108 192
1787620 399
1788136 707
1788648 1022
1789164 1023
1789676 1023
1790196 1023
1790704 1023
1791224 1023
1791736 1023
1792252 704
1792764 280
1793280 48
1793792 124
1794308 316
1794820 608
1795336 924
1795848 1023
1796364 1023
1796876 1023
1797392 1023
1797904 1023
1798424 1023
1798932 831
1799452 422
1799964 60
1800480 96
1800992 240
1801508 496
1802020 799
1802536 1023
1803048 1023
1803564 1023
1804076 1023
1804592 1023
1805104 1023
1805620 960
1806132 572
1806652 159
1807160 60
1807680 163
1808192 387
1808708 704
1809220 1016
1809736 1023
1810248 1023
1810764 1023
1811276 1023
1811792 1023
1812304 1023
1812820 704
1813332 287
1813848 48
1814360 120
1814880 304
1815388 583
1815908 903
1816420 1023
1816936 1023
1817448 1023
1817964 1023
1818476 1023
1818992 1023
1819504 864
1820020 448
1820532 63
1821048 78
1821560 224
1822076 480
1822588 783
1823108 1023
1823616 1023
1824136 1023
1824648 1023
1825164 1023
1825676 1023
1826192 992
1826704 575
1827220 192
1827736 60
1828248 158
1828764 384
1829276 679
1829792 1008
1830304 1023
1830824 1023
1831332 1023
1831852 1023
1832364 1023
1832880 1023
1833392 736
1833908 316
1834420 48
1834936 112
1835448 287
1835964 574
1836476 896
1836992 1023
1837504 1023
1838020 1023
1838532 1023
1839052 1023
1839560 1023
1840080 864
1840592 480
1841108 71
1841620 71
1842136 224
1842648 460
1843164 775
1843672 675
1844188 993
1844700 1023
1845220 1023
1845728 1023
1846248 1023
1846760 1023
1847276 1023
1847788 718
1848304 312
1848816 48
1849332 112
1849844 287
1850360 575
1850872 896
1851388 1023
1851900 1023
1852416 1023
1852928 1023
1853448 1023
1853956 1023
1854476 864
1854988 455
1855504 71
1856016 71
1856532 224
1857044 463
1857560 775
1858072 1023
1858588 1023
1859100 1023
1859616 1023
1860128 1023
1860644 1023
1861156 993
1861676 608
1862184 192
1862704 56
1863216 147
1863732 384
1864244 668
1864760 992
1865272 1023
1865788 1023
1866300 1023
1866816 1023
1867328 1023
1867844 1023
1868356 768
1868872 319
1869384 48
1869904 112
1870412 280
1870932 568
1871444 896
1871960 1023
1872472 1023
1872988 1023
1873500 1023
1874016 1023
1874528 1023
1875044 896
1875556 480
1876072 96
1876584 70
1877104 199
1877612 448
1878132 768
1878644 1023
1879160 1023
1879672 1023
1880188 1023
1880700 1023
1881216 1023
1881728 1016
1882244 624
1882756 224
1883272 56
1883784 142
1884300 353
1884812 647
1885332 967
1885840 1023
1886360 1023
1886872 1023
1887388 1023
1887900 1023
1888416 1023
1888928 768
1889444 352
1889956 48
1890472 112
1890984 270
1891500 543
1892012 864
1892528 1023
1893040 1023
1893560 1023
1894068 1023
1894588 1023
1895100 1023
1895616 896
1896128 504
1896644 97
1897156 63
1897672 192
1898184 448
1898700 768
1899212 1023
1899728 1023
1900240 1023
1900756 1023
1901268 1023
1901788 1023
1902296 1023
1902816 638
1903328 240
1903844 56
1904356 135
1904872 352
1905384 638
1905900 960
1906412 1023
1906928 1023
1907440 1023
1907956 1023
1908468 1023
1908984 1023
1909500 768
1910012 384
1910528 48
1911040 96
1911560 255
1912068 527
1912588 864
1913096 1023
1913616 1023
1914128 1023
1914644 1023
1915156 1023
1915672 1023
1916184 911
1916700 512
1917212 124
1917728 63
1918240 192
1918756 419
1919268 768
1919788 1023
1920296 1023
1920816 1023
1921324 1023
1921844 1023
1922356 1023
1922872 1023
1923384 659
1923900 252
1924412 48
1924928 127
1925440 327
1925956 624
1926468 935
1926984 1023
1927496 1023
1928016 1023
1928524 1023
1929044 1023
1929552 1023
1930072 792
1930584 385
1931100 48
1931612 96
1932128 252
1932640 512
1933156 831
1933668 1023
1934184 1023
1934696 1023
1935212 1023
1935724 1023
1936244 1023
1936752 944
1937272 542
1937780 142
1938300 62
1938812 192
1939328 401
1939840 707
1940356 1023
1940868 1023
1941384 1023
1941896 1023
1942412 1023
1942924 1023
1943440 1023
1943952 704
1944472 270
1944980 48
1945500 124
1946008 316
1946528 608
1947040 920
1947556 1023
1948068 1023
1948584 1023
1949096 1023
1949612 1023
1950124 1023
1950640 824
1951152 415
1951668 56
1952180 96
1952700 240
1953208 496
1953728 807
1954236 1023
1954756 1023
1955268 1023
1955784 1023
1956296 1023
1956812 1023
1957324 960
1957840 572
1958352 163
1958868 62
1959380 159
1959896 385
1960408 704
1960928 1008
1961436 1023
1961956 1023
1962464 1023
1962984 1023
1963496 1023
1964012 1023
1964524 705
1965040 295
1965552 48
1966068 120
1966580 304
1967096 582
1967608 896
1968124 1023
1968636 1023
1969156 1023
1969664 1023
1970184 1023
1970692 1023
1971212 839
1971724 448
1972240 63
1972752 78
1973268 224
1973780 480
1974296 792
1974808 1023
1975332 1023
1975844 1023
1976360 1023
1976872 1023
1977388 1023
1977900 796
1978416 384
1978928 48
1979444 96
1979956 252
1980472 515
1980984 831
1981500 1023
1982012 1023
1982532 1023
1983040 1023
1983560 1023
1984072 1023
1984588 927
1985100 536
1985616 127
1986128 63
1986644 192
1987156 415
1987672 736
1988184 1023
1988700 1023
1989212 1023
1989728 1023
1990240 1023
1990760 1023
1991268 1023
1991788 668
1992300 255
1992816 48
1993328 127
1993844 323
1994356 624
1994872 935
1995384 1023
1995900 1023
1996412 1023
1996928 1023
1997440 1023
1997956 1023
1998468 803
1998988 396
1999496 56
2000016 96
2000528 248
2001044 510
2001556 828
2002072 1023
2002584 1023
2003100 1023
2003612 1023
2004128 1023
2004640 1023
2005156 960
2005668 547
2006184 135
2006696 62
2007216 192
2007724 399
2008244 711
2008756 1023
2009272 1023
2009784 1023
2010300 1023
2010812 1023
2011328 1023
2011840 1023
2012356 671
2012868 263
2013384 48
2013896 126
2014412 319
2014924 608
2015444 927
2015952 1023
2016472 1023
2016984 1023
2017500 1023
2018012 1023
2018528 1023
2019040 824
2019556 414
2020068 56
2020584 96
2021096 240
2021612 504
2022124 816
2022640 1023
2023152 1023
2023672 1023
2024180 1023
2024700 1023
2025212 1023
2025728 960
2026240 568
2026756 152
2027268 62
2027784 167
2028296 391
2028812 704
2029324 1020
2029840 1023
2030352 1023
2030868 1023
2031380 1023
2031900 1023
2032408 1023
2032928 704
2033440 284
2033956 48
2034468 124
2034984 316
2035496 608
2036012 913
2036524 1023
2037040 1023
2037552 1023
2038068 1023
2038580 1023
2039096 1023
2039608 831
2040128 432
2040636 60
2041156 96
2041668 224
2042184 496
2042696 799
2043212 1023
2043724 1023
2044240 1023
2044752 1023
2045268 1023
2045780 1023
2046296 967
2046808 575
2047324 159
2047836 60
2048356 159
2048864 385
2049384 704
2049896 1008
2050412 1023
2050924 1023
2051440 1023
2051952 1023
2052468 1023
2052980 1023
2053496 704
2054008 287
2054524 48
2055036 120
2055552 312
2056064 588
2056584 908
2057092 1023
2057612 1023
2058124 1023
2058640 1023
2059152 1023
2059668 1023
2060180 847
2060696 448
2061208 63
2061724 79
2062236 224
2062752 480
2063264 796
2063780 1023
2064292 1023
2064812 1023
2065320 1023
2065840 1023
2066352 1023
2066868 975
2067380 575
2067896 192
2068408 60
2068924 159
2069436 384
2069952 704
2070464 1008
2070980 1023
2071492 1023
2072008 1023
2072520 1023
2073040 1023
2073548 1023
2074068 711
2074580 304
2075096 48
2075608 120
2076124 304
2076636 575
2077152 899
2077664 1023
2078180 1023
2078692 1023
2079208 1023
2079720 1023
2080236 1023
2080748 864
2081268 448
2081776 63
2082296 76
2082808 224
2083324 480
2083836 783
2084352 1023
2084864 1023
2085380 1023
2085892 1023
2086408 1023
2086924 1023
2087436 992
2087952 587
2088464 192
2088980 60
2089492 158
2090012 384
2090520 675
2091040 993
2091552 1023
2092068 1023
2092580 1023
2093096 1023
2093608 1023
2094124 1023
2094636 736
2095152 312
2095664 48
2096180 112
2096692 287
2097208 575
2097720 896
2098240 1023
2098748 1023
2099268 1023
2099780 1023
2100296 1023
2100808 1023
2101324 864
2101836 455
2102352 71
2102864 71
2103380 224
2103892 480
2104408 775
2104920 1023
2105436 1023
2105948 1023
2106468 1023
2106984 480
2107504 775
2108016 1023
2108532 1023
2109044 1023
2109560 1023
2110072 1023
2110588 1023
2111100 993
2111616 608
2112128 199
2112644 56
2113156 143
2113676 384
2114184 664
2114704 992
2115212 1023
2115732 1023
2116244 1023
2116760 1023
2117272 1023
2117788 1023
2118300 768
2118816 335
2119328 48
2119844 112
2120356 271
2120872 560
2121384 896
2121904 1023
2122412 1023
2122932 1023
2123440 1023
2123960 1023
2124472 1023
2124988 896
2125500 480
2126016 79
2126532 71
2127044 206
2127560 455
2128072 768
2128592 1023
2129100 1023
2129620 1023
2130128 1023
2130648 1023
2131160 1023
2131676 1008
2132188 624
2132704 224
2133216 56
2133732 143
2134244 352
2134760 655
2135272 967
2135788 1023
2136300 1023
2136820 1023
2137328 1023
2137848 1023
2138356 1023
2138876 768
2139388 352
2139904 48
2140416 97
2140932 271
2141444 543
2141960 864
2142472 1023
2142988 1023
2143500 1023
2144016 1023
2144528 1023
2145048 1023
2145556 896
2146076 480
2146584 96
2147104 67
2147616 198
2148132 448
2148644 768
2149160 1023
2149672 1023
2150188 1023
2150700 1023
2151216 1023
2151728 1023
2152244 1020
2152756 636
2153276 224
2153784 56
2154304 135
2154812 352
2155332 639
2155844 960
2156360 1023
2156872 1023
2157388 1023
2157900 1023
2158416 1023
2158928 1023
2159444 771
2159956 384
2160472 48
2160984 96
2161504 255
2162012 536
2162532 864
2163040 1023
2163560 1023
2164072 1023
2164588 1023
2165100 1023
2165616 1023
2166128 896
2166644 504
2167156 112
2167672 63
2168184 192
2168700 448
2169212 768
2169732 1023
2170240 1023
2170760 1023
2171268 1023
2171788 1023
2172300 1023
2172816 1023
2173328 647
2173844 248
2174356 56
2174872 127
2175384 334
2175900 636
2176412 960
2176928 1023
2177440 1023
2177960 1023
2178468 1023
2178988 1023
2179496 1023
2180016 783
2180528 384
2181044 48
2181556 96
2182072 255
2182584 519
2183100 839
2183612 1023
2184128 1023
2184640 1023
2185156 1023
2185668 1023
2186188 1023
2186696 913
2187216 513
2187724 124
2188244 63
2188756 192
2189272 419
2189784 768
2190300 1023
2190812 1023
2191328 1023
2191840 1023
2192356 1023
2192868 1023
2193384 1023
2193896 670
2194416 255
2194924 48
2195444 127
2195952 319
2196472 624
2196984 927
2197500 1023
2198012 1023
2198528 1023
2199040 1023
2199556 1023
2200068 1023
2200584 799
2201096 398
2201612 48
2202124 96
2202644 248
2203152 510
2203672 828
2204180 1023
2204700 1023
2205212 1023
2205728 1023
2206240 1023
2206756 1023
2207268 931
2207784 536
2208296 135
2208812 62
2209324 192
2209840 412
2210352 711
2210872 1023
2211380 1023
2211900 1023
2212408 1023
2212928 1023
2213440 1023
2213956 1023
2214468 704
2214984 280
2215496 48
2216012 124
2216524 312
2217040 608
2217552 911
2218068 1023
2218580 1023
2219100 1023
2219608 1023
2220128 1023
2220636 1023
2221156 828
2221668 415
2222184 56
2222696 96
2223212 240
2223724 496
2224240 816
2224752 1023
2225268 1023
2225780 1023
2226296 1023
2226808 1023
2227328 1023
2227836 960
2228356 560
2228864 158
2229384 60
2229896 163
2230412 391
2230924 704
2231440 1016
2231952 1023
2232468 1023
2232980 1023
2233496 1023
2234008 1023
2234524 1023
2235036 707
2235556 304
2236064 48
2236584 120
2237092 304
2237612 583
2238124 899
2238636 736
2239144 319
2239664 48
2240176 112
2240692 287
2241204 572
2241720 896
2242232 1023
2242748 1023
2243260 1023
2243776 1023
2244288 1023
2244804 1023
2245316 864
2245836 448
2246344 63
2246864 71
2247372 224
2247892 480
2248404 782
2248920 1023
2249432 1023
2249948 1023
2250460 1023
2250976 1023
2251488 1023
2252004 992
2252516 608
2253032 192
2253544 56
2254064 152
2254572 384
2255092 670
2255600 992
2256120 1023
2256632 1023
2257148 1023
2257660 1023
2258176 1023
2258688 1023
2259204 768
2259716 335
2260232 48
2260744 112
2261260 280
2261772 560
2262292 896
2262800 1023
2263320 1023
2263828 1023
2264348 1023
2264860 1023
2265376 1023
2265888 896
2266404 480
2266916 71
2267432 71
2267944 224
2268460 455
2268972 768
2269488 1023
2270000 1023
2270520 1023
2271028 1023
2271548 1023
2272056 1023
2272576 1008
2273088 609
2273604 224
2274120 56
2274632 143
2275148 384
2275660 655
2276176 975
2276688 1023
2277208 1023
2277716 1023
2278236 1023
2278748 1023
2279264 1023
2279776 768
2280292 352
2280804 48
2281320 112
2281832 270
2282348 543
2282860 864
2283376 1023
2283888 1023
2284404 1023
2284916 1023
2285436 1023
2285944 1023
2286464 896
2286976 480
2287492 96
2288004 67
2288520 199
2289032 448
2289548 768
2290060 1023
2290576 1023
2291088 1023
2291604 1023
2292116 1023
2292632 1023
2293144 1020
2293664 632
2294176 224
2294692 56
2295204 135
2295720 352
2296232 639
2296748 961
2297260 1023
2297776 1023
2298288 1023
2298804 1023
2299316 1023
2299832 1023
2300344 771
2300864 384
2301372 48
2301892 96
2302404 255
2302920 540
2303432 864
2303948 1023
2304460 1023
2304976 1023
2305488 1023
2306004 1023
2306516 1023
2307032 896
2307544 504
2308060 96
2308572 63
2309092 192
2309600 448
2310120 768
2310632 1023
2311148 1023
2311660 1023
2312176 1023
2312688 1023
2313204 1023
2313716 1023
2314232 639
2314744 240
2315260 56
2315772 127
2316288 352
2316800 636
2317320 960
2317828 1023
2318348 1023
2318860 1023
2319376 1023
2319888 1023
2320404 1023
2320916 787
2321432 384
2321944 48
2322460 96
2322972 255
2323488 524
2324000 839
2324516 1023
2325028 1023
2325548 1023
2326056 1023
2326576 1023
2327088 1023
2327604 910
2328116 512
2328632 120
2329144 63
2329660 192
2330172 423
2330688 768
2331200 1023
2331716 1023
2332228 1023
2332744 1023
2333256 1023
2333776 1023
2334284 1023
2334804 664
2335316 255
2335832 48
2336344 127
2336860 326
2337372 624
2337888 944
2338400 1023
2338916 1023
2339428 1023
2339944 1023
2340456 1023
2340972 1023
2341484 799
2342004 391
2342512 48
2343032 96
2343544 248
2344060 512
2344572 830
2345088 1023
2345600 1023
2346116 1023
2346628 1023
2347144 1023
2347656 1023
2348172 927
2348684 527
2349200 127
2349712 63
2350232 192
2350740 414
2351260 736
2351772 1023
2352288 1023
2352800 1023
2353316 1023
2353828 1023
2354344 1023
2354856 1023
2355372 679
2355884 271
2356400 48
2356912 124
2357428 318
2357940 608
2358460 924
2358968 1023
2359488 1023
2360000 1023
2360516 1023
2361028 1023
2361544 1023
2362056 824
2362572 412
2363084 56
2363600 96
2364112 240
2364628 504
2365140 816
2365656 1023
2366168 1023
2366688 1023
2367196 1023
2367716 1023
2368228 1023
2368744 960
2369256 547
2369772 143
2370288 1023
2370800 1023
2371316 1023
2371828 1023
2372348 1023
2372856 1023
2373376 910
2373884 511
2374404 112
2374916 63
2375432 192
2375944 448
2376460 768
2376972 1023
2377488 1023
2378000 1023
2378516 1023
2379028 1023
2379544 1023
2380056 1023
2380576 639
2381084 240
2381604 56
2382112 127
2382632 352
2383144 636
2383660 960
2384172 1023
2384688 1023
2385200 1023
2385716 1023
2386228 1023
2386744 1023
2387256 787
2387772 384
2388284 48
2388804 96
2389312 254
2389832 519
2390340 831
2390860 1023
2391372 1023
2391888 1023
2392400 1023
2392916 1023
2393428 1023
2393944 924
2394456 519
2394972 120
2395484 63
2396000 192
2396512 415
2397032 768
2397540 1023
2398060 1023
2398568 1023
2399088 1023
2399600 1023
2400116 1023
2400628 1023
2401144 655
2401656 254
2402172 48
2402684 127
2403200 327
2403712 624
2404232 944
2404740 1023
2405260 1023
2405768 1023
2406288 1023
2406800 1023
2407316 1023
2407828 799
2408344 391
2408856 56
2409372 96
2409884 248
2410400 510
2410912 830
2411428 1023
2411944 1023
2412456 1023
2412972 1023
2413484 1023
2414000 1023
2414512 944
2415032 536
2415540 127
2416060 63
2416572 192
2417088 414
2417600 711
2418116 1023
2418628 1023
2419144 1023
2419656 1023
2420172 1023
2420684 1023
2421200 1023
2421712 671
2422228 255
2422740 48
2423260 126
2423768 319
2424288 608
2424800 926
2425316 1023
2425828 1023
2426344 1023
2426856 1023
2427372 1023
2427884 1023
2428400 824
2428912 415
2429428 56
2429940 96
2430456 240
2430968 496
2431488 816
2431996 1023
2432516 1023
2433028 1023
2433544 1023
2434056 1023
2434572 1023
2435084 960
2435600 560
2436112 152
2436628 62
2437140 167
2437656 398
2438168 704
2438684 1020
2439196 1023
2439716 1023
2440224 1023
2440744 1023
2441256 1023
2441772 1023
2442284 704
2442800 287
2443312 48
2443828 120
2444340 312
2444856 591
2445368 903
2445884 1023
2446396 1023
2446912 1023
2447424 1023
2447944 1023
2448452 1023
2448972 839
2449484 448
2450000 63
2450512 79
2451028 224
2451540 480
2452056 796
2452568 1023
2453084 1023
2453596 1023
2454112 1023
2454624 1023
2455140 1023
2455652 972
2456172 575
2456680 176
2457200 60
2457712 159
2458228 384
2458740 704
2459256 1008
2459768 1023
2460284 1023
2460796 1023
2461312 1023
2461824 1023
2462340 1023
2462852 716
2463368 312
2463880 48
2464400 112
2464908 287
2465428 575
2465940 896
2466456 1023
2466968 1023
2467484 1023
2467996 1023
2468512 1023
2469024 1023
2469540 864
2470052 462
2470568 71
2471080 71
2471596 224
2472108 462
2472628 775
2473136 1023
2473656 1023
2474168 1023
2474684 1023
2475196 1023
2475712 1023
2476224 992
2476740 608
2477252 192
2477768 56
2478280 152
2478796 384
2479308 670
2479824 992
2480336 1023
2480856 1023
2481364 1023
2481884 1023
2482396 1023
2482912 1023
2483424 768
2483940 327
2484452 48
2484968 112
2485480 280
2485996 560
2486508 896
2487024 1023
2487536 1023
2488052 1023
2488564 1023
2489084 1023
2489592 1023
2490112 896
2490624 480
2491140 96
2491652 67
2492168 199
2492680 448
2493196 768
2493708 1023
2494224 1023
2494736 1023
2495252 1023
2495764 1023
2496280 1023
2496792 1016
2497312 624
2497820 224
2498340 56
2498852 143
2499368 384
2499880 652
2500396 967
2500908 1023
2501424 1023
2501944 1023
2502460 1023
2502972 705
2503488 304
2504000 48
2504520 120
2505028 304
2505548 579
2506056 896
2506576 1023
2507088 1023
2507604 1023
2508116 1023
2508632 1023
2509144 1023
2509660 647
2510172 248
2510688 56
2511200 127
2511716 335
2512228 632
2512748 944
2513256 1023
2513776 1023
2514284 1023
2514804 1023
2515316 1023
2515832 963
2516344 575
2516860 192
2517376 60
2517888 159
2518404 384
2518916 704
2519436 992
2519944 1023
2520464 1023
2520972 1023
2521492 1023
2522004 1023
2522520 911
2523032 524
2523548 126
2524060 63
2524576 192
2525088 415
2525604 736
2526116 1023
2526632 1023
2527144 1023
2527664 1023
2528172 1023
2528692 1023
2529200 880
2529720 480
2530232 79
2530748 71
2531260 224
2531776 455
2532288 768
2532804 1023
2533316 1023
2533832 1023
2534344 1023
2534860 1023
2535372 1023
2535892 799
2536400 391
2536920 56
2537428 96
2537948 248
2538460 510
2538976 828
2539488 1023
2540004 1023
2540516 1023
2541032 1023
2541544 1023
2542060 1023
2542572 768
2543088 352
2543600 48
2544120 112
2544628 271
2545148 560
2545656 865
2546176 1023
2546688 1023
2547204 1023
2547716 1023
2548232 1023
2548744 1023
2549260 704
2549772 273
2550288 48
2550800 124
2551316 318
2551828 608
2552348 911
2552856 1023
2553376 1023
2553884 1023
2554404 1023
2554916 1023
2555432 992
2555944 608
2556460 195
2556972 56
2557488 145
2558000 384
2558516 664
2559028 972
2559544 1023
2560056 1023
2560576 1023
2561084 1023
2561604 1023
2562112 927
2562632 540
2563144 135
2563660 62
2564172 192
2564688 412
2565200 711
2565716 1022
2566228 1023
2566744 1023
2567256 1023
2567772 1023
2568284 1023
2568804 896
2569312 480
2569832 96
2570340 71
2570860 206
2571372 451
2571888 768
2572400 1023
2572916 1023
2573428 1023
2573944 1023
2574456 1023
2574972 1023
2575484 796
2576000 385
2576512 48
2577032 96
2577540 252
2578060 513
2578568 830
2579088 1023
2579600 1023
2580116 1023
2580628 1023
2581144 1023
2581656 1023
2582172 736
2582684 319
2583200 48
2583712 112
2584228 286
2584740 568
2585260 896
2585768 1023
2586288 1023
2586796 1023
2587316 1023
2587828 1023
2588344 1023
2588856 664
2589372 255
2589884 48
2590400 127
2590912 323
2591428 624
2591940 927
2592456 1023
2592968 1023
2593488 1023
2593996 1023
2594516 1023
2595024 961
2595544 575
2596056 192
2596572 60
2597084 159
2597600 384
2598112 679
2598628 992
2599140 1023
2599656 1023
2600168 1023
2600684 1023
2601196 1023
2601716 896
2602224 510
2602744 112
2603252 63
2603772 192
2604284 448
2604800 768
2605312 1023
2605828 1023
2606340 1023
2606856 1023
2607368 1023
2607884 1023
2608396 831
2608912 448
2609424 62
2609944 79
2610452 224
2610972 480
2611480 792
2612000 1023
2612512 1023
2613028 1023
2613540 1023
2614056 1023
2614568 1023
2615084 768
2615596 352
2616112 48
2616624 97
2617140 271
2617652 543
2618172 864
2618680 1023
2619200 1023
2619708 1023
2620228 1023
2620740 1023
2621256 1023
2621768 688
2622284 271
2622796 48
2623312 124
2623824 316
2624340 608
2624852 911
2625368 1023
2625880 1023
2626400 1023
2626908 1023
2627428 1023
2627936 992
2628456 608
2628968 206
2629484 56
2629996 143
2630512 384
2631024 655
2631540 967
2632052 1023
2632568 1023
2633084 1023
