520 624
1032 280
1548 275
2060 240
2576 174
3088 92
3604 12
4116 15
4632 48
5144 103
5660 167
6172 225
6688 255
7196 284
7716 255
8224 220
8744 143
9252 62
9768 7
10280 24
10796 63
11308 127
11824 192
12336 243
12852 280
13364 280
13880 255
14392 195
14908 120
15420 31
15936 7
16448 35
16964 88
17472 152
17992 207
18500 255
19020 284
19528 275
20048 240
20556 167
21072 88
21580 7
22096 15
22608 49
23124 103
23632 167
24152 227
24668 255
25180 284
25696 255
26204 216
26724 143
27232 60
27752 7
28260 24
28776 63
29288 127
29804 192
30316 248
30832 280
31344 280
31860 254
32372 193
32888 113
33400 31
33916 7
34428 35
34944 88
35456 152
35972 211
36480 255
37000 284
37508 271
38028 231
38536 167
39056 88
39564 7
40080 15
40592 49
41108 110
41620 174
42136 231
42648 270
43164 284
43676 255
44192 216
44704 142
45220 56
45732 7
46248 25
46760 67
47276 127
47788 193
48304 248
48812 280
49332 280
49840 252
50360 192
50868 112
51384 28
51896 7
52412 39
52924 88
53440 152
53952 216
54468 255
54980 284
55496 271
56008 231
56524 167
57036 81
57552 7
58064 15
58580 56
59088 112
59608 176
60116 231
60636 271
61144 284
61660 255
62172 216
62688 135
63200 56
63716 7
64228 28
64744 71
65256 127
65772 195
66284 248
66800 280
67312 280
67828 248
68340 192
68856 108
69364 24
69884 12
70392 39
70912 92
71420 156
71940 216
72448 255
72964 284
73476 271
73992 231
74504 163
75020 79
75532 7
76048 17
76560 56
77076 112
77588 176
78104 231
78616 271
79132 284
79644 255
80160 211
80672 135
81188 49
81696 7
82216 28
82724 71
83244 135
83752 199
84268 248
84780 280
85296 280
85808 248
86324 188
86836 103
87352 24
87864 7
88380 39
88892 96
89408 158
89920 220
90436 255
90948 284
91464 271
91972 231
92492 159
93000 78
93520 7
94028 17
94544 56
95056 113
95572 179
96084 236
96600 271
97112 284
97628 255
98140 207
98656 127
99168 48
99684 7
100196 30
100712 71
101224 135
101740 199
102248 252
102768 280
103276 280
103796 248
104304 184
104824 103
105332 19
105848 14
106360 39
106876 96
107388 159
107904 220
108416 255
108932 284
109444 271
109960 227
110472 159
110988 71
111500 7
112016 19
112528 60
113044 120
113556 184
114072 240
114580 271
115100 284
115608 255
116128 207
116636 127
117152 44
117664 7
118180 31
118692 78
119208 135
119720 199
120236 252
120748 280
121264 280
121776 248
122292 184
122804 99
123320 15
123832 14
124348 44
124856 97
125376 159
125884 224
126404 255
126912 284
127428 271
127940 224
128456 156
128968 71
129484 7
129996 24
130512 62
131024 120
131540 184
132060 284
132576 271
133088 227
133604 158
134116 71
134632 7
135144 19
135660 60
136168 120
136688 184
137196 240
137716 271
138224 284
138744 255
139252 207
139768 127
140280 44
140796 7
141308 31
141824 78
142336 135
142852 199
143364 252
143880 280
144392 280
144908 248
145420 184
145936 97
146448 15
146964 15
147476 46
147992 97
148500 159
149020 224
149528 255
150048 284
150556 270
151072 224
151584 152
152100 63
152612 7
153128 24
153640 62
154156 120
154668 184
155184 240
155696 271
156212 284
156724 255
157240 199
157752 126
158268 39
158776 7
159292 31
159800 79
160316 143
160824 206
161340 255
161848 280
162364 280
162876 241
163392 177
163900 96
164420 15
164936 15
165448 48
165964 99
166472 163
166992 224
167500 255
168020 284
168528 255
169044 224
169556 152
170072 63
170584 7
171100 24
171612 63
172128 124
172640 192
173156 240
173668 275
174184 284
174696 255
175212 199
175724 124
176240 35
176748 7
177268 31
177776 81
178296 143
178804 207
179324 255
179832 280
180348 280
180860 240
181376 176
181888 92
182404 12
182916 15
183432 48
183944 103
184460 167
184972 225
185488 255
186000 284
186516 255
187028 220
187544 143
188056 62
188572 7
189080 24
189600 63
190108 127
190628 192
191136 243
191652 280
192164 280
192680 254
193192 195
193708 120
194220 31
194736 7
195248 35
195764 88
196276 152
196792 211
197304 255
197820 284
198332 275
198848 240
199356 167
199876 88
200384 7
200904 15
201412 49
201928 108
202440 174
202956 231
203468 270
203984 284
204496 255
205012 216
205524 142
206040 56
206552 7
207068 24
207580 67
208096 127
208608 193
209124 248
209632 280
210152 280
210660 252
211180 192
211688 112
212208 28
212716 7
213232 39
213744 92
214260 156
214772 216
215288 255
215800 284
216316 271
216828 231
217344 163
217856 79
218372 7
218884 15
219400 56
219912 112
220428 176
220940 231
221456 271
221964 284
222484 255
222992 216
223512 135
224020 51
224536 7
225048 28
225564 71
226076 127
226592 199
227104 248
227620 280
228132 280
228648 248
229160 192
229676 103
230188 24
230704 14
231216 39
231732 96
232240 158
232760 220
233268 255
233788 284
234296 271
234812 231
235324 159
235840 76
236352 7
236868 17
237380 56
237896 115
238408 179
238924 236
239436 271
239952 284
240464 255
240980 207
241492 127
242008 48
242516 7
243036 30
243544 71
244064 135
244572 199
245092 252
245600 280
246116 280
246628 248
247144 184
247656 99
248172 17
248684 14
249200 39
249712 96
250228 159
250740 224
251256 255
251768 284
252284 271
252796 225
253312 156
253824 71
254340 7
254848 19
255368 60
255876 120
256396 184
256904 240
257420 271
257932 284
258448 255
258960 206
259476 127
259988 39
260504 7
261016 31
261532 79
262044 142
262560 206
263072 254
263588 7
264100 31
264616 79
265124 143
265644 206
266152 255
266672 280
267180 280
267696 241
268208 177
268724 96
269236 15
269752 15
270264 48
270780 99
271292 163
271808 224
272320 255
272836 284
273348 270
273864 224
274376 152
274892 63
275400 7
275920 24
276428 63
276948 124
277456 192
277976 241
278484 275
279000 284
279512 255
280028 199
280540 120
281056 33
281568 7
282084 31
282596 83
283112 145
283624 207
284140 255
284652 280
285168 280
285680 240
286196 176
286708 92
287224 12
287732 15
288252 48
288760 103
289280 167
289788 227
290304 255
290816 284
291332 255
291844 220
292360 143
292872 62
293388 7
293900 24
294416 63
294928 127
295444 192
295956 243
296472 280
296984 280
297500 254
298008 195
298528 115
299036 31
299556 7
300064 35
300580 88
301092 152
301608 211
302120 255
302636 284
303148 271
303664 231
304176 167
304692 88
305204 7
305720 15
306232 51
306748 108
307260 174
307776 231
308288 271
308804 284
309312 255
309832 216
310340 143
310860 56
311368 7
311884 24
312396 67
312912 127
313424 193
313940 248
314452 280
314968 280
315480 252
315996 192
316508 112
317024 28
317536 7
318052 39
318564 92
319080 156
319592 216
320108 255
320616 284
321136 271
321644 231
322164 163
322672 79
323188 7
323700 15
324216 56
324728 112
325244 176
325756 231
326272 271
326784 284
327300 255
327812 216
328328 135
328840 51
329356 7
329868 28
330384 71
330892 127
331412 195
331920 248
332440 280
332948 280
333464 248
333976 192
334492 103
335004 24
335520 12
336028 39
336548 94
337064 158
337572 220
338092 255
338600 284
339120 271
339628 227
340148 159
340656 78
341172 7
341684 17
342200 56
342712 115
343228 179
343740 231
344256 271
344768 284
345284 255
345796 207
346312 127
346824 48
347340 7
347852 30
348368 71
348880 135
349396 199
349904 252
350424 280
350932 280
351452 248
351960 184
352476 103
352988 19
353504 14
354016 39
354532 96
355044 159
355560 224
356072 255
356588 284
357100 271
357616 225
358128 158
358644 71
359156 7
359672 19
360180 60
360700 120
361208 184
361728 240
362236 271
362752 284
363264 255
363780 204
364292 127
364808 39
365320 7
365836 31
366348 79
366864 142
367376 204
367892 255
368404 280
368920 280
369432 243
369948 179
370456 97
370976 15
371484 14
372004 46
372512 99
373032 163
373540 224
374056 255
374568 284
375084 270
375596 224
376112 152
376624 63
377140 7
377652 24
378168 63
378680 124
379196 192
379708 240
380224 271
380736 284
381252 255
381764 199
382280 124
382788 39
383308 7
383816 31
384336 79
384844 143
385360 207
385872 255
386388 280
386900 280
387416 240
387928 176
388444 96
388956 15
389472 15
389984 48
390500 103
391012 167
391528 224
392040 255
392556 284
393064 255
393584 224
394092 152
394612 63
395132 284
395640 255
396156 204
396668 127
397184 39
397696 7
398212 31
398724 79
399240 143
399752 206
400268 254
400780 280
401296 280
401808 241
402324 177
402836 96
403352 15
403860 15
404380 48
404888 99
405408 163
405916 224
406436 255
406944 284
407460 271
407972 224
408488 152
409000 63
409516 7
410028 24
410544 63
411056 124
411572 188
412084 240
412600 275
413112 284
413628 255
414140 199
414656 124
415168 35
415684 7
416192 31
416712 81
417220 143
417740 207
418248 255
418764 280
419276 275
419792 240
420304 176
420820 92
421332 12
421848 15
422360 48
422876 103
423388 167
423904 227
424416 255
424932 284
425444 255
425960 220
426468 145
426988 63
427496 7
428016 24
428524 63
429040 127
429552 192
430068 248
430580 280
431096 284
431608 255
432124 195
432636 120
433152 31
433664 7
434180 35
434692 88
435208 152
435720 207
436236 255
436744 281
437264 271
437772 238
438292 167
438800 88
439320 7
439828 15
440344 51
440856 108
441372 174
441884 227
442400 270
442912 284
443428 255
443940 216
444456 142
444968 56
445484 7
445996 25
446512 67
447024 127
447540 193
448052 248
448568 280
449076 280
449596 252
450104 192
450624 112
451132 28
451648 7
452160 35
452676 88
453188 152
453704 216
454216 255
454732 284
455244 271
455760 231
456272 163
456788 79
457300 7
457816 15
458328 56
458844 112
459352 176
459872 231
460380 271
460900 284
461408 255
461924 211
462436 135
462952 49
463464 7
463980 28
464492 71
465008 135
465520 199
466036 252
466548 280
467064 280
467576 248
468092 192
468604 103
469120 24
469628 12
470148 39
470656 96
471176 159
471684 220
472204 255
472712 284
473228 271
473740 231
474256 159
474768 76
475284 7
475796 17
476312 57
476824 115
477340 179
477852 236
478368 271
478880 284
479396 255
479908 207
480424 127
480936 48
481452 7
481960 30
482480 78
482988 135
483508 199
484016 252
484532 280
485044 280
485560 248
486072 184
486588 99
487100 19
487616 14
488128 39
488644 96
489156 159
489672 224
490184 255
490700 284
491212 271
491728 225
492236 156
492756 71
493264 7
493784 19
494292 60
494808 120
495320 184
495836 240
496348 271
496864 284
497376 255
497892 199
498404 127
498920 39
499432 7
499948 31
500460 79
500976 143
501488 206
502004 255
502512 280
503032 280
503540 241
504060 177
504568 96
505088 15
505596 15
506112 48
506624 99
507140 163
507652 224
508168 255
508680 284
509196 270
509704 224
510224 152
510740 63
511252 7
511768 24
512276 63
512796 124
513304 192
513824 240
514332 275
514848 281
515360 255
515876 199
516388 120
516904 31
517416 7
517932 31
518444 83
518960 145
519472 207
519988 255
520500 280
521016 275
521528 240
522044 174
522552 92
523072 7
523580 15
524100 48
524608 103
525128 167
525636 227
526152 255
526664 14
527176 39
527692 96
528204 159
528720 224
529228 255
529748 284
530256 271
530776 225
531284 158
531800 71
532312 7
532828 19
533340 60
533856 120
534368 184
534884 240
535396 271
535912 284
536424 255
536940 206
537452 127
537968 39
538480 7
538996 31
539504 79
540024 143
540532 206
541052 255
541560 280
542076 280
542588 243
543104 177
543616 96
544132 15
544644 14
545160 48
545672 99
546188 163
546700 224
547216 255
547728 284
548244 255
548756 224
549272 152
549780 63
550300 7
550808 24
551328 63
551836 124
552356 192
552864 241
553384 275
553892 284
554408 255
554920 199
555436 121
555948 35
556464 7
556976 31
557492 83
558004 143
558520 207
559032 255
559548 284
560056 280
560572 240
561080 176
561596 92
562104 14
562620 15
563132 48
563648 103
564156 167
564676 225
565192 255
565704 284
566220 255
566728 220
567248 143
567756 62
568276 7
568784 24
569300 63
569812 127
570328 192
570840 243
571356 280
571868 280
572384 254
572896 195
573412 115
573924 31
574440 7
574952 35
575468 88
575980 152
576496 211
577004 255
577524 284
578032 275
578552 238
579060 167
579580 88
580088 7
580604 15
581116 51
581632 110
582144 174
582660 231
583172 271
583688 284
584200 255
584716 216
585228 142
585744 56
586256 7
586772 28
587284 67
587800 127
588312 193
588828 248
589336 280
589856 280
590364 252
590884 192
591392 112
591908 25
592420 7
592936 39
593448 92
593964 156
594476 216
594992 255
595504 284
596020 271
596532 231
597048 163
597560 79
598076 7
598588 15
599104 56
599612 112
600132 176
600640 231
601160 271
601668 284
602184 255
602696 209
603212 135
603724 48
604240 7
604752 28
605268 71
605780 135
606296 199
606808 252
607324 280
607836 280
608352 248
608864 184
609380 103
609888 24
610408 14
610916 39
611436 96
611944 159
612464 224
612972 255
613488 284
614000 271
614516 227
615028 159
615544 71
616056 7
616572 19
617084 60
617600 120
618112 184
618628 240
619140 271
619656 284
620168 255
620684 207
621196 127
621712 39
622220 7
622740 31
623248 78
623768 142
624276 199
624792 254
625304 280
625820 280
626332 243
626848 179
627360 97
627876 15
628388 14
628904 46
629416 99
629932 163
630444 224
630960 255
631472 284
631988 270
632496 224
633016 152
633524 63
634044 7
634552 24
635068 63
635580 124
636096 188
636608 240
637124 275
637636 284
638152 255
638664 199
639180 124
639692 39
640208 7
640720 31
641236 79
641748 143
642264 207
642772 255
643292 281
643800 280
644320 240
644828 176
645348 92
645856 14
646372 15
646884 48
647400 103
647912 167
648428 225
648940 255
649456 284
649968 255
650484 220
650996 143
651512 62
652024 7
652540 24
653052 63
653568 127
654080 192
654596 248
655104 280
655624 284
656132 255
656652 195
657160 120
657676 31
658196 48
658708 7
659224 30
659736 71
660252 135
660760 199
661280 252
661788 280
662308 280
662816 248
663332 184
663844 103
664360 17
664872 14
665388 39
665900 96
666416 159
666928 224
667444 255
667956 284
668472 271
668984 227
669500 158
670012 71
670528 7
671036 19
671556 60
672064 120
672584 184
673092 240
673608 271
674120 284
674636 255
675148 207
675664 127
676176 39
676692 7
677204 31
677720 79
678232 142
678748 199
679260 254
679776 280
680288 280
680804 241
681312 179
681832 96
682340 15
682860 15
683368 46
683888 99
684396 163
684912 224
685424 255
685940 284
686452 271
686968 224
687480 152
687996 63
688508 7
689024 24
689536 63
690052 124
690564 192
691080 241
691592 275
692108 284
692620 255
693136 199
693644 124
694164 35
694672 7
695192 31
695700 81
696216 143
696728 207
697244 255
697756 284
698272 280
698784 240
699300 176
699812 92
700328 12
700840 15
701356 48
701868 103
702384 167
702896 227
703412 255
703920 284
704440 255
704948 220
705468 143
705976 62
706492 7
707004 24
707520 63
708032 127
708548 192
709060 248
709576 280
710088 281
710604 254
711116 195
711632 115
712144 31
712660 7
713172 35
713688 88
714196 152
714716 216
715224 255
715744 284
716252 275
716772 238
717280 167
717796 83
718308 7
718824 15
719336 51
719852 112
720364 176
720880 231
721392 271
721908 284
722420 255
722936 216
723448 135
723964 56
724476 7
724992 28
725504 71
726020 127
726528 195
727048 248
727556 280
728076 280
728584 252
729100 192
729612 112
730128 24
730640 7
731156 39
731668 92
732184 156
732696 216
733212 255
733724 284
734240 271
734752 231
735268 159
735780 79
736296 7
736804 17
737324 56
737832 112
738352 177
738860 231
739376 271
739888 284
740404 255
740916 207
741432 127
741944 48
742460 7
742972 30
743488 71
744000 135
744516 199
745028 252
745544 280
746056 280
746572 248
747080 184
747600 103
748108 19
748628 14
749136 39
749656 96
750164 159
750680 224
751192 255
751708 284
752220 271
752736 227
753248 158
753764 71
754276 7
754792 19
755304 60
755820 120
756332 184
756848 240
757360 271
757876 284
758388 255
758904 206
759412 127
759932 39
760440 7
760960 31
761468 79
761984 143
762496 206
763012 255
763524 280
764040 280
764552 241
765068 177
765576 96
766096 15
766612 15
767120 48
767640 99
768148 163
768668 224
769176 255
769696 284
770204 270
770720 224
771232 152
771748 63
772260 7
772776 24
773288 63
773804 124
774316 192
774832 241
775344 275
775860 284
776372 255
776888 199
777400 124
777916 35
778428 7
778944 31
779452 81
779972 143
780480 207
781000 255
781508 280
782024 280
782536 240
783052 174
783564 92
784080 7
784592 15
785108 48
785620 103
786136 167
786648 227
787164 255
787676 284
788192 255
788704 220
789220 143
789732 280
790240 255
790756 195
791268 120
791784 31
792296 7
792812 35
793324 88
793840 152
794352 211
794868 255
795380 284
795896 275
796408 240
796924 167
797436 88
797952 7
798464 15
798980 51
799488 103
800008 174
800516 231
801036 271
801544 284
802060 255
802572 216
803088 142
803600 56
804116 7
804628 24
805144 71
805656 127
806172 193
806684 248
807200 280
807712 280
808228 252
808740 192
809256 112
809764 28
810284 12
810792 39
811312 92
811820 156
812336 216
812848 255
813364 284
813876 271
814392 231
814904 163
815420 79
815932 7
816448 17
816960 56
817476 112
817988 176
818504 231
819016 271
819532 284
820040 255
820560 211
821068 135
821588 49
822096 7
822616 28
823124 71
823640 135
824152 199
824668 252
825180 280
825696 280
826208 248
826724 188
827236 103
827752 24
828264 12
828780 39
829292 96
829808 159
830320 220
830836 255
831348 284
831864 271
832372 227
832892 159
833400 71
833920 7
834428 19
834944 60
835456 120
835972 184
836484 240
837000 271
837512 284
838028 255
838540 207
839056 127
839568 46
840084 7
840596 31
841112 78
841620 135
842136 199
842644 252
843160 280
843672 280
844188 248
844696 184
845216 99
845732 15
846244 14
846760 44
847268 97
847788 159
848296 224
848816 255
849324 284
849840 271
850352 224
850868 153
851380 67
851896 7
852408 24
852924 62
853436 120
853952 188
854464 240
854980 275
855492 284
856008 255
856520 199
857036 126
857544 39
858064 7
858572 31
859092 79
859600 143
860120 207
860628 255
861144 280
861656 280
862172 241
862684 177
863200 96
863712 15
864228 15
864740 48
865256 103
865768 167
866284 225
866796 255
867312 284
867824 255
868340 224
868852 152
869368 63
869876 7
870396 24
870904 63
871424 126
871932 192
872448 243
872960 280
873476 284
873988 255
874504 195
875016 120
875532 31
876044 7
876560 33
877072 83
877588 147
878100 207
878616 255
879128 284
879644 280
880152 240
880672 172
881180 88
881700 7
882208 15
882724 49
883236 103
883752 172
884264 227
884780 270
885292 284
885808 255
886320 216
886836 143
887348 56
887864 7
888376 24
888892 67
889404 127
889920 193
890428 248
890948 280
891456 280
891976 252
892484 192
893004 112
893512 30
894028 7
894540 35
895056 88
895568 152
896084 216
896596 255
897112 284
897624 275
898140 231
898652 167
899168 81
899680 7
900196 15
900708 56
901224 112
901736 176
902252 231
902760 271
903280 284
903788 255
904308 216
904816 135
905332 51
905844 7
906360 28
906872 71
907388 127
907900 199
908416 248
908928 280
909444 280
909956 248
910472 192
910984 103
911500 24
912012 12
912528 39
913036 96
913556 159
914064 220
914584 255
915092 284
915608 271
916120 231
916636 159
917148 78
917664 7
918176 17
918692 56
919204 115
919720 184
920232 236
920748 271
921264 241
921780 280
922292 281
922808 255
923320 195
923836 120
924348 31
924864 7
925376 33
925892 88
926404 152
926920 209
927428 255
927944 284
928452 280
928968 240
929476 174
929992 92
930504 7
931020 15
931528 49
932048 103
932564 167
933076 227
933592 270
934100 284
934620 255
935128 220
935648 143
936156 60
936672 7
937184 24
937700 63
938212 127
938728 192
939240 248
939756 280
940268 280
940784 254
941296 192
941812 112
942324 30
942840 7
943352 35
943868 88
944376 152
944896 216
945404 255
945924 284
946432 271
946952 231
947460 167
947976 83
948488 7
949004 15
949516 56
950032 112
950544 176
951060 231
951572 271
952088 284
952600 255
953116 216
953628 135
954144 51
954656 7
955172 28
955684 71
956200 127
956708 195
957228 248
957736 280
958256 280
958764 248
959280 192
959792 108
960308 24
960820 12
961336 39
961848 94
962364 158
962876 217
963392 255
963904 284
964420 271
964932 231
965448 159
965960 78
966476 7
966984 17
967504 56
968012 113
968532 179
969040 236
969556 271
970068 284
970584 255
971096 207
971612 127
972124 48
972640 7
973152 30
973668 71
974180 135
974696 199
975208 252
975724 280
976236 280
976752 248
977260 184
977780 99
978288 19
978808 14
979316 39
979836 96
980344 159
980860 224
981372 255
981888 284
982400 271
982916 225
983428 156
983944 71
984456 7
984972 24
985484 60
986000 120
986512 184
987028 240
987540 271
988056 284
988568 255
989084 204
989592 127
990112 39
990620 7
991140 31
991648 79
992164 143
992676 206
993192 255
993704 280
994220 280
994732 241
995248 177
995760 96
996276 15
996788 15
997304 48
997816 99
998332 167
998844 224
999360 255
999868 284
1000388 255
1000896 224
1001416 152
1001924 63
1002440 7
1002952 24
1003468 63
1003980 124
1004496 192
1005008 241
1005524 275
1006036 284
1006552 255
1007064 199
1007580 120
1008092 35
1008608 7
1009120 31
1009636 83
1010144 145
1010664 207
1011172 255
1011692 284
1012200 280
1012720 240
1013228 176
1013744 89
1014256 12
1014772 15
1015284 48
1015800 103
1016312 167
1016828 227
1017340 255
1017856 284
1018368 255
1018884 220
1019396 143
1019912 60
1020424 7
1020940 24
1021452 63
1021968 127
1022476 192
1022996 248
1023504 280
1024024 280
1024532 254
1025048 193
1025560 113
1026076 30
1026588 7
1027104 35
1027616 88
1028132 152
1028644 216
1029160 255
1029672 284
1030188 273
1030700 236
1031216 167
1031728 83
1032244 7
1032752 15
1033272 51
1033780 112
1034300 176
1034808 231
1035324 271
1035836 284
1036352 255
1036864 216
1037380 135
1037892 56
1038408 7
1038920 28
1039436 71
1039948 127
1040464 195
1040976 248
1041492 280
1042004 280
1042520 248
1043028 192
1043548 103
1044056 24
1044576 12
1045084 39
1045604 96
1046112 158
1046628 220
1047140 255
1047656 284
1048168 271
1048684 231
1049196 159
1049712 78
1050224 7
1050740 17
1051252 56
1051768 113
1052280 179
