220 1023
432 831
644 768
856 608
1068 449
1284 287
1496 131
1704 48
1916 56
2128 79
2344 127
2556 192
2764 284
2976 384
3192 510
3404 636
3616 768
3828 896
4040 992
4256 1023
4468 1023
4680 1023
4888 1023
5100 1023
5316 1023
5528 1023
5740 1023
5952 1023
6164 1023
6380 960
6592 816
6804 664
7012 508
7224 352
7440 192
7652 60
7864 56
8076 67
8292 112
8504 176
8716 254
8924 352
9136 480
9356 608
9564 736
9776 839
9988 960
10200 1023
10416 1023
10628 1023
10840 1023
11048 1023
11260 1023
11480 1023
11688 1023
11900 1023
12112 1023
12324 992
12540 864
12752 704
12964 543
13172 384
13384 224
13604 78
13812 48
14024 63
14236 96
14452 156
14664 240
14876 319
15088 448
15296 560
15516 704
15728 807
15936 927
16148 1023
16360 1023
16576 1023
16788 1023
17000 1023
17212 1023
17420 1023
17640 1023
17852 1023
18060 1023
18272 1020
18484 896
18700 768
18912 583
19124 448
19336 263
19552 120
19764 48
19972 60
20184 96
20396 127
20612 204
20824 295
21036 399
21248 519
21460 639
21676 771
21888 896
22096 1008
22308 1023
22520 1023
22736 1023
22948 1023
23160 1023
23372 1023
23584 1023
23800 1023
24012 1023
24220 1023
24432 931
24644 798
24860 639
25072 480
25284 319
25496 159
25712 56
25924 56
26136 71
26344 120
26556 192
26776 255
26984 384
27196 496
27408 608
27620 768
27836 864
28048 972
28260 1023
28468 1023
28680 1023
28900 1023
29108 1023
29320 1023
29532 1023
29744 1023
29960 1023
30172 1023
30384 967
30592 831
30804 679
31024 519
31232 384
31444 199
31656 63
31872 48
32084 63
32296 112
32508 159
32716 248
32936 352
33148 451
33356 575
33568 704
33780 828
33996 960
34208 1023
34420 1023
34632 1023
34840 1023
35060 1023
35272 1023
35480 1023
35692 1023
35904 1023
36120 1023
36332 1008
36544 864
36756 736
36972 560
37184 398
37396 248
37604 96
37816 48
38036 62
38244 96
38456 143
38668 224
38880 316
39096 423
39308 543
39520 671
39728 796
39940 911
40160 1023
40368 1023
40580 1023
40792 1023
41004 1023
41220 1023
41432 1023
41644 1023
41852 1023
42064 1023
42280 1023
42492 911
42700 768
42912 624
43128 449
43340 287
43552 135
43764 56
43976 56
44192 79
44404 126
44612 192
44824 280
45036 384
45252 508
45464 632
45676 768
45888 896
46100 992
46316 1023
46528 1023
46736 1023
46948 1023
47160 1023
47376 1023
47588 1023
47800 1023
48012 1023
48228 1023
48440 960
48652 824
48860 664
49072 508
49292 352
49500 192
49712 60
49924 56
50136 67
50352 112
50564 192
50776 254
50984 352
51196 480
51416 608
51624 736
51836 839
52048 960
52260 1023
52476 1023
52688 1023
52900 1023
53108 1023
53320 1023
53540 1023
53748 1023
53960 1023
54172 1023
54388 992
54600 1023
54820 1023
55032 1023
55240 1023
55452 1023
55664 1023
55880 1023
56092 1023
56304 1008
56516 896
56724 768
56944 574
57156 414
57364 254
57576 112
57788 48
58004 60
58216 96
58428 135
58640 224
58856 312
59068 415
59276 536
59488 655
59700 783
59916 903
60128 1020
60340 1023
60552 1023
60764 1023
60980 1023
61192 1023
61400 1023
61612 1023
61824 1023
62040 1023
62252 1023
62464 924
62676 780
62888 632
63104 460
63316 304
63524 143
63736 56
63948 56
64164 71
64376 124
64584 192
64796 271
65016 384
65224 504
65436 624
65648 768
65860 768
66076 992
66288 1023
66500 1023
66708 1023
66920 1023
67140 1023
67348 1023
67560 1023
67772 1023
67984 1023
68200 1023
68412 960
68624 824
68832 668
69044 508
69264 352
69472 192
69684 60
69896 56
70112 67
70324 112
70536 176
70748 254
70956 352
71176 480
71388 591
71596 711
71808 835
72020 960
72236 1023
72448 1023
72660 1023
72872 1023
73080 1023
73300 1023
73512 1023
73720 1023
73932 1023
74144 1023
74360 992
74572 864
74784 704
74996 543
75204 384
75424 224
75636 96
75844 48
76056 63
76272 96
76484 152
76696 225
76908 319
77120 448
77336 560
77548 704
77756 807
77968 927
78180 1023
78396 1023
78608 1023
78820 1023
79032 1023
79244 1023
79460 1023
79672 1023
79880 1023
80092 1023
80304 1023
80520 896
80732 768
80944 608
81156 448
81372 271
81584 124
81796 48
82004 60
82216 96
82436 127
82644 199
82856 287
83068 399
83280 515
83496 639
83708 769
83920 896
84128 1008
84340 1023
84560 1023
84768 1023
84980 1023
85192 1023
85404 1023
85620 1023
85832 1023
86044 1023
86252 1023
86464 935
86684 792
86892 639
87104 480
87316 318
87532 158
87744 56
87956 56
88168 71
88376 120
88596 192
88804 263
89016 384
89228 496
89440 608
89656 768
89868 864
90080 972
90292 1023
90500 1023
90720 1023
90928 1023
91140 1023
91352 1023
91564 1023
91780 1023
91992 1023
92204 1023
92416 961
92624 828
92844 671
93052 512
93264 352
93476 193
93692 63
93904 56
94116 63
94328 112
94540 159
94756 248
94968 352
95176 455
95388 575
95600 704
95816 831
96028 960
96240 1023
96452 1023
96664 1023
96880 1023
97092 1023
97300 1023
97512 1023
97724 1023
97940 1023
98152 1023
98364 1008
98576 880
98792 736
99004 568
99216 399
99424 248
99636 96
99852 48
100064 62
100276 96
100488 143
100700 224
100916 316
101128 422
101340 543
101548 670
101760 796
101976 911
102188 1023
102400 1023
102612 1023
102824 1023
103040 1023
103252 1023
103464 1023
103672 1023
103884 1023
104100 1023
104312 1023
104520 911
104732 768
104952 609
105160 448
105372 287
105584 135
105796 48
106012 56
106224 96
106436 127
106644 192
106856 284
107076 387
107284 510
107496 636
107708 768
107920 896
108136 992
108348 1023
108560 1023
108768 1023
108988 568
109200 399
109412 248
109620 96
109840 48
110048 62
110260 96
110472 143
110684 224
110900 318
111112 432
111324 543
111532 671
111744 798
111964 920
112172 1023
112384 1023
112596 1023
112812 1023
113024 1023
113236 1023
113448 1023
113656 1023
113876 1023
114088 1023
114296 1023
114508 897
114720 768
114936 608
115148 448
115360 271
115572 124
115780 48
116000 60
116212 96
116420 127
116632 199
116844 287
117060 399
117272 515
117484 639
117696 768
117904 896
118124 1008
118336 1023
118544 1023
118756 1023
118972 1023
119184 1023
119396 1023
119608 1023
119820 1023
120036 1023
120248 1023
120456 931
120668 798
120880 639
121096 480
121308 319
121520 163
121732 56
121944 56
122160 71
122372 120
122580 192
122792 255
123004 384
123220 481
123432 608
123644 768
123856 864
124068 972
124284 1023
124496 1023
124708 1023
124916 1023
125136 1023
125348 1023
125556 1023
125768 1023
125980 1023
126196 1023
126408 992
126620 839
126832 704
127040 536
127260 384
127472 224
127680 71
127892 48
128104 63
128320 112
128532 158
128744 240
128956 332
129164 448
129384 572
129596 704
129804 824
130016 935
130232 1023
130444 1023
130656 1023
130868 1023
131080 1023
131296 1023
131508 1023
131720 1023
131928 1023
132140 1023
132356 1016
132568 896
132780 768
132992 575
133204 414
133420 252
133632 96
133844 48
134052 62
134264 96
134480 142
134692 224
134904 312
135116 415
135328 542
135544 668
135756 787
135964 903
136176 1020
136396 1023
136604 1023
136816 1023
137028 1023
137240 1023
137456 1023
137668 1023
137880 1023
138088 1023
138300 1023
138520 903
138728 768
138940 608
139152 448
139364 287
139580 127
139792 48
140004 56
140212 79
140424 126
140644 192
140852 284
141064 385
141276 508
141492 636
141704 768
141916 896
142128 992
142336 1023
142556 1023
142768 1023
142976 1023
143188 1023
143400 1023
143616 1023
143828 1023
144040 1023
144252 1023
144460 960
144680 816
144892 657
145100 504
145312 352
145524 192
145740 60
145952 56
146164 67
146376 112
146584 176
146804 255
147016 353
147224 480
147436 608
147652 736
147864 846
148076 960
148288 1023
148500 1023
148716 1023
148928 1023
149136 1023
149348 1023
149560 1023
149776 1023
149988 1023
150200 1023
150412 992
150624 864
150840 704
151052 543
151260 384
151472 224
151684 78
151900 48
152112 63
152324 96
152536 156
152752 240
152964 327
153176 448
153384 568
153596 704
153816 816
154024 927
154236 1023
154448 1023
154660 1023
154876 1023
155088 1023
155300 1023
155512 1023
155720 1023
155940 1023
156148 1023
156360 1016
156572 896
156784 768
157000 575
157212 415
157424 255
157636 112
157844 48
158064 60
158272 96
158484 135
158696 224
158912 312
159124 415
159336 531
159548 655
159760 782
159976 903
160188 1020
160396 1023
160608 1023
160820 1023
161036 1023
161248 1023
161460 1023
161672 1023
161884 1023
162100 1023
162312 1023
162520 924
162732 780
162944 632
163160 463
163372 76
163580 124
163792 192
164004 268
164216 384
164432 496
164644 624
164856 768
165064 864
165276 992
165496 1023
165704 1023
165916 1023
166128 1023
166344 1023
166556 1023
166768 1023
166980 1023
167188 1023
167408 1023
167620 960
167828 824
168040 671
168252 511
168468 352
168680 192
168892 63
169104 48
169312 63
169532 112
169744 163
169952 252
170164 352
170376 455
170592 583
170804 707
171016 831
171228 960
171444 1023
171656 1023
171864 1023
172076 1023
172288 1023
172504 1023
172716 1023
172928 1023
173140 1023
173352 1023
173568 993
173780 864
173988 716
174200 568
174412 399
174628 240
174840 96
175052 48
175264 62
175476 96
175692 143
175904 224
176112 318
176324 432
176536 543
176752 671
176964 799
177172 920
177384 1023
177600 1023
177812 1023
178024 1023
178236 1023
178448 1023
178664 1023
178876 1023
179088 1023
179296 1023
179508 1023
179724 903
179936 768
180148 608
180360 448
180572 286
180788 127
181000 48
181212 60
181420 96
181632 127
181848 195
182060 287
182272 391
182484 511
182700 639
182912 768
183124 896
183332 1008
183544 1023
183764 1023
183972 1023
184184 1023
184396 1023
184608 1023
184824 1023
185036 1023
185248 1023
185456 1023
185668 935
185888 796
186096 639
186308 480
186520 319
186732 159
186948 56
187160 56
187372 71
187580 120
187792 192
188012 255
188220 384
188432 496
188644 608
188860 768
189072 864
189284 972
189496 1023
189704 1023
189924 1023
190136 1023
190344 1023
190556 1023
190768 1023
190984 1023
191196 1023
191408 1023
191620 967
191828 831
192048 704
192260 526
192468 384
192680 224
192892 71
193108 48
193320 63
193532 112
193744 159
193960 248
194172 352
194380 448
194592 574
194804 704
195020 828
195232 960
195444 1023
195656 1023
195868 1023
196084 1023
196296 1023
196504 1023
196716 1023
196928 1023
197144 1023
197356 1023
197568 1016
197780 896
197992 768
198208 575
198420 414
198628 254
198840 112
199052 48
199268 60
199480 96
199692 135
199904 224
200120 312
200332 415
200544 540
200752 664
200964 783
201184 908
201392 1020
201604 1023
201816 1023
202028 1023
202244 1023
202456 1023
202668 1023
202876 1023
203088 1023
203308 1023
203520 1023
203728 911
203940 768
204152 624
204368 448
204580 287
204792 127
205004 48
205212 56
205432 96
205644 127
205852 192
206064 284
206280 387
206492 510
206704 636
206916 768
207128 896
207344 992
207556 1023
207768 1023
207976 1023
208188 1023
208404 1023
208616 1023
208828 1023
209040 1023
209252 1023
209468 1023
209680 960
209892 799
210100 654
210312 504
210528 327
210740 192
210952 60
211164 56
211380 71
211592 120
211804 192
212012 255
212224 384
212444 480
212652 608
212864 736
213076 846
213288 960
213504 1023
213716 1023
213928 1023
214136 1023
214348 1023
214568 1023
214776 1023
214988 1023
215200 1023
215412 1023
215628 992
215840 864
216052 704
216260 543
216472 384
216688 224
216900 96
217108 48
217320 63
217536 96
217756 79
217964 48
218176 63
218388 96
218600 152
218816 240
219028 319
219240 448
219448 560
219660 704
219876 816
220088 927
220300 1023
220512 1023
220724 1023
220940 1023
221152 1023
221364 1023
221572 1023
221792 1023
222000 1023
222212 1023
222424 1020
222636 896
222852 768
223064 579
223276 419
223488 255
223696 112
223916 48
224124 60
224336 96
224548 135
224760 224
224976 304
225188 412
225400 527
225612 652
225820 775
226040 897
226248 1016
226460 1023
226672 1023
226884 1023
227100 1023
227312 1023
227524 1023
227736 1023
227952 1023
228164 1023
228372 1023
228584 924
228796 782
229012 632
229224 480
229436 312
229648 156
229856 56
230076 56
230288 76
230496 124
230708 192
230920 270
231136 384
231348 496
231560 624
231772 768
231980 864
232200 992
232412 1023
232620 1023
232832 1023
233048 1023
233260 1023
233472 1023
233684 1023
233896 1023
234112 1023
234324 1023
234536 963
234744 830
234956 675
235172 512
235384 352
235596 195
235808 63
236020 48
236236 63
236448 112
236660 159
236868 248
237080 352
237296 455
237508 575
237720 704
237932 831
238144 960
238360 1023
238572 1023
238784 1023
238992 1023
239212 1023
239420 1023
239632 1023
239844 1023
240056 1023
240272 1023
240484 1008
240696 864
240904 718
241116 568
241336 391
241544 240
241756 96
241968 48
242180 62
242396 96
242608 143
242820 224
243028 318
243240 432
243460 547
243668 671
243880 799
244092 920
244308 1023
244520 1023
244732 1023
244944 1023
245152 1023
245372 1023
245584 1023
245792 1023
246004 1023
246216 1023
246432 1022
246644 896
246856 768
247068 608
247276 448
247496 271
247708 124
247916 48
248128 60
248340 96
248556 127
248768 199
248980 287
249192 396
249400 513
249620 639
249832 768
250040 896
250252 1008
250468 1023
250680 1023
250892 1023
251104 1023
251316 1023
251532 1023
251744 1023
251952 1023
252164 1023
252376 1023
252592 944
252804 799
253016 639
253228 496
253440 319
253656 163
253868 56
254076 56
254288 71
254500 120
254716 192
254928 255
255140 384
255352 480
255564 608
255780 768
255992 864
256200 967
256412 1023
256632 1023
256840 1023
257052 1023
257264 1023
257476 1023
257692 1023
257904 1023
258116 1023
258324 1023
258536 992
258756 835
258964 704
259176 527
259388 384
259600 224
259816 63
260028 48
260240 63
260448 112
260660 159
260880 240
261088 352
261300 448
261512 574
261728 704
261940 828
262152 944
262364 1023
262572 1023
262792 1023
263004 1023
263212 1023
263424 1023
263636 1023
263852 1023
264064 1023
264276 1023
264488 1008
264696 896
264916 736
265128 568
265336 399
265548 248
265760 96
265976 48
266188 62
266400 96
266612 143
266820 224
267040 316
267252 419
267460 543
267672 670
267888 798
268100 911
268312 1023
268524 1023
268736 1023
268952 1023
269164 1023
269376 1023
269584 1023
269796 1023
270012 1023
270224 1023
270436 1023
270648 911
270860 768
271076 608
271288 448
271500 287
271708 135
271920 48
272136 771
272348 896
272560 1008
272772 1023
272984 1023
273200 1023
273412 1023
273624 1023
273832 1023
274052 1023
274260 1023
274472 1023
274684 1023
274896 935
275112 796
275324 639
275536 480
275744 319
275956 159
276176 56
276384 56
276596 71
276808 120
277020 192
277236 263
277448 384
277660 496
277868 608
278080 768
278300 864
278508 975
278720 1023
278932 1023
279144 1023
279360 1023
279572 1023
279784 1023
279992 1023
280212 1023
280424 1023
280632 1023
280844 967
281056 831
281272 679
281484 519
281696 384
281908 199
282116 63
282336 48
282548 63
282756 112
282968 159
283180 248
283396 352
283608 455
283820 575
284032 704
284240 828
284460 960
284672 1023
284880 1023
285092 1023
285308 1023
285520 1023
285732 1023
285944 1023
286156 1023
286372 1023
286584 1023
286792 993
287004 864
287216 716
287432 560
287644 391
287856 240
288068 96
288280 48
288496 63
288708 96
288916 143
289128 224
289340 318
289556 448
289768 547
289980 671
290192 799
290404 920
290620 1023
290832 1023
291040 1023
291252 1023
291468 1023
291680 1023
291892 1023
292104 1023
292316 1023
292532 1023
292744 1023
292952 903
293164 768
293376 608
293592 448
293804 284
294016 127
294228 48
294440 60
294656 96
294868 127
295076 193
295288 287
295500 391
295716 512
295928 639
296140 768
296352 896
296568 1008
296780 1023
296992 1023
297200 1023
297412 1023
297632 1023
297840 1023
298052 1023
298264 1023
298476 1023
298692 1023
298904 960
299116 799
299324 647
299536 496
299756 319
299964 176
300176 56
300388 56
300600 71
300816 120
301028 192
301240 255
301448 384
301660 480
301880 608
302088 768
302300 864
302512 963
302728 1023
302940 1023
303152 1023
303364 1023
303572 1023
303792 1023
304004 1023
304212 1023
304424 1023
304636 1023
304852 972
305064 831
305276 704
305488 527
305696 384
305916 199
306128 63
306336 48
306548 63
306760 112
306976 159
307188 240
307400 335
307612 448
307828 574
308040 704
308252 824
308460 935
308672 1023
308888 1023
309100 1023
309312 1023
309524 1023
309736 1023
309952 1023
310164 1023
310376 1023
310584 1023
310796 1008
311016 896
311224 736
311436 572
311648 412
311860 254
312076 97
312288 48
312500 62
312708 96
312920 135
313140 224
313348 312
313560 415
313772 540
313988 668
314200 792
314412 910
314624 1022
314832 1023
315052 1023
315264 1023
315472 1023
315684 1023
315896 1023
316112 1023
316324 1023
316536 1023
316748 1023
316956 920
317176 771
317388 624
317596 455
317808 304
318020 143
318236 56
318448 56
318660 79
318872 126
319080 192
319300 280
319508 384
319720 504
319932 632
320148 768
320360 896
320572 992
320784 1023
320996 1023
321212 1023
321424 1023
321632 1023
321844 1023
322056 1023
322272 1023
322484 1023
322696 1023
322908 960
323120 824
323336 655
323548 504
323756 335
323968 192
324180 60
324396 56
324608 71
324820 112
325032 192
325248 255
325460 384
325672 480
325880 608
326092 736
326312 844
326524 828
326736 671
326948 512
327160 352
327376 192
327588 63
327800 48
328008 63
328228 112
328440 163
328648 252
328860 352
329072 460
329288 583
329500 711
329712 831
329924 960
330132 1023
330352 1023
330564 1023
330772 1023
330984 1023
331196 1023
331412 1023
331624 1023
331836 1023
332048 1023
332256 992
332476 864
332688 705
332896 547
333108 385
333320 240
333536 96
333748 48
333956 63
334168 96
334384 152
334596 224
334808 319
335020 448
335232 551
335448 679
335660 799
335868 924
336080 1023
336292 1023
336508 1023
336720 1023
336932 1023
337144 1023
337356 1023
337572 1023
337784 1023
337992 1023
338204 1023
338416 896
338632 768
338844 591
339056 448
339268 271
339484 124
339696 48
339908 60
340116 96
340328 127
340548 199
340756 287
340968 399
341180 515
341392 639
341608 769
341820 896
342032 1008
342240 1023
342452 1023
342672 1023
342880 1023
343092 1023
343304 1023
343516 1023
343732 1023
343944 1023
344156 1023
344364 944
344576 799
344796 639
345004 481
345216 319
345428 163
345644 56
345856 56
346068 71
346280 120
346488 192
346708 255
346920 384
347128 480
347340 608
347552 768
347768 864
347980 967
348192 1023
348404 1023
348612 1023
348832 1023
349044 1023
349252 1023
349464 1023
349676 1023
349892 1023
350104 1023
350316 969
350528 831
350744 688
350956 519
351168 384
351376 199
351588 63
351804 48
352016 63
352228 112
352440 159
352652 248
352868 352
353080 451
353292 575
353500 704
353712 828
353928 960
354140 1023
354352 1023
354564 1023
354776 1023
354992 1023
355204 1023
355416 1023
355624 1023
355836 1023
356052 1023
356264 995
356476 864
356688 736
356904 560
357116 396
357328 248
357536 96
357748 48
357968 62
358176 96
358388 143
358600 224
358812 316
359028 432
359240 543
359452 671
359660 798
359872 911
360092 1023
360300 1023
360512 1023
360724 1023
360936 1023
361152 1023
361364 1023
361576 1023
361784 1023
361996 1023
362216 1023
362424 903
362636 768
362848 608
363064 448
363276 287
363488 127
363700 48
363908 56
364128 96
364340 127
364548 192
364760 286
364972 387
365188 511
365400 638
365612 768
365824 896
366036 993
366252 1023
366464 1023
366672 1023
366884 1023
367096 1023
367312 1023
367524 1023
367736 1023
367948 1023
368164 1023
368376 960
368588 803
368796 654
369008 496
369228 327
369436 192
369648 56
369860 56
370072 71
370288 120
370500 192
370712 255
370920 384
371132 480
371352 608
371560 768
371772 864
371984 963
372196 1023
372412 1023
372624 1023
372836 1023
373044 1023
373256 1023
373472 1023
373684 1023
373892 1023
374104 1023
374324 972
374532 831
374744 688
374956 527
375168 384
375384 204
375596 63
375808 48
376016 63
376228 112
376448 159
376656 240
376868 335
377080 448
377292 572
377508 704
377720 828
377932 944
378140 1023
378352 1023
378572 1023
378780 1023
378992 1023
379204 1023
379420 1023
379632 1023
379844 1023
380056 1023
380264 1016
380484 896
380692 768
380912 271
381124 384
381340 504
381552 632
381764 768
381976 896
382184 992
382404 1023
382612 1023
382824 1023
383036 1023
383248 1023
383464 1023
383676 1023
383888 1023
384100 1023
384308 1023
384528 960
384736 824
384948 668
385160 508
385376 352
385588 192
385800 60
386012 56
386224 67
386440 112
386652 176
386860 254
387072 352
387284 480
387500 591
387712 716
387924 839
388136 960
388348 1023
388564 1023
388776 1023
388984 1023
389196 1023
389408 1023
389624 1023
389836 1023
390048 1023
390260 1023
390472 992
390688 847
390900 704
391108 543
391320 384
391540 224
391748 79
391960 48
392172 63
392384 96
392600 152
392812 240
393024 319
393232 448
393444 560
393660 704
393872 816
394084 927
394296 1023
394508 1023
394724 1023
394936 1023
395148 1023
395356 1023
395568 1023
395784 1023
395996 1023
396208 1023
396420 1023
396636 896
396848 768
397060 590
397272 448
397480 270
397700 120
397908 48
398120 60
398332 96
398544 127
398760 204
398972 295
399184 401
399396 519
399604 639
399824 775
400032 896
400244 1016
400456 1023
400668 1023
400884 1023
401096 1023
401308 1023
401520 1023
401728 1023
401948 1023
402156 1023
402368 1023
402580 931
402796 783
403008 636
403220 480
403432 316
403640 158
403860 56
404072 56
404280 71
404492 124
404704 192
404920 270
405132 384
405344 496
405556 624
405764 768
405984 864
406196 992
406404 1023
406616 1023
406828 1023
407044 1023
407256 1023
407468 1023
407680 1023
407888 1023
408108 1023
408320 1023
408528 960
408740 828
408956 670
409168 510
409380 352
409592 192
409804 62
410020 48
410232 63
410444 112
410652 163
410864 252
411084 352
411292 480
411504 583
411716 711
411928 831
412144 960
412356 1023
412568 1023
412776 1023
412988 1023
413208 1023
413416 1023
413628 1023
413840 1023
414056 1023
414268 1023
414480 992
414692 864
414900 711
415120 551
415332 390
415540 240
415752 96
415964 48
416180 63
416392 96
416604 143
416816 224
417024 318
417244 448
417456 550
417664 671
417876 799
418088 924
418304 1023
418516 1023
418728 1023
418940 1023
419148 1023
419368 1023
419576 1023
419788 1023
420000 1023
420216 1023
420428 1023
420640 903
420852 768
421064 608
421280 448
421492 280
421700 127
421912 48
422124 60
422340 96
422552 127
422764 195
422976 287
423188 391
423404 513
423616 639
423824 768
424036 896
424248 993
424464 1023
424676 1023
424888 1023
425100 1023
425316 1023
425528 1023
425740 1023
425948 1023
426160 1023
426380 1023
426588 931
426800 796
427012 639
427224 480
427440 316
427652 159
427864 56
428072 56
428284 71
428504 120
428712 192
428924 255
429136 384
429348 481
429564 608
429776 768
429988 864
430196 967
430408 1023
430628 1023
430836 1023
431048 1023
431260 1023
431476 1023
431688 1023
431900 1023
432112 1023
432320 1023
432540 963
432752 831
432960 704
433172 519
433384 384
433600 199
433812 63
434024 48
434236 63
434444 112
434664 159
434876 248
435084 352
435300 1023
435508 1023
435720 1023
435932 1023
436144 1023
436360 1023
436572 1023
436784 1023
436992 1023
437204 1023
437424 927
437632 792
437844 639
438056 480
438268 319
438484 159
438696 56
438908 56
439116 71
439328 120
439548 192
439756 263
439968 384
440180 496
440396 624
440608 768
440820 864
441032 992
441240 1023
441460 1023
441672 1023
441880 1023
442092 1023
442304 1023
442520 1023
442732 1023
442944 1023
443156 1023
443364 972
443584 831
443796 704
444004 519
444216 384
444428 199
444644 63
444856 48
445068 63
445280 112
445496 159
445708 248
445920 352
446128 451
446340 575
446560 704
446768 831
446980 960
447192 1023
447404 1023
447620 1023
447832 1023
448044 1023
448252 1023
448464 1023
448684 1023
448892 1023
449104 1023
449316 995
449528 864
449744 711
449956 560
450168 391
450376 240
450588 96
450808 48
451016 62
451228 96
451440 143
451656 224
451868 319
452080 448
452292 547
452500 671
452720 799
452932 924
453140 1023
453352 1023
453564 1023
453780 1023
453992 1023
454204 1023
454416 1023
454624 1023
454844 1023
455056 1023
455264 1023
455476 899
455688 768
455904 608
456116 448
456328 280
456540 127
456756 48
456968 60
457176 96
457388 127
457600 195
457816 287
458028 396
458240 513
458452 639
458664 768
458880 896
459092 1008
459300 1023
459512 1023
459724 1023
459940 1023
460152 1023
460364 1023
460576 1023
460788 1023
461004 1023
461216 1023
461424 960
461636 799
461848 647
462064 496
462276 319
462488 167
462700 56
462916 56
463128 71
463340 120
463548 192
463760 255
463980 384
464188 480
464400 608
464612 768
464824 864
465040 967
465252 1023
465464 1023
465672 1023
465884 1023
466104 1023
466312 1023
466524 1023
466736 1023
466948 1023
467164 1023
467376 972
467588 831
467796 704
468008 519
468224 384
468436 199
468648 63
468860 48
469076 63
469288 112
469500 159
469712 240
469920 335
470140 451
470348 575
470560 704
470772 828
470984 944
471200 1023
471412 1023
471624 1023
471836 1023
472044 1023
472264 1023
472472 1023
472684 1023
472896 1023
473108 1023
473324 1008
473536 880
473748 736
473960 572
474176 399
474388 248
474596 96
474808 48
475020 62
475236 96
475448 142
475660 224
475872 312
476084 415
476300 543
476512 670
476720 792
476932 910
477144 1022
477360 1023
477572 1023
477784 1023
477996 1023
478208 1023
478424 1023
478636 1023
478844 1023
479056 1023
479268 1023
479484 911
479696 769
479904 624
480116 455
480336 287
480544 135
480756 48
480968 56
481180 79
481396 126
481608 192
481820 284
482028 384
482240 508
482460 636
482668 768
482880 896
483092 992
483304 1023
483520 1023
483732 1023
483944 1023
484152 1023
484364 1023
484584 1023
484792 1023
485004 1023
485216 1023
485432 960
485644 807
485856 655
486068 504
486276 334
486496 192
486704 60
486916 56
487128 71
487340 112
487556 192
487768 255
487980 384
488192 480
488400 608
488620 736
488828 847
489040 960
489252 1023
489464 1023
489684 768
489892 896
490112 992
490320 1023
490532 1023
490744 1023
490956 1023
491172 1023
491384 1023
491596 1023
491804 1023
492016 1023
492236 1023
492444 960
492656 807
492868 655
493080 504
493296 327
493508 192
493720 56
493928 56
494140 70
494360 120
494568 192
494780 255
494992 384
495208 480
495420 608
495632 736
495844 846
496052 960
496272 1023
496484 1023
496692 1023
496904 1023
497116 1023
497332 1023
497544 1023
497756 1023
497968 1023
498176 1023
498396 992
498608 839
498816 704
499028 540
499240 384
499456 224
499668 76
499880 48
500092 63
500300 96
500520 156
500732 240
500940 327
501152 448
501368 568
501580 704
501792 816
502004 927
502216 1023
502432 1023
502644 1023
502852 1023
503064 1023
503276 1023
503492 1023
503704 1023
503916 1023
504128 1023
504340 1023
504556 896
504768 768
504976 588
505188 448
505400 263
505616 120
505828 48
506040 60
506252 96
506464 135
506680 224
506892 304
507100 408
507312 524
507532 654
507744 775
507952 896
508164 1016
508376 1023
508592 1023
508804 1023
509016 1023
509228 1023
509436 1023
509656 1023
509868 1023
510076 1023
510288 1023
510500 926
510716 777
510928 632
511140 480
511352 304
511560 143
511780 48
511992 56
512200 78
512412 124
512628 192
512840 271
513052 384
513264 504
513476 624
513692 768
513904 896
514116 992
514324 1023
514536 1023
514752 1023
514964 1023
515176 1023
515388 1023
515600 1023
515816 1023
516028 1023
516240 1023
516448 960
516660 816
516876 655
517088 504
517300 352
517512 192
517724 62
517940 56
518152 67
518360 112
518572 167
518792 254
519000 352
519212 480
519424 590
519636 711
519852 839
520064 960
520276 1023
520484 1023
520696 1023
520916 1023
521124 1023
521336 1023
521548 1023
521760 1023
521976 1023
522188 1023
522400 992
522608 864
522820 707
523040 547
523248 385
523460 240
523672 96
523888 48
524100 63
524312 96
524524 147
524732 224
524952 319
525164 448
525372 560
525584 679
525796 803
526012 927
526224 1023
526436 1023
526648 1023
526856 1023
527076 1023
527288 1023
527496 1023
527708 1023
527920 1023
528136 1023
528348 1023
528560 896
528772 768
528980 608
529200 448
529412 268
529620 120
529832 48
530048 60
530260 96
530472 127
530684 199
530896 291
531112 403
531324 519
531532 639
531744 771
531956 896
532172 1008
532384 1023
532596 1023
532808 1023
533020 1023
533236 1023
533448 1023
533656 1023
533868 1023
534080 1023
534296 1023
534508 926
534720 783
534932 636
535148 480
535360 312
535572 143
535780 56
535992 56
536212 78
536420 124
536632 192
536844 271
537056 384
537272 504
537484 624
537696 768
537904 864
538116 992
538336 1023
538544 1023
538756 1023
538968 1023
539180 1023
539396 1023
539608 1023
539820 1023
540028 1023
540240 1023
540460 960
540668 828
540880 671
541092 512
541308 352
541520 192
541732 63
541944 48
542152 63
542372 112
542580 163
542792 252
543004 352
543216 455
543432 583
543644 711
543856 831
544076 287
544284 135
544496 48
544708 56
544924 79
545136 126
545348 192
545560 280
545768 384
545988 508
546200 632
546408 768
546620 896
546832 992
547048 1023
547260 1023
547472 1023
547684 1023
547892 1023
548112 1023
548324 1023
548532 1023
548744 1023
548960 1023
549172 960
549384 799
549596 652
549808 496
550024 327
550236 192
550448 60
550656 56
550868 71
551084 120
551296 192
551508 255
551720 384
551932 480
552148 608
552360 736
552572 847
552780 960
552992 1023
553208 1023
553420 1023
553632 1023
553844 1023
554056 1023
554272 1023
554484 1023
554696 1023
554904 1023
555124 992
555332 847
555544 704
555756 543
555968 384
556184 224
556396 78
556608 48
556816 63
557028 96
557248 156
557456 240
557668 326
557880 448
558092 568
558308 704
558520 816
558732 927
558940 1023
559152 1023
559372 1023
559580 1023
559792 1023
560004 1023
560220 1023
560432 1023
560644 1023
560856 1023
561068 1022
561284 896
561496 768
561704 583
561916 419
562128 255
562344 112
562556 48
562768 60
562980 96
563192 135
563408 224
563620 312
563828 412
564040 527
564252 654
564468 783
564680 899
564892 1016
565104 1023
565316 1023
565532 1023
565744 1023
565952 1023
566164 1023
566384 1023
566592 1023
566804 1023
567016 1023
567228 920
567444 769
567656 624
567868 455
568076 294
568288 140
568508 48
568716 56
568928 79
569140 126
569352 192
569568 280
569780 384
569992 508
570200 632
570412 768
570632 896
570840 992
571052 1023
571264 1023
571480 1023
571692 1023
571904 1023
572116 1023
572324 1023
572544 1023
572752 1023
572964 1023
573176 960
573388 816
573604 655
573816 504
574028 352
574240 192
574448 62
574668 56
574876 67
575088 112
575300 167
575512 254
575728 352
575940 480
576152 591
576364 718
576572 839
576792 960
577000 1023
577212 1023
577424 1023
577640 1023
577852 1023
578064 1023
578276 1023
578488 1023
578704 1023
578916 1023
579124 992
579336 864
579548 707
579764 543
579976 384
580188 225
580400 96
580612 48
580828 63
581040 96
581248 152
581460 224
581672 319
581888 448
582100 560
582312 688
582524 803
582740 927
582952 1023
583164 1023
583372 1023
583584 1023
583800 1023
584012 1023
584224 1023
584436 1023
584648 1023
584864 1023
585076 1020
585288 896
585496 768
585708 583
585924 415
586136 255
586348 112
586560 48
586772 60
586988 96
587200 135
587412 224
587620 304
587832 408
588048 527
588260 654
588472 775
588684 896
588900 1016
589112 1023
589324 1023
589536 1023
589744 1023
589964 1023
590172 1023
590384 1023
590596 1023
590808 1023
591024 1023
591236 924
591448 775
591660 632
591868 480
592088 304
592296 152
592508 56
592720 56
592932 71
593148 124
593360 192
593572 271
593784 384
594000 504
594212 624
594420 768
594632 865
594844 992
595060 1023
595272 1023
595484 1023
595696 1023
595904 1023
596124 1023
596336 1023
596544 1023
596756 1023
596968 1023
597184 960
597396 828
597608 671
597820 513
598028 353
598248 192
598468 1023
598676 1023
598888 1023
599100 1023
599312 1023
599528 960
599740 799
599952 639
600160 496
600372 319
600592 159
600800 56
601012 56
601224 71
601436 120
601652 192
601864 255
602076 384
602284 480
602496 608
602716 768
602924 864
603136 967
603348 1023
603560 1023
603776 1023
603988 1023
604200 1023
604408 1023
604628 1023
604840 1023
605048 1023
605260 1023
605472 967
605688 831
605900 679
606112 519
606324 384
606532 199
606752 63
606964 48
607172 63
607384 112
607596 159
607812 248
608024 352
608236 451
608448 575
608656 704
608876 831
609088 960
609296 1023
609508 1023
609724 1023
609936 1023
610148 1023
610360 1023
610572 1023
610788 1023
611000 1023
611208 1023
611420 1008
611632 896
611848 736
612060 568
612272 403
612484 248
612696 96
612912 48
613124 62
613332 96
613544 142
613756 224
613972 316
614184 419
614396 543
614608 670
614820 796
615036 911
615248 1023
615456 1023
615668 1023
615888 1023
616096 1023
616308 1023
616520 1023
616732 1023
616948 1023
617160 1023
617372 1023
617580 911
617792 769
618012 609
618220 448
618432 287
618644 127
618856 48
619072 56
619284 96
619496 127
619704 192
619916 284
620136 391
620344 511
620556 636
620768 768
620984 896
621196 993
621408 1023
621620 1023
621828 1023
622048 1023
622260 1023
622468 1023
622680 1023
622892 1023
623108 1023
623320 1023
623532 944
623744 799
623952 639
624172 481
624384 319
624592 163
624804 56
625016 56
625232 71
625444 120
625656 192
625868 255
626076 384
626296 480
626508 608
626716 768
626928 864
627144 967
627356 1023
627568 1023
627780 1023
627992 1023
628208 1023
628420 1023
628632 1023
628840 1023
629052 1023
629268 1023
629480 972
629692 831
629904 704
630116 529
630332 384
630544 224
630756 71
630964 48
631176 63
631392 112
631604 158
631816 240
632028 327
632240 448
632456 572
632668 704
632876 824
633088 935
633308 1023
633516 1023
633728 1023
633940 1023
634152 1023
634368 1023
634580 1023
634792 1023
635000 1023
635212 1023
635432 1016
635640 896
635852 768
636064 575
636276 415
636492 255
636704 112
636916 48
637124 60
637336 96
637556 135
637764 224
637976 312
638188 414
638404 536
638616 659
638828 783
639040 903
639248 1020
639468 1023
639680 1023
639888 1023
640100 1023
640312 1023
640528 1023
640740 1023
640952 1023
641164 1023
641372 1023
641592 911
641804 771
642012 624
642224 455
642436 295
642652 135
642864 48
643076 56
643288 79
643496 126
643716 192
643928 280
644136 384
644348 508
644568 636
644776 768
644988 896
645200 992
645412 1023
645628 1023
645840 1023
646052 1023
646260 1023
646472 1023
646692 1023
646900 1023
647112 1023
647324 1023
647536 960
647752 799
647964 652
648176 496
648384 327
648596 192
648816 60
649024 56
649236 71
649448 120
649664 192
649876 255
650088 384
650300 480
650508 608
650728 736
650936 847
651148 961
651360 1023
651572 1023
651788 1023
652000 1023
652212 1023
652424 1023
652632 1023
652852 163
653068 56
653280 56
653492 71
653700 120
653912 192
654132 255
654340 384
654552 480
654764 608
654980 768
655192 864
655404 967
655616 1023
655824 1023
656044 1023
656256 1023
656464 1023
656676 1023
656888 1023
657104 1023
657316 1023
657528 1023
657740 992
657948 839
658168 704
658380 527
658588 384
658800 224
659012 71
659228 48
659440 63
659652 112
659864 158
660072 240
660292 335
660504 448
660712 574
660924 704
661140 828
661352 944
661564 1023
661776 1023
661988 1023
662204 1023
662416 1023
662624 1023
662836 1023
663048 1023
663264 1023
663476 1023
663688 1008
663900 896
664112 768
664328 572
664540 408
664748 252
664960 96
665172 48
665388 62
665600 96
665812 140
666024 224
666236 316
666452 415
666664 542
666876 668
667084 792
667304 911
667516 1022
667724 1023
667936 1023
668148 1023
668364 1023
668576 1023
668788 1023
669000 1023
669208 1023
669428 1023
669640 1023
669848 903
670060 768
670272 608
670488 448
670700 287
670912 127
671124 48
671332 56
671552 96
671764 127
671972 192
672184 284
672400 387
672612 510
672824 636
673036 768
673248 896
673464 992
673676 1023
673888 1023
674096 1023
674308 1023
674524 1023
674736 1023
674948 1023
675160 1023
675372 1023
675588 1023
675800 960
676012 816
676220 655
676432 504
676648 334
676860 192
677072 60
677284 56
677496 71
677712 112
677924 192
678132 255
678344 352
678564 480
678772 608
678984 736
679196 844
679408 960
679624 1023
679836 1023
680048 1023
680256 1023
680468 1023
680688 1023
680896 1023
681108 1023
681320 1023
681532 1023
681748 992
681960 847
682172 704
682380 542
682592 384
682812 224
683020 71
683232 48
683444 63
683660 97
683872 158
684084 240
684296 327
684504 448
684724 572
684936 704
685144 816
685356 927
685568 1023
685784 1023
685996 1023
686208 1023
686420 1023
686628 1023
686848 1023
687060 1023
687268 1023
687480 1023
687692 1016
687908 896
688120 768
688332 575
688544 415
688752 255
688972 112
689184 48
689392 60
689604 96
689820 135
690032 224
690244 312
690456 414
690668 527
690884 655
691096 783
691304 903
691516 1016
691728 1023
691944 1023
692156 1023
692368 1023
692580 1023
692792 1023
693008 1023
693220 1023
693428 1023
693640 1023
693852 924
694068 775
694280 632
694492 480
694704 304
694920 143
695132 56
695344 56
695552 78
695764 124
695984 192
696192 271
696404 384
696616 504
696828 624
697044 768
697256 896
697468 992
697676 1023
697888 1023
698108 1023
698316 1023
698528 1023
698740 1023
698952 1023
699168 1023
699380 1023
699592 1023
699800 960
700012 828
700232 668
700440 510
700652 352
700864 192
701080 62
701292 56
701504 67
701716 112
701924 163
702144 254
702352 352
702564 480
702776 583
702988 711
703204 838
703416 960
703628 1023
703840 1023
704048 1023
704268 1023
704476 1023
704688 1023
704900 1023
705112 1023
705328 1023
705540 1023
705752 992
705964 864
706180 704
706392 543
706600 384
706812 224
707024 96
707232 1016
707452 1023
707664 1023
707872 1023
708084 1023
708296 1023
708512 1023
708724 1023
708936 1023
709148 1023
709356 1023
709576 926
709788 780
709996 632
710208 480
710424 304
710636 143
710848 56
711060 56
711272 78
711488 124
711700 192
711912 271
712120 384
712332 504
712548 632
712760 768
712972 896
713184 992
713396 1023
713612 1023
713824 1023
714036 1023
714244 1023
714456 1023
714672 1023
714884 1023
715096 1023
715308 1023
715520 960
715736 816
715948 664
716160 508
716368 352
716588 192
716796 60
717008 56
717220 67
717432 112
717648 176
717860 254
718072 352
718280 480
718492 588
718712 718
718920 839
719132 960
719344 1023
719556 1023
719772 1023
719984 1023
720196 1023
720404 1023
720616 1023
720836 1023
721044 1023
721256 1023
721468 992
721680 864
721896 704
722108 543
722320 384
722528 224
722748 96
722960 48
723168 63
723380 96
723592 152
723808 224
724020 319
724232 448
724444 560
724652 679
724872 807
725084 927
725292 1023
725504 1023
725716 1023
725932 1023
726144 1023
726356 1023
726568 1023
726776 1023
726996 1023
727208 1023
727416 1023
727628 896
727844 768
728056 608
728268 448
728480 271
728692 124
728908 48
729120 60
729328 96
729540 127
729752 199
729968 291
730180 399
730392 519
730604 639
730816 768
731032 896
731244 1008
731452 1023
731664 1023
731876 1023
732092 1023
732304 1023
732516 1023
732728 1023
732940 1023
733156 1023
733368 1023
733576 927
733788 792
734008 636
734216 480
734428 316
734640 156
734852 56
735068 56
735280 71
735492 124
735700 192
735912 263
736132 384
736340 496
736552 624
736764 768
736976 864
737192 992
737404 1023
737616 1023
737824 1023
738036 1023
738256 1023
738464 1023
738676 1023
738888 1023
739104 1023
739316 1023
739528 960
739740 828
739948 671
740168 511
740376 352
740588 192
740800 63
741012 48
741228 63
741440 112
741652 159
741864 248
742072 352
742292 455
742500 575
742712 705
742924 831
743136 960
743352 1023
743564 1023
743776 1023
743988 1023
744196 1023
744416 1023
744624 1023
744836 1023
745048 1023
745264 1023
745476 1008
745688 865
745900 736
746112 568
746328 396
746540 240
746748 96
746960 48
747172 62
747388 96
747600 143
747812 224
748024 316
748236 423
748452 543
748664 671
748872 799
749084 920
749296 1023
749512 1023
749724 1023
749936 1023
750148 1023
750364 1023
750576 1023
750788 1023
750996 1023
751208 1023
751424 1023
751636 903
751848 768
752060 608
752272 448
752488 280
752700 126
752912 48
753120 60
753332 96
753548 127
753760 195
753972 287
754184 391
754396 512
754612 639
754824 768
755036 896
755244 1008
755456 1023
755672 1023
755884 1023
756096 1023
756308 1023
756524 1023
756736 1023
756948 1023
757160 1023
757368 1023
757588 927
757796 796
758008 639
758220 480
758432 319
758648 159
758860 56
759072 56
759284 71
759492 120
759712 192
759920 255
760132 384
760344 496
760556 608
760772 768
760984 864
761196 972
761408 1023
761616 1023
761828 1023
762040 1023
762252 911
762464 771
762680 624
762892 451
763100 287
763312 135
763524 48
763740 56
763952 79
764164 126
764376 192
764584 280
764804 385
765016 508
765224 632
765436 768
765648 896
765864 992
766076 1023
766288 1023
766500 1023
766708 1023
766928 1023
767140 1023
767348 1023
767560 1023
767776 1023
767988 1023
768200 960
768412 803
768624 654
768840 496
769052 327
769264 192
769472 60
769684 56
769900 71
770112 120
770324 192
770536 255
770748 384
770964 480
771176 608
771388 736
771596 846
771808 960
772024 1023
772236 1023
772448 1023
772660 1023
772876 1023
773088 1023
773300 1023
773508 1023
773720 1023
773940 1023
774148 992
774360 841
774572 704
774784 540
775000 384
775212 224
775424 71
775632 48
775844 63
776064 97
776272 156
776484 240
776696 327
776908 448
777124 568
777336 704
777548 816
777756 927
777968 1023
778188 1023
778396 1023
778608 1023
778820 1023
779036 1023
779248 1023
779460 1023
779672 1023
779880 1023
780100 1020
780312 896
780520 768
780732 583
780944 432
781160 255
781372 112
781584 48
781796 60
782004 96
782224 135
782436 224
782644 304
782856 408
783068 527
783284 655
783496 780
783708 897
783920 1016
784136 1023
784348 1023
784556 1023
784768 1023
784980 1023
785196 1023
785408 1023
785620 1023
785832 1023
786044 1023
786260 924
786472 780
786680 632
786892 480
787104 312
787320 143
787532 56
787744 56
787956 78
788168 124
788384 192
788596 271
788804 384
789016 504
789228 624
789444 768
789656 880
789868 992
790080 1023
790296 1023
790508 1023
790720 1023
790928 1023
791140 1023
791360 1023
791568 1023
791780 1023
791992 1023
792204 960
792420 816
792632 664
792844 508
793052 352
793264 192
793484 60
793692 56
793904 67
794116 112
794328 167
794544 254
794756 352
794968 480
795176 588
795388 718
795608 839
795816 960
796028 1023
796240 1023
796456 1023
796668 1023
796880 1023
797092 1023
797300 1023
797520 1023
797732 1023
797940 1023
798152 992
798364 864
798580 705
798792 547
799004 387
799216 240
799424 96
799644 48
799856 63
800064 96
800276 143
800488 224
800704 319
800916 448
801128 551
801340 675
801556 803
801768 926
801980 1023
802188 1023
802400 1023
802616 1023
802828 1023
803040 1023
803252 1023
803464 1023
803680 1023
803892 1023
804104 1023
804312 897
804524 768
804740 608
804952 448
805164 271
805376 124
805588 48
805804 60
806016 96
806228 127
806436 199
806648 287
806864 399
807076 519
807284 639
807496 768
807712 896
807924 1008
808136 1023
808348 1023
808560 1023
808776 1023
808988 1023
809196 1023
809408 1023
809620 1023
809836 1023
810048 1023
810260 927
810472 783
810684 638
810900 480
811112 312
811320 156
811532 56
811744 56
811960 71
812172 124
812384 192
812596 268
812812 384
813024 496
813236 624
813444 768
813656 864
813876 992
814084 1023
814296 1023
814508 1023
814720 1023
814936 1023
815148 1023
815360 1023
815568 1023
815780 1023
816000 462
816212 304
816424 143
816632 56
816852 56
817060 78
817272 124
817484 192
817696 271
817912 384
818124 504
818336 624
818544 768
818756 768
818976 992
819184 1023
819396 1023
819608 1023
819820 1023
820036 1023
820248 1023
820460 1023
820668 1023
820888 1023
821100 1023
821308 960
821520 828
821732 671
821948 510
822160 352
822372 192
822584 62
822792 48
823012 67
823224 112
823432 163
823644 252
823856 352
824072 480
824284 583
824496 711
824708 831
824916 960
825136 1023
825348 1023
825556 1023
825768 1023
825980 1023
826196 1023
826408 1023
826620 1023
826832 1023
827048 1023
827260 992
827468 864
827680 704
827892 543
828108 384
828320 224
828532 79
828744 48
828956 63
829172 96
829384 152
829592 225
829804 319
830016 448
830232 568
830444 704
830656 807
830868 927
831080 1023
831296 1023
831508 1023
831716 1023
831928 1023
832148 1023
832356 1023
832568 1023
832780 1023
832992 1023
833208 1020
833420 896
833632 768
833840 591
834052 448
834272 263
834480 120
834692 48
834904 60
835116 96
835332 127
835544 199
835756 294
835964 399
836176 519
836396 647
836604 771
836816 896
837028 1008
837240 1023
837456 1023
837668 1023
837880 1023
838088 1023
838308 1023
838520 1023
838728 1023
838940 1023
839152 1023
839368 927
839580 792
839792 639
840004 480
840212 319
840432 158
840644 56
840852 56
841064 71
841276 120
841492 192
841704 263
841916 384
842128 496
842336 608
842556 768
842768 864
842976 975
843188 1023
843404 1023
843616 1023
843828 1023
844040 1023
844252 1023
844468 1023
844680 1023
844892 1023
845100 1023
845312 963
845528 828
845740 671
845952 513
846164 352
846376 193
846592 63
846804 48
847016 63
847224 112
847436 159
847652 248
847864 352
848076 455
848288 575
848500 704
848716 831
848928 960
849140 1023
849348 1023
849568 1023
849776 1023
849988 1023
850200 1023
850412 1023
850628 1023
850840 1023
851052 1023
851260 992
851472 864
851692 710
851900 560
852112 391
852324 240
852536 96
852752 48
852964 62
853176 96
853384 143
853596 224
853816 319
854024 448
854236 543
854448 671
854660 799
854876 920
855088 1023
855300 1023
855508 1023
855728 1023
855940 1023
856148 1023
856360 1023
856572 1023
856788 1023
857000 1023
857212 1023
857424 903
857632 768
857852 608
858064 448
858272 284
858484 127
858696 48
858912 60
859124 96
859336 127
859548 195
859756 287
859976 391
860188 512
860396 639
860608 768
860824 896
861036 1008
861248 1023
861460 1023
861672 1023
861888 1023
862100 1023
862308 1023
862520 1023
862732 1023
862948 1023
863160 1023
863372 960
863584 799
863796 639
864012 481
864224 319
864432 163
864644 56
864856 56
865072 71
865284 120
865496 192
865708 255
865920 384
866136 481
866348 608
866556 768
866768 864
866988 967
867196 1023
867408 1023
867620 1023
867832 1023
868048 1023
868260 1023
868472 1023
868680 1023
868892 1023
869112 1023
869320 963
869532 831
869744 679
869956 519
870172 384
870388 963
870600 831
870812 679
871028 513
871240 352
871448 193
871660 63
871872 48
872088 63
872300 112
872512 159
872724 248
872940 352
873152 455
873364 575
873572 704
873784 830
874000 960
874212 1023
874424 1023
874636 1023
874848 1023
875064 1023
875276 1023
875488 1023
875696 1023
875908 1023
876124 1023
876336 992
876548 864
876760 711
876972 560
877188 391
877400 240
877612 96
877820 48
878040 63
878248 96
878460 143
878672 224
878884 318
879100 448
879312 547
879524 671
879732 799
879944 920
880164 1023
880372 1023
880584 1023
880796 1023
881008 1023
881224 1023
881436 1023
881648 1023
881856 1023
882068 1023
882288 1023
882496 899
882708 768
882920 608
883132 448
883348 280
883560 127
883772 48
883980 60
884200 96
884412 127
884620 195
884832 287
885044 391
885260 513
885472 639
885684 768
885896 896
886104 1008
886324 1023
886536 1023
886744 1023
886956 1023
887168 1023
887384 1023
887596 1023
887808 1023
888020 1023
888228 1023
888448 960
888660 799
888868 639
889080 496
889296 319
889508 159
889720 56
889932 56
890144 71
890360 120
890572 192
890780 255
890992 384
891204 480
891420 608
891632 768
891844 864
892056 967
892268 1023
892484 1023
892696 1023
892904 1023
893116 1023
893328 1023
893544 1023
893756 1023
893968 1023
894180 1023
894392 967
894608 831
894820 679
895028 519
895240 384
895460 195
895668 63
895880 48
896092 63
896304 112
896520 159
896732 248
896944 352
897152 451
897364 575
897584 704
897792 830
898004 960
898216 1023
898428 1023
898644 1023
898856 1023
899068 1023
899276 1023
899488 1023
899708 1023
899916 1023
900128 1023
900340 1008
900552 896
900768 736
900980 572
901192 408
901400 252
901620 96
901832 48
902040 62
902252 96
902464 140
902680 224
902892 316
903104 415
903316 542
903524 668
903744 796
903956 911
904164 1023
904376 1023
904588 1023
904804 1023
905016 1023
905228 1023
905440 1023
905648 1023
905868 1023
906080 1023
906288 1023
906500 911
906716 768
906928 624
907140 451
907352 287
907564 135
907780 48
907992 56
908204 79
908412 127
908624 192
908840 286
909052 387
909264 508
909476 636
909688 768
909904 896
910116 992
910328 1023
910536 1023
910748 1023
910964 1023
911176 1023
911388 1023
911600 1023
911812 1023
912028 1023
912240 1023
912448 960
912660 806
912880 647
913088 496
913300 327
913512 192
913724 60
913940 56
914152 71
914364 120
914572 192
914784 255
915004 384
915212 480
915424 608
915636 736
915848 846
916064 961
916276 1023
916488 1023
916696 1023
916908 1023
917128 1023
917336 1023
917548 1023
917760 1023
917976 1023
918188 1023
918400 992
918612 839
918820 704
919040 529
919252 384
919460 224
919672 71
919884 48
920100 63
920312 97
920524 156
920736 240
920944 327
921164 448
921376 572
921584 704
921796 824
922008 931
922224 1023
922436 1023
922648 1023
922860 1023
923072 1023
923288 1023
923500 1023
923708 1023
923920 1023
924140 1023
924348 1020
924560 896
924776 768
924996 608
925204 448
925416 280
925628 127
925840 48
926056 60
926268 96
926476 127
926688 195
926908 287
927116 391
927328 512
927540 638
927752 768
927968 896
928180 1008
928392 1023
928600 1023
928812 1023
929032 1023
929240 1023
929452 1023
929664 1023
929876 1023
930092 1023
930304 1023
930516 944
930724 799
930936 639
931156 480
931364 319
931576 167
931788 56
932004 56
932216 71
932428 120
932640 192
932848 255
933068 384
933276 480
933488 608
933700 768
933912 864
934128 967
934340 1023
934552 1023
934764 1023
934972 1023
935192 1023
935400 1023
935612 1023
935824 1023
936036 1023
936252 1023
936464 992
936676 839
936888 704
937096 540
937316 384
937524 224
937736 71
937948 48
938164 63
938376 97
938588 158
938800 240
939012 327
939228 448
939440 572
939648 704
939860 824
940072 931
940288 1023
940500 1023
940712 1023
940924 1023
941136 1023
941352 1023
941564 1023
941772 1023
941984 1023
942196 1023
942412 1016
942624 896
942836 768
943048 575
943264 414
943476 254
943688 112
943896 48
944108 60
944324 96
944536 135
944748 224
944960 312
945172 415
945388 540
945600 664
945812 783
946020 903
946232 1020
946448 1023
946660 1023
946872 1023
947084 1023
947296 1023
947512 1023
947724 1023
947936 1023
948144 1023
948356 1023
948572 908
948784 768
948996 624
949208 451
949424 287
949636 135
949848 48
950060 56
950268 79
950488 127
950696 192
950908 284
951120 384
951332 508
951548 636
951760 768
951972 896
952184 992
952392 1023
952612 1023
952820 1023
953032 1023
953244 1023
953456 1023
953672 1023
953884 1023
954096 1023
954308 1023
954516 960
954736 816
954944 655
955156 504
955368 352
955584 192
955796 60
956008 56
956220 63
956428 112
956648 192
956860 255
957068 352
957280 480
957492 591
957708 736
957920 844
958132 960
958344 1023
958552 1023
958772 1023
958984 1023
959192 1023
959404 1023
959616 1023
959832 1023
960044 1023
960256 1023
960468 992
960684 864
960896 704
961108 543
961316 384
961528 224
961744 76
961956 48
962168 63
962380 96
962592 152
962808 240
963020 326
963232 448
963440 568
963652 704
963868 816
964080 927
964292 1023
964504 1023
964716 1023
964932 1023
965144 1023
965356 1023
965564 1023
965776 1023
965992 1023
966204 1023
966412 1020
966624 896
966840 768
967052 575
967264 415
967476 255
967688 112
967904 48
968116 60
968328 96
968536 135
968748 224
968964 304
969176 414
969388 527
969600 655
969812 780
970028 903
970240 1016
970452 1023
970660 1023
970872 1023
971088 1023
971300 1023
971512 1023
971724 1023
971940 1023
972152 1023
972364 1023
972576 924
972784 782
973004 632
973212 480
973424 304
973636 152
973848 56
974064 56
974276 78
974488 124
974700 192
974908 271
975128 384
975336 504
975548 624
975760 768
975972 880
976188 992
976400 1023
976612 1023
976824 1023
977032 1023
977252 1023
977460 1023
977672 1023
977884 1023
978100 1023
978312 1023
978524 961
978736 830
978948 671
979168 48
979380 60
979588 96
979808 127
980020 195
980228 287
980440 391
980652 511
980868 639
981080 768
981292 896
981504 1008
981712 1023
981932 1023
982144 1023
982352 1023
982564 1023
982780 1023
982992 1023
983204 1023
983416 1023
983628 1023
983844 927
984056 796
984268 639
984476 480
984688 319
984904 159
985116 56
985328 56
985540 71
985752 120
985968 192
986180 255
986392 384
986600 496
986812 608
987028 768
987240 864
987452 972
987664 1023
987880 1023
988092 1023
988304 1023
988512 1023
988724 1023
988944 1023
989152 1023
989364 1023
989576 1023
989788 967
990004 831
990216 704
990428 526
990636 384
990848 224
991068 63
991276 48
991488 63
991700 112
991912 159
992128 248
992340 352
992552 448
992760 574
992972 704
993192 828
993400 960
993612 1023
993824 1023
994040 1023
994252 1023
994464 1023
994676 1023
994884 1023
995104 1023
995316 1023
995524 1023
995736 1016
995948 896
996164 768
996376 574
996588 412
996800 252
997008 112
997228 48
997440 62
997648 96
997860 140
998072 224
998288 316
998500 415
998712 542
998924 668
999140 796
999352 911
999560 1022
999772 1023
999984 1023
1000200 1023
1000412 1023
1000624 1023
1000836 1023
1001048 1023
1001264 1023
1001476 1023
1001684 1023
1001896 908
1002108 768
1002324 608
1002536 448
1002748 286
1002960 127
1003172 48
1003388 60
1003600 96
1003808 127
1004020 192
1004232 286
1004448 391
1004660 511
1004872 636
1005084 768
1005300 896
1005512 993
1005724 1023
1005932 1023
1006144 1023
1006364 1023
1006572 1023
1006784 1023
1006996 1023
1007208 1023
1007424 1023
1007636 1023
1007848 960
1008056 799
1008268 652
1008488 496
1008696 327
1008908 192
1009120 60
1009332 56
1009548 71
1009760 120
1009972 192
1010180 255
1010392 384
1010608 480
1010820 608
1011032 736
1011244 847
1011460 963
1011672 1023
1011884 1023
1012096 1023
1012304 1023
1012524 1023
1012732 1023
1012944 1023
1013156 1023
1013368 1023
1013584 1023
1013796 992
1014008 864
1014220 704
1014428 543
1014648 384
1014856 224
1015068 71
1015280 48
1015492 63
1015708 97
1015920 156
1016132 240
1016344 327
1016560 448
1016772 568
1016980 704
1017192 816
1017404 927
1017620 1023
1017832 1023
1018044 1023
1018256 1023
1018468 1023
1018684 1023
1018896 1023
1019104 1023
1019316 1023
1019528 1023
1019744 1016
1019956 896
1020168 768
1020380 575
1020592 415
1020808 254
1021020 112
1021232 48
1021440 60
1021652 96
1021868 135
1022080 224
1022288 304
1022500 414
1022720 536
1022928 655
1023140 783
1023352 899
1023564 1016
1023780 1023
1023992 1023
1024204 1023
1024412 1023
1024624 1023
1024844 1023
1025052 1023
1025264 1023
1025476 1023
1025688 1023
1025904 911
1026116 769
1026328 624
1026536 455
1026748 304
1026968 135
1027176 48
1027388 56
1027600 79
1027816 126
1028028 192
1028240 280
1028452 384
1028660 504
1028880 632
1029088 768
1029300 896
1029512 992
1029724 1023
1029940 1023
1030152 1023
1030364 1023
1030576 1023
1030784 1023
1031004 1023
1031212 1023
1031424 1023
1031636 1023
1031848 960
1032064 824
1032276 668
1032488 508
1032700 352
1032908 192
1033128 62
1033336 56
1033548 704
1033760 824
1033976 944
1034188 1023
1034396 1023
1034608 1023
1034820 1023
1035036 1023
1035248 1023
1035460 1023
1035672 1023
1035884 1023
1036100 1023
1036312 1020
1036520 896
1036732 768
1036944 575
1037160 415
1037372 255
1037584 112
1037796 48
1038008 60
1038224 96
1038436 135
1038644 224
1038856 304
1039068 414
1039284 536
1039496 655
1039708 783
1039920 903
1040136 1020
1040348 1023
1040560 1023
1040768 1023
1040980 1023
1041196 1023
1041408 1023
1041620 1023
1041832 1023
1042044 1023
1042260 1023
1042472 911
1042684 768
1042892 624
1043104 451
1043320 287
1043532 131
1043744 48
1043956 56
1044168 79
1044384 126
1044596 192
1044808 280
1045016 384
1045228 508
1045444 636
1045656 768
1045868 896
1046080 992
1046296 1023
1046508 1023
1046720 1023
1046932 1023
1047140 1023
1047360 1023
1047568 1023
1047780 1023
1047992 1023
1048204 1023
1048420 960
1048632 807
1048844 655
1049056 504
1049264 352
1049484 192
1049692 60
1049904 56
1050116 67
1050328 112
1050544 192
1050756 255
1050968 256
1051180 480
1051396 608
1051608 736
1051816 844
1052028 960
1052240 1023
1052456 1023
1052668 1023
1052880 1023
1053092 1023
1053300 1023
1053520 1023
1053732 1023
1053940 1023
1054152 1023
1054364 992
1054580 864
1054792 704
1055004 543
1055216 385
1055424 240
1055644 96
1055856 48
1056064 63
1056276 96
1056488 152
1056704 225
1056916 319
1057124 448
1057336 560
1057552 704
1057764 807
1057976 927
1058188 1023
1058400 1023
1058616 1023
1058828 1023
1059040 1023
1059248 1023
1059460 1023
1059676 1023
1059888 1023
1060100 1023
1060312 1023
1060524 896
1060740 768
1060952 583
1061164 423
1061372 255
1061584 120
1061800 48
1062012 60
1062224 96
1062436 127
1062652 224
1062864 304
1063076 408
1063288 526
1063496 647
1063716 775
1063924 896
1064136 1016
1064348 1023
1064560 1023
1064776 1023
1064988 1023
1065200 1023
1065412 1023
1065620 1023
1065840 1023
1066048 1023
1066260 1023
1066472 924
1066684 780
1066900 632
1067112 480
1067324 312
1067536 152
1067744 56
1067964 56
1068172 76
1068384 124
1068596 192
1068812 271
1069024 384
1069236 496
1069448 624
1069656 768
1069876 896
1070088 992
1070296 1023
1070508 1023
1070720 1023
1070936 1023
1071148 1023
1071360 1023
1071572 1023
1071780 1023
1072000 1023
1072212 1023
1072420 960
1072632 830
1072844 671
1073060 512
1073272 352
1073484 192
1073696 63
1073912 48
1074124 63
1074336 112
1074544 159
1074756 248
1074972 352
1075184 462
1075396 583
1075608 711
1075820 831
1076036 960
1076248 1023
1076460 1023
1076668 1023
1076880 1023
1077096 1023
1077308 1023
1077520 1023
1077732 1023
1077944 1023
1078160 1023
1078372 995
1078584 864
1078792 711
1079004 560
1079220 390
1079432 240
1079644 96
1079856 48
1080072 63
1080284 96
1080496 143
1080704 224
1080916 319
1081136 448
1081344 551
1081556 675
1081768 799
1081980 920
1082196 1023
1082408 1023
1082620 1023
1082828 1023
1083040 1023
1083260 1023
1083468 1023
1083680 1023
1083892 1023
1084104 1023
1084320 1022
1084532 896
1084744 768
1084952 591
1085164 423
1085384 255
1085592 120
1085804 48
1086016 60
1086232 96
1086444 127
1086656 204
1086868 295
1087076 401
1087296 527
1087508 647
1087716 775
