108 238
220 241
332 248
452 248
564 248
676 248
788 241
900 240
1012 231
1124 224
1236 216
1348 206
1468 192
1580 184
1692 167
1804 152
1916 135
2028 124
2140 103
2252 92
2368 71
2484 60
2596 44
2708 31
2820 17
2932 7
3048 7
3160 7
3272 7
3384 7
3500 15
3612 24
3728 28
3840 35
3952 46
4064 56
4176 63
4288 79
4400 96
4520 103
4632 120
4744 135
4856 147
4968 159
5080 176
5192 188
5304 195
5416 207
5536 216
5648 224
5760 231
5872 240
5984 241
6096 248
6208 248
6320 248
6432 248
6552 241
6664 240
6776 231
6888 224
7000 216
7112 204
7224 192
7336 179
7448 167
7568 152
7680 135
7792 120
7904 103
8016 88
8128 71
8244 60
8356 46
8468 31
8584 19
8696 7
8808 7
8924 7
9036 7
9148 12
9260 15
9372 19
9484 28
9600 35
9716 46
9828 56
9940 63
10052 79
10164 96
10276 103
10388 120
10500 127
10620 147
10732 159
10844 176
10956 188
11068 195
11180 207
11292 216
11404 225
11516 231
11636 240
11748 243
11860 248
11972 248
12084 248
12196 248
12308 248
12420 240
12532 231
12652 225
12764 216
12876 207
12988 195
13100 184
13212 167
13324 156
13440 140
13552 124
13668 103
13780 92
13892 76
14004 62
14120 48
14232 31
14344 24
14456 12
14568 7
14684 7
14800 7
14912 7
15024 15
15136 19
15248 28
15360 31
15472 44
15584 56
15696 63
15816 79
15928 92
16040 103
16152 120
16264 127
16376 143
16488 159
16600 174
16712 184
16832 195
16944 207
17056 216
17168 224
17280 231
17392 240
17504 241
17616 248
17728 248
17848 248
17960 248
18072 248
18184 240
18296 231
18408 225
18520 216
18636 207
18748 195
18864 184
18976 167
19088 156
19200 135
19316 124
19428 108
19540 92
19652 76
19764 62
19880 46
19996 31
20108 19
20220 7
20332 7
20444 7
20556 7
20668 7
20780 15
20900 19
21012 28
21124 35
21236 44
21348 56
21460 63
21572 79
21684 92
21796 103
21916 120
22028 127
22140 143
22252 159
22364 172
22476 184
22588 195
22700 206
22812 216
22932 224
23044 227
23156 231
23268 240
23380 241
23492 248
23604 248
23716 243
23832 240
23948 238
24060 231
24172 224
24284 216
24396 199
24508 192
24624 179
24736 167
24848 152
24964 135
25076 120
25188 103
25304 88
25416 71
25528 60
25640 46
25752 31
25864 17
25980 7
26096 7
26208 7
26320 7
26432 7
26544 15
26656 19
26768 28
26880 35
27000 48
27112 56
27224 63
27336 79
27448 96
27560 103
27672 120
27784 127
27896 152
28016 159
28128 176
28240 188
28352 195
28464 207
28576 217
28688 225
28800 231
28912 240
29028 62
29140 71
29252 88
29364 99
29476 112
29588 127
29700 140
29812 156
29924 167
30044 179
30156 192
30268 199
30380 211
30492 224
30604 227
30716 231
30828 240
30940 243
31060 248
31172 248
31284 248
31396 243
31508 240
31620 231
31736 227
31848 220
31960 207
32076 199
32188 185
32300 174
32416 159
32528 143
32640 127
32752 112
32864 96
32976 79
33092 63
33208 49
33320 35
33432 24
33544 14
33656 7
33768 7
33880 7
33992 7
34104 14
34224 17
34336 24
34448 31
34560 39
34672 49
34784 63
34896 71
35008 88
35120 99
35240 113
35352 127
35464 143
35576 156
35688 167
35800 184
35912 192
36024 199
36136 216
36256 224
36368 227
36480 238
36592 240
36704 248
36816 248
36932 248
37044 248
37156 248
37272 240
37384 231
37496 227
37612 224
37724 207
37836 199
37948 192
38060 176
38172 159
38288 143
38404 127
38516 113
38628 97
38740 81
38852 63
38964 56
39076 39
39188 28
39308 15
39420 7
39532 7
39644 7
39756 7
39868 14
39980 15
40092 24
40204 31
40324 39
40436 49
40548 62
40660 71
40772 88
40884 99
40996 112
41108 127
41220 142
41340 156
41452 167
41564 179
41676 192
41788 199
41900 216
42012 224
42128 231
42240 236
42356 241
42468 248
42580 248
42692 252
42808 248
42920 248
43032 243
43144 240
43256 231
43372 224
43488 216
43600 199
43712 192
43824 176
43936 159
44048 147
44160 127
44272 115
44392 99
44504 83
44616 63
44728 56
44840 39
44952 28
45064 15
45176 7
45288 7
45408 7
45520 7
45632 14
45744 15
45856 24
45968 31
46080 39
46192 49
46304 62
46424 71
46536 88
46648 99
46760 112
46872 127
46984 142
47096 156
47208 167
47320 177
47440 192
47552 199
47664 211
47776 224
47888 227
48000 231
48116 240
48228 248
48340 248
48456 248
48568 248
48680 248
48796 240
48908 231
49020 227
49132 224
49244 207
49356 199
49472 188
49588 174
49700 159
49812 143
49924 127
50036 112
50148 97
50260 79
50372 63
50484 49
50600 35
50712 24
50824 14
50936 7
51048 7
51160 7
51272 7
51384 14
51496 15
51616 24
51728 31
51840 39
51952 49
52064 62
52176 71
52288 88
52400 99
52516 112
52632 127
52744 142
52856 156
52968 167
53080 179
53196 192
53308 199
53420 211
53532 224
53648 227
53760 231
53876 240
53988 243
54100 248
54212 248
54324 248
54436 248
54548 240
54668 231
54780 227
54892 220
55004 207
55116 199
55228 188
55340 174
55452 159
55564 143
55684 127
55796 113
55908 96
56020 79
56132 63
56244 56
56356 39
56468 25
56580 15
56700 7
56812 7
56924 7
57036 7
57148 14
57260 15
57372 24
57484 31
57596 39
57716 49
57828 63
57944 240
58056 231
58168 224
58280 216
58392 199
58504 192
58616 177
58728 163
58840 152
58960 127
59072 120
59184 103
59296 88
59408 71
59520 57
59632 44
59744 31
59856 17
59976 7
60088 7
60200 7
60312 7
60424 7
60536 15
60648 24
60764 28
60876 35
60992 48
61104 56
61216 67
61328 79
61444 96
61556 110
61668 124
61780 135
61892 152
62008 159
62124 176
62236 192
62348 199
62460 207
62572 220
62684 227
62796 231
62908 240
63028 248
63140 248
63252 248
63364 249
63476 248
63588 248
63700 240
63812 231
63924 225
64044 216
64156 206
64268 193
64380 184
64492 167
64604 152
64716 135
64828 124
64940 103
65060 89
65172 71
65284 60
65396 46
65508 31
65620 19
65732 7
65844 7
65960 7
66072 7
66188 7
66300 15
66412 19
66524 28
66636 35
66752 46
66864 56
66976 63
67088 79
67204 96
67316 103
67432 120
67544 135
67656 147
67768 159
67880 176
67992 188
68104 195
68224 207
68336 220
68448 225
68560 231
68672 240
68784 248
68896 248
69008 248
69120 248
69240 248
69352 248
69464 240
69576 231
69688 225
69800 216
69912 206
70024 193
70136 184
70256 167
70368 152
70480 135
70592 120
70704 103
70816 88
70928 71
71040 60
71152 44
71272 31
71384 15
71496 7
71608 7
71720 7
71832 7
71948 12
72060 15
72172 24
72288 28
72400 35
72512 48
72628 56
72740 63
72852 79
72964 96
73076 103
73188 120
73304 135
73420 152
73532 159
73644 176
73756 188
73868 195
73980 207
74092 216
74204 224
74324 231
74436 240
74548 241
74660 248
74772 248
74884 248
74996 248
75108 241
75220 240
75340 231
75452 224
75564 216
75676 199
75788 192
75900 177
76012 163
76124 152
76236 127
76356 120
76468 103
76580 88
76692 71
76804 56
76916 39
77028 30
77144 15
77256 7
77372 7
77484 7
77596 7
77708 12
77824 15
77936 24
78048 30
78160 35
78272 48
78388 60
78504 71
78616 81
78728 96
78840 110
78952 124
79064 135
79176 152
79288 159
79408 176
79520 192
79632 199
79744 207
79856 220
79968 225
80080 231
80192 240
80304 243
80424 248
80536 248
80648 248
80760 248
80872 243
80984 240
81096 231
81208 224
81320 216
81432 199
81552 192
81664 179
81776 163
81888 152
82000 135
82112 120
82224 103
82340 88
82452 71
82568 60
82680 44
82792 31
82904 19
83016 7
83128 7
83240 7
83352 7
83464 7
83584 15
83696 24
83808 28
83920 35
84032 48
84144 56
84260 67
84372 79
84484 96
84600 108
84712 121
84824 135
84940 152
85052 159
85164 176
85276 192
85388 199
85500 207
85616 220
85732 227
85844 231
85956 240
86068 248
86180 248
86292 252
86404 252
86516 248
86636 248
86748 240
86864 231
86976 240
87088 241
87200 248
87316 248
87428 248
87544 248
87656 241
87768 240
87880 231
87996 224
88108 216
88220 199
88332 192
88444 177
88560 163
88676 152
88788 127
88900 120
89012 103
89124 88
89236 71
89348 57
89460 44
89580 31
89692 17
89804 7
89916 7
90028 7
90140 7
90252 7
90364 15
90476 24
90596 28
90708 35
90820 48
90932 56
91044 63
91156 79
91268 96
91380 108
91492 120
91612 135
91724 152
91836 159
91948 176
92060 192
92172 199
92284 207
92396 217
92512 225
92624 231
92740 240
92852 243
92964 248
93076 248
93192 248
93304 248
93416 248
93528 240
93640 231
93756 224
93868 216
93980 207
94092 193
94204 184
94316 167
94428 156
94540 135
94652 124
94772 103
94884 92
94996 76
95108 62
95220 48
95332 31
95444 24
95556 12
95672 7
95788 7
95900 7
96012 7
96124 15
96236 24
96352 28
96464 35
96576 44
96688 56
96804 63
96916 79
97032 96
97144 103
97256 120
97368 127
97480 145
97592 159
97704 176
97824 192
97936 195
98048 207
98160 220
98272 225
98384 231
98496 240
98608 243
98720 248
98840 248
98952 248
99064 248
99176 248
99288 240
99400 231
99512 225
99624 220
99736 207
99856 193
99968 184
100080 167
100192 156
100304 135
100416 124
100528 103
100640 92
100752 71
100872 60
100984 47
101096 31
101208 19
101320 7
101432 7
101544 7
101660 7
101772 7
101888 15
102000 19
102112 28
102224 35
102340 46
102452 56
102564 63
102676 79
102788 92
102904 103
103020 120
103132 127
103244 145
103356 159
103468 174
103580 184
103692 195
103804 207
103924 216
104036 224
104148 231
104260 240
104372 241
104484 248
104596 248
104708 248
104820 248
104940 241
105052 240
105164 231
105276 224
105388 216
105500 206
105612 192
105724 179
105836 167
105956 152
106068 135
106180 120
106292 103
106404 88
106516 71
106628 60
106740 44
106856 31
106972 17
107084 7
107196 7
107308 7
107420 7
107536 12
107648 15
107760 24
107872 28
107988 35
108100 48
108216 56
108328 63
108440 79
108552 96
108664 103
108776 120
108888 127
109000 147
109116 159
109228 176
109340 188
109452 195
109564 207
109676 216
109788 224
109900 231
110012 240
110132 241
110244 248
110356 248
110468 248
110580 248
110692 241
110804 240
110916 231
111028 224
111148 216
111260 206
111372 192
111484 184
111596 167
111708 152
111820 135
111936 124
112048 103
112164 92
112276 71
112388 62
112500 48
112616 31
112728 24
112840 12
112952 7
113064 7
113180 7
113296 7
113408 15
113520 19
113632 28
113744 33
113856 44
113968 56
114080 63
114200 79
114312 92
114424 103
114536 120
114648 127
114760 147
114872 159
114984 174
115096 188
115216 195
115328 207
115440 217
115552 225
115664 231
115772 249
115884 248
115996 248
116108 240
116220 231
116336 225
116448 216
116560 207
116672 193
116788 184
116900 167
117012 153
117128 135
117240 124
117352 103
117464 92
117576 71
117688 60
117804 46
117920 31
118032 19
118144 7
118256 7
118368 7
118480 7
118592 7
118704 15
118824 24
118936 28
119048 35
119160 46
119272 56
119384 63
119496 79
119608 94
119720 103
119840 120
119952 127
120064 147
120176 159
120288 176
120400 184
120512 195
120624 207
120736 216
120856 224
120968 231
121080 240
121192 241
121304 248
121416 248
121528 248
121644 248
121756 243
121872 240
121984 231
122096 224
122208 216
122324 204
122436 192
122548 184
122660 167
122772 152
122888 135
123004 120
123116 103
123228 88
123340 71
123452 60
123564 44
123676 31
123788 17
123908 7
124020 7
124132 7
124244 7
124356 12
124468 15
124580 24
124692 28
124804 35
124924 48
125036 56
125148 67
125260 79
125372 96
125484 103
125596 120
125708 135
125820 147
125940 159
126052 176
126164 192
126276 195
126388 207
126500 220
126612 224
126724 231
126840 240
126956 241
127068 248
127180 248
127292 248
127404 248
127520 241
127632 240
127744 231
127856 224
127972 216
128084 204
128200 192
128312 179
128424 167
128536 152
128648 135
128760 124
128872 103
128992 92
129104 71
129216 60
129328 48
129440 31
129552 19
129664 7
129776 7
129888 7
130008 7
130120 12
130232 15
130344 19
130456 28
130568 35
130680 44
130792 56
130904 63
131016 79
131136 96
131248 103
131360 120
131472 127
131584 147
131696 159
131808 174
131920 184
132032 195
132152 207
132264 216
132376 225
132488 231
132600 240
132712 248
132828 248
132940 249
133052 252
133168 248
133280 248
133392 240
133508 236
133620 227
133732 220
133844 207
133956 195
134068 184
134184 167
134300 156
134412 142
134524 126
134636 112
134748 96
134860 78
134972 63
135084 48
135204 31
135316 24
135428 12
135540 7
135652 7
135764 7
135876 7
135988 15
136100 19
136220 28
136332 31
136444 39
136556 56
136668 63
136780 78
136892 92
137004 103
137116 120
137236 127
137348 143
137460 159
137572 167
137684 184
137796 195
137908 206
138024 216
138136 224
138252 231
138364 240
138476 243
138588 248
138704 248
138816 248
138928 248
139040 243
139152 240
139268 231
139384 225
139496 216
139608 207
139720 195
139832 184
139944 167
140056 156
140168 135
140288 124
140400 103
140512 92
140624 71
140736 60
140848 46
140960 31
141072 19
141184 7
141304 7
141416 7
141528 7
141640 7
141752 15
141864 19
141976 28
142088 35
142200 46
142320 56
142432 63
142544 79
142656 96
142768 103
142880 120
142992 127
143104 147
143220 159
143336 176
143448 185
143560 195
143672 207
143784 216
143900 224
144012 231
144124 240
144236 241
144352 248
144464 248
144580 248
144700 120
144816 103
144928 88
145040 71
145152 56
145264 39
145380 30
145492 15
145604 7
145716 7
145832 7
145944 7
146060 12
146172 15
146284 24
146396 30
146508 35
146620 48
146732 57
146852 71
146964 81
147076 96
147188 112
147300 124
147412 135
147524 152
147636 159
147748 176
147868 192
147980 199
148092 207
148204 220
148316 225
148428 231
148540 240
148652 241
148764 248
148884 248
148996 248
149108 248
149220 241
149332 238
149444 231
149556 224
149668 216
149780 199
149900 192
150012 176
150124 159
150236 147
150348 127
150460 120
150576 99
150688 88
150800 71
150916 56
151028 39
151140 28
151256 15
151368 7
151480 7
151592 7
151704 7
151816 12
151932 15
152048 24
152160 31
152272 39
152384 48
152496 60
152608 71
152720 83
152832 97
152952 112
153064 126
153176 135
153288 152
153400 163
153512 176
153624 192
153736 199
153848 207
153968 224
154080 227
154192 231
154304 240
154416 248
154528 248
154640 248
154752 248
154864 248
154976 241
155096 240
155208 231
155320 224
155432 216
155544 199
155656 192
155772 177
155884 163
155996 152
156112 127
156224 120
156336 103
156452 88
156564 71
156676 56
156788 39
156900 30
157012 17
157128 7
157244 7
157356 7
157468 7
157580 12
157692 15
157804 24
157916 30
158028 39
158148 48
158260 60
158372 71
158484 81
158596 96
158708 112
158820 124
158932 135
159044 152
159164 163
159276 176
159388 192
159500 199
159612 209
159724 220
159836 227
159948 231
160060 240
160180 248
160292 248
160404 252
160516 252
160628 248
160740 248
160852 240
160968 231
161080 224
161196 216
161308 206
161420 192
161532 179
161648 163
161760 152
161872 135
161984 120
162096 103
162212 88
162328 71
162440 57
162552 39
162664 31
162776 15
162888 7
163000 7
163112 7
163232 7
163344 12
163456 15
163568 24
163680 28
163792 35
163904 48
164016 57
164128 67
164248 79
164360 96
164472 108
164584 124
164696 135
164808 152
164920 159
165032 176
165144 192
165264 199
165376 207
165488 220
165600 227
165712 231
165824 240
165936 243
166048 248
166164 248
166280 248
166392 248
166504 241
166616 240
166728 231
166844 224
166956 216
167068 199
167180 192
167296 177
167408 163
167524 152
167636 127
167748 120
167860 103
167972 88
168084 71
168196 56
168316 39
168428 28
168540 15
168652 7
168764 7
168876 7
168988 7
169100 12
169212 15
169332 24
169444 30
169556 39
169668 48
169780 60
169892 71
170004 83
170116 96
170228 112
170340 124
170460 135
170572 152
170684 163
170796 176
170908 192
171020 199
171132 207
171244 220
171360 225
171476 231
171588 240
171700 243
171812 248
171924 248
172036 248
172148 248
172260 241
172372 240
172492 231
172604 224
172716 211
172828 199
172940 192
173052 176
173164 159
173280 152
173392 127
173508 120
173624 163
173736 176
173848 192
173964 199
174076 207
174188 220
174300 227
174412 231
174524 240
174640 248
174756 248
174868 252
174980 249
175092 248
175204 248
175316 240
175428 231
175540 225
175660 216
175772 206
175884 192
175996 184
176108 167
176220 152
176332 135
176444 120
176556 103
176676 88
176788 71
176900 60
177012 46
177124 31
177236 19
177348 7
177460 7
177572 7
177692 7
177804 12
177916 15
178028 19
178140 28
178252 35
178364 46
178480 56
178592 63
178708 79
178820 96
178932 103
179044 120
179160 135
179272 147
179384 159
179496 176
179608 188
179724 199
179840 207
179952 220
180064 225
180176 231
180288 240
180400 243
180512 248
180624 248
180744 252
180856 248
180968 248
181080 240
181192 231
181304 225
181416 216
181528 207
181640 195
181760 184
181872 167
181984 152
182096 135
182208 124
182320 103
182432 92
182544 71
182656 60
182776 44
182888 31
183000 17
183112 7
183224 7
183336 7
183448 7
183560 7
183676 15
183788 24
183904 30
184016 35
184128 48
184240 56
184356 67
184468 79
184580 96
184692 103
184804 121
184920 135
185032 147
185144 159
185256 176
185368 188
185480 195
185592 207
185704 216
185816 224
185936 231
186048 240
186160 241
186272 248
186384 248
186496 248
186608 248
186720 241
186836 240
186952 231
187064 224
187176 216
187288 199
187400 192
187516 179
187628 163
187740 152
187852 135
187968 120
188080 103
188196 88
188308 71
188420 57
188532 39
188644 31
188756 17
188868 7
188988 7
189100 7
189212 7
189324 12
189436 15
189548 24
189660 30
189772 35
189884 48
190004 60
190116 67
190228 79
190340 96
190452 108
190564 124
190676 135
190788 152
190900 159
191020 176
191132 192
191244 199
191356 207
191468 220
191580 225
191692 231
191804 240
191916 243
192036 248
192148 248
192260 248
192372 248
192484 243
192596 240
192712 231
192824 225
192936 216
193052 206
193164 193
193276 184
193392 167
193504 152
193616 135
193728 124
193840 103
193952 92
194068 71
194184 60
194296 46
194408 31
194520 19
194632 7
194744 7
194856 7
194968 7
195088 7
195200 15
195312 19
195424 28
195536 35
195648 46
195760 56
195872 63
195984 79
196104 96
196216 103
196328 120
196440 127
196552 147
196664 159
196776 176
196888 188
197000 195
197120 207
197232 216
197344 225
197456 231
197568 240
197680 243
197792 248
197904 248
198020 248
198136 248
198248 248
198360 240
198472 231
198584 225
198700 220
198812 207
198924 195
199036 184
199152 167
199264 156
199380 135
199492 124
199604 103
199716 92
199828 76
199940 62
200052 48
200164 31
200280 19
200392 7
200504 7
200616 7
200728 7
200840 7
200952 15
201064 19
201176 28
201296 35
201408 46
201520 56
201632 63
201744 79
201856 94
201968 103
202080 120
202192 127
202312 147
202424 159
202544 248
202656 241
202768 238
202880 227
202992 224
203104 211
203224 199
203336 192
203448 176
203560 159
203672 143
203784 127
203896 113
204008 97
204120 81
204240 63
204352 51
204464 39
204576 24
204688 15
204800 7
204912 7
205028 7
205140 7
205256 14
205368 15
205480 24
205592 31
205708 39
205820 49
205932 63
206044 71
206156 88
206272 99
206388 113
206500 127
206612 143
206724 156
206836 167
206948 184
207060 192
207172 199
207292 216
207404 224
207516 231
207628 240
207740 241
207852 248
207964 252
208076 252
208188 252
208308 248
208420 243
208532 240
208644 231
208756 224
208868 216
208980 199
209092 192
209204 176
209324 159
209436 143
209548 127
209660 113
209772 96
209884 79
209996 63
210108 51
210224 35
210340 24
210452 14
210564 7
210676 7
210788 7
210904 7
211016 14
211128 17
211240 24
211352 31
211468 39
211584 51
211696 63
211808 71
211920 88
212032 99
212144 113
212256 127
212368 143
212488 156
212600 167
212712 184
212824 192
212936 199
213048 216
213160 224
213272 231
213384 238
213504 241
213616 248
213728 248
213840 248
213952 248
214064 248
214176 240
214288 236
214400 227
214520 220
214632 207
214744 195
214856 184
214968 167
215080 158
215192 143
215304 127
215420 112
215536 96
215648 79
215760 63
215872 48
215984 31
216100 24
216212 12
216324 7
216436 7
216552 7
216664 7
216780 15
216892 19
217004 24
217116 31
217228 39
217340 56
217452 63
217572 78
217684 92
217796 103
217908 120
218020 127
218132 143
218244 158
218356 167
218468 184
218588 193
218700 204
218812 216
218924 224
219036 231
219148 238
219260 241
219372 248
219484 248
219604 248
219716 248
219828 248
219940 240
220052 231
220164 225
220276 220
220388 207
220500 195
220620 184
220732 167
220844 158
220956 142
221068 127
221180 112
221296 96
221408 79
221520 63
221636 48
221748 35
221860 24
221976 14
222088 7
222200 7
222312 7
222424 7
222536 14
222652 19
222768 24
222880 31
222992 39
223104 56
223216 63
223328 76
223440 88
223552 103
223672 120
223784 127
223896 143
224008 158
224120 167
224232 184
224344 193
224456 206
224568 216
224688 224
224800 231
224912 240
225024 241
225136 248
225248 248
225360 248
225472 248
225584 248
225704 241
225816 238
225928 227
226040 224
226152 211
226264 199
226376 192
226492 176
226604 159
226720 143
226832 127
226944 113
227056 96
227172 79
227284 63
227396 51
227508 39
227620 24
227732 15
227848 7
227960 7
228072 7
228184 7
228296 14
228408 15
228520 24
228632 31
228744 39
228864 51
228976 63
229088 71
229200 88
229312 99
229424 113
229536 127
229652 143
229764 156
229880 167
229992 184
230104 192
230216 204
230332 216
230444 224
230556 231
230668 240
230780 241
230896 248
231012 248
231124 252
231236 248
231348 248
