112 312
224 318
336 319
448 319
568 327
680 332
792 335
904 335
1016 335
1128 335
1240 334
1352 327
1464 319
1576 319
1696 312
1808 305
1920 295
2032 287
2144 280
2256 255
2368 255
2480 241
2592 231
2712 216
2824 199
2936 188
3048 167
3160 156
3272 135
3384 120
3496 103
3608 88
3728 71
3840 56
3952 39
4064 24
4176 7
4288 7
4404 7
4516 7
4628 7
4744 14
4856 15
4968 24
5084 28
5196 31
5308 39
5420 48
5532 62
5644 71
5760 81
5876 96
5988 103
6100 120
6212 127
6324 143
6436 159
6548 174
6660 184
6780 199
6892 211
7004 224
7116 231
7228 248
7340 255
7452 255
7564 280
7676 287
7796 295
7908 304
8020 312
8132 319
8244 319
8356 327
8468 332
8580 335
8692 335
8812 335
8924 337
9036 335
9148 335
9260 334
9372 327
9484 319
9600 319
9712 312
9828 304
9940 295
10052 287
10164 275
10280 255
10392 254
10504 240
10616 224
10728 207
10844 195
10960 184
11072 163
11184 152
11296 127
11408 115
11520 97
11632 83
11744 63
11864 48
11976 31
12088 15
12200 7
12312 7
12424 3
12536 7
12648 7
12760 15
12880 19
12992 24
13104 31
13216 35
13328 44
13440 56
13552 63
13664 71
13776 88
13896 97
14008 112
14120 124
14232 135
14344 152
14456 159
14568 176
14680 192
14796 199
14912 216
15024 227
15136 240
15248 252
15360 255
15476 271
15588 280
15700 287
15812 295
15928 305
16040 316
16156 319
16268 319
16380 327
16492 327
16604 335
16716 335
16828 335
16940 335
17060 335
17172 334
17284 327
17396 319
17508 319
17620 313
17732 305
17844 295
17956 287
18076 275
18188 255
18300 254
18412 240
18524 225
18636 216
18748 195
18860 184
18972 163
19092 152
19204 127
19316 115
19428 97
19540 79
19652 63
19764 48
19876 31
19992 17
20108 7
20220 7
20332 7
20444 7
20556 7
20672 15
20784 17
20896 24
21008 30
21124 35
21236 46
21352 56
21464 63
21576 71
21688 88
21800 97
21912 112
22024 124
22144 135
22256 152
22368 159
22480 176
22592 192
22704 199
22816 216
22928 224
23040 240
23160 248
23272 255
23384 271
23496 280
23608 287
23720 295
23832 304
23944 312
24056 319
24176 319
24288 327
24400 327
24512 335
24624 335
24736 335
24848 335
24960 335
25072 335
25192 327
25304 327
25416 319
25528 316
25640 312
25752 300
25868 287
25980 280
26092 271
26208 255
26320 248
26432 231
26548 220
26660 199
26772 192
26884 174
26996 156
27108 142
27224 124
27340 103
27452 92
27564 71
27676 60
27788 39
27900 28
28012 14
28124 7
28244 7
28356 7
28468 7
28580 14
28692 15
28804 24
28916 28
29032 327
29144 327
29256 335
29368 335
29480 344
29592 344
29704 339
29816 335
29936 335
30048 334
30160 327
30272 319
30384 319
30496 312
30608 304
30720 291
30832 284
30952 271
31064 255
31176 248
31288 231
31400 220
31512 206
31624 192
31736 176
31848 159
31968 135
32080 124
32192 103
32304 88
32416 71
32528 56
32640 39
32752 24
32864 14
32984 7
33096 7
33208 7
33320 7
33432 14
33544 15
33660 24
33772 28
33884 31
34000 39
34112 49
34224 60
34340 71
34452 79
34564 96
34676 103
34788 120
34900 127
35016 143
35132 158
35244 167
35356 184
35468 193
35580 207
35692 224
35804 231
35916 248
36036 255
36148 255
36260 280
36372 286
36484 295
36596 304
36708 312
36820 316
36932 319
37052 319
37164 327
37276 334
37388 335
37500 335
37612 335
37724 335
37836 334
37948 327
38068 319
38180 319
38292 316
38404 312
38516 300
38628 287
38740 280
38856 271
38968 255
39084 248
39196 231
39308 220
39420 199
39536 192
39648 172
39760 158
39872 142
39984 124
40100 103
40216 88
40328 71
40440 56
40552 39
40664 24
40776 7
40888 7
41000 7
41120 7
41232 7
41344 14
41456 15
41568 19
41680 28
41792 31
41904 39
42016 49
42136 62
42248 71
42360 79
42472 94
42584 103
42696 120
42808 127
42920 143
43032 159
43144 167
43264 184
43376 195
43488 207
43600 224
43712 231
43824 248
43936 255
44052 255
44164 280
44280 287
44392 295
44504 304
44616 312
44728 319
44840 319
44952 327
45064 327
45176 335
45296 335
45408 335
45520 339
45632 335
45744 335
45856 335
45972 327
46084 319
46196 319
46312 312
46424 304
46536 295
46652 287
46764 280
46876 255
46988 252
47100 240
47212 224
47328 207
47444 193
47556 184
47668 163
47780 147
47892 127
48004 115
48116 97
48228 79
48348 63
48460 48
48572 31
48684 17
48796 7
48908 7
49020 7
49132 7
49244 12
49364 14
49476 17
49588 24
49700 31
49812 35
49924 46
50036 56
50148 63
50260 71
50380 88
50492 97
50604 112
50716 126
50828 135
50940 152
51052 159
51168 176
51280 192
51396 199
51508 216
51620 227
51732 240
51848 255
51960 255
52072 271
52184 284
52296 287
52412 302
52528 307
52640 312
52752 319
52864 319
52976 327
53088 334
53200 335
53312 335
53432 335
53544 335
53656 335
53768 335
53880 327
53992 327
54104 319
54216 316
54328 307
54448 295
54560 287
54672 280
54784 14
54896 255
55008 241
55120 227
55232 216
55344 199
55464 184
55576 167
55688 152
55800 127
55912 120
56024 99
56136 88
56248 63
56364 49
56480 31
56592 15
56704 7
56816 7
56928 7
57044 7
57156 7
57268 15
57380 17
57496 24
57608 31
57724 35
57836 39
57948 295
58060 304
58172 312
58284 318
58400 319
58512 327
58624 332
58736 335
58852 335
58964 337
59076 339
59188 335
59300 335
59416 335
59528 327
59644 327
59756 319
59868 316
59980 305
60092 295
60204 287
60316 280
60436 255
60548 255
60660 241
60772 227
60884 216
60996 199
61108 184
61220 167
61332 152
61452 127
61564 120
61676 99
61788 88
61900 67
62012 56
62124 35
62236 24
62348 7
62468 7
62580 7
62692 7
62804 12
62916 15
63028 17
63140 24
63252 28
63364 35
63484 39
63596 51
63708 63
63820 71
63932 88
64044 96
64160 110
64272 120
64384 127
64500 147
64612 159
64724 176
64840 192
64952 199
65064 216
65176 224
65288 240
65400 248
65516 255
65632 271
65744 280
65856 287
65968 295
66080 304
66192 312
66304 318
66416 319
66536 319
66648 327
66760 334
66872 335
66984 335
67096 335
67208 335
67320 335
67432 327
67552 327
67664 319
67776 316
67888 312
68000 302
68112 287
68224 280
68336 270
68448 255
68568 248
68680 231
68792 216
68904 199
69016 192
69128 167
69240 156
69356 135
69468 120
69584 103
69696 88
69808 71
69920 56
70032 35
70148 24
70260 7
70372 7
70484 7
70600 7
70712 7
70828 15
70940 15
71052 24
71164 28
71276 31
71388 39
71500 49
71612 63
71732 71
71844 79
71956 96
72068 103
72180 120
72292 127
72404 147
72516 159
72628 172
72748 188
72860 195
72972 207
73084 224
73196 231
73308 248
73420 255
73532 255
73644 280
73764 287
73876 295
73988 304
74100 312
74212 318
74324 319
74436 327
74548 327
74664 334
74780 335
74892 335
75004 335
75116 335
75228 335
75344 327
75456 319
75568 319
75680 318
75796 312
75908 302
76024 287
76136 284
76248 271
76360 255
76472 248
76584 231
76696 224
76816 206
76928 192
77040 176
77152 159
77264 143
77376 127
77488 112
77600 96
77712 78
77832 62
77944 46
78056 31
78168 15
78280 7
78392 7
78504 7
78616 7
78728 7
78848 15
78960 19
79072 24
79184 31
79296 39
79408 48
79520 56
79632 63
79744 78
79864 89
79976 99
80088 113
80200 127
80312 142
80424 153
80540 163
80652 177
80764 192
80880 206
80992 220
81104 231
81220 241
81332 255
81444 255
81556 271
81668 286
81780 295
81896 304
82012 312
82124 318
82236 319
82348 327
82460 327
82572 335
82684 335
82796 339
82916 339
83028 344
83140 335
83252 334
83364 327
83476 327
83588 319
83700 316
83812 312
83932 295
84044 287
84156 280
84268 255
84380 255
84492 243
84604 227
84716 216
84828 199
84948 184
85060 167
85172 152
85284 135
85396 120
85508 99
85620 88
85736 63
85848 49
85964 35
86076 17
86188 7
86300 7
86416 3
86528 7
86640 7
86752 15
86868 327
86984 334
87096 335
87208 335
87320 335
87432 335
87548 335
87660 334
87776 327
87888 319
88000 319
88112 312
88224 304
88336 295
88448 286
88568 271
88680 255
88792 252
88904 240
89016 224
89128 207
89240 193
89352 179
89464 159
89584 143
89696 127
89808 112
89920 96
90032 79
90144 63
90256 48
90368 31
90480 15
90600 7
90712 3
90824 7
90936 7
91048 14
91160 15
91272 19
91384 24
91496 31
91616 39
91728 48
91840 56
91952 63
92064 79
92176 92
92292 99
92404 112
92516 127
92632 135
92744 152
92856 163
92972 177
93084 192
93196 206
93308 216
93420 227
93532 240
93648 254
93764 255
93876 271
93988 284
94100 287
94212 300
94324 312
94436 316
94548 319
94668 319
94780 327
94892 335
95004 335
95116 335
95228 335
95340 335
95452 335
95564 327
95676 327
95796 319
95908 319
96020 316
96132 305
96244 295
96356 287
96468 280
96580 255
96692 255
96812 240
96924 227
97036 216
97148 199
97260 184
97372 167
97484 152
97596 135
97708 120
97828 103
97940 88
98052 71
98164 56
98276 35
98388 24
98500 7
98612 7
98728 7
98844 7
98956 7
99068 14
99180 15
99292 24
99408 28
99520 31
99632 39
99744 49
99860 62
99972 71
100088 81
100200 96
100312 103
100424 120
100536 127
100648 143
100760 159
100880 176
100992 188
101104 199
101216 209
101328 224
101440 238
101552 248
101664 255
101776 270
101896 280
102008 287
102120 295
102232 304
102344 312
102456 319
102568 319
102680 327
102792 327
102912 335
103024 335
103136 335
103248 335
103360 335
103472 335
103584 335
103696 327
103808 319
103928 319
104040 312
104152 304
104264 295
104376 284
104488 271
104604 255
104716 252
104828 238
104944 224
105056 207
105168 192
105284 176
105396 159
105508 143
105620 127
105732 112
105844 96
105960 71
106076 60
106188 39
106300 28
106412 14
106524 7
106636 7
106748 7
106860 7
106980 12
107092 15
107204 24
107316 28
107428 31
107540 39
107652 48
107764 56
107876 63
107996 79
108108 92
108220 103
108332 115
108444 127
108556 143
108668 156
108780 167
108892 184
109012 193
109124 207
109236 220
109348 231
109460 243
109572 255
109684 255
109800 275
109912 286
110028 291
110140 304
110252 312
110364 316
110480 319
110592 319
110704 327
110816 334
110928 335
111044 335
111160 335
111272 335
111384 335
111496 327
111608 327
111720 319
111832 316
111944 312
112056 304
112172 287
112284 284
112396 271
112508 255
112620 252
112732 231
112844 224
112956 207
113068 192
113188 176
113300 159
113412 143
113524 127
113636 112
113748 96
113860 78
113972 62
114088 46
114204 30
114316 15
114428 7
114540 7
114652 7
114764 7
114880 12
114992 15
115104 19
115220 24
115332 31
115444 39
115560 48
115672 56
115792 48
115904 56
116016 63
116128 76
116240 88
116360 99
116472 112
116584 126
116696 135
116808 152
116920 159
117032 176
117144 192
117256 199
117376 220
117488 227
117600 240
117712 252
117824 255
117936 271
118048 280
118160 287
118272 295
118392 305
118504 316
118616 319
118728 319
118840 327
118952 327
119064 335
119176 335
119288 335
119408 335
119520 335
119632 327
119744 327
119856 319
119968 318
120080 312
120196 304
120308 295
120424 286
120536 271
120648 255
120760 252
120876 240
120988 224
121100 207
121212 193
121324 179
121440 159
121556 147
121668 127
121780 113
121892 96
122004 79
122116 63
122228 48
122340 31
122460 15
122572 7
122684 7
122796 7
122908 7
123020 7
123132 15
123244 15
123356 24
123476 31
123588 39
123700 48
123812 56
123924 63
124036 71
124148 88
124260 99
124372 112
124484 126
124604 135
124716 152
124828 163
124940 177
125052 192
125164 206
125276 217
125388 227
125504 240
125620 252
125732 255
125844 271
125956 284
126068 287
126184 295
126296 305
126408 316
126520 319
126636 319
126748 327
126864 335
126976 335
127088 337
127200 339
127312 339
127424 335
127536 335
127656 327
127768 327
127880 319
127992 318
128104 312
128216 304
128328 287
128440 284
128552 271
128672 255
128784 248
128896 231
129008 220
129120 199
129232 192
129344 174
129456 158
129568 142
129688 124
129800 103
129912 88
130024 71
130136 56
130248 39
130360 24
130472 7
130584 7
130704 7
130816 7
130928 7
131040 7
131152 15
131264 24
131380 28
131492 31
131604 35
131720 48
131832 60
131944 71
132060 79
132172 92
132284 103
132396 120
132508 127
132620 143
132736 159
132852 167
132964 184
133076 195
133188 207
133300 224
133412 231
133524 248
133636 255
133756 255
133868 280
133980 287
134092 295
134204 304
134316 312
134428 319
134540 319
134652 327
134772 334
134884 335
134996 335
135108 335
135220 335
135332 335
135444 335
135556 334
135668 327
135788 319
135900 316
136012 312
136124 304
136236 291
136348 284
136460 271
136576 255
136688 248
136804 231
136916 224
137028 206
137140 192
137256 176
137368 159
137480 142
137592 126
137704 110
137820 92
137936 71
138048 56
138160 39
138272 24
138384 12
138496 7
138608 7
138720 7
138840 7
138952 15
139064 15
139176 24
139288 28
139400 31
139512 39
139624 48
139736 60
139848 67
139968 79
140080 94
140192 103
140304 115
140416 127
140528 143
140640 159
140752 167
140864 184
140984 195
141096 207
141208 224
141320 231
141432 243
141544 255
141656 255
141768 271
141880 286
142000 291
142112 304
142224 312
142336 318
142448 319
142560 319
142672 327
142784 334
142900 335
143016 335
143128 335
143240 335
143352 334
143464 327
143576 327
143692 319
143804 318
143916 312
144032 304
144144 287
144256 284
144372 271
144484 255
144596 252
144712 295
144832 287
144944 280
145056 255
145168 254
145280 240
145392 227
145504 216
145616 199
145728 184
145848 167
145960 152
146072 127
146184 120
146296 99
146408 88
146520 67
146632 51
146744 31
146864 19
146976 7
147088 7
147200 7
147312 7
147424 7
147540 15
147652 17
147764 24
147880 31
147992 35
148104 39
148220 56
148332 63
148444 71
148556 88
148668 96
148780 110
148896 124
149012 135
149124 152
149236 159
149348 176
149460 192
149572 199
149684 216
149796 225
149916 240
150028 248
150140 255
150252 271
150364 280
150476 287
150588 295
150700 305
150812 312
150932 319
151044 319
151156 327
151268 334
151380 335
151492 335
151604 335
151716 339
151828 335
151940 335
152060 335
152172 327
152284 319
152396 319
152508 312
152620 304
152736 295
152848 286
152960 271
153076 255
153188 252
153300 240
153412 224
153524 207
153636 192
153748 176
153860 159
153972 143
154092 127
154204 112
154316 96
154428 79
154540 63
154652 48
154764 31
154876 15
154988 7
155108 7
155220 7
155332 7
155444 14
155556 15
155668 19
155780 24
155896 31
156008 39
156124 48
156236 56
156348 63
156460 78
156576 92
156688 103
156800 113
156912 127
157024 135
157140 156
157256 167
157368 179
157480 192
157592 207
157704 220
157816 231
157928 241
158040 254
158160 255
158272 271
158384 284
158496 287
158608 304
158720 312
158832 316
158944 319
159056 319
159176 327
159288 334
159400 335
159512 335
159624 335
159736 335
159848 335
159960 334
160072 327
160192 319
160304 319
160416 312
160528 304
160640 295
160752 287
160864 280
160976 255
161092 254
161208 240
161320 224
161432 207
161544 193
161656 179
161772 159
161884 145
161996 127
162108 113
162224 96
162336 79
162452 63
162564 48
162676 31
162788 15
162900 7
163012 7
163124 7
163244 7
163356 7
163468 15
163580 19
163692 24
163804 31
163916 35
164028 48
164140 56
164260 63
164372 78
164484 88
164596 99
164708 112
164820 127
164932 135
165044 152
165156 163
165276 177
165388 192
165500 206
165612 216
165724 227
165836 240
165948 254
166060 255
166172 271
166292 284
166404 291
166516 295
166628 305
166740 316
166852 319
166968 319
167080 327
167192 334
167308 335
167420 335
167532 335
167648 335
167760 335
167872 334
167984 327
168096 319
168208 319
168320 316
168436 304
168548 295
168660 287
168772 280
168884 255
168996 255
169108 241
169220 227
169332 216
169452 199
169564 184
169676 167
169788 152
169900 135
170012 120
170128 103
170240 88
170352 71
170468 56
170580 39
170692 24
170808 7
170920 7
171032 7
171144 7
171256 7
171368 15
171484 15
171600 24
171712 28
171824 31
171936 39
172048 51
172160 62
172272 71
172384 79
172504 96
172616 103
172728 120
172840 127
172952 143
173064 159
173176 174
173288 188
173400 199
173520 209
173636 63
173748 78
173864 88
173976 99
174088 112
174200 126
174312 135
174428 152
174540 163
174652 176
174768 192
174880 199
174992 216
175104 227
175216 240
175328 252
175444 255
175560 271
175672 284
175784 287
175896 295
176008 305
176120 313
176232 319
176344 319
176464 327
176576 327
176688 335
176800 335
176912 335
177024 335
177136 335
177248 334
177360 327
177480 319
177592 319
177704 312
177816 304
177928 295
178040 287
178152 271
178264 255
178376 252
178496 240
178608 224
178720 207
178832 193
178944 179
179056 163
179168 147
179280 127
179392 112
179512 96
179624 79
179736 63
179848 48
179960 31
180072 15
180188 7
180300 7
180412 7
180528 7
180640 12
180752 15
180868 15
180980 24
181092 30
181204 35
181316 46
181428 56
181544 63
181660 78
181772 88
181884 99
181996 112
182108 126
182220 135
182332 152
182444 163
182564 177
182676 192
182788 199
182900 216
183012 227
183124 240
183236 252
183348 255
183460 271
183580 284
183692 287
183804 300
183916 305
184028 316
184140 319
184252 319
184364 327
184476 332
184596 335
184708 335
184820 335
184932 335
185044 335
185156 335
185268 327
185384 327
185496 319
185612 316
185724 305
185836 295
185948 287
186064 280
186176 270
186288 255
186400 248
186512 231
186624 216
186744 199
186856 192
186968 167
187080 156
187192 142
187304 124
187416 103
187528 92
187640 71
187760 56
187872 39
187984 28
188096 14
188208 7
188320 7
188432 7
188544 7
188656 14
188776 15
188888 24
189000 24
189112 31
189224 39
189336 49
189448 60
189560 67
189672 79
189792 92
189904 103
190016 120
190128 127
190240 143
190352 159
190464 167
190580 184
190692 195
190808 207
190920 224
191032 231
191144 248
191260 255
191372 255
191484 280
191596 287
191708 295
191824 304
191940 312
192052 316
192164 319
192276 327
192388 327
192500 335
192612 335
192724 337
192844 335
192956 335
193068 335
193180 335
193292 327
193404 319
193516 319
193628 312
193740 304
193860 295
193972 286
194084 271
194196 255
194308 252
194420 240
194532 224
194644 207
194756 192
194876 176
194988 159
195100 143
195212 127
195324 112
195436 96
195548 79
195660 62
195776 44
195892 28
196004 15
196116 7
196228 7
196340 7
196456 7
196568 14
196680 15
196792 19
196908 28
197020 31
197136 39
197248 48
197360 56
197472 63
197584 79
197696 88
197808 99
197928 113
198040 127
198152 142
198264 156
198376 167
198488 177
198600 192
198712 206
198824 220
198944 231
199056 241
199168 254
199280 255
199392 271
199504 284
199616 287
199728 295
199840 304
199960 312
200072 319
200184 319
200296 327
200408 327
200520 334
200632 335
200744 335
200856 335
200976 334
201088 332
201200 327
201312 319
201424 319
201536 312
201652 304
201764 287
201876 284
201992 271
202104 255
202216 252
202332 240
202444 224
202564 287
202676 295
202788 304
202900 312
203012 316
203124 319
203236 327
203356 327
203468 334
203580 335
203692 335
203804 335
203916 335
204028 335
204140 327
204252 327
204372 319
204484 318
204596 312
204708 304
204820 291
204932 284
205044 271
205160 255
205272 249
205388 231
205500 224
205612 207
205724 192
205840 176
205952 159
206064 143
206176 127
206288 112
206404 96
206520 79
206632 63
206744 48
206856 31
206968 15
207080 7
207192 7
207304 7
207424 7
207536 7
207648 15
207760 19
207872 24
207984 31
208096 39
208208 48
208320 56
208440 63
208552 78
208664 88
208776 99
208888 112
209000 127
209112 135
209224 152
209336 163
209456 177
209568 192
209680 206
209792 220
209904 231
210016 241
210128 254
210240 255
210356 271
210472 286
210584 291
210696 304
210808 312
210920 316
211036 319
211148 327
211260 327
211372 335
211488 335
211600 344
211716 337
211828 335
211940 335
212052 335
212164 327
212276 327
212388 319
212508 318
212620 312
212732 304
212844 287
212956 280
213068 271
213180 255
213292 248
213404 231
213524 216
213636 199
213748 188
213860 167
213972 156
214084 135
214196 120
214308 103
214420 88
214532 63
214652 56
214764 35
214876 24
214988 7
215100 7
215212 7
215324 7
215436 7
215548 14
215668 15
215780 24
215892 28
216004 31
216116 39
216228 51
216344 62
216456 71
216568 83
216684 96
216796 108
216908 120
217024 127
217136 143
217248 159
217360 176
217472 192
217584 199
217700 216
217816 224
217928 238
218040 248
218152 255
218264 271
218376 280
218488 287
218600 295
218720 304
218832 312
218944 319
219056 319
219168 327
219280 327
219392 334
219504 335
219616 335
219736 335
219848 335
219960 334
220072 327
220184 319
220296 319
220408 316
220520 312
220632 295
220752 287
220864 280
220976 255
221088 255
221200 243
221312 227
221424 216
221540 199
221652 188
221768 167
221880 156
221992 135
222104 120
222220 103
222332 88
222444 71
222556 56
222668 39
222784 24
222900 7
223012 7
223124 7
223236 7
223348 7
223460 15
223572 15
223684 24
223804 30
223916 31
224028 39
224140 49
224252 63
224364 71
224476 83
224588 96
224700 103
224820 120
224932 127
225044 145
225156 159
225268 174
225380 188
225492 199
225604 216
225716 224
225836 240
225948 248
226060 255
226172 271
226284 280
226396 287
226508 295
226620 304
226736 316
226852 319
226964 319
227076 327
227188 335
227300 335
227416 335
227528 339
227640 339
227752 335
227868 335
227980 335
228096 327
228208 319
228320 319
228432 312
228544 304
228656 295
228768 284
228888 271
229000 255
229112 252
229224 240
229336 224
229448 207
229560 193
229672 179
229784 159
229896 143
230016 127
230128 113
230240 96
230352 79
230464 63
230576 48
230688 31
230800 15
230912 7
231032 7
231144 7
231256 7
231368 7
