520 1023
1032 1023
1552 992
2060 624
2580 224
3088 56
3608 142
4120 352
4636 639
5148 960
5664 1023
6176 1023
6692 1023
7204 1023
7720 1023
8232 816
8748 414
9260 60
9780 96
10288 240
10808 504
11316 799
11836 1023
12348 1023
12864 1023
13376 1023
13892 1023
14404 992
14920 624
15432 224
15948 56
16460 135
16976 352
17488 639
18004 960
18516 1023
19032 1023
19544 1023
20060 1023
20576 1023
21088 828
21604 432
22116 63
22636 79
23144 224
23664 496
24172 792
24692 1023
25204 1023
25720 1023
26232 1023
26748 1023
27260 1008
27776 632
28288 240
28804 56
29316 135
29832 352
30344 638
30864 960
31372 1023
31892 1023
32400 1023
32920 1023
33432 1023
33948 824
34460 448
34976 63
35488 79
36004 224
36516 480
37032 792
37544 1023
38060 1023
38572 1023
39092 1023
39600 1023
40120 1008
40628 639
41148 240
41660 56
42176 127
42688 335
43204 632
43716 931
44232 1023
44744 1023
45260 1023
45772 1023
46288 1023
46800 831
47320 448
47828 63
48348 78
48856 224
49376 480
49888 780
50404 1023
50916 1023
51432 1023
51944 1023
52460 1023
52972 1016
53488 639
54000 248
54516 56
55028 127
55548 335
56056 632
56576 931
57084 1023
57604 1023
58116 1023
58632 1023
59144 1023
59660 839
60172 449
60688 71
61200 71
61716 224
62228 480
62744 775
63256 1023
63776 1023
64284 1023
64804 1023
65312 1023
65832 1022
66344 655
66860 252
67372 48
67888 127
68400 327
68916 624
69428 926
69944 1023
70456 1023
70972 1023
71484 1023
72004 1023
72512 839
73032 448
73540 71
74060 71
74572 224
75088 480
75600 771
76116 1023
76628 1023
77144 1023
77656 1023
78172 1023
78684 1023
79200 655
79712 255
80232 48
80740 127
81260 319
81768 624
82288 926
82800 1023
83316 1023
83828 1023
84344 1023
84856 1023
85372 864
85884 480
86400 79
86912 71
87428 224
87940 455
88460 768
88968 1023
89488 1023
89996 1023
90516 1023
91028 1023
91544 1023
92056 655
92572 255
93084 48
93600 127
94112 319
94628 624
95140 920
95656 1023
96168 1023
96688 1023
97196 1023
97716 1023
98224 864
98744 480
99256 96
99772 71
100284 199
100800 455
101312 768
101828 1023
102340 1023
102856 1023
103368 1023
103884 1023
104396 1023
104916 671
105424 271
105944 48
106452 124
106972 318
107484 608
108000 911
108512 1023
109028 1023
109540 1023
110056 1023
110568 1023
111084 864
111596 480
112112 96
112624 71
113144 206
113652 449
114172 768
114680 1023
115200 1023
115712 1023
116228 1023
116740 1023
117256 1023
117768 675
118284 271
118796 48
119312 124
119824 316
120340 608
120852 903
121372 1023
121880 1023
122400 1023
122908 1023
123428 1023
123940 896
124456 481
124968 96
125484 63
125996 195
126512 448
127024 768
127540 1023
128052 1023
128568 1023
129080 1023
129600 1023
130108 1023
130628 679
131136 284
131656 48
132180 287
132692 48
133208 120
133720 312
134236 591
134748 897
135264 1023
135776 1023
136296 1023
136804 1023
137324 1023
137836 896
138352 481
138864 96
139380 63
139892 195
140408 448
140920 768
141436 1023
141948 1023
142464 1023
142976 1023
143492 1023
144004 1023
144524 704
145032 287
145552 48
146064 120
146580 312
147092 590
147608 899
148120 1023
148636 1023
149148 1023
149664 1023
150176 1023
150692 896
151204 504
151720 112
152232 63
152752 192
153260 448
153780 768
154292 1023
154808 1023
155320 1023
155836 1023
156348 1023
156864 1023
157376 704
157892 287
158404 48
158920 120
159432 312
159948 591
160460 897
160980 1023
161488 1023
162008 1023
162520 1023
163036 1023
163548 896
164064 496
164576 112
165092 63
165604 193
166120 448
166632 768
167148 1023
167660 1023
168176 1023
168688 1023
169208 1023
169716 1023
170236 704
170748 295
171264 48
171776 120
172292 304
172804 583
173320 896
173832 1023
174348 1023
174860 1023
175376 1023
175888 1023
176404 896
176916 496
177436 96
177944 63
178464 193
178976 448
179492 768
180004 1023
180520 1023
181032 1023
181548 1023
182060 1023
182576 1023
183088 704
183604 287
184116 48
184632 120
185144 312
185664 590
186172 896
186692 1023
187204 1023
187720 1023
188232 1023
188748 1023
189260 896
189776 504
190288 112
190804 63
191316 192
191832 448
192344 768
192860 1023
193372 1023
193892 1023
194400 1023
194920 1023
195432 1023
195948 704
196460 294
196976 48
197488 120
198004 312
198516 583
199032 896
199544 1023
200060 1023
200572 1023
201088 1023
201600 1023
202120 896
202628 496
203148 112
203660 63
204176 193
204688 448
205204 768
205716 1023
206232 1023
206744 1023
207260 1023
207772 1023
208288 1023
208800 704
209316 295
209828 48
210348 120
210856 304
211376 583
211888 896
212404 1023
212916 1023
213432 1023
213944 1023
214460 1023
214972 896
215488 496
216000 112
216516 63
217028 192
217544 448
218056 768
218576 1023
219084 1023
219604 1023
220116 1023
220632 1023
221144 1023
221660 704
222172 287
222688 48
223200 120
223716 312
224228 588
224744 897
225256 1023
225772 1023
226284 1023
226804 1023
227312 1023
227832 896
228344 504
228860 112
229372 63
229888 192
230400 448
230916 768
231428 1023
231944 1023
232456 1023
232972 1023
233484 1023
234000 1023
234512 704
235032 287
235540 48
236060 120
236572 312
237088 583
237604 897
238116 1023
238632 1023
239144 1023
239664 1023
240172 1023
240692 896
241200 496
241720 96
242232 63
242748 195
243260 448
243776 768
244288 1023
244804 1023
245316 1023
245832 1023
246344 1023
246860 1023
247372 704
247892 287
248400 48
248920 120
249428 312
249948 591
250460 897
250976 1023
251488 1023
252004 1023
252516 1023
253032 1023
253544 896
254060 496
254572 112
255088 63
255600 192
256120 448
256628 768
257148 1023
257656 1023
258176 1023
258688 1023
259204 1023
259716 1023
260232 704
260744 286
261260 48
261772 120
262288 316
262800 591
263316 903
263828 1023
264344 1023
264856 1023
265372 960
265884 574
266400 167
266912 60
267428 159
267940 384
268460 704
268968 992
269488 1023
269996 1023
270516 1023
271028 1023
271544 1023
272056 768
272572 384
273084 48
273600 96
274112 255
274628 527
275140 831
275656 1023
276168 1023
276688 1023
277196 1023
277716 1023
278224 960
278744 575
279256 192
279772 56
280284 159
280800 384
281312 679
281828 992
282340 1023
282856 1023
283368 1023
283884 1023
284396 1023
284916 768
285424 384
285944 48
286452 96
286972 255
287484 527
288000 839
288512 1023
289028 1023
289540 1023
290056 1023
290568 1023
291084 960
291596 574
292112 176
292624 60
293144 159
293652 384
294172 704
294680 992
295200 1023
295712 1023
296228 1023
296740 1023
297256 1023
297768 771
298284 384
298796 48
299312 96
299824 255
300344 527
300852 831
301372 1023
301880 1023
302400 1023
302912 1023
303428 1023
303940 960
304456 574
304968 192
305484 60
305996 159
306512 384
307024 704
307540 992
308052 1023
308572 1023
309080 1023
309600 1023
310108 1023
310628 768
311140 384
311656 48
312168 96
312684 255
313196 529
313712 839
314228 1023
314740 1023
315256 1023
315768 1023
316288 1023
316796 960
317316 574
317824 192
318344 60
318856 159
319372 384
319884 704
320400 992
320912 1023
321428 1023
321940 1023
322456 1023
322968 1023
323484 768
323996 384
324516 48
325024 96
325544 255
326052 527
326572 839
327084 1023
327600 1023
328112 1023
328628 1023
329140 1023
329656 960
330168 568
330684 159
331196 60
331712 159
332224 385
332744 704
333252 992
333772 1023
334280 1023
334800 1023
335312 1023
335828 1023
336340 768
336856 384
337368 48
337884 96
338396 255
338912 531
339424 839
339940 1023
340452 1023
340972 1023
341480 1023
342000 1023
342508 960
343028 572
343540 167
344056 60
344568 159
345084 387
345596 704
346112 992
346624 1023
347140 1023
347652 1023
348168 1023
348680 1023
349200 768
349708 384
350228 48
350736 96
351256 255
351768 540
352284 847
352796 1023
353312 1023
353824 1023
354340 1023
354852 1023
355368 960
355880 572
356396 163
356908 60
357428 159
357936 385
358456 704
358964 992
359484 1023
359996 1023
360512 1023
361024 1023
361540 1023
362052 768
362568 384
363080 48
363596 96
364108 255
364624 536
365136 844
365656 1023
366164 1023
366684 1023
367192 1023
367712 1023
368224 960
368740 560
369252 159
369768 60
370280 163
370796 391
371308 704
371824 1008
372336 1023
372852 1023
373364 1023
373884 1023
374392 1023
374912 768
375420 384
375940 48
376452 96
376968 255
377480 536
377996 864
378508 1023
379024 1023
379536 1023
380052 1023
380564 1023
381080 960
381592 572
382112 159
382620 60
383140 159
383648 387
384168 704
384680 992
385196 1023
385708 1023
386224 1023
386736 1023
387252 1023
387764 768
388280 352
388792 48
389308 96
389820 263
390340 543
390848 864
391368 1023
391876 1023
392396 1023
392908 1023
393424 1023
393936 944
394452 560
394964 159
395488 1023
396004 1023
396516 1023
397032 799
397544 408
398060 56
398572 96
399092 248
399600 504
400120 816
400632 1023
401148 1023
401660 1023
402176 1023
402688 1023
403204 992
403716 624
404232 224
404744 56
405260 143
405772 384
406292 652
406800 960
407320 1023
407832 1023
408348 1023
408860 1023
409376 1023
409888 816
410404 414
410916 60
411432 96
411944 240
412460 504
412972 799
413488 1023
414000 1023
414520 1023
415028 1023
415548 1023
416060 992
416576 608
417092 199
417604 56
418120 143
418632 384
419152 655
419660 960
420180 1023
420688 1023
421208 1023
421720 1023
422236 1023
422748 803
423264 408
423776 56
424292 96
424804 240
425320 504
425832 807
426348 1023
426860 1023
427380 1023
427888 1023
428408 1023
428916 992
429436 624
429948 224
430464 56
430976 142
431492 384
432004 639
432520 960
433032 1023
433548 1023
434060 1023
434576 1023
435088 1023
435608 799
436116 412
436636 56
437144 96
437664 240
438176 504
438692 816
439204 1023
439720 1023
440232 1023
440748 1023
441260 1023
441776 992
442288 624
442804 224
443316 56
443836 143
444344 352
444864 652
445372 960
445892 1023
446404 1023
446920 1023
447432 1023
447948 1023
448460 824
448976 415
449488 60
450004 96
450516 240
451032 496
451544 799
452064 1023
452572 1023
453092 1023
453600 1023
454120 1023
454632 992
455148 624
455660 224
456176 56
456688 143
457204 384
457716 639
458232 960
458744 1023
459260 1023
459772 1023
460292 1023
460800 1023
461320 803
461828 415
462348 60
462860 96
463376 240
463888 496
464404 799
464916 1023
465432 1023
465944 1023
466460 1023
466972 1023
467488 992
468000 632
468520 224
469028 56
469548 135
470056 352
470576 639
471088 960
471604 1023
472116 1023
472632 1023
473144 1023
473660 1023
474172 824
474688 415
475200 60
475716 96
476228 240
476748 496
477256 799
477776 1023
478284 1023
478804 1023
479316 1023
479832 1023
480344 992
480860 624
481372 224
481888 56
482400 140
482916 352
483428 639
483944 960
484456 1023
484976 1023
485484 1023
486004 1023
486512 1023
487032 824
487544 423
488060 62
488572 96
489088 240
489600 496
490116 799
490628 1023
491144 1023
491656 1023
492172 1023
492684 1023
493204 995
493712 632
494232 224
494740 56
495260 135
495772 352
496288 639
496800 960
497316 1023
497828 1023
498344 1023
498856 1023
499372 1023
499884 816
500400 415
500912 60
501432 96
501940 240
502460 496
502968 799
503488 1023
504000 1023
504516 1023
505028 1023
505544 1023
506056 1008
506572 632
507084 224
507600 56
508112 135
508628 352
509140 639
509660 960
510168 1023
510688 1023
511196 1023
511716 1023
512228 1023
512744 824
513256 423
513772 60
514284 96
514800 240
515312 496
515828 799
516340 1023
516856 1023
517368 1023
517888 1023
518396 1023
518916 992
519424 624
519944 224
520456 56
520972 140
521484 352
522000 639
522512 960
523028 1023
523540 1023
524056 1023
524568 1023
525084 1023
525596 824
526116 419
526624 62
527144 56
527660 96
528172 240
528692 508
529200 816
529720 1023
530232 1023
530748 1023
531260 1023
531776 1023
532288 992
532804 608
533316 199
533832 56
534344 143
534860 384
535372 655
535888 961
536400 1023
536920 1023
537428 1023
537948 1023
538460 1023
538976 798
539488 399
540004 56
540516 96
541032 248
541544 508
542060 816
542572 1023
543088 1023
543600 1023
544116 1023
544628 1023
545148 992
545656 609
546176 224
546688 56
547204 143
547716 384
548232 655
548744 960
549260 1023
549772 1023
550288 1023
550800 1023
551316 1023
551828 799
552348 399
552856 56
553376 96
553888 240
554404 508
554916 816
555432 1023
555944 1023
556460 1023
556972 1023
557488 1023
558000 992
558516 608
559028 199
559544 56
560056 143
560576 384
561084 655
561604 963
562116 1023
562632 1023
563144 1023
563660 1023
564172 1023
564688 799
565200 408
565716 56
566228 96
566744 240
567256 504
567772 816
568284 1023
568804 1023
569312 1023
569832 1023
570344 1023
570860 992
571372 608
571888 199
572400 56
572916 143
573428 384
573944 655
574456 960
574972 1023
575484 1023
576000 1023
576512 1023
577032 1023
577540 798
578060 396
578572 56
579088 96
579600 248
580116 510
580628 824
581144 1023
581656 1023
582172 1023
582684 1023
583200 1023
583712 992
584228 608
584740 224
585260 56
585768 143
586288 384
586800 655
587316 963
587828 1023
588344 1023
588856 1023
589372 1023
589884 1023
590400 799
590912 401
591428 56
591940 96
592456 248
592968 508
593488 816
593996 1023
594516 1023
595028 1023
595544 1023
596056 1023
596572 967
597084 608
597600 193
598112 56
598628 152
599140 384
599656 664
600168 963
600684 1023
601196 1023
601716 1023
602224 1023
602744 1023
603256 799
603772 399
604284 56
604800 96
605312 248
605828 508
606340 816
606856 1023
607368 1023
607884 1023
608396 1023
608912 1023
609424 992
609944 608
610452 199
610972 56
611484 143
612000 384
612512 655
613028 966
613540 1023
614056 1023
614568 1023
615084 1023
615596 1023
616112 792
616624 391
617140 56
617652 96
618172 252
618680 512
619200 828
619712 1023
620228 1023
620744 1023
621256 1023
621772 1023
622284 972
622804 608
623312 193
623832 56
624340 152
624860 384
625372 668
625888 972
626400 1023
626916 1023
627428 1023
627944 1023
628456 1023
628972 796
629484 396
630000 56
630512 96
631032 248
631540 510
632060 824
632568 1023
633088 1023
633600 1023
634116 1023
634628 1023
635144 967
635656 591
636172 192
636684 56
637200 156
637712 384
638228 671
638740 972
639260 1023
639768 1023
640288 1023
640796 1023
641316 1023
641828 792
642344 387
642856 56
643372 96
643884 248
644400 512
644912 828
645428 1023
645940 1023
646456 1023
646968 1023
647488 1023
647996 992
648516 608
649024 195
649544 56
650056 152
650572 384
651084 664
651600 967
652112 1023
652628 1023
653140 1023
653656 1023
654168 1023
654684 783
655196 387
655716 48
656224 96
656744 252
657252 512
657772 828
658284 1023
658796 828
659316 1023
659828 1023
660344 1023
660856 1023
661372 1023
661884 967
662400 588
662912 192
663428 60
663940 152
664456 384
664968 670
665488 975
665996 1023
666516 1023
667024 1023
667544 1023
668056 1023
668572 775
669084 384
669600 48
670112 96
670628 254
671140 515
671656 831
672168 1023
672684 1023
673196 1023
673716 1023
674224 1023
674744 963
675252 588
675772 192
676284 60
676800 156
677312 384
677828 671
678340 992
678856 1023
679368 1023
679884 1023
680396 1023
680912 1023
681424 783
681944 384
682452 48
682972 96
683480 254
684000 519
684512 830
685028 1023
685540 1023
686056 1023
686568 1023
687084 1023
687596 960
688112 575
688624 192
689140 60
689652 158
690172 384
690680 671
691200 992
691708 1023
692228 1023
692740 1023
693256 1023
693768 1023
694284 775
694796 384
695312 48
695824 96
696340 254
696852 519
697368 831
697880 1023
698400 1023
698908 1023
699428 1023
699936 1023
700456 961
700968 583
701484 192
701996 60
702512 158
703024 384
703540 671
704052 992
704568 1023
705084 1023
705596 1023
706112 1023
706624 1023
707144 768
707652 384
708172 48
708680 96
709200 255
709712 527
710228 831
710740 1023
711256 1023
711768 1023
712284 1023
712796 1023
713312 960
713824 575
714340 192
714852 60
715372 159
715880 384
716400 679
716908 992
717428 1023
717940 1023
718456 1023
718968 1023
719484 1023
719996 775
720512 384
721024 48
721540 96
722052 255
722568 524
723080 831
723600 1023
724108 1023
724628 1023
725136 1023
725656 1023
726168 960
726684 574
727196 192
727712 60
728224 159
728740 384
729252 704
729768 992
730280 1023
730796 1023
731308 1023
731828 1023
732336 1023
732856 768
733364 384
733884 48
734396 96
734912 255
735424 526
735940 839
736452 1023
736968 1023
737480 1023
737996 1023
738508 1023
739028 960
739536 575
740056 192
740564 60
741084 159
741596 384
742112 679
742624 992
743140 1023
743652 1023
744168 1023
744680 1023
745196 1023
745708 768
746224 384
746736 48
747256 96
747764 255
748284 527
748792 839
749312 1023
749824 1023
750340 1023
750852 1023
751368 1023
751880 960
752396 574
752908 192
753424 60
753936 159
754452 384
754964 679
755484 992
755992 1023
756512 1023
757020 1023
757540 1023
758052 1023
758568 771
759080 384
759596 48
760108 96
760624 255
761136 524
761652 831
762164 1023
762680 1023
763192 1023
763712 1023
764220 1023
764740 960
765248 574
765768 176
766280 60
766796 159
767308 384
767824 704
768336 992
768852 1023
769364 1023
769880 1023
770392 1023
770908 1023
771420 768
771940 384
772448 48
772968 96
773476 255
773996 527
774508 831
775024 1023
775536 1023
776052 1023
776564 1023
777080 1023
777592 960
778108 575
778620 192
779136 60
779648 159
780168 384
780676 678
781196 992
781704 1023
782224 1023
782736 1023
783252 1023
783764 1023
784280 768
784792 384
785308 48
785820 96
786336 255
786848 527
787364 838
787876 1023
788396 1023
788904 1023
789424 1023
789932 1023
790460 159
790976 384
791488 704
792004 992
792516 1023
793032 1023
793544 1023
794064 1023
794572 1023
795092 768
795600 384
796120 48
796632 96
797148 255
797660 527
798176 839
798688 1023
799204 1023
799716 1023
800232 1023
800744 1023
801260 944
801772 568
802292 159
802800 60
803320 163
803828 387
804348 704
804860 992
805376 1023
805888 1023
806404 1023
806916 1023
807432 1023
807944 768
808460 384
808972 48
809488 96
810000 255
810520 536
811028 844
811548 1023
812056 1023
812576 1023
813088 1023
813604 1023
814116 960
814632 568
815144 163
815660 60
816172 159
816688 387
817200 704
817716 992
818228 1023
818748 1023
819256 1023
819776 1023
820284 1023
820804 768
821316 384
821832 48
822344 96
822860 263
823372 540
823888 864
824400 1023
824916 1023
825428 1023
825944 1023
826456 1023
826976 944
827484 568
828004 159
828512 60
829032 163
829544 390
830060 704
830572 1008
831088 1023
831600 1023
832116 1023
832628 1023
833144 1023
833656 768
834172 384
834684 48
835204 96
835712 255
836232 540
836740 846
837260 1023
837772 1023
838288 1023
838800 1023
839316 1023
839828 944
840344 560
840856 158
841372 62
841884 163
842400 396
842912 704
843432 1008
843940 1023
844460 1023
844968 1023
845488 1023
846000 1023
846516 768
847028 384
847544 48
848056 96
848572 263
849084 540
849600 864
850112 1023
850628 1023
851140 1023
851660 1023
852168 1023
852688 960
853196 568
853716 159
854228 60
854744 163
855256 390
855772 704
856284 993
856800 1023
857312 1023
857828 1023
858340 1023
858856 1023
859368 768
859888 352
860396 48
860916 112
861424 263
861944 543
862456 864
862972 1023
863484 1023
864000 1023
864512 1023
865028 1023
865540 944
866056 560
866568 159
867084 60
867596 163
868112 384
868624 704
869140 1008
869652 1023
870168 1023
870684 1023
871196 1023
871712 1023
872224 768
872744 384
873252 48
873772 96
874280 255
874800 540
875312 847
875828 1023
876340 1023
876856 1023
877368 1023
877884 1023
878396 944
878912 560
879424 158
879940 62
880452 163
880972 391
881480 704
882000 1008
882508 1023
883028 1023
883540 1023
884056 1023
884568 1023
885084 768
885596 352
886112 48
886624 96
887140 263
887652 542
888168 864
888680 1023
889200 1023
889708 1023
890228 1023
890736 1023
891256 960
891768 568
892284 159
892796 60
893312 163
893824 390
894340 704
894852 993
895368 1023
895880 1023
896396 1023
896908 1023
897428 1023
897936 768
898456 352
898964 48
899484 96
899996 263
900512 543
901024 864
901540 1023
902052 1023
902568 1023
903080 1023
903596 1023
904108 935
904624 551
905136 159
905656 62
906164 163
906684 391
907192 704
907712 1008
908224 1023
908740 1023
909252 1023
909768 1023
910280 1023
910796 768
911308 384
911824 48
912336 96
912852 255
913364 536
913884 847
914392 1023
914912 1023
915420 1023
915940 1023
916452 1023
916968 944
917480 560
917996 158
918508 60
919024 163
919536 391
920052 704
920564 995
921080 1023
921592 1023
922112 224
922624 56
923140 135
923652 352
924168 639
924680 960
925196 1023
925708 1023
926224 1023
926736 1023
927252 1023
927764 828
928284 448
928792 63
929312 96
929824 224
930340 496
930852 796
931368 1023
931880 1023
932396 1023
932908 1023
933424 1023
933936 1008
934452 636
934964 240
935480 56
935992 135
936512 352
937020 639
937540 960
938052 1023
938568 1023
939080 1023
939596 1023
940108 1023
940624 824
941136 415
941652 60
942164 96
942680 240
943192 496
943708 799
944220 1023
944740 1023
945248 1023
945768 1023
946280 1023
946796 1008
947308 632
947824 224
948336 56
948852 135
949364 352
949880 639
950392 960
950908 1023
951420 1023
951936 1023
952448 1023
952968 1023
953476 828
953996 432
954508 62
955024 96
955536 225
956052 496
956564 798
957080 1023
957592 1023
958108 1023
958620 1023
959136 1023
959648 992
960164 624
960676 224
961196 56
961704 140
962224 352
962736 639
963252 960
963764 1023
964280 1023
964792 1023
965308 1023
965820 1023
966336 816
966848 415
967364 60
967876 96
968392 240
968904 496
969424 799
969932 1023
970452 1023
970964 1023
971480 1023
971992 1023
972508 1008
973020 632
973536 224
974048 56
974564 135
975076 352
975592 639
976104 960
976620 1023
977132 1023
977652 1023
978160 1023
978680 1023
979192 816
979708 414
980220 60
980736 96
981248 240
981764 504
982276 799
982792 1023
983304 1023
983820 1023
984332 1023
984848 1023
985360 992
985880 624
986388 224
986908 56
987420 140
987936 352
988448 639
988964 960
989476 1023
989992 1023
990504 1023
991020 1023
991532 1023
992048 824
992560 419
993076 60
993588 96
994108 240
994616 496
995136 799
995648 1023
996164 1023
996676 1023
997192 1023
997704 1023
998220 992
998732 624
999248 224
999760 56
1000276 143
1000788 352
1001304 639
1001816 960
1002336 1023
1002844 1023
1003364 1023
1003876 1023
1004392 1023
1004904 816
1005420 414
1005932 60
1006448 96
1006960 240
1007476 496
1007988 803
1008504 1023
1009016 1023
1009532 1023
1010048 1023
1010560 1023
1011076 993
1011588 632
1012108 224
1012616 56
1013136 135
1013644 352
1014164 639
1014676 960
1015192 1023
1015704 1023
1016220 1023
1016732 1023
1017248 1023
1017760 816
1018276 414
1018788 56
1019304 96
1019816 240
1020336 504
1020844 799
1021364 1023
1021872 1023
1022392 1023
1022904 1023
1023420 1023
1023932 992
1024448 624
1024960 224
1025476 56
1025988 142
1026504 353
1027016 639
1027532 960
1028044 1023
1028564 1023
1029072 1023
1029592 1023
1030100 1023
1030620 816
1031132 415
1031648 60
1032160 96
1032676 240
1033188 496
1033704 799
1034216 1023
1034732 1023
1035244 1023
1035760 1023
1036272 1023
1036792 992
1037300 624
1037820 224
1038328 56
1038848 143
1039360 352
1039876 647
1040388 960
1040904 1023
1041416 1023
1041932 1023
1042444 1023
1042960 1023
1043472 807
1043988 412
1044500 60
1045020 96
1045528 240
1046048 504
1046556 799
1047076 1023
1047588 1023
1048104 1023
1048616 1023
1049132 1023
1049644 992
1050160 624
1050672 224
1051188 56
1051700 140
1052216 352
1052728 639
1053244 960
1053764 127
1054280 335
1054792 632
1055308 944
1055820 1023
1056340 1023
1056848 1023
1057368 1023
1057876 1023
1058396 835
1058908 448
1059424 63
1059936 76
1060452 224
1060964 480
1061480 783
1061992 1023
1062508 1023
1063020 1023
1063536 1023
1064048 1023
1064568 1016
1065076 639
1065596 240
1066104 56
1066624 127
1067136 352
1067652 636
1068164 944
1068680 1023
1069192 1023
1069708 1023
1070220 1023
1070736 1023
1071248 831
1071764 448
1072276 63
1072796 79
1073304 224
1073824 480
1074332 783
1074852 1023
1075364 1023
1075880 1023
1076392 1023
1076908 1023
1077420 1020
1077936 639
1078448 248
1078964 48
1079476 127
1079992 352
1080504 632
1081024 935
1081532 1023
1082052 1023
1082560 1023
1083080 1023
1083592 1023
1084108 831
1084620 448
1085136 63
1085648 79
1086164 224
1086676 480
1087192 792
1087704 1023
1088220 1023
1088732 1023
1089252 1023
1089760 1023
1090280 1008
1090788 639
1091308 240
1091820 56
1092336 127
1092848 352
1093364 636
1093876 944
1094392 1023
1094904 1023
1095420 1023
1095932 1023
1096448 1023
1096960 838
1097480 448
1097988 63
1098508 78
1099016 224
1099536 480
1100048 783
1100564 1023
1101076 1023
1101592 1023
1102104 1023
1102620 1023
1103132 1016
1103648 639
1104160 240
1104676 48
1105188 127
1105708 352
1106216 632
1106736 944
1107244 1023
1107764 1023
1108276 1023
1108792 1023
1109304 1023
1109820 830
1110332 448
1110848 63
1111360 79
1111876 224
1112388 480
1112904 792
1113416 1023
1113936 1023
1114444 1023
1114964 1023
1115472 1023
1115992 1016
1116504 639
1117020 248
1117532 56
1118048 127
1118560 335
1119076 632
1119588 935
1120104 1023
1120616 1023
1121132 1023
1121644 1023
1122164 1023
1122672 831
1123188 448
1123700 63
1124216 79
1124732 224
1125244 480
1125760 783
1126272 1023
1126792 1023
1127300 1023
1127820 1023
1128328 1023
1128848 1008
1129360 638
1129876 240
1130388 56
1130904 135
1131416 352
1131932 636
1132444 944
1132960 1023
1133472 1023
1133988 1023
1134500 1023
1135020 1023
1135528 831
1136048 448
1136556 63
1137076 78
1137588 224
1138104 480
1138616 783
1139132 1023
1139644 1023
1140160 1023
1140672 1023
1141188 1023
1141700 1016
1142216 639
1142728 240
1143248 56
1143756 127
1144276 352
1144784 632
1145304 944
1145816 1023
1146332 1023
1146844 1023
1147360 1023
1147872 1023
1148388 828
1148900 448
1149416 63
1149928 79
1150444 224
1150956 480
1151476 792
1151984 1023
1152504 1023
1153012 1023
1153532 1023
1154044 1023
1154560 1016
1155072 639
1155588 240
1156100 56
1156616 127
1157128 352
1157644 636
1158156 944
1158672 1023
1159184 1023
1159704 1023
1160212 1023
1160732 1023
1161240 831
1161760 448
1162272 63
1162788 79
1163300 224
1163816 480
1164328 783
1164844 1023
1165356 1023
1165872 1023
1166384 1023
1166900 1023
1167412 1008
1167932 632
1168440 240
1168960 56
1169468 135
1169988 352
1170500 638
1171016 960
1171528 1023
1172044 1023
1172556 1023
1173072 1023
1173584 1023
1174100 830
1174612 448
1175128 63
1175640 79
1176160 224
1176668 480
1177188 796
1177696 1023
1178216 1023
1178728 1023
1179244 1023
1179756 1023
1180272 1008
1180784 638
1181300 240
1181812 56
1182328 135
1182840 352
1183356 638
1183868 960
1184388 1023
1184896 1023
1185416 224
1185928 56
1186444 143
1186956 384
1187472 647
1187984 960
1188504 1023
1189012 1023
1189532 1023
1190040 1023
1190560 1023
1191072 799
1191588 399
1192100 56
1192616 96
1193128 240
1193644 508
1194156 816
1194672 1023
1195184 1023
1195700 1023
1196212 1023
1196732 1023
1197240 992
1197760 608
1198268 224
1198788 56
1199300 143
1199816 384
1200328 652
1200844 960
1201356 1023
1201872 1023
1202384 1023
1202900 1023
1203412 1023
1203928 806
1204440 414
1204960 56
1205468 96
1205988 240
1206496 504
1207016 816
1207528 1023
1208044 1023
1208560 1023
1209072 1023
1209588 1023
1210100 992
1210616 608
1211128 199
1211648 56
1212156 143
1212676 384
1213188 655
1213704 961
1214216 1023
1214732 1023
1215244 1023
1215760 1023
1216272 1023
1216788 799
1217300 399
1217816 56
1218328 96
1218844 248
1219356 504
1219876 816
1220384 1023
1220904 1023
1221416 1023
1221932 1023
1222444 1023
1222960 992
1223472 624
1223988 224
1224500 56
1225016 143
1225528 384
1226044 654
1226556 960
1227076 1023
1227584 1023
1228104 1023
1228616 1023
1229132 1023
1229644 799
1230160 399
1230672 56
1231188 96
1231700 248
1232216 508
1232728 816
1233244 1023
1233756 1023
1234272 1023
1234784 1023
1235304 1023
1235812 992
1236332 608
1236844 199
1237360 56
1237872 143
1238388 384
1238900 655
1239416 963
1239928 1023
1240444 1023
1240956 1023
1241472 1023
1241984 1023
1242500 799
1243012 408
1243532 56
1244040 96
1244560 248
1245072 504
1245588 816
1246100 1023
1246616 1023
1247128 1023
1247644 1023
1248156 1023
1248672 992
1249184 608
1249700 199
1250212 56
1250728 147
1251240 384
1251760 659
1252268 961
1252788 1023
1253300 1023
1253816 1023
1254328 1023
1254844 1023
1255356 796
1255872 391
1256384 56
1256900 96
1257412 248
1257928 510
1258440 824
1258956 1023
1259468 1023
1259988 1023
1260496 1023
1261016 1023
1261528 992
1262044 608
1262556 199
1263072 56
1263584 143
1264100 384
1264612 655
1265128 963
1265640 1023
1266156 1023
1266668 1023
1267184 1023
1267696 1023
1268216 799
1268724 399
1269244 56
1269756 96
1270272 248
1270784 508
1271300 824
1271812 1023
1272328 1023
1272840 1023
1273356 1023
1273868 1023
1274384 967
1274896 608
1275412 192
1275924 56
1276444 152
1276952 384
1277472 668
1277984 967
1278500 1023
1279012 1023
1279528 1023
1280040 1023
1280556 1023
1281068 798
1281584 396
1282096 56
1282612 96
1283124 248
1283640 511
1284152 824
1284672 1023
1285180 1023
1285700 1023
1286212 1023
1286728 1023
1287240 992
1287756 608
1288268 193
1288784 56
1289296 152
1289812 384
1290324 664
1290840 967
1291352 1023
1291868 1023
1292380 1023
1292900 1023
1293408 1023
1293928 783
1294440 385
1294956 48
1295468 96
1295984 252
1296496 513
1297012 830
1297524 1023
1298040 1023
1298552 1023
1299068 1023
1299580 1023
1300096 967
1300608 591
1301128 192
1301636 56
1302156 152
1302668 384
1303184 671
1303696 974
1304212 1023
1304724 1023
1305240 1023
1305752 1023
1306268 1023
1306780 796
1307296 387
1307808 56
1308324 96
1308836 252
1309356 512
1309864 828
1310384 1023
1310896 1023
1311412 1023
1311924 1023
1312440 1023
1312952 963
1313468 579
1313980 192
1314496 60
1315008 156
1315524 384
1316036 671
1316552 992
1317072 319
1317584 624
1318100 926
1318612 1023
1319128 1023
1319640 1023
1320156 1023
1320668 1023
1321184 847
1321696 449
1322212 71
1322728 71
1323240 224
1323756 480
1324268 771
1324788 1023
1325296 1023
1325816 1023
1326324 1023
1326844 1023
1327356 1023
1327872 655
1328384 255
1328900 48
1329412 127
1329928 327
1330440 624
1330956 927
1331468 1023
1331984 1023
1332496 1023
1333016 1023
1333524 1023
1334044 864
1334552 460
1335072 71
1335584 71
1336100 224
1336612 463
1337128 771
1337640 1023
1338156 1023
1338668 1023
1339184 1023
1339696 1023
1340212 1022
1340724 655
1341244 252
1341752 48
1342272 127
1342780 327
1343300 624
1343812 927
1344328 1023
1344840 1023
1345356 1023
1345868 1023
1346384 1023
1346896 847
1347412 451
1347924 71
1348440 71
1348952 224
1349472 480
1349980 771
1350500 1023
1351008 1023
1351528 1023
1352040 1023
1352556 1023
1353068 1023
1353584 655
1354096 255
1354612 48
1355124 127
1355640 323
1356152 624
1356668 926
1357180 1023
1357700 1023
1358208 1023
1358728 1023
1359236 1023
1359756 847
1360268 451
1360784 67
1361296 71
1361812 224
1362324 480
1362840 775
1363352 1023
1363868 1023
1364380 1023
1364896 1023
1365408 1023
1365928 1022
1366436 655
1366956 254
1367464 48
1367984 127
1368496 327
1369012 624
1369524 926
1370040 1023
1370552 1023
1371068 1023
1371580 1023
1372096 1023
1372608 864
1373124 455
1373636 78
1374156 71
1374664 224
1375184 480
1375692 768
1376212 1023
1376724 1023
1377240 1023
1377752 1023
1378268 1023
1378780 1023
1379296 655
1379808 255
1380324 48
1380836 127
1381352 327
1381864 624
1382384 927
1382892 1023
1383412 1023
1383920 1023
1384440 1023
1384952 1023
1385468 839
1385980 449
1386496 71
1387008 71
1387524 224
1388036 480
1388552 775
1389064 1023
1389580 1023
1390092 1023
1390612 1023
1391120 1023
1391640 1023
1392148 655
1392668 255
1393180 48
1393696 127
1394208 319
1394724 624
1395236 926
1395752 1023
1396264 1023
1396780 1023
1397292 1023
1397808 1023
1398320 847
1398840 449
1399348 71
1399868 71
1400376 224
1400896 480
1401408 771
1401924 1023
1402436 1023
1402952 1023
1403464 1023
1403980 1023
1404492 1022
1405008 647
1405520 254
1406036 48
1406548 127
1407068 327
1407576 624
1408096 927
1408604 1023
1409124 1023
1409636 1023
1410152 1023
1410664 1023
1411180 846
1411692 451
1412208 71
1412720 71
1413236 224
1413748 480
1414264 775
1414776 1023
1415296 1023
1415804 1023
1416324 1023
1416832 1023
1417352 1023
1417864 655
1418380 252
1418892 48
1419408 127
1419920 327
1420436 624
1420948 927
1421464 1023
1421976 1023
1422492 1023
1423004 1023
1423524 1023
1424032 838
1424552 448
1425060 67
1425580 76
1426092 224
1426608 480
1427120 775
1427636 1023
1428148 1023
1428664 1023
1429176 1023
1429692 1023
1430204 1022
1430720 647
1431232 254
1431752 48
1432260 127
1432780 327
1433288 624
1433808 927
1434320 1023
1434836 1023
1435348 1023
1435864 1023
1436376 1023
1436892 846
1437404 448
1437920 63
1438436 76
1438948 224
1439464 480
1439976 780
1440496 1023
1441004 1023
1441524 1023
1442032 1023
1442552 1023
1443064 1016
1443580 639
1444092 248
1444608 56
1445120 127
1445636 352
1446148 632
1446664 944
1447176 1023
1447692 1023
1448204 1023
1448720 240
1449232 504
1449748 807
1450260 1023
1450780 1023
1451288 1023
1451808 1023
1452316 1023
1452836 992
1453348 624
1453864 224
1454376 56
1454892 142
1455404 352
1455920 647
1456432 960
1456948 1023
1457460 1023
1457976 1023
1458488 1023
1459008 1023
1459516 816
1460036 414
1460544 56
1461064 96
1461576 240
1462092 504
1462604 803
1463120 1023
1463632 1023
1464148 1023
1464660 1023
1465176 1023
1465688 992
1466204 608
1466716 224
1467236 56
1467744 143
1468264 384
1468772 654
1469292 960
1469804 1023
1470320 1023
1470832 1023
1471348 1023
1471860 1023
1472376 803
1472888 412
1473404 56
1473916 96
1474432 240
1474944 504
1475464 816
1475972 1023
1476492 1023
1477000 1023
1477520 1023
1478032 1023
1478548 992
1479060 624
1479576 224
1480088 56
1480604 143
1481116 384
1481632 654
1482144 960
1482660 1023
1483172 1023
1483692 1023
1484200 1023
1484720 1023
1485228 799
1485748 399
1486260 56
1486776 96
1487292 248
1487804 510
1488320 824
1488832 1023
1489352 1023
1489860 1023
1490380 1023
1490892 1023
1491408 992
1491920 608
1492436 199
1492948 56
1493464 143
1493976 384
1494492 655
1495004 963
1495520 1023
1496032 1023
1496548 1023
1497060 1023
1497580 1023
1498088 799
1498608 399
1499120 56
1499636 96
1500148 248
1500664 510
1501176 816
1501692 1023
1502204 1023
1502720 1023
1503232 1023
1503748 1023
1504260 974
1504776 608
1505288 193
1505808 56
1506316 152
1506836 384
1507348 668
1507864 969
1508376 1023
1508892 1023
1509404 1023
1509920 1023
1510432 1023
1510948 796
1511460 396
1511976 56
1512488 96
1513004 248
1513516 510
1514036 824
1514544 1023
1515064 1023
1515576 1023
1516092 1023
1516604 1023
1517120 992
1517632 608
1518148 195
1518660 56
1519176 152
1519688 384
1520204 664
1520716 967
1521232 1023
1521744 1023
1522264 1023
1522772 1023
1523292 1023
1523804 792
1524320 387
1524832 56
1525348 96
1525860 252
1526376 512
1526888 828
1527404 1023
1527916 1023
1528432 1023
1528944 1023
1529464 1023
1529972 967
1530492 591
1531000 193
1531520 56
1532032 152
1532548 384
1533060 668
1533576 972
1534088 1023
1534604 1023
1535116 1023
1535632 1023
1536144 1023
1536660 798
1537172 396
1537688 56
1538200 96
1538720 248
1539228 510
1539748 824
1540260 1023
1540776 1023
1541288 1023
1541804 1023
1542316 1023
1542832 967
1543344 591
1543860 192
1544372 56
1544888 156
1545400 384
1545916 671
1546428 972
1546948 1023
1547456 1023
1547976 1023
1548488 1023
1549004 1023
1549516 783
1550032 385
1550544 56
1551060 96
1551572 252
1552088 513
1552600 828
1553116 1023
1553628 1023
1554144 1023
1554656 1023
1555176 1023
1555684 974
1556204 608
1556716 193
1557232 56
1557744 152
1558260 384
1558772 668
1559288 974
1559800 1023
1560316 1023
1560828 1023
1561344 1023
1561856 1023
1562372 783
1562884 385
1563404 48
1563912 96
1564432 254
1564944 513
1565460 830
1565972 1023
1566488 1023
1567000 1023
1567516 1023
1568028 1023
1568544 960
1569056 583
1569572 192
1570084 60
1570600 156
1571112 384
1571632 671
1572140 992
1572660 1023
1573172 1023
1573688 1023
1574200 1023
1574716 1023
1575228 792
1575744 387
1576256 56
1576772 96
1577284 252
1577800 512
1578312 828
1578828 1023
1579340 1023
1579860 1023
1580380 60
1580896 159
1581408 384
1581924 679
1582436 992
1582952 1023
1583464 1023
1583980 1023
1584492 1023
1585012 1023
1585520 769
1586040 384
1586548 48
1587068 96
1587580 255
1588096 527
1588608 831
1589124 1023
1589636 1023
1590152 1023
1590664 1023
1591180 1023
1591692 960
1592208 574
1592720 192
1593240 60
1593748 159
1594268 384
1594780 679
1595296 992
1595808 1023
1596324 1023
1596836 1023
1597352 1023
1597864 1023
1598380 771
1598892 384
1599408 48
1599920 96
1600440 255
1600948 519
1601468 831
1601976 1023
1602496 1023
1603008 1023
1603524 1023
1604036 1023
1604552 960
1605064 575
1605580 192
1606092 56
1606608 159
1607120 384
1607636 688
1608148 992
1608668 1023
1609176 1023
1609696 1023
1610204 1023
1610724 1023
1611236 768
1611752 384
1612264 48
1612780 96
1613292 255
1613808 527
1614320 831
1614836 1023
1615348 1023
1615864 1023
1616376 1023
1616896 1023
1617404 960
1617924 575
1618432 192
1618952 60
1619464 158
1619980 384
1620492 671
1621008 992
1621520 1023
1622036 1023
1622548 1023
1623064 1023
1623576 1023
1624092 771
1624604 384
1625124 48
1625632 96
1626152 255
1626660 524
1627180 831
1627692 1023
1628208 1023
1628720 1023
1629236 1023
1629748 1023
1630264 960
1630776 574
1631292 192
1631804 60
1632320 159
1632832 384
1633352 688
1633860 992
1634380 1023
1634888 1023
1635408 1023
1635920 1023
1636436 1023
1636948 775
1637464 384
1637976 48
1638492 96
1639004 255
1639520 524
1640032 831
1640548 1023
1641060 1023
1641580 1023
1642088 1023
1642608 1023
1643116 960
1643636 575
1644148 192
1644664 60
1645176 159
1645692 384
1646204 679
1646720 992
1647232 1023
1647748 1023
1648260 1023
1648776 1023
1649288 1023
1649808 768
1650316 384
1650836 48
1651344 96
1651864 255
1652376 527
1652892 839
1653404 1023
1653920 1023
1654432 1023
1654948 1023
1655460 1023
1655976 960
1656488 575
1657004 192
1657516 60
1658036 159
1658544 384
1659064 704
1659572 992
1660092 1023
1660604 1023
1661120 1023
1661632 1023
1662148 1023
1662660 771
1663176 384
1663688 48
1664204 96
1664716 255
1665232 527
1665744 831
1666264 1023
1666772 1023
1667292 1023
1667800 1023
1668320 1023
1668832 960
1669348 572
1669860 163
1670376 60
1670888 159
1671404 384
1671920 704
1672432 992
1672948 1023
1673460 1023
1673980 1023
1674488 1023
1675008 1023
1675516 768
1676036 384
1676548 48
1677064 96
1677576 255
1678092 527
1678604 839
1679120 1023
1679632 1023
1680148 1023
1680660 1023
1681176 1023
1681688 960
1682208 572
1682716 192
1683236 60
1683744 159
1684264 385
1684776 704
1685292 992
1685804 1023
1686320 1023
1686832 1023
1687348 1023
1687860 1023
1688376 768
1688888 384
1689404 48
1689916 96
1690436 255
1690944 536
1691464 847
1691972 1023
1692492 1023
1693004 1023
1693520 1023
1694032 1023
1694548 960
1695060 572
1695576 163
1696088 60
1696604 159
1697116 385
1697632 704
1698144 992
1698664 1023
1699172 1023
1699692 1023
1700200 1023
1700720 1023
1701232 768
1701748 384
1702260 48
1702776 96
1703288 255
1703804 536
1704316 839
1704832 1023
1705344 1023
1705860 1023
1706372 1023
1706892 1023
1707400 960
1707920 560
1708428 159
1708948 60
1709460 163
1709976 391
1710488 704
1711004 1008
1711516 1023
1712036 56
1712544 96
1713064 240
1713572 504
1714092 816
1714604 1023
1715120 1023
1715632 1023
1716148 1023
1716660 1023
1717176 992
1717688 608
1718204 199
1718716 56
1719232 143
1719744 384
1720264 655
1720772 960
1721292 1023
1721800 1023
1722320 1023
1722832 1023
1723348 1023
1723860 799
1724376 399
1724888 56
1725404 96
1725916 240
1726432 508
1726944 816
1727460 1023
1727972 1023
1728492 1023
1729000 1023
1729520 1023
1730028 992
1730548 609
1731060 224
1731576 56
1732092 143
1732604 384
1733120 652
1733632 960
1734152 1023
1734660 1023
1735180 1023
1735692 1023
1736208 1023
1736720 799
1737236 399
1737748 56
1738264 96
1738776 240
1739292 508
1739804 807
1740320 1023
1740832 1023
1741348 1023
1741860 1023
1742380 1023
1742888 992
1743408 608
1743920 224
1744436 56
1744948 143
1745464 384
1745976 654
1746492 960
1747004 1023
1747520 1023
1748032 1023
1748548 1023
1749060 1023
1749576 799
1750088 412
1750608 56
1751116 96
1751636 240
1752148 504
1752664 807
1753176 1023
1753692 1023
1754204 1023
1754720 1023
1755232 1023
1755748 992
1756260 608
1756776 204
1757288 56
1757804 143
1758316 384
1758836 655
1759344 960
1759864 1023
1760376 1023
1760892 1023
1761404 1023
1761920 1023
1762432 799
1762948 399
1763460 56
1763976 96
1764488 248
1765004 508
1765516 816
1766032 1023
1766544 1023
1767064 1023
1767572 1023
1768092 1023
1768604 992
1769120 608
1769632 224
1770148 56
1770660 143
1771176 384
1771688 652
1772204 960
1772716 1023
1773232 1023
1773744 1023
1774260 1023
1774772 1023
1775292 799
1775800 408
1776320 56
1776832 96
1777348 240
1777860 504
1778376 816
1778888 1023
1779404 1023
1779916 1023
1780432 1023
1780944 1023
1781460 974
1781972 608
1782488 199
1783000 56
1783520 143
1784028 384
1784548 655
1785060 960
1785576 1023
1786088 1023
1786604 1023
1787116 1023
1787632 1023
1788144 799
1788660 399
1789172 56
1789688 96
1790200 240
1790716 504
1791228 816
1791748 1023
1792256 1023
1792776 1023
1793288 1023
1793804 1023
1794316 992
1794832 608
1795344 224
1795860 56
1796372 143
1796888 384
1797400 654
1797916 960
1798428 1023
1798944 1023
1799456 1023
1799976 1023
1800484 1023
1801004 798
1801516 399
1802032 56
1802544 96
1803060 248
1803572 508
1804088 824
1804600 1023
1805116 1023
1805628 1023
1806144 1023
1806656 1023
1807172 992
1807684 608
1808204 199
1808712 56
1809232 143
1809744 384
1810260 655
1810772 960
1811288 1023
1811800 1023
1812316 1023
1812828 1023
1813344 1023
1813856 803
1814372 401
1814884 56
1815400 96
1815912 240
1816432 508
1816940 816
1817460 1023
1817972 1023
1818488 1023
1819000 1023
1819516 1023
1820028 992
1820544 608
1821056 195
1821572 56
1822084 147
1822600 384
1823112 664
1823628 967
1824140 1023
1824660 1023
1825168 1023
1825688 1023
1826200 1023
1826716 798
1827228 399
1827744 56
1828256 96
1828772 248
1829284 508
1829800 824
1830312 1023
1830828 1023
1831340 1023
1831856 1023
1832368 1023
1832888 992
1833396 608
1833916 199
1834428 56
1834944 143
1835456 384
1835972 655
1836484 960
1837000 1023
1837512 1023
1838028 1023
1838540 1023
1839056 1023
1839568 798
1840084 396
1840596 56
1841116 96
1841624 248
1842144 510
1842656 824
1843172 1023
1843688 271
1844204 547
1844716 864
1845232 1023
1845744 1023
1846260 1023
1846772 1023
1847292 1023
1847800 927
1848320 543
1848832 152
1849348 62
1849860 176
1850376 399
1850888 704
1851404 1016
1851916 1023
1852432 1023
1852944 1023
1853460 1023
1853972 1023
1854488 768
1855000 352
1855520 48
1856028 97
1856548 271
1857060 543
1857576 864
1858088 1023
1858604 1023
1859116 1023
1859632 1023
1860144 1023
1860660 927
1861172 543
1861688 142
1862200 62
1862716 192
1863228 399
1863748 704
1864256 1008
1864776 1023
1865288 1023
1865804 1023
1866316 1023
1866832 1023
1867344 768
1867860 352
1868372 48
1868888 112
1869400 271
1869916 547
1870428 864
1870944 1023
1871456 1023
1871976 1023
1872484 1023
1873004 1023
1873516 934
1874032 547
1874544 156
1875060 62
1875572 167
1876088 399
1876600 704
1877116 1008
1877628 1023
1878144 1023
1878656 1023
1879172 1023
1879684 1023
1880204 768
1880712 352
1881232 48
1881744 112
1882260 271
1882772 543
1883288 864
1883800 1023
1884316 1023
1884828 1023
1885344 1023
1885856 1023
1886372 926
1886884 543
1887400 143
1887912 62
1888432 192
1888940 399
1889460 705
1889972 1016
1890488 1023
1891000 1023
1891516 1023
1892028 1023
1892544 1023
1893056 768
1893572 352
1894084 48
1894600 112
1895112 271
1895628 543
1896140 864
1896660 1023
1897168 1023
1897688 1023
1898200 1023
1898716 1023
1899232 927
1899744 543
1900260 135
1900772 62
1901288 192
1901800 408
1902320 707
1902828 1016
1903348 1023
1903856 1023
1904376 1023
1904888 1023
1905404 1023
1905916 768
1906432 332
1906944 48
1907460 112
1907972 275
1908488 560
1909000 864
1909516 1023
1910028 1023
1910548 1023
1911056 1023
1911576 1023
1912084 927
1912604 542
1913116 143
1913632 62
1914144 192
1914660 408
1915172 704
1915688 1016
1916200 1023
1916716 1023
1917228 1023
1917744 1023
1918256 1023
1918776 768
1919284 352
1919804 48
1920312 112
1920832 280
1921344 551
1921860 864
1922372 1023
1922888 1023
1923400 1023
1923916 1023
1924428 1023
1924944 911
1925456 531
1925972 135
1926484 63
1927004 192
1927512 412
1928032 711
1928540 1016
1929060 1023
1929572 1023
1930088 1023
1930600 1023
1931116 1023
1931628 768
1932144 335
1932656 48
1933172 112
1933684 280
1934204 560
1934712 864
1935232 1023
1935740 1023
1936260 1023
1936772 1023
1937288 1023
1937800 926
1938316 536
1938828 135
1939344 63
1939856 192
1940372 414
1940884 711
1941400 1020
1941912 1023
1942432 1023
1942940 1023
1943460 1023
1943968 1023
1944488 736
1945000 319
1945516 48
1946028 112
1946544 286
1947056 568
1947572 896
1948084 1023
1948600 1023
1949112 1023
1949628 1023
1950140 1023
1950660 911
1951168 527
1951688 127
1952196 63
1952716 192
1953228 414
1953744 736
1954256 1020
1954772 1023
1955284 1023
1955800 1023
1956312 1023
1956828 1023
1957340 768
1957856 319
1958368 48
1958888 112
1959396 286
1959916 568
1960424 896
1960944 1023
1961456 1023
1961972 1023
1962484 1023
1963000 1023
1963512 908
1964028 515
1964540 126
1965056 63
1965568 192
1966084 419
1966596 736
1967116 1023
1967624 1023
1968144 1023
1968652 1023
1969172 1023
1969684 1023
1970200 736
1970712 319
1971228 48
1971740 112
1972256 287
1972768 572
1973284 896
1973796 1023
1974312 1023
1974824 1023
1975348 1023
1975860 1023
1976376 1023
1976888 899
1977408 511
1977916 124
1978436 63
1978948 192
1979464 432
1979976 768
1980492 1023
1981004 1023
1981520 1023
1982032 1023
1982548 1023
1983060 1023
1983576 711
1984088 316
1984604 48
1985116 112
1985636 291
1986144 574
1986664 896
1987176 1023
1987692 1023
1988204 1023
1988720 1023
1989232 1023
1989748 896
1990260 508
1990776 112
1991288 63
1991804 192
1992316 448
1992832 768
1993344 1023
1993864 1023
1994372 1023
1994892 1023
1995404 1023
1995920 1023
1996432 704
1996948 304
1997460 48
1997976 120
1998488 295
1999004 575
1999516 896
2000032 1023
2000544 1023
2001060 1023
2001572 1023
2002092 1023
2002600 899
2003120 510
2003632 120
2004148 63
2004660 192
2005176 448
2005688 768
2006204 1023
2006716 1023
2007232 1023
2007744 1023
2008260 1023
2008772 1023
2009288 704
2009800 304
2010320 48
2010828 120
2011348 304
2011860 575
2012376 896
2012888 1023
2013404 1023
2013916 1023
2014432 1023
2014944 1023
2015460 896
2015972 508
2016488 112
2017000 63
2017516 192
2018028 448
2018548 768
2019056 1023
2019576 1023
2020088 1023
2020604 1023
2021116 1023
2021632 1023
2022144 705
2022660 304
2023172 48
2023688 120
2024200 295
2024716 575
2025228 896
2025744 1023
2026256 1023
2026776 1023
2027284 1023
2027804 1023
2028316 896
2028832 504
2029344 112
2029860 63
2030372 192
2030888 448
2031400 768
2031916 1023
2032428 1023
2032944 1023
2033456 1023
2033972 1023
2034484 1023
2035004 704
2035512 304
2036032 48
2036544 120
2037060 304
2037572 582
2038088 896
2038600 1023
2039116 1023
2039628 1023
2040144 1023
2040656 1023
2041172 896
2041684 508
2042200 112
2042712 63
2043232 192
2043740 448
2044260 768
2044772 1023
2045288 1023
2045800 1023
2046316 1023
2046828 1023
2047344 1023
2047856 704
2048372 287
2048884 48
2049400 120
2049912 304
2050432 583
2050940 896
2051460 1023
2051968 1023
2052488 1023
2053000 1023
2053516 1023
2054028 896
2054544 496
2055056 112
2055572 63
2056084 192
2056600 448
2057112 768
2057628 1023
2058140 1023
2058656 1023
2059168 1023
2059688 1023
2060196 1023
2060716 704
2061228 304
2061744 48
2062256 120
2062772 304
2063284 575
2063800 896
2064312 1023
2064828 1023
2065340 1023
2065856 1023
2066368 1023
2066884 896
2067396 504
2067916 112
2068424 63
2068944 192
2069456 448
2069972 768
2070484 1023
2071000 1023
2071512 1023
2072028 1023
2072540 1023
2073056 1023
2073568 704
2074084 287
2074596 48
2075112 120
2075624 312
2076144 588
2076652 896
2077172 1023
2077684 1023
2078200 1023
2078712 1023
2079228 1023
2079740 896
2080256 504
2080768 112
2081284 63
2081796 192
2082312 448
2082824 768
2083340 1023
2083856 1023
2084368 1023
2084884 1023
2085396 1023
2085916 1023
2086424 704
2086944 287
2087452 48
2087972 120
2088484 312
2089000 591
2089512 897
2090028 1023
2090540 1023
2091056 1023
2091568 1023
2092084 1023
2092596 896
2093112 480
2093624 96
2094144 63
2094652 195
2095172 448
2095680 768
2096200 1023
2096712 1023
2097228 1023
2097740 1023
2098256 1023
2098768 1023
2099284 704
2099796 287
2100312 48
2100824 120
2101340 312
2101852 591
2102372 902
2102880 1023
2103400 1023
2103908 1023
2104428 1023
2104940 1023
2105456 896
2105968 496
2106484 96
2107000 1023
2107516 1023
2108028 1023
2108544 1023
2109056 1023
2109576 960
2110084 583
2110604 192
2111112 60
2111632 156
2112144 384
2112660 671
2113172 992
2113688 1023
2114200 1023
2114716 1023
2115228 1023
2115744 1023
2116256 787
2116772 385
2117284 56
2117804 96
2118312 252
2118832 515
2119340 828
2119860 1023
2120372 1023
2120888 1023
2121400 1023
2121916 1023
2122428 967
2122944 583
2123456 192
2123972 60
2124484 156
2125000 384
2125512 671
2126032 992
2126540 1023
2127060 1023
2127568 1023
2128088 1023
2128600 1023
2129116 771
2129628 384
2130144 48
2130656 96
2131172 255
2131684 519
2132200 831
2132712 1023
2133228 1023
2133740 1023
2134260 1023
2134768 1023
2135288 960
2135796 575
2136316 192
2136828 60
2137344 158
2137860 384
2138372 671
2138888 992
2139400 1023
2139920 1023
2140428 1023
2140948 1023
2141460 1023
2141976 775
2142488 384
2143004 48
2143516 96
2144032 255
2144544 524
2145060 831
2145572 1023
2146088 1023
2146600 1023
2147116 1023
2147628 1023
2148148 960
2148656 572
2149176 163
2149688 60
2150204 159
2150716 384
2151232 704
2151744 992
2152260 1023
2152772 1023
2153288 1023
2153800 1023
2154316 1023
2154828 768
2155344 384
2155856 48
2156376 96
2156884 255
2157404 527
2157916 839
2158432 1023
2158944 1023
2159460 1023
2159972 1023
2160488 1023
2161000 960
2161516 574
2162028 192
2162544 60
2163056 159
2163572 384
2164084 704
2164604 992
2165112 1023
2165632 1023
2166144 1023
2166660 1023
2167172 1023
2167688 768
2168200 384
2168716 48
2169228 96
2169744 255
2170256 536
2170772 847
2171284 1023
2171800 1023
2172312 1023
2172832 1023
2173340 1023
2173860 960
2174372 572
2174888 163
2175400 60
2175916 159
2176428 385
2176944 704
2177456 992
2177972 1023
2178484 1023
2179000 1023
2179512 1023
2180028 1023
2180540 768
2181060 384
2181568 48
2182088 96
2182600 255
2183116 536
2183628 839
2184144 1023
2184656 1023
2185172 1023
2185684 1023
2186200 1023
2186712 960
2187228 560
2187740 159
2188256 60
2188768 163
2189288 391
2189796 704
2190316 1008
2190828 1023
2191344 1023
2191856 1023
2192372 1023
2192884 1023
2193400 768
2193912 384
2194428 48
2194940 96
2195456 511
2195968 540
2196484 864
2196996 1023
2197516 1023
2198024 1023
2198544 1023
2199056 1023
2199572 960
2200084 568
2200600 159
2201112 60
2201628 159
2202140 387
2202656 704
2203168 992
2203684 1023
2204196 1023
2204712 1023
2205224 1023
2205744 1023
2206252 768
2206772 352
2207284 48
2207800 97
2208312 263
2208828 543
2209340 864
2209856 1023
2210368 1023
2210884 1023
2211396 1023
2211912 1023
2212424 944
2212940 560
2213452 159
2213972 60
2214480 163
2215000 391
2215512 704
2216028 1008
2216540 1023
2217056 1023
2217568 1023
2218084 1023
2218596 1023
2219112 768
2219624 384
2220140 48
2220652 96
2221168 255
2221680 540
2222200 864
2222708 1023
2223228 1023
2223740 1023
2224256 1023
2224768 1023
2225284 935
2225796 560
2226312 156
2226824 62
2227340 167
2227852 391
2228368 704
2228880 1008
2229396 1023
2229908 1023
2230428 1023
2230936 1023
2231456 1023
2231968 768
2232484 352
2232996 48
2233512 96
2234024 263
2234540 543
2235052 864
2235568 1023
2236080 1023
2236596 1023
2237108 1023
2237624 1023
2238136 960
2238652 1023
2239164 1023
2239680 1023
2240192 1023
2240712 864
2241220 480
2241740 78
2242252 71
2242768 224
2243280 455
2243796 768
2244308 1023
2244824 1023
2245336 1023
2245852 1023
2246364 1023
2246880 1023
2247392 655
2247908 255
2248420 48
2248940 127
2249448 319
2249968 624
2250480 926
2250996 1023
2251508 1023
2252024 1023
2252536 1023
2253052 1023
2253564 864
2254080 460
2254592 79
2255108 71
2255620 224
2256140 462
2256648 768
2257168 1023
2257680 1023
2258196 1023
2258708 1023
2259224 1023
2259736 1023
2260252 659
2260764 255
2261280 48
2261792 127
2262308 323
2262820 624
2263336 926
2263848 1023
2264368 1023
2264876 1023
2265396 1023
2265908 1023
2266424 844
2266936 449
2267452 71
2267964 71
2268480 224
2268992 480
2269508 775
2270020 1023
2270536 1023
2271048 1023
2271564 1023
2272076 1023
2272596 1023
2273104 655
2273624 255
2274136 48
2274652 127
2275164 327
2275680 624
2276192 927
2276708 1023
2277220 1023
2277736 1023
2278248 1023
2278764 1023
2279276 864
2279792 451
2280304 71
2280824 71
2281332 224
2281852 480
2282364 771
2282880 1023
2283392 1023
2283908 1023
2284420 1023
2284936 1023
2285448 1020
2285964 639
2286476 248
2286992 56
2287504 127
2288020 335
2288532 632
2289052 931
2289560 1023
2290080 1023
2290592 1023
2291108 1023
2291620 1023
2292136 839
2292648 448
2293164 67
2293676 71
2294192 224
2294704 480
2295220 775
2295732 1023
2296248 1023
2296760 1023
2297280 1023
2297788 1023
2298308 1023
2298820 655
2299336 252
2299848 48
2300364 127
2300876 327
2301392 624
2301904 927
2302420 1023
2302932 1023
2303448 1023
2303960 1023
2304476 1023
2304988 835
2305508 448
2306016 63
2306536 78
2307048 224
2307564 480
2308076 782
2308592 1023
2309104 1023
2309620 1023
2310132 1023
2310648 1023
2311160 1020
2311676 639
2312188 252
2312704 56
2313216 127
2313736 334
2314244 632
2314764 931
2315276 1023
2315792 1023
2316304 1023
2316820 1023
2317332 1023
2317848 844
2318360 448
2318876 63
2319388 71
2319904 224
2320416 480
2320932 780
2321444 1023
2321964 1023
2322472 1023
2322992 1023
2323504 1023
2324020 1016
2324532 639
2325048 248
2325560 56
2326076 127
2326588 335
2327104 632
2327616 927
2328132 1023
2328644 1023
2329160 1023
2329672 1023
2330192 1023
2330700 831
2331220 448
2331732 67
2332248 76
2332760 224
2333276 480
2333788 782
2334304 1023
2334816 1023
2335332 1023
2335844 1023
2336360 1023
2336872 1022
2337388 647
2337900 252
2338416 48
2338932 127
2339444 327
2339960 632
2340472 927
2340992 1023
2341500 1023
2342020 1023
2342528 1023
2343048 1023
2343560 831
2344076 448
2344588 63
2345104 78
2345616 224
2346132 480
2346644 783
2347160 1023
2347672 1023
2348188 1023
2348700 1023
2349220 1023
2349728 1016
2350248 639
2350756 248
2351276 56
2351788 127
2352304 335
2352816 632
2353332 935
2353844 1023
2354360 1023
2354872 1023
2355388 1023
2355900 1023
2356416 839
2356928 448
2357448 67
2357956 71
2358476 224
2358984 480
2359504 782
2360016 1023
2360532 1023
2361044 1023
2361560 1023
2362072 1023
2362588 1016
2363100 639
2363616 240
2364128 56
2364644 127
2365156 335
2365676 632
2366184 931
2366704 1023
2367212 1023
2367732 1023
2368244 1023
2368760 1023
2369272 831
2369788 448
2370308 120
2370824 304
2371336 583
2371856 896
2372364 1023
2372884 1023
2373396 1023
2373912 1023
2374424 1023
2374940 896
2375452 508
2375968 112
2376480 63
2376996 192
2377508 448
2378024 768
2378536 1023
2379052 1023
2379564 1023
2380084 1023
2380592 1023
2381112 1023
2381624 704
2382140 291
2382652 48
2383168 120
2383680 304
2384196 583
2384708 896
2385224 1023
2385736 1023
2386252 1023
2386764 1023
2387280 1023
2387792 896
2388308 496
2388820 112
2389336 63
2389852 192
2390364 448
2390880 768
2391392 1023
2391908 1023
2392420 1023
2392940 1023
2393448 1023
2393968 1023
2394480 704
2394996 295
2395508 48
2396024 120
2396536 304
2397052 583
2397564 896
2398080 1023
2398592 1023
2399108 1023
2399620 1023
2400136 1023
2400648 896
2401168 496
2401676 112
2402196 63
2402708 192
2403224 448
2403736 768
2404252 1023
2404764 1023
2405280 1023
2405792 1023
2406308 1023
2406820 1023
2407336 704
2407848 287
2408364 48
2408876 120
2409396 312
2409904 591
2410424 903
2410936 1023
2411452 1023
2411964 1023
2412480 1023
2412992 1023
2413508 896
2414020 496
2414536 96
2415048 63
2415564 193
2416076 448
2416592 768
2417104 1023
2417624 1023
2418132 1023
2418652 1023
2419164 1023
2419680 1023
2420192 704
2420708 287
2421220 48
2421736 120
2422248 312
2422764 591
2423276 899
2423792 1023
2424304 1023
2424820 1023
2425332 1023
2425852 1023
2426360 896
2426880 480
2427392 96
2427908 67
2428420 199
2428936 448
2429448 768
2429964 1023
2430476 1023
2430992 1023
2431504 1023
2432020 1023
2432532 1023
2433048 704
2433560 286
2434080 48
2434588 124
2435108 316
2435620 608
2436136 903
2436648 1023
2437164 1023
2437676 1023
2438192 1023
2438704 1023
2439220 896
2439732 496
2440248 96
2440760 67
2441276 199
2441788 448
2442308 768
2442816 1023
2443336 1023
2443848 1023
2444364 1023
2444876 1023
2445392 1023
2445904 671
2446420 271
2446932 48
2447448 124
2447960 318
2448476 608
2448988 911
2449504 1023
2450016 1023
2450536 1023
2451044 1023
2451564 1023
2452076 880
2452592 480
2453104 96
2453620 67
2454132 199
2454648 449
2455160 768
2455676 1023
2456188 1023
2456704 1023
2457216 1023
2457732 1023
2458244 1023
2458764 675
2459272 275
2459792 48
2460304 124
2460820 318
2461332 608
2461848 911
2462360 1023
2462876 1023
2463388 1023
2463904 1023
2464416 1023
2464932 864
2465444 480
2465960 96
2466472 71
2466992 224
2467500 451
2468020 768
2468532 1023
2469048 1023
2469560 1023
2470076 1023
2470588 1023
2471104 1023
2471616 671
2472132 270
2472644 48
2473160 126
2473672 318
2474188 608
2474700 911
2475220 1023
2475728 1023
2476248 1023
2476760 1023
2477276 1023
2477788 880
2478304 480
2478816 96
2479332 70
2479844 199
2480360 449
2480872 768
2481388 1023
2481900 1023
2482416 1023
2482928 1023
2483448 1023
2483956 1023
2484476 670
2484988 263
2485504 48
2486016 126
2486532 319
2487044 608
2487560 920
2488072 1023
2488588 1023
2489100 1023
2489616 1023
2490128 1023
2490644 864
2491156 480
2491676 96
2492184 70
2492704 206
2493216 451
2493732 768
2494244 1023
2494760 1023
2495272 1023
2495788 1023
2496300 1023
2496816 1023
2497328 671
2497844 271
2498356 48
2498872 124
2499384 318
2499904 608
2500412 911
2500932 1023
2501444 1023
2501956 975
2502468 1023
2502984 1023
2503496 1023
2504012 1023
2504524 1023
2505040 792
2505552 391
2506072 56
2506580 96
2507100 252
2507612 511
2508128 828
2508640 1023
2509156 1023
2509668 1023
2510184 1023
2510696 1023
2511212 963
2511724 588
2512240 192
2512752 56
2513268 156
2513780 384
2514300 671
2514808 972
2515328 1023
2515840 1023
2516356 1023
2516868 1023
2517384 1023
2517896 783
2518412 384
2518924 56
2519440 96
2519952 252
2520468 513
2520980 828
2521500 1023
2522008 1023
2522528 1023
2523040 1023
2523556 1023
2524068 972
2524584 591
2525096 193
2525612 56
2526124 152
2526640 384
2527152 668
2527668 972
2528180 1023
2528696 1023
2529208 1023
2529728 1023
2530236 1023
2530756 783
2531268 385
2531784 48
2532296 96
2532812 252
2533324 515
2533840 828
2534356 1023
2534868 1023
2535384 1023
2535896 1023
2536412 1023
2536924 960
2537444 583
2537952 192
2538472 60
2538984 156
2539500 384
2540012 671
2540528 992
2541040 1023
2541556 1023
2542068 1023
2542584 1023
2543096 1023
2543612 783
2544124 387
2544640 56
2545152 96
2545672 252
2546180 512
2546700 828
2547212 1023
2547728 1023
2548240 1023
2548756 1023
2549268 1023
2549784 967
2550296 590
2550812 192
2551324 56
2551840 156
2552352 384
2552868 671
2553380 974
2553900 1023
2554408 1023
2554928 1023
2555440 1023
2555956 1023
2556468 775
2556984 384
2557496 56
2558012 96
2558524 252
2559040 518
2559552 830
2560068 1023
2560580 1023
2561096 1023
2561608 1023
2562128 1023
2562636 967
2563156 588
2563668 192
2564184 60
2564696 152
2565212 384
2565724 670
2566240 975
2566752 1023
2567268 1023
2567780 1023
2568296 1023
2568808 1023
2569324 783
2569836 384
2570356 48
2570864 96
2571384 254
2571896 513
2572412 830
2572924 1023
2573440 1023
2573952 1023
2574468 1023
2574980 1023
2575496 960
2576008 575
2576524 192
2577036 60
2577552 158
2578064 384
2578584 671
2579092 992
2579612 1023
2580124 1023
2580640 1023
2581152 1023
2581668 1023
2582180 783
2582696 384
2583208 56
2583724 96
2584236 254
2584752 519
2585264 831
2585780 1023
2586292 1023
2586812 1023
2587320 1023
2587840 1023
2588352 963
2588868 579
2589380 192
2589896 60
2590408 158
2590924 384
2591436 671
2591952 992
2592464 1023
2592980 1023
2593492 1023
2594008 1023
2594520 1023
2595040 769
2595548 384
2596068 48
2596580 96
2597096 255
2597608 524
2598124 831
2598636 1023
2599152 1023
2599664 1023
2600180 1023
2600692 1023
2601208 960
2601720 575
2602236 192
2602748 60
2603268 158
2603776 384
2604296 678
2604808 992
2605324 1023
2605836 1023
2606352 1023
2606864 1023
2607380 1023
2607892 775
2608408 384
2608920 48
2609436 96
2609948 255
2610464 524
2610976 831
2611496 1023
2612004 1023
2612524 1023
2613036 1023
2613552 1023
2614064 960
2614580 572
2615092 192
2615608 60
2616120 159
2616636 384
2617148 704
2617664 992
2618176 1023
2618692 1023
2619204 1023
2619724 1023
2620232 1023
2620752 769
2621264 384
2621780 48
2622292 96
2622808 255
2623320 524
2623836 831
2624348 1023
2624864 1023
2625376 1023
2625892 1023
2626404 1023
2626920 960
2627432 575
2627952 192
2628460 60
2628980 159
2629492 384
2630008 704
2630520 992
2631036 1023
2631548 1023
2632064 1023
2632576 1023
2633092 1023
