216 96
428 71
640 56
852 35
1068 24
1284 17
1496 19
1708 28
1920 39
2140 56
2352 71
2564 96
2776 113
2988 127
3208 152
3420 159
3632 167
3844 167
4056 167
4276 159
4488 143
4700 127
4912 103
5124 88
5344 63
5556 46
5768 30
5980 24
6192 17
6412 24
6624 31
6836 48
7048 63
7268 88
7480 103
7692 127
7904 143
8116 158
8336 167
8548 167
8760 167
8972 159
9184 152
9400 127
9616 113
9828 96
10040 71
10252 51
10468 35
10684 24
10896 17
11108 19
11320 28
11536 39
11748 60
11964 78
12176 97
12392 120
12604 135
12816 152
13028 159
13244 167
13460 167
13672 167
13884 156
14096 142
14308 124
14528 99
14740 79
14952 60
15164 39
15376 28
15596 17
15808 15
16020 24
16232 31
16444 49
16664 67
16876 88
17088 112
17300 127
17520 143
17732 159
17944 167
18156 167
18368 167
18588 159
18800 145
19012 127
19224 112
19436 88
19652 63
19868 48
20080 31
20292 24
20504 17
20720 24
20932 31
21148 39
21360 62
21572 81
21788 103
22000 124
22212 135
22428 156
22644 163
22856 167
23068 167
23280 163
23492 152
23712 135
23924 120
24136 97
24348 76
24560 56
24780 39
24992 28
25204 17
25416 19
25628 24
25848 35
26060 56
26272 71
26484 96
26704 113
26916 127
27128 152
27340 159
27552 167
27772 167
27984 167
28196 159
28408 143
28620 127
28840 103
29052 88
29264 63
29476 48
29688 31
29908 24
30120 17
30332 24
30544 31
30756 48
30976 63
31188 83
31400 103
31612 126
31828 143
32044 158
32256 163
32468 167
32680 167
32896 159
33108 152
33324 135
33536 115
33748 96
33964 71
34176 51
34388 31
34604 24
34816 15
35032 17
35244 28
35456 39
35668 56
35884 71
36100 96
36312 120
36524 135
36736 152
36956 159
37168 167
37380 167
37592 163
37804 156
38024 142
38236 124
38448 103
38660 79
38872 60
39092 39
39304 28
39516 17
39728 15
39940 24
40160 31
40372 49
40584 67
40796 88
41008 112
41228 127
41440 143
41652 159
41864 167
42084 167
42296 167
42508 159
42720 147
42932 127
43152 112
43364 88
43576 63
43788 48
44000 31
44220 24
44432 17
44644 24
44856 30
45068 39
45284 62
45500 81
45712 99
45924 124
46136 140
46352 156
46568 163
46780 167
46992 167
47208 163
47420 156
47632 135
47848 120
48060 99
48276 78
48488 56
48700 39
48912 28
49128 17
49344 17
49556 28
49768 35
49980 56
50192 71
50412 96
50624 113
50836 127
51048 147
51260 159
51480 167
51692 167
51904 167
52116 159
52336 143
52548 127
52760 108
52972 88
53184 63
53404 39
53616 30
53828 19
54040 15
54252 24
54468 31
54684 48
54900 163
55112 156
55324 135
55536 120
55756 97
55968 78
56180 56
56392 39
56604 24
56824 17
57036 17
57248 28
57460 35
57680 56
57892 71
58104 96
58316 113
58528 127
58748 152
58960 159
59172 167
59384 167
59596 167
59816 159
60028 143
60240 127
60452 103
60664 88
60880 63
61096 39
61308 30
61520 19
61732 15
61948 24
62164 31
62376 48
62588 63
62804 88
63016 103
63228 127
63444 143
63656 158
63872 163
64084 167
64296 167
64508 159
64724 152
64940 127
65152 112
65364 92
65576 71
65788 49
66008 31
66220 24
66432 17
66644 24
66864 30
67076 39
67288 60
67500 79
67712 99
67932 120
68144 135
68356 152
68568 163
68780 167
69000 167
69212 163
69424 156
69636 142
69848 124
70068 99
70280 79
70492 60
70704 39
70916 28
71136 19
71348 19
71560 28
71772 35
71992 51
72204 71
72416 92
72628 112
72840 127
73060 147
73272 159
73484 167
73696 167
73908 167
74124 159
74340 147
74552 127
74764 112
74976 88
75192 63
75404 48
75620 31
75832 24
76044 15
76260 24
76472 31
76684 46
76900 63
77116 83
77328 103
77540 124
77752 142
77964 156
78184 163
78396 167
78608 167
78820 159
79032 152
79252 135
79464 115
79676 96
79888 71
80100 56
80320 35
80532 24
80744 15
80956 17
81168 28
81388 39
81600 56
81812 71
82024 96
82244 120
82456 135
82668 152
82880 159
83092 167
83312 167
83524 163
83736 156
83948 143
84160 124
84380 99
84592 79
84804 60
85016 39
85228 28
85448 19
85660 17
85872 24
86084 31
86296 49
86516 67
86728 88
86940 112
87152 127
87368 145
87584 159
87796 167
88008 167
88220 167
88436 159
88648 147
88864 127
89076 112
89288 92
89504 63
89716 48
89928 31
90144 24
90356 17
90572 24
90784 31
90996 39
91208 62
91424 79
91640 103
91852 124
92064 142
92276 156
92496 163
92708 167
92920 167
93132 163
93344 156
93564 135
93776 120
93988 97
94200 78
94412 56
94632 39
94844 24
95056 17
95268 17
95480 28
95700 35
95912 56
96124 71
96336 96
96548 115
96768 127
96980 152
97192 159
97404 167
97620 167
97832 167
98048 159
98260 143
98472 127
98688 103
98900 81
99112 62
99328 39
99540 28
99756 17
99968 15
100180 24
100392 31
100608 48
100824 63
101036 88
101248 103
101460 127
101680 143
101892 159
102104 167
102316 167
102528 167
102748 159
102960 152
103172 127
103384 112
103596 92
103816 63
104028 48
104240 31
104452 24
104664 15
104884 24
105096 30
105308 39
105520 60
105732 79
105952 99
106164 120
106376 135
106588 156
106808 163
107020 167
107232 167
107444 163
107656 156
107876 135
108088 120
108300 97
108512 78
108724 56
108944 39
109156 24
109368 17
109584 24
109796 31
110008 48
110228 63
110440 83
110652 103
110864 126
111076 143
111296 156
111508 163
111720 167
111932 167
112144 159
112364 152
112576 127
112788 113
113000 96
113220 71
113432 49
113644 31
113856 24
114068 15
114288 24
114500 28
114712 39
114924 56
115136 78
115356 97
115568 120
115780 135
115992 152
116204 159
116424 167
116636 167
116848 167
117060 156
117276 142
117492 124
117704 103
117916 79
118128 60
118344 39
118560 28
118772 17
118984 17
119196 24
119412 35
119624 51
119840 67
120052 92
120264 112
120480 127
120692 147
120904 159
121120 167
121332 167
121548 167
121760 159
121972 147
122184 127
122404 112
122616 88
122828 63
123040 48
123252 31
123472 24
123684 15
123896 24
124108 31
124320 46
124540 63
124752 81
124964 103
125176 126
125388 142
125608 156
125820 163
126032 167
126244 167
126456 163
126676 152
126888 135
127100 115
127312 96
127532 71
127744 51
127956 33
128168 24
128380 15
128600 17
128812 28
129024 39
129236 56
129448 71
129668 96
129880 120
130092 135
130304 152
130516 159
130736 167
130948 167
131160 163
131372 156
131584 142
131800 124
132016 99
132228 79
132440 60
132656 39
132868 28
133084 17
133296 17
133508 24
133724 35
133936 49
134148 67
134364 92
134576 112
134792 127
135004 147
135216 159
135428 167
135644 167
135860 167
136072 159
136284 145
136496 127
136708 112
136928 88
137140 63
137352 48
137564 31
137784 24
137996 15
138208 24
138420 31
138632 44
138852 63
139064 83
139276 103
139488 124
139700 142
139920 158
140132 167
140344 167
140556 167
140768 163
140988 156
141200 135
141412 120
141624 97
141836 71
142052 56
142264 35
142476 24
142688 17
142908 17
143120 28
143332 39
143544 56
143756 71
143976 96
144188 113
144400 127
144612 152
144824 159
145040 167
145256 167
145468 167
145680 159
145892 143
146108 127
146324 103
146536 83
146748 63
146960 39
147176 28
147388 15
147604 15
147816 24
148032 31
148244 48
148456 63
148668 88
148884 108
149100 127
149312 143
149524 159
149736 167
149948 167
150168 167
150380 159
150592 152
150804 127
151016 112
151236 89
151448 63
151660 48
151872 31
152092 19
152304 15
152516 24
152728 30
152940 39
153160 62
153372 79
153584 99
153796 124
154008 140
154228 156
154440 163
154652 167
154864 167
155076 163
155296 156
155508 135
155720 120
155932 97
156144 76
156364 56
156576 35
156788 24
157000 17
157220 19
157432 28
157644 35
157856 56
158068 71
158284 96
158500 115
158712 127
158924 152
159136 159
159352 167
159568 172
159780 167
159992 159
160204 143
160420 127
160632 103
160848 88
161060 63
161272 46
161488 30
161700 19
161912 17
162128 24
162344 31
162556 48
162768 63
162980 88
163192 103
163412 127
163624 143
163836 159
164048 167
164256 167
164468 159
164680 152
164900 135
165112 115
165324 96
165536 71
165748 56
165968 31
166180 24
166392 15
166604 19
166816 28
167036 39
167248 56
167460 71
167672 96
167884 120
168104 135
168316 152
168528 159
168740 167
168960 167
169172 167
169384 159
169596 142
169808 126
170024 103
170240 79
170452 60
170664 39
170876 28
171092 19
171308 17
171520 24
171732 31
171944 49
172160 67
172372 92
172588 112
172800 127
173012 145
173228 159
173440 167
173652 172
173868 167
174084 159
174296 152
174508 127
174720 112
174932 88
175152 63
175364 48
175576 31
175788 24
176000 15
176220 24
176432 31
176644 36
176856 63
177068 79
177288 103
177500 124
177712 142
177924 156
178144 163
178356 167
178568 167
178780 163
178992 152
179212 135
179424 120
179636 96
179848 71
180060 56
180280 35
180492 24
180704 15
180916 17
181128 28
181348 39
181560 56
181772 71
181984 96
182196 115
182416 135
182628 152
182840 159
183052 167
183268 167
183484 167
183696 158
183908 143
184120 124
184336 103
184548 79
184764 60
184976 39
185188 28
185404 17
185616 17
185828 24
186044 31
186256 51
186472 67
186684 92
186896 112
187108 127
187324 143
187540 159
187752 167
187964 167
188176 167
188396 159
188608 145
188820 127
189032 112
189244 92
189464 63
189676 48
189888 31
190100 24
190312 15
190532 24
190744 31
190956 44
191168 62
191380 79
191600 103
191812 124
192024 142
192236 156
192448 167
192668 167
192880 167
193092 163
193304 156
193524 135
193736 120
193948 96
194160 71
194372 56
194592 35
194804 24
195016 15
195228 17
195440 24
195660 39
195872 56
196084 71
196296 96
196508 115
196724 127
196940 152
197152 159
197364 167
197576 167
197792 167
198008 159
198220 143
198432 126
198648 103
198860 81
199072 62
199288 39
199500 28
199716 17
199928 15
200140 24
200352 31
200568 48
200784 63
200996 88
201208 112
201420 127
201632 143
201852 159
202064 167
202276 167
202488 167
202700 159
202920 147
203132 127
203344 112
203556 88
203776 63
203988 48
204200 31
204412 19
204624 15
204844 24
205056 30
205268 39
205480 63
205692 79
205908 103
206124 124
206336 142
206548 156
206760 163
206976 167
207192 167
207404 163
207616 156
207828 135
208044 120
208256 96
208472 71
208684 56
208900 35
209112 24
209324 17
209536 17
209752 28
209968 39
210180 56
210392 71
210604 96
210816 120
211036 135
211248 152
211460 159
211672 167
211884 172
212104 167
212316 159
212528 143
212740 127
212960 103
213172 79
213384 63
213596 39
213808 28
214028 19
214240 17
214452 24
214664 31
214876 48
215096 63
215308 88
215520 110
215732 127
215944 143
216164 159
216376 167
216588 174
216800 167
217012 159
217232 152
217444 127
217656 112
217868 92
218088 63
218300 48
218512 31
218724 24
218932 19
219152 28
219364 39
219576 56
219788 78
220000 97
220220 120
220432 135
220644 152
220856 163
221068 167
221288 167
221500 163
221712 156
221924 142
222136 124
222356 99
222568 79
222780 60
222992 39
223204 24
223420 17
223636 17
223848 24
224060 31
224276 56
224488 71
224704 94
224916 112
225128 127
225344 152
225556 159
225768 167
225984 167
226196 167
226412 159
226624 147
226836 127
227048 112
227264 88
227480 63
227692 48
227904 31
228116 24
228328 15
228548 24
228760 31
228972 46
229184 63
229404 83
229616 103
229828 126
230040 143
230252 158
230472 167
230684 167
230896 167
231108 163
231320 152
231540 135
231752 120
231964 96
232176 71
232388 56
232608 31
232820 24
233032 15
233244 19
233464 28
233676 39
233888 56
234100 78
234312 97
234532 120
234744 135
234956 152
235168 159
235380 167
235600 167
235812 163
236024 156
236236 142
236448 124
236664 99
236880 79
237092 60
237304 39
237516 24
237732 15
237948 15
238160 24
238372 35
238588 51
238800 71
239012 92
239228 112
239440 127
239656 147
239868 159
240080 167
240292 167
240508 167
240724 159
240936 143
241148 127
241360 110
241572 88
241792 63
242004 48
242216 31
242428 24
242640 15
242860 24
243072 31
243284 48
243496 63
243716 88
243928 103
244140 126
244352 143
244564 158
244784 167
244996 167
245208 167
245420 163
245632 152
245852 135
246064 120
246276 96
246488 71
246700 56
246920 35
247132 24
247344 17
247556 19
247768 28
247988 39
248200 56
248412 78
248624 96
248840 120
249056 135
249268 152
249480 159
249692 167
249908 167
250124 167
250336 158
250548 143
250760 124
250976 103
251188 79
251404 60
251616 39
251828 28
252044 19
252256 17
252468 24
252684 31
252896 49
253112 63
253324 88
253536 112
253748 127
253968 147
254180 159
254392 167
254604 167
254816 167
255036 159
255248 145
255460 127
255672 110
255884 88
256104 63
256316 48
256528 31
256740 17
256952 15
257172 24
257384 30
257596 46
257808 63
258020 79
258240 103
258452 124
258664 143
258876 158
259096 163
259308 167
259520 167
259732 159
259944 152
260164 127
260376 115
260588 96
260800 71
261012 56
261232 31
261444 24
261656 17
261868 19
262080 28
262300 39
262512 56
262724 76
262936 96
263148 120
263368 135
263580 152
263792 163
264004 167
264220 167
264432 167
264648 158
264860 143
265072 126
265288 103
265500 79
265712 62
265928 39
266140 28
266356 19
266568 17
266780 24
266992 31
267208 49
267424 67
267636 92
267848 112
268060 127
268280 143
268492 159
268704 167
268916 172
269128 167
269348 159
269560 152
269772 127
269984 112
270196 92
270416 63
270628 48
270840 31
271052 24
271264 15
271484 24
271696 31
271908 39
272120 63
272332 79
272552 103
272764 124
272976 142
273188 156
273408 163
273616 167
273828 167
274040 159
274260 152
274472 127
274684 112
274896 88
275116 63
275328 48
275540 31
275752 24
275964 15
276184 24
276396 30
276608 39
276820 62
277032 79
277252 103
277464 124
277676 142
277888 156
278100 163
278316 167
278532 167
278744 159
278956 152
279172 135
279384 120
279600 96
279812 71
280024 56
280240 35
280452 24
280664 15
280880 17
281092 28
281308 39
281520 56
281732 76
281944 96
282160 120
282376 135
282588 152
282800 163
283012 167
283224 167
283444 167
283656 158
283868 143
284080 124
284300 103
284512 79
284724 60
284936 39
285148 28
285368 17
285580 15
285792 24
286004 31
286216 49
286436 67
286648 92
286860 112
287072 127
287284 145
287504 159
287716 167
287928 172
288140 167
288352 159
288572 152
288784 127
288996 112
289208 92
289428 63
289640 48
289852 31
290064 24
290276 17
290496 24
290708 31
290920 39
291132 63
291344 79
291560 103
291776 124
291988 142
292200 156
292412 163
292628 167
292844 167
293056 163
293268 153
293480 135
293696 120
293908 96
294124 71
294336 56
294552 35
294764 24
294976 15
295188 17
295404 28
295620 39
295832 56
296044 71
296256 96
296468 115
296688 135
296900 152
297112 159
297324 167
297536 167
297756 167
297968 158
298180 143
298392 124
298604 103
298824 79
299036 60
299248 39
299460 28
299680 15
299892 15
300104 24
300316 31
300528 48
300748 67
300960 88
301172 112
301384 127
301596 143
301816 159
302028 167
302240 167
302452 167
302664 159
302884 147
303096 127
303308 112
303520 88
303732 63
303952 48
304164 31
304376 24
304588 15
304804 24
305020 31
305232 46
305444 63
305656 83
305872 103
306084 126
306300 143
306512 156
306724 167
306940 167
307152 167
307364 163
307580 152
307792 135
308008 120
308220 96
308432 71
308644 56
308860 35
309076 24
309288 15
309500 24
309712 28
309932 39
310144 56
310356 71
310568 96
310780 120
311000 135
311212 152
311424 163
311636 167
311848 172
312068 167
312280 159
312492 143
312704 126
312916 103
313136 79
313348 62
313560 39
313772 28
313992 17
314204 15
314416 24
314628 31
314840 48
315060 63
315272 88
315484 112
315696 127
315908 143
316128 159
316340 167
316552 167
316764 167
316976 159
317196 145
317408 127
317620 112
317832 88
318044 63
318260 48
318476 31
318688 19
318900 15
319116 24
319328 31
319544 44
319756 62
319968 79
320184 103
320396 124
320608 142
320824 156
321036 163
321252 167
321464 167
321676 163
321888 152
322104 135
322320 120
322532 96
322744 71
322956 56
323168 35
323388 24
323600 17
323812 19
324024 28
324244 39
324456 56
324668 78
324880 96
325092 120
325312 135
325524 152
325736 159
325948 167
326160 167
326380 167
326592 158
326804 143
327016 124
327228 103
327448 79
327660 62
327872 39
328084 30
328296 17
328512 17
328724 24
328936 31
329148 48
329364 63
329580 88
329792 103
330004 127
330216 143
330428 159
330648 167
330860 167
331072 167
331284 159
331496 152
331716 127
331928 113
332140 96
332352 71
332564 49
332784 31
332996 24
333208 15
333420 19
333640 30
333852 39
334064 60
334276 79
334488 99
334708 120
334920 135
335132 156
335344 163
335556 167
335776 167
335988 167
336200 158
336412 142
336624 124
336844 99
337056 79
337268 56
337480 39
337692 24
337912 15
338124 17
338336 24
338548 35
338764 51
338980 71
339192 96
339404 112
339616 127
339832 152
340048 159
340260 167
340472 167
340684 167
340900 159
341112 143
341328 127
341540 103
341752 88
341968 63
342180 39
342392 28
342608 17
342820 15
343036 24
343248 31
343460 48
343672 63
343892 88
344104 103
344316 127
344528 143
344740 159
344960 167
345172 167
345384 167
345596 159
345808 152
346028 127
346240 112
346452 92
346664 67
346876 49
347096 31
347308 24
347520 15
347732 24
347944 31
348164 39
348376 60
348588 79
348800 99
349020 120
349232 135
349444 156
349656 163
349868 167
350088 167
350300 163
350512 156
350724 135
350936 120
351156 99
351368 78
351580 56
351792 39
352004 28
352220 17
352436 19
352648 24
352860 35
353072 56
353288 71
353504 96
353716 113
353928 127
354144 152
354356 159
354568 167
354784 174
354996 167
355212 159
355424 143
355636 127
355848 103
356064 88
356280 63
356492 46
356704 30
356916 19
357128 15
357348 24
357560 31
357772 48
357984 63
358196 88
358416 103
358628 127
358840 143
359052 159
359272 167
359484 167
359696 167
359908 159
360120 152
360340 127
360552 113
360764 92
360976 67
361188 49
361408 31
361620 24
361832 15
362044 19
362256 28
362476 39
362688 60
362900 79
363112 99
363332 120
363544 135
363756 156
363968 163
364180 167
364400 167
364612 163
364824 156
365036 135
365248 120
365464 96
365680 71
365892 56
366104 35
366316 24
366532 17
366748 19
366960 24
367172 35
367384 56
367600 71
367812 96
368028 113
368240 127
368456 152
368668 159
368880 167
369092 167
369308 167
369524 159
369736 143
369948 127
370160 103
370372 83
370592 63
370804 39
371016 30
371228 19
371440 17
371660 24
371872 31
372084 48
372296 63
372508 88
372728 110
372940 127
373152 143
373364 159
373584 167
373796 172
374008 167
374220 159
374432 152
374652 127
374864 113
375076 94
375288 67
375500 49
375720 31
375932 24
376144 15
376356 19
376568 30
376788 39
377000 60
377212 79
377424 99
377636 120
377856 135
378068 156
378280 163
378492 167
378708 167
378924 163
379136 156
379348 135
379560 120
379776 97
379992 78
380204 56
380416 35
380628 24
380844 15
381056 17
381272 24
381484 35
381696 56
381912 71
382124 96
382336 113
382552 127
382764 152
382976 163
383192 167
383404 167
383616 163
383832 156
384044 135
384256 120
384472 97
384684 78
384900 56
385112 39
385324 24
385536 17
385748 17
385968 24
386180 35
386392 56
386604 71
386824 96
387036 113
387248 127
387460 152
387672 159
387892 167
388104 172
388316 167
388528 159
388740 145
388960 127
389172 103
389384 88
389596 63
389808 46
390028 30
390240 19
390452 15
390664 24
390884 31
391096 48
391308 63
391520 88
391732 103
391952 127
392164 143
392376 159
392588 167
392800 167
393020 167
393232 163
393444 152
393656 135
393868 115
394084 96
394300 71
394512 49
394724 31
394936 24
395152 15
395368 19
395580 28
395792 39
396008 60
396220 79
396432 99
396648 120
396860 135
397076 156
397288 163
397500 167
397712 167
397928 167
398144 156
398356 135
398568 120
398780 97
398992 79
399212 56
399424 39
399636 24
399848 15
400060 15
400280 24
400492 35
400704 56
400916 71
401136 96
401348 112
401560 127
401772 152
401984 159
402204 167
402416 167
402628 167
402840 159
403052 143
403272 127
403484 103
403696 83
403908 62
404120 39
404340 28
404552 17
404764 15
404976 24
405188 31
405408 48
405620 63
405832 88
406044 103
406264 127
406476 143
406688 159
406900 167
407112 167
407328 167
407544 159
407756 152
407968 127
408180 112
408396 92
408612 71
408824 49
409036 31
409248 24
409464 15
409676 24
409892 30
410104 39
410316 60
410532 79
410744 99
410956 124
411172 135
411388 156
411600 163
411812 167
412024 167
412236 167
412456 158
412668 135
412880 120
413092 97
413304 78
413524 56
413736 35
413948 24
414160 15
414372 19
414592 24
414804 35
415016 56
415228 71
415440 96
415660 113
415872 127
416084 152
416296 159
416516 167
416728 167
416940 167
417152 159
417364 143
417584 127
417796 103
418008 81
418220 63
418432 39
418652 28
418864 17
419076 15
419288 24
419500 31
419720 48
419932 63
420144 88
420356 110
420572 127
420788 143
421000 159
421212 167
421424 167
421640 167
421856 159
422068 147
422280 127
422492 112
422708 88
422920 63
423136 48
423348 31
423560 19
423776 15
423988 24
424200 31
424416 39
424628 62
424844 81
425056 103
425268 124
425480 142
425700 158
425912 163
426124 167
426336 167
426548 163
426768 152
426980 135
427192 120
427404 96
427616 71
427836 51
428048 35
428260 24
428472 15
428684 17
428904 28
429116 39
429328 56
429540 71
429752 96
429972 120
430184 135
430396 152
430608 159
430828 167
431040 172
431252 167
431464 159
431676 143
431896 127
432108 103
432320 79
432532 62
432744 39
432964 28
433176 19
433388 15
433600 24
433812 31
434028 49
434244 63
434456 88
434668 112
434880 127
435096 143
435312 159
435524 167
435736 167
435952 167
436164 159
436376 152
436592 127
436804 112
437020 88
437232 63
437444 48
