120 1023
232 1023
344 1023
456 1023
568 1023
676 1023
788 1023
900 1023
1012 1023
1128 1023
1240 1023
1352 1023
1460 1023
1572 1023
1684 1023
1796 1023
1908 1023
2016 1023
2128 1023
2244 1023
2356 1023
2464 1023
2576 1023
2688 1023
2800 966
2912 896
3020 799
3132 711
3248 624
3360 527
3472 448
3584 352
3696 255
3804 192
3916 112
4028 56
4140 48
4256 56
4368 62
4480 71
4588 96
4700 120
4812 143
4924 192
5036 224
5144 271
5264 326
5372 384
5484 448
5596 511
5708 575
5820 639
5928 716
6040 783
6152 864
6268 929
6380 1008
6492 1023
6604 1023
6712 1023
6824 1023
6936 1023
7048 1023
7156 1023
7276 1023
7388 1023
7496 1023
7608 1023
7720 1023
7832 1023
7940 1023
8052 1023
8164 1023
8276 1023
8392 1023
8504 1023
8616 1023
8724 1023
8836 1023
8948 1023
9060 1023
9172 1023
9280 1023
9400 1023
9512 1023
9620 1023
9732 1023
9844 1023
9956 1023
10064 1023
10176 967
10288 896
10404 799
10516 711
10628 632
10740 540
10852 448
10960 384
11072 271
11184 192
11296 112
11412 60
11524 48
11636 56
11744 60
11856 71
11968 96
12080 120
12192 143
12300 192
12420 224
12528 270
12640 319
12752 384
12864 448
12972 508
13084 574
13196 639
13308 707
13424 783
13536 864
13648 927
13756 993
13868 1023
13980 1023
14092 1023
14204 1023
14312 1023
14432 1023
14540 1023
14652 1023
14764 1023
14876 1023
14988 1023
15096 1023
15208 1023
15320 1023
15432 1023
15548 1023
15660 1023
15772 1023
15880 1023
15992 1023
16104 1023
16216 1023
16328 1023
16436 1023
16556 1023
16668 1023
16776 1023
16888 1023
17000 1023
17112 1023
17224 1023
17332 1023
17444 1023
17560 975
17672 896
17784 806
17896 736
18008 636
18116 543
18228 451
18340 384
18452 280
18568 192
18680 112
18788 56
18900 48
19012 56
19124 60
19236 71
19344 96
19456 120
19576 143
19684 192
19796 224
19908 263
20020 319
20128 384
20240 448
20352 508
20464 572
20580 639
20692 711
20804 783
20912 864
21024 926
21136 992
21248 1023
21360 1023
21468 1023
21580 1023
21696 1023
21808 1023
21920 1023
22032 1023
22144 1023
22252 1023
22364 1023
22476 1023
22588 1023
22704 1023
22816 1023
22928 1023
23040 1023
23148 1023
23260 1023
23372 1023
23484 1023
23592 1023
23712 1023
23824 1023
23932 1023
24044 1023
24156 1023
24268 1023
24376 1023
24488 1023
24600 1023
24716 1023
24828 1023
24940 963
25052 896
25160 798
25272 707
25384 624
25496 531
25608 448
25724 352
25836 255
25944 192
26056 112
26168 56
26280 48
26392 56
26500 62
26612 71
26728 96
26840 120
26952 143
27064 192
27176 224
27284 271
27396 319
27508 384
27620 448
27732 511
27848 575
27960 639
28068 718
28180 787
28292 864
28404 927
28516 1008
28624 1023
28732 796
28844 864
28956 931
29068 1008
29180 1023
29288 1023
29400 1023
29512 1023
29628 1023
29740 1023
29852 1023
29964 1023
30076 1023
30184 1023
30296 1023
30408 1023
30520 1023
30636 1023
30748 1023
30856 1023
30968 1023
31080 1023
31192 1023
31304 1023
31412 1023
31524 1023
31644 1023
31752 1023
31864 1023
31976 1023
32088 1023
32196 1023
32308 1023
32420 1023
32532 1023
32648 1023
32760 1023
32872 960
32980 896
33092 783
33204 704
33316 609
33428 519
33536 448
33648 352
33764 255
33876 192
33984 96
34096 56
34208 48
34320 56
34432 62
34540 71
34652 96
34768 124
34880 152
34992 192
35104 240
35216 280
35324 327
35436 387
35548 449
35660 513
35776 583
35888 655
36000 736
36108 799
36220 880
36332 944
36444 1016
36556 1023
36664 1023
36784 1023
36892 1023
37004 1023
37116 1023
37228 1023
37340 1023
37448 1023
37560 1023
37672 1023
37788 1023
37900 1023
38012 1023
38124 1023
38232 1023
38344 1023
38456 1023
38568 1023
38680 1023
38796 1023
38908 1023
39016 1023
39128 1023
39240 1023
39352 1023
39464 1023
39572 1023
39684 1023
39796 1023
39912 1023
40024 1023
40136 1023
40248 960
40360 896
40468 783
40580 704
40692 624
40804 521
40920 448
41032 352
41140 255
41252 192
41364 96
41476 56
41588 48
41696 56
41808 62
41928 71
42036 96
42148 124
42260 152
42372 192
42480 240
42592 280
42704 327
42816 385
42932 451
43044 515
43156 583
43264 655
43376 736
43488 798
43600 865
43712 944
43820 1008
43940 1023
44048 1023
44160 1023
44272 1023
44384 1023
44496 1023
44604 1023
44716 1023
44828 1023
44944 1023
45056 1023
45168 1023
45280 1023
45388 1023
45500 1023
45612 1023
45724 1023
45832 1023
45952 1023
46064 1023
46172 1023
46284 1023
46396 1023
46508 1023
46616 1023
46728 1023
46840 1023
46952 1023
47068 1023
47180 1023
47292 1023
47404 1023
47512 1023
47624 963
47736 896
47848 799
47960 707
48076 624
48188 526
48296 448
48408 352
48520 255
48632 192
48744 97
48852 56
48964 48
49080 56
49192 62
49304 71
49416 96
49528 124
49636 145
49748 192
49860 225
49972 271
50088 327
50200 387
50312 448
50420 513
50532 575
50644 647
50756 736
50868 796
50976 864
51096 944
51204 1008
51316 1023
51428 1023
51540 1023
51648 1023
51760 1023
51872 1023
51984 1023
52100 1023
52212 1023
52324 1023
52432 1023
52544 1023
52656 1023
52768 1023
52880 1023
52988 1023
53100 1023
53220 1023
53328 1023
53440 1023
53552 1023
53664 1023
53776 1023
53884 1023
53996 1023
54108 1023
54224 1023
54336 1023
54448 1023
54560 1023
54668 1023
54780 1023
54892 1023
55004 960
55116 896
55232 780
55344 704
55452 608
55564 512
55676 432
55788 352
55900 254
56008 163
56120 96
56236 48
56348 48
56460 56
56572 63
56684 76
56792 96
56904 124
57016 156
57128 192
57244 240
57364 1023
57480 1023
57592 1023
57700 1023
57812 1023
57924 1023
58036 1023
58148 1023
58256 1023
58368 1023
58484 1023
58596 1023
58708 1023
58820 1023
58932 1023
59040 1022
59152 944
59264 864
59376 768
59492 675
59604 588
59712 504
59824 414
59936 319
60048 240
60160 158
60268 96
60380 48
60500 48
60608 56
60720 63
60832 79
60944 97
61052 127
61164 159
61276 193
61388 248
61504 287
61616 352
61728 403
61836 480
61948 536
62060 608
62172 671
62284 768
62392 816
62512 896
62620 960
62732 1023
62844 1023
62956 1023
63068 1023
63176 1023
63288 1023
63400 1023
63512 1023
63628 1023
63740 1023
63852 1023
63960 1023
64072 1023
64184 1023
64296 1023
64404 1023
64516 1023
64636 1023
64744 1023
64856 1023
64968 1023
65080 1023
65192 1023
65300 1023
65412 1023
65524 1023
65640 1023
65752 1023
65864 1023
65976 1023
66084 1023
66196 1023
66308 1023
66420 1022
66532 944
66648 864
66760 768
66868 671
66980 583
67092 504
67204 408
67316 319
67424 240
67536 152
67652 71
67764 48
67876 48
67988 56
68100 63
68208 96
68320 112
68432 127
68544 159
68660 199
68772 248
68884 294
68992 352
69104 412
69216 480
69328 540
69440 608
69548 671
69668 768
69776 824
69888 896
70000 960
70112 1023
70220 1023
70332 1023
70444 1023
70556 1023
70668 1023
70784 1023
70896 1023
71008 1023
71116 1023
71228 1023
71340 1023
71452 1023
71564 1023
71672 1023
71792 1023
71900 1023
72012 1023
72124 1023
72236 1023
72348 1023
72456 1023
72568 1023
72680 1023
72796 1023
72908 1023
73020 1023
73132 1023
73240 1023
73352 1023
73464 1023
73576 1023
73688 1023
73804 1016
73916 927
74024 839
74136 768
74248 671
74360 575
74472 496
74580 408
74692 319
74812 240
74920 143
75032 71
75144 48
75256 48
75368 56
75476 63
75588 96
75700 112
75816 127
75928 159
76040 199
76152 248
76260 295
76372 352
76484 412
76596 480
76708 540
76816 608
76936 679
77044 768
77156 824
77268 896
77380 960
77492 1023
77600 1023
77712 1023
77824 1023
77940 1023
78052 1023
78164 1023
78276 1023
78388 1023
78496 1023
78608 1023
78720 1023
78832 1023
78948 1023
79060 1023
79168 1023
79280 1023
79392 1023
79504 1023
79616 1023
79724 1023
79836 1023
79956 1023
80064 1023
80176 1023
80288 1023
80400 1023
80508 1023
80620 1023
80732 1023
80844 1023
80960 1023
81072 1023
81184 1022
81292 944
81404 864
81516 768
81628 679
81740 591
81848 508
81968 412
82076 319
82188 240
82300 152
82412 79
82524 48
82632 48
82744 56
82856 63
82968 96
83084 112
83196 127
83308 159
83416 195
83528 248
83640 287
83752 352
83860 403
83972 480
84092 536
84200 608
84312 671
84424 768
84536 824
84648 896
84756 960
84868 1023
84980 1023
85096 1023
85208 1023
85320 1023
85432 1023
85540 1023
85652 1023
85764 1023
85876 1023
85992 127
86104 167
86216 224
86332 255
86444 312
86556 384
86668 419
86780 496
86888 551
87000 624
87112 704
87224 768
87332 831
87452 903
87564 992
87672 1023
87784 1023
87896 1023
88008 1023
88120 1023
88228 1023
88340 1023
88456 1023
88568 1023
88680 1023
88792 1023
88904 1023
89012 1023
89124 1023
89236 1023
89348 1023
89464 1023
89576 1023
89688 1023
89796 1023
89908 1023
90020 1023
90132 1023
90244 1023
90352 1023
90472 1023
90580 1023
90692 1023
90804 1023
90916 1023
91028 1023
91136 1023
91248 1023
91360 1008
91476 920
91588 831
91700 768
91812 655
91920 574
92032 480
92144 391
92256 312
92364 224
92484 127
92596 63
92704 48
92816 48
92928 60
93040 63
93148 96
93260 112
93372 127
93484 167
93600 224
93712 254
93824 304
93932 384
94044 415
94156 480
94268 543
94380 624
94488 704
94608 768
94720 831
94828 902
94940 972
95052 1023
95164 1023
95272 1023
95384 1023
95496 1023
95612 1023
95724 1023
95836 1023
95948 1023
96060 1023
96168 1023
96280 1023
96392 1023
96504 1023
96620 1023
96732 1023
96844 1023
96952 1023
97064 1023
97176 1023
97288 1023
97400 1023
97508 1023
97628 1023
97736 1023
97848 1023
97960 1023
98072 1023
98180 1023
98292 1023
98404 1023
98516 1023
98632 1023
98744 993
98856 911
98964 830
99076 768
99188 649
99300 568
99412 480
99520 384
99640 287
99748 206
99860 126
99972 62
100084 48
100196 48
100304 60
100416 63
100528 96
100640 112
100756 135
100868 192
100980 224
101088 255
101200 312
101312 384
101424 423
101536 496
101644 560
101764 632
101876 704
101984 768
102096 839
102208 908
102320 992
102432 1023
102540 1023
102652 1023
102768 1023
102880 1023
102992 1023
103104 1023
103216 1023
103324 1023
103436 1023
103548 1023
103660 1023
103776 1023
103888 1023
103996 1023
104108 1023
104220 1023
104332 1023
104444 1023
104552 1023
104664 1023
104784 1023
104892 1023
105004 1023
105116 1023
105228 1023
105336 1023
105448 1023
105560 1023
105672 1023
105788 1023
105900 1023
106012 1023
106120 992
106232 908
106344 828
106456 768
106568 647
106676 568
106788 480
106904 384
107016 291
107128 224
107240 127
107352 63
107460 48
107572 48
107684 60
107796 63
107912 96
108024 112
108136 135
108248 128
108356 224
108468 255
108580 312
108692 384
108800 422
108920 496
109032 560
109140 632
109252 704
109364 768
109476 831
109584 908
109696 992
109808 1023
109924 1023
110036 1023
110148 1023
110260 1023
110368 1023
110480 1023
110592 1023
110704 1023
110816 1023
110932 1023
111044 1023
111152 1023
111264 1023
111376 1023
111488 1023
111600 1023
111708 1023
111820 1023
111936 1023
112048 1023
112160 1023
112272 1023
112384 1023
112492 1023
112604 1023
112716 1023
112828 1023
112940 1023
113056 1023
113168 1023
113276 1023
113388 1023
113500 1008
113612 920
113724 831
113832 768
113944 655
114060 568
114172 480
114284 384
114396 304
114508 224
114628 1023
114740 1023
114852 1023
114960 1023
115080 1023
115188 1023
115300 1023
115412 1023
115524 1023
115636 1023
115744 992
115856 897
115968 824
116080 768
116196 638
116308 543
116420 455
116528 384
116640 284
116752 193
116864 120
116976 60
117084 48
117204 48
117316 60
117424 71
117536 96
117648 120
117760 140
117868 192
117980 224
118092 255
118208 319
118320 384
118432 448
118544 504
118652 572
118764 638
118876 704
118988 775
119100 847
119216 924
119328 992
119436 1023
119548 1023
119660 1023
119772 1023
119884 1023
119992 1023
120104 1023
120220 1023
120332 1023
120444 1023
120556 1023
120668 1023
120776 1023
120888 1023
121000 1023
121112 1023
121228 1023
121340 1023
121452 1023
121560 1023
121672 1023
121784 1023
121896 1023
122008 1023
122116 1023
122228 1023
122344 1023
122456 1023
122564 1023
122676 1023
122788 1023
122900 1023
123012 1023
123120 992
123232 903
123348 824
123460 768
123572 639
123684 560
123796 480
123904 384
124016 287
124128 199
124240 126
124356 62
124468 38
124580 48
124688 60
124800 67
124912 96
125024 112
125136 135
125244 192
125364 224
125472 255
125584 318
125696 384
125808 448
125920 504
126028 568
126140 636
126252 704
126368 775
126480 847
126592 920
126704 992
126812 1023
126924 1023
127036 1023
127148 1023
127256 1023
127376 1023
127488 1023
127596 1023
127708 1023
127820 1023
127932 1023
128040 1023
128152 1023
128264 1023
128376 1023
128492 1023
128604 1023
128716 1023
128824 1023
128936 1023
129048 1023
129160 1023
129272 1023
129380 1023
129500 1023
129612 1023
129720 1023
129832 1023
129944 1023
130056 1023
130164 1023
130276 1023
130388 1023
130504 992
130616 897
130728 824
130840 768
130952 639
131060 547
131172 460
131284 384
131396 286
131512 192
131624 120
131736 60
131844 48
131956 48
132068 60
132180 67
132292 96
132400 120
132520 142
132628 192
132740 224
132852 255
132964 319
133072 384
133184 448
133296 504
133408 568
133524 639
133636 705
133748 775
133856 864
133968 924
134080 992
134192 1023
134304 1023
134412 1023
134532 1023
134644 1023
134752 1023
134864 1023
134976 1023
135088 1023
135200 1023
135308 1023
135420 1023
135532 1023
135648 1023
135760 1023
135872 1023
135984 1023
136092 1023
136204 1023
136316 1023
136428 1023
136540 1023
136656 1023
136768 1023
136876 1023
136988 1023
137100 1023
137212 1023
137324 1023
137432 1023
137544 1023
137660 1023
137772 1023
137884 967
137996 896
138108 799
138216 716
138328 632
138440 542
138552 449
138668 384
138780 271
138888 192
139000 112
139112 60
139224 48
139336 56
139444 60
139556 71
139676 96
139784 120
139896 143
140008 192
140120 224
140228 268
140340 319
140452 384
140564 448
140680 510
140792 575
140904 639
141012 711
141124 783
141236 864
141348 927
141460 992
141568 1023
141680 1023
141796 1023
141908 1023
142020 1023
142132 1023
142244 1023
142352 1023
142464 1023
142576 1023
142688 1023
142804 1023
142916 1023
143028 1023
143136 1023
143252 1023
143364 1023
143476 1023
143584 1023
143696 1023
143808 1020
143920 935
144028 864
144148 768
144260 671
144368 583
144480 504
144592 408
144704 319
144816 240
144924 143
145036 71
145152 48
145264 48
145376 56
145488 63
145600 96
145708 112
145820 127
145932 159
146044 199
146156 252
146272 295
146384 352
146496 414
146604 480
146716 542
146828 608
146940 671
147048 768
147160 824
147280 896
147388 961
147500 1023
147612 1023
147724 1023
147836 1023
147944 1023
148056 1023
148168 1023
148284 1023
148396 1023
148508 1023
148620 1023
148728 1023
148840 1023
148952 1023
149064 1023
149172 1023
149292 1023
149404 1023
149512 1023
149624 1023
149736 1023
149848 1023
149956 1023
150068 1023
150180 1023
150296 1023
150408 1023
150520 1023
150632 1023
150740 1023
150852 1023
150964 1023
151076 1023
151188 1016
151304 926
151416 839
151524 768
151636 670
151748 575
151860 496
151972 399
152080 318
152192 240
152308 143
152420 71
152532 48
152644 48
152756 56
152864 63
152976 96
153088 112
153200 127
153312 159
153428 199
153540 252
153648 295
153760 352
153872 412
153984 480
154096 540
154204 608
154316 671
154436 768
154544 828
154656 896
154768 961
154880 1023
154988 1023
155100 1023
155212 1023
155324 1023
155440 1023
155552 1023
155664 1023
155772 1023
155884 1023
155996 1023
156108 1023
156220 1023
156328 1023
156448 1023
156556 1023
156668 1023
156780 1023
156892 1023
157004 1023
157112 1023
157224 1023
157336 1023
157452 1023
157564 1023
157676 1023
157788 1023
157896 1023
158008 1023
158120 1023
158232 1023
158344 1023
158460 1023
158572 1020
158680 935
158792 864
158904 768
159016 675
159128 590
159236 504
159348 414
159460 319
159576 240
159688 152
159796 79
159908 48
160020 48
160132 56
160244 63
160352 71
160464 97
160580 127
160692 159
160804 195
160916 248
161028 287
161136 352
161248 403
161360 480
161472 531
161588 608
161700 671
161812 768
161924 824
162032 896
162144 960
162256 1023
162368 1023
162476 1023
162596 1023
162708 1023
162816 1023
162928 1023
163040 1023
163152 1023
163260 1023
163372 1023
163484 1023
163600 1023
163712 1023
163824 1023
163936 1023
164044 1023
164156 1023
164268 1023
164380 1023
164492 1023
164608 1023
164720 1023
164828 1023
164940 1023
165052 1023
165164 1023
165276 1023
165384 1023
165496 1023
165608 1023
165724 1023
165836 1023
165948 1016
166060 927
166168 839
166280 768
166392 670
166504 575
166616 496
166732 396
166844 316
166952 224
167064 135
167176 67
167288 48
167400 48
167508 56
167620 63
167740 96
167848 112
167960 127
168072 163
168184 199
168292 252
168404 304
168516 352
168628 415
168744 480
168856 543
168968 624
169076 704
169188 768
169300 830
169412 896
169524 963
169632 1023
169752 1023
169860 1023
169972 1023
170084 1023
170196 1023
170308 1023
170416 1023
170528 1023
170640 1023
170756 1023
170868 1023
170980 1023
171092 1023
171200 1023
171312 1023
171424 1023
171536 1023
171648 1023
171764 1023
171880 76
171992 96
172104 124
172220 156
172332 192
172444 240
172552 286
172664 352
172776 391
172888 455
173000 519
173108 591
173228 668
173340 768
173448 803
173560 896
173672 960
173784 1020
173896 1023
174004 1023
174116 1023
174232 1023
174344 1023
174456 1023
174568 1023
174680 1023
174788 1023
174900 1023
175012 1023
175124 1023
175240 1023
175352 1023
175460 1023
175572 1023
175684 1023
175796 1023
175908 1023
176016 1023
176128 1023
176248 1023
176356 1023
176468 1023
176580 1023
176692 1023
176800 1023
176912 1023
177024 1023
177136 1023
177252 1023
177364 1023
177476 1023
177584 960
177696 896
177808 783
177920 704
178032 608
178140 519
178252 448
178368 352
178480 255
178592 176
178704 96
178816 56
178924 48
179036 56
179148 63
179260 71
179376 96
179488 124
179600 156
179712 192
179820 240
179932 284
180044 334
180156 391
180264 451
180384 519
180496 590
180604 655
180716 768
180828 799
180940 896
181048 960
181160 1016
181272 1023
181388 1023
181500 1023
181612 1023
181724 1023
181832 1023
181944 1023
182056 1023
182168 1023
182280 1023
182396 1023
182508 1023
182616 1023
182728 1023
182840 1023
182952 1023
183064 1023
183172 1023
183284 1023
183400 1023
183512 1023
183624 1023
183736 1023
183848 1023
183956 1023
184068 1023
184180 1023
184292 1023
184404 1023
184520 1023
184632 1023
184740 1023
184852 1023
184964 960
185076 864
185188 775
185296 704
185408 608
185524 510
185636 415
185748 327
185860 248
185972 159
186080 96
186192 48
186304 48
186416 56
186532 63
186644 79
186756 96
186864 126
186976 158
187088 192
187200 240
187312 287
187420 352
187540 399
187648 480
187760 527
187872 608
187984 668
188096 768
188204 803
188316 896
188428 960
188544 1022
188656 1023
188768 1023
188880 1023
188988 1023
189100 1023
189212 1023
189324 1023
189436 1023
189552 1023
189664 1023
189772 1023
189884 1023
189996 1023
190108 1023
190220 1023
190328 1023
190440 1023
190556 1023
190668 1023
190780 1023
190892 1023
191004 1023
191112 1023
191224 1023
191336 1023
191448 1023
191556 1023
191676 1023
191788 1023
191896 1023
192008 1023
192120 1023
192232 1023
192344 960
192452 864
192564 775
192680 704
192792 608
192904 510
193016 415
193128 332
193236 252
193348 159
193460 96
193572 56
193688 48
193800 56
193912 63
194020 78
194132 96
194244 126
194356 156
194468 192
194576 240
194696 287
194804 352
194916 399
195028 460
195140 527
195252 608
195360 664
195472 768
195584 803
195700 896
195812 960
195924 1022
196036 1023
196144 1023
196256 1023
196368 1023
196480 1023
196588 1023
196708 1023
196820 1023
196928 1023
197040 1023
197152 1023
197264 1023
197372 1023
197484 1023
197596 1023
197708 1023
197824 1023
197936 1023
198048 1023
198160 1023
198268 1023
198380 1023
198492 1023
198604 1023
198716 1023
198832 1023
198944 1023
199052 1023
199164 1023
199276 1023
199388 1023
199500 1023
199608 1023
199720 960
199836 880
199948 782
200060 704
200172 608
200284 515
200392 448
200512 1023
200624 1023
200732 1023
200844 1023
200956 1023
201072 1023
201184 1023
201296 1023
201408 1023
201516 1022
201628 944
201740 864
201852 768
201960 675
202080 583
202192 504
202300 408
202412 319
202524 240
202636 152
202744 76
202856 48
202968 48
203080 56
203196 63
203308 96
203420 112
203532 127
203640 159
203752 199
203864 248
203976 287
204088 352
204204 412
204316 480
204424 540
204536 608
204648 671
204760 768
204872 824
204980 896
205092 960
205208 1023
205320 1023
205432 1023
205544 1023
205656 1023
205764 1023
205876 1023
205988 1023
206100 1023
206216 1023
206328 1023
206440 1023
206548 1023
206660 1023
206772 1023
206884 1023
206996 1023
207104 1023
207224 1023
207332 1023
207444 1023
207556 1023
207668 1023
207776 1023
207888 1023
208000 1023
208112 1023
208228 1023
208340 1023
208452 1023
208560 1023
208672 1023
208784 1023
208896 1008
209008 926
209116 839
209228 768
209344 664
209456 575
209564 481
209676 391
209788 312
209900 224
210012 135
210120 63
210232 48
210348 48
210460 60
210572 63
210684 96
210796 112
210904 127
211016 163
211128 204
211240 252
211356 312
211468 384
211580 415
211692 480
211800 543
211912 624
212024 704
212136 768
212244 830
212364 903
212476 967
212584 1023
212696 1023
212808 1023
212920 1023
213028 1023
213140 1023
213252 1023
213368 1023
213480 1023
213592 1023
213704 1023
213812 1023
213924 1023
214036 1023
214148 1023
214260 1023
214376 1023
214488 1023
214596 1023
214708 1023
214820 1023
214932 1023
215044 1023
215152 1023
215264 1023
215376 1023
215492 1023
215604 1023
215716 1023
215828 1023
215936 1023
216048 1023
216160 1023
216272 1016
216384 927
216500 839
216612 768
216724 668
216832 575
216944 496
217056 399
217168 316
217280 225
217388 143
217508 71
217616 48
217728 48
217840 56
217952 63
218060 96
218172 112
218284 127
218396 159
218512 199
218624 252
218736 304
218844 353
218956 415
219068 480
219180 543
219292 624
219400 704
219520 768
219628 830
219740 897
219852 967
219964 1023
220076 1023
220184 1023
220296 1023
220408 1023
220524 1023
220636 1023
220748 1023
220860 1023
220968 1023
221080 1023
221192 1023
221304 1023
221416 1023
221532 1023
221644 1023
221752 1023
221864 1023
221976 1023
222088 1023
222200 1023
222308 1023
222420 1023
222532 1023
222648 1023
222760 1023
222872 1023
222984 1023
223092 1023
223204 1023
223316 1023
223428 1023
223540 1023
223656 1008
223768 926
223876 839
223988 768
224100 664
224212 575
224324 496
224432 391
224544 312
224664 224
224772 127
224884 63
224996 48
225108 48
225216 60
225328 63
225440 96
225552 112
225668 127
225780 166
225892 224
226000 254
226112 312
226224 384
226336 415
226448 480
226556 543
226676 624
226784 704
226896 768
227008 831
227120 899
227232 969
227340 1023
227452 1023
227564 1023
227680 1023
227792 1023
227904 1023
228016 1023
228124 1023
228236 1023
228348 1023
228460 1023
228568 1023
228680 1023
228800 1023
228908 1023
229020 1023
229132 96
229248 48
229360 48
229468 56
229580 63
229692 78
229804 96
229916 126
230024 156
230136 192
230256 240
230364 287
230476 352
230588 399
230700 462
230808 527
230920 608
231032 664
231144 768
231260 807
231372 896
231484 960
231592 1020
231704 1023
231816 1023
231928 1023
232040 1023
232148 1023
232268 1023
232376 1023
232488 1023
232600 1023
232712 1023
232824 1023
232932 1023
233044 1023
233156 1023
233272 1023
233384 1023
233496 1023
233608 1023
233716 1023
233828 1023
233940 1023
234052 1023
234164 1023
234280 1023
234392 1023
234500 1023
234612 1023
234724 1023
234836 1023
234948 1023
235056 1023
235168 1023
235284 1022
235396 944
235508 864
235620 769
235732 704
235840 608
235952 510
236064 415
236176 332
236284 252
236404 159
236516 96
236624 48
236736 48
236848 56
236960 63
237072 78
237180 96
237292 126
237408 158
237520 192
237632 240
237744 287
237856 352
237964 399
238076 460
238188 527
238300 608
238416 670
238528 768
238640 807
238748 896
238860 960
238972 1022
239084 1023
239196 1023
239304 1023
239424 1023
239532 1023
239644 1023
239756 1023
239868 1023
239980 1023
240088 1023
240200 1023
240312 1023
240428 1023
240540 1023
240652 1023
240764 1023
240872 1023
240984 1023
241096 1023
241208 1023
241316 1023
241436 1023
241548 1023
241656 1023
241768 1023
241880 1023
241992 1023
242100 1023
242212 1023
242324 1023
242436 1023
242552 1023
242664 1023
242772 960
242884 896
242996 783
243108 704
243220 608
243328 519
243440 448
243556 352
243668 254
243780 167
243892 96
244004 56
244112 48
244224 56
244336 63
244448 71
244564 96
244676 124
244788 156
244896 192
245008 240
245120 284
245232 335
245344 391
245452 451
245572 519
245684 591
245792 657
245904 768
246016 799
246128 896
246240 960
246348 1016
246460 1023
246576 1023
246688 1023
246800 1023
246912 1023
247024 1023
247132 1023
247244 1023
247356 1023
247468 1023
247584 1023
247696 1023
247808 1023
247916 1023
248028 1023
248140 1023
248252 1023
248364 1023
248472 1023
248584 1023
248700 1023
248812 1023
248924 1023
249036 1023
249148 1023
249256 1023
249368 1023
249480 1023
249592 1023
249708 1023
249820 1023
249932 1023
250040 1023
250152 960
250264 864
250376 771
250488 704
250596 608
250716 504
250828 414
250936 319
251048 240
251160 156
251272 79
251384 48
251492 48
251604 56
251720 63
251832 79
251944 112
252056 127
252168 159
252276 193
252388 248
252500 287
252612 352
252728 408
252840 480
252948 536
253060 608
253172 671
253284 768
253396 816
253504 896
253616 960
253736 1023
253844 1023
253956 1023
254068 1023
254180 1023
254288 1023
254400 1023
254512 1023
254624 1023
254740 1023
254852 1023
254964 1023
255072 1023
255184 1023
255296 1023
255408 1023
255520 1023
255628 1023
255740 1023
255856 1023
255968 1023
256080 1023
256192 1023
256304 1023
256412 1023
256524 1023
256636 1023
256748 1023
256864 1023
256976 1023
257088 1023
257200 1023
257308 1023
257420 1023
257532 960
257644 864
257756 1023
257868 1023
257980 1023
258092 967
258208 896
258320 799
258432 707
258540 624
258652 527
258764 448
258876 352
258988 263
259096 192
259208 112
259324 56
259436 48
259548 56
259660 62
259772 71
259880 96
259992 120
260104 143
260216 192
260332 225
260444 271
260552 327
260664 384
260776 448
260888 511
261000 575
261108 639
261220 718
261340 796
261448 864
261560 931
261672 1008
261784 1023
261892 1023
262004 1023
262116 1023
262228 1023
262344 1023
262456 1023
262568 1023
262676 1023
262788 1023
262900 1023
263012 1023
263124 1023
263232 1023
263352 1023
263460 1023
263572 1023
263684 1023
263796 1023
263908 1023
264016 1023
264128 1023
264240 1023
264356 1023
264468 1023
264580 1023
264692 1023
264800 1023
264912 1023
265024 1023
265136 1023
265244 1023
265356 1023
265476 963
265584 896
265696 798
265808 707
265920 624
266032 529
266140 448
266252 353
266364 268
266480 192
266592 112
266704 56
266816 48
266924 56
267036 62
267148 71
267260 96
267372 120
267488 145
267600 192
267708 224
267820 271
267932 326
268044 384
268156 448
268264 511
268376 575
268492 647
268604 736
268716 796
268828 864
268940 931
269048 1008
269160 1023
269272 1023
269384 1023
269500 1023
269612 1023
269724 1023
269832 1023
269944 1023
270056 1023
270168 1023
270280 1023
270388 1023
270508 1023
270616 1023
270728 1023
270840 1023
270952 1023
271060 1023
271172 1023
271284 1023
271396 1023
271508 1023
271624 1023
271736 1023
271844 1023
271956 1023
272068 1023
272180 1023
272292 1023
272400 1023
272512 1023
272632 1023
272740 1023
272852 967
272964 896
273076 799
273188 711
273296 632
273408 536
273520 448
273636 352
273748 255
273860 192
273972 112
274080 56
274192 48
274304 56
274416 62
274528 71
274644 96
274756 120
274864 143
274976 192
275088 224
275200 271
275312 319
275420 384
275532 448
275648 512
275760 575
275872 647
275984 736
276096 792
276204 864
276316 927
276428 1008
276540 1023
276656 1023
276768 1023
276876 1023
276988 1023
277100 1023
277212 1023
277324 1023
277432 1023
277544 1023
277664 1023
277772 1023
277884 1023
277996 1023
278108 1023
278216 1023
278328 1023
278440 1023
278552 1023
278664 1023
278780 1023
278892 1023
279004 1023
279112 1023
279224 1023
279336 1023
279448 1023
279556 1023
279668 1023
279788 1023
279896 1023
280008 1023
280120 1023
280232 960
280344 896
280452 783
280564 704
280676 608
280792 513
280904 448
281016 352
281128 254
281236 167
281348 96
281460 56
281572 48
281680 56
281800 63
281912 71
282020 96
282132 124
282244 152
282356 192
282464 240
282576 284
282688 334
282804 391
282916 455
283028 519
283140 590
283252 655
283360 768
283472 799
283584 896
283696 960
283812 1020
283924 1023
284036 1023
284144 1023
284256 1023
284368 1023
284480 1023
284592 1023
284700 1023
284812 1023
284928 1023
285040 1023
285152 1023
285264 1023
285376 1023
285484 1023
285596 1023
285708 1023
285820 1023
285936 1023
286048 1023
286160 1023
286268 1023
286380 1023
286496 1023
286608 1023
286720 1023
286828 1023
286940 1023
287052 1023
287164 1023
287276 1023
287384 1023
287504 1023
287612 992
287724 903
287836 824
287948 768
288056 639
288168 560
288280 480
288392 384
288508 287
288620 199
288732 126
288840 62
288952 48
289064 48
289176 60
289288 63
289396 96
289516 112
289624 135
289736 192
289848 224
289960 255
290072 316
290180 384
290292 448
290404 496
290520 568
290632 632
290744 704
290856 768
290964 839
291076 911
291188 992
291300 1023
291412 1023
291528 1023
291640 1023
291748 1023
291860 1023
291972 1023
292084 1023
292196 1023
292304 1023
292416 1023
292528 1023
292644 1023
292756 1023
292868 1023
292980 1023
293088 1023
293200 1023
293312 1023
293424 1023
293536 1023
293652 1023
293764 1023
293872 1023
293984 1023
294096 1023
294208 1023
294320 1023
294428 1023
294540 1023
294660 1023
294768 1023
294880 1023
294992 993
295104 911
295212 830
295324 768
295436 654
295548 572
295664 480
295776 384
295888 304
295996 224
296108 127
296220 63
296332 48
296444 48
296552 60
296672 63
296780 96
296892 112
297004 135
297116 176
297228 224
297336 255
297448 312
297560 384
297676 432
297788 496
297900 560
298012 632
298120 704
298232 768
298344 831
298456 903
298568 992
298676 1023
298796 1023
298908 1023
299016 1023
299128 1023
299240 1023
299352 1023
299460 1023
299572 1023
299684 1023
299800 1023
299912 1023
300024 1023
300136 1023
300244 1023
300356 1023
300468 1023
300580 1023
300692 1023
300808 1023
300920 1023
301028 1023
301140 1023
301252 1023
301364 1023
301476 1023
301584 1023
301696 1023
301812 1023
301924 1023
302036 1023
302148 1023
302260 1023
302368 992
302480 908
302592 828
302704 768
302820 639
302932 560
303044 480
303152 384
303264 287
303376 199
303488 124
303600 62
303708 48
303828 48
303936 60
304048 67
304160 96
304272 112
304380 135
304492 192
304604 224
304716 255
304828 318
304944 384
305056 448
305164 504
305276 568
305388 636
305500 704
305612 769
305720 839
305832 911
305952 992
306060 1023
306172 1023
306284 1023
306396 1023
306508 1023
306616 1023
306728 1023
306840 1023
306956 1023
307068 1023
307180 1023
307292 1023
307400 1023
307512 1023
307624 1023
307736 1023
307848 1023
307964 1023
308076 1023
308184 1023
308296 1023
308408 1023
308520 1023
308632 1023
308740 1023
308852 1023
308968 1023
309080 1023
309192 1023
309304 1023
309416 1023
309524 1023
309636 1023
309748 992
309860 899
309976 816
310088 768
310196 639
310308 550
310420 463
310532 384
310644 287
310752 199
310864 126
310984 62
311092 48
311204 48
311316 60
311428 67
311536 96
311648 112
311760 135
311872 192
311984 224
312100 255
312212 316
312324 384
312432 448
312544 496
312656 568
312768 636
312876 704
312988 768
313108 846
313216 915
313328 992
313440 1023
313552 1023
313664 1023
313772 1023
313884 1023
313996 1023
314112 1023
314224 1023
314336 1023
314448 1023
314556 1023
314668 1023
314780 1023
314892 1023
315012 384
315124 286
315236 199
315344 124
315456 62
315568 48
315680 48
315796 60
315908 67
316020 96
316132 120
316240 135
316352 192
316464 224
316576 255
316688 318
316804 384
316916 448
317024 504
317136 572
317248 638
317360 704
317472 775
317580 847
317692 920
317808 992
317920 1023
318032 1023
318144 1023
318256 1023
318364 1023
318476 1023
318588 1023
318700 1023
318816 1023
318928 1023
319040 1023
319148 1023
319260 1023
319372 1023
319484 1023
319596 1023
319704 1023
319824 1023
319932 1023
320044 1023
320156 1023
320268 1023
320376 1023
320488 1023
320600 1023
320712 1023
320824 1023
320940 1023
321052 1023
321160 1023
321272 1023
321384 1023
321496 1023
321608 992
321716 899
321828 824
321944 736
322056 638
322168 543
322280 455
322392 384
322500 284
322612 193
322724 120
322836 60
322952 48
323064 48
323172 60
323284 71
323396 96
323508 120
323620 142
323728 192
323840 224
323960 263
324068 319
324180 384
324292 448
324404 504
324512 572
324624 639
324736 705
324848 775
324964 864
325076 926
325188 992
325296 1023
325408 1023
325520 1023
325632 1023
325744 1023
325852 1023
325972 1023
326080 1023
326192 1023
326304 1023
326416 1023
326528 1023
326636 1023
326748 1023
326860 1023
326972 1023
327088 1023
327200 1023
327312 1023
327420 1023
327532 1023
327644 1023
327756 1023
327864 1023
327976 1023
328096 1023
328204 1023
328316 1023
328428 1023
328540 1023
328652 1023
328760 1023
328872 1023
328984 975
329100 896
329212 799
329324 711
329436 632
329544 542
329656 448
329768 384
329880 273
329992 192
330108 112
330220 60
330328 48
330440 48
330552 60
330664 71
330776 96
330884 120
330996 142
331112 192
331224 224
331336 268
331448 319
331560 384
331668 448
331780 508
331892 572
332004 639
332120 711
332232 783
332344 864
332452 926
332564 992
332676 1023
332788 1023
332900 1023
333008 1023
333128 1023
333236 1023
333348 1023
333460 1023
333572 1023
333680 1023
333792 1023
333904 1023
334016 1023
334128 1023
334244 1023
334356 1023
334468 1023
334576 1023
334688 1023
334800 1023
334912 1023
335024 1023
335132 1023
335252 1023
335360 1023
335472 1023
335584 1023
335696 1023
335808 1023
335916 1023
336028 1023
336140 1023
336256 1023
336368 992
336480 896
336592 816
336700 736
336812 639
336924 547
337036 460
337148 384
337264 284
337376 195
337484 120
337596 60
337708 48
337820 48
337932 60
338040 67
338152 96
338268 120
338380 140
338492 192
338604 224
338716 255
338824 318
338936 384
339048 448
339160 504
339276 572
339388 638
339496 704
339608 775
339720 847
339832 920
339944 992
340052 1023
340164 1023
340276 1023
340392 1023
340504 1023
340616 1023
340728 1023
340840 1023
340948 1023
341060 1023
341172 1023
341284 1023
341400 1023
341512 1023
341624 1023
341732 1023
341844 1023
341956 1023
342068 1023
342180 1023
342288 1023
342408 1023
342516 1023
342628 1023
342740 1023
342852 1023
342964 1023
343072 1023
343184 1023
343296 1023
343412 1023
343524 1023
343632 152
343744 192
343856 240
343972 280
344084 327
344196 387
344304 449
344416 513
344528 583
344640 652
344752 736
344860 796
344980 880
345088 944
345200 1016
345312 1023
345424 1023
345536 1023
345644 1023
345756 1023
345868 1023
345984 1023
346096 1023
346208 1023
346320 1023
346428 1023
346540 1023
346652 1023
346764 1023
346876 1023
346984 1023
347104 1023
347212 1023
347324 1023
347436 1023
347548 1023
347660 1023
347768 1023
347880 1023
347992 1023
348108 1023
348220 1023
348332 1023
348444 1023
348556 1023
348664 1023
348776 1023
348888 1023
349000 960
349116 864
349228 775
349336 704
349448 608
349560 511
349672 419
349784 334
349892 252
350004 159
350124 96
350232 48
350344 48
350456 56
350568 63
350676 78
350788 96
350900 126
351012 156
351128 192
351240 240
351352 287
351460 352
351572 399
351684 460
351796 526
351908 608
352016 664
352136 768
352244 807
352356 896
352468 960
352580 1020
352692 1023
352800 1023
352912 1023
353024 1023
353136 1023
353252 1023
353364 1023
353476 1023
353584 1023
353696 1023
353808 1023
353920 1023
354032 1023
354140 1023
354260 1023
354372 1023
354480 1023
354592 1023
354704 1023
354816 1023
354924 1023
355036 1023
355148 1023
355264 1023
355376 1023
355488 1023
355600 1023
355708 1023
355820 1023
355932 1023
356044 1023
356156 1023
356272 1023
356384 960
356492 864
356604 775
356716 704
356828 608
356940 512
357048 432
357160 352
357276 252
357388 159
357500 96
357612 56
357724 48
357832 56
357944 63
358056 76
358168 96
358284 126
358396 156
358508 192
358616 240
358728 286
358840 352
358952 391
359064 455
359172 519
359284 590
359400 664
359512 768
359620 799
359732 896
359844 960
359956 1020
360068 1023
360176 1023
360288 1023
360404 1023
360516 1023
360628 1023
360740 1023
360852 1023
360960 1023
361072 1023
361184 1023
361296 1023
361412 1023
361524 1023
361636 1023
361744 1023
361856 1023
361968 1023
362080 1023
362192 1023
362300 1023
362420 1023
362528 1023
362640 1023
362752 1023
362864 1023
362976 1023
363084 1023
363196 1023
363308 1023
363424 1023
363536 1023
363648 1023
363760 960
363868 896
363980 783
364092 704
364204 608
364312 519
364432 432
364544 352
364652 254
364764 163
364876 96
364988 56
365096 48
365208 56
365320 62
365432 76
365548 96
365660 124
365772 156
365880 192
365992 240
366104 284
366216 335
366328 391
366436 455
366556 524
366668 591
366776 664
366888 768
367000 799
367112 896
367220 960
367332 1016
367444 1023
367560 1023
367672 1023
367784 1023
367896 1023
368008 1023
368116 1023
368228 1023
368340 1023
368452 1023
368568 1023
368680 1023
368792 1023
368900 1023
369012 1023
369124 1023
369236 1023
369348 1023
369456 1023
369576 1023
369688 1023
369796 1023
369908 1023
370020 1023
370132 1023
370240 1023
370352 1023
370464 1023
370580 1023
370692 1023
370804 1023
370916 1023
371028 1023
371136 960
371248 864
371360 768
371472 704
371588 588
371700 504
371812 414
371920 319
372032 240
372144 156
372256 1016
372364 1023
372476 1023
372588 1023
372700 1023
372812 1023
372920 1023
373032 1023
373148 1023
373260 1023
373372 1023
373484 1023
373596 1023
373704 1023
373816 1023
373928 1023
374040 1023
374156 1023
374268 1023
374380 1023
374492 1023
374600 1023
374712 1023
374824 1023
374936 1023
375044 1023
375164 1023
375276 1023
375384 1023
375496 1023
375608 1023
375720 1023
375828 1023
375940 1023
376052 960
376168 865
376280 782
376392 704
376504 608
376612 513
376724 432
376836 352
376948 254
377060 163
377168 96
377288 48
377400 48
377508 56
377620 63
377732 76
377844 96
377952 124
378064 156
378176 192
378292 240
378404 286
378516 352
378628 391
378740 455
378848 519
378960 590
379072 655
379184 768
379300 803
379412 896
379524 960
379632 1020
379744 1023
379856 1023
379968 1023
380080 1023
380188 1023
380308 1023
380416 1023
380528 1023
380640 1023
380752 1023
380860 1023
380972 1023
381084 1023
381196 1023
381312 1023
381424 1023
381536 1023
381644 1023
381756 1023
381868 1023
381980 1023
382092 1023
382200 1023
382320 1023
382428 1023
382540 1023
382652 1023
382764 1023
382876 1023
382984 1023
383096 1023
383208 1023
383320 1023
383436 960
383548 864
383660 775
383768 704
383880 608
383992 512
384104 384
384216 352
384324 255
384444 163
384556 96
384664 56
384776 48
384888 56
385000 63
385112 76
385220 96
385332 124
385448 156
385560 192
385672 240
385784 284
385896 335
386004 391
386116 455
386228 519
386340 588
386456 664
386568 768
386676 799
386788 896
386900 960
387012 1016
387124 1023
387232 1023
387344 1023
387464 1023
387572 1023
387684 1023
387796 1023
387908 1023
388016 1023
388128 1023
388240 1023
388352 1023
388468 1023
388580 1023
388692 1023
388800 1023
388912 1023
389024 1023
389136 1023
389248 1023
389356 1023
389468 1023
389584 1023
389696 1023
389804 1023
389916 1023
390028 1023
390140 1023
390252 1023
390360 1023
390472 1023
390588 1023
390700 1023
390812 960
390924 896
391036 792
391144 704
391256 624
391368 524
391480 448
391596 352
391708 255
391820 128
391928 96
392040 56
392152 48
392264 56
392376 62
392484 71
392604 96
392712 124
392824 152
392936 192
393048 240
393160 280
393268 332
393380 387
393492 451
393608 519
393720 587
393832 655
393944 768
394052 799
394164 880
394276 944
394388 1016
394500 1023
394616 1023
394728 1023
394836 1023
394948 1023
395060 1023
395172 1023
395284 1023
395392 1023
395504 1023
395616 1023
395732 1023
395844 1023
395956 1023
396068 1023
396176 1023
396288 1023
396400 1023
396512 1023
396620 1023
396740 1023
396852 1023
396960 1023
397072 1023
397184 1023
397296 1023
397408 1023
397516 1023
397628 1023
397744 1023
397856 1023
397968 1023
398080 1023
398192 960
398300 864
398412 775
398524 704
398636 608
398752 508
398864 415
398976 327
399084 248
399196 159
399308 96
399420 48
399532 48
399640 56
399760 63
399868 79
399980 96
400092 126
400204 158
400316 192
400424 240
400536 287
400648 352
400764 399
400880 1023
400992 1023
401104 1023
401212 1023
401324 1023
401444 1023
401552 1023
401664 1023
401776 1023
401888 1023
402000 1023
402108 1023
402220 1023
402332 1023
402448 1023
402560 1023
402672 1023
402784 1023
402892 1023
403004 1023
403116 1023
403228 1023
403340 1023
403456 1023
403568 1023
403676 1023
403788 1023
403900 1023
404012 1023
404124 1023
404232 1023
404344 1020
404456 935
404572 847
404684 768
404796 671
404908 583
405016 504
405128 408
405240 319
405352 240
405464 147
405580 71
405692 48
405800 48
405912 56
406024 63
406136 96
406248 112
406356 127
406468 159
406588 199
406696 252
406808 295
406920 352
407032 412
407140 480
407252 540
407364 608
407476 671
407592 768
407704 824
407816 896
407924 960
408036 1023
408148 1023
408260 1023
408372 1023
408480 1023
408600 1023
408708 1023
408820 1023
408932 1023
409044 1023
409156 1023
409264 1023
409376 1023
409488 1023
409604 1023
409716 1023
409828 1023
409940 1023
410048 1023
410160 1023
410272 1023
410384 1023
410492 1023
410604 1023
410724 1023
410832 1023
410944 1023
411056 1023
411168 1023
411280 1023
411388 1023
411500 1023
411612 1023
411728 1020
411840 931
411952 864
412064 768
412172 675
412284 588
412396 504
412508 414
412620 319
412736 240
412848 152
412956 79
413068 48
413180 48
413292 56
413404 63
413512 79
413624 112
413740 127
413852 159
413964 195
414076 248
414188 287
414296 352
414408 408
414520 480
414632 536
414748 608
414860 671
414972 768
415080 824
415192 896
415304 960
415416 1023
415528 1023
415636 1023
415756 1023
415864 1023
415976 1023
416088 1023
416200 1023
416308 1023
416420 1023
416532 1023
416644 1023
416756 1023
416872 1023
416984 1023
417092 1023
417204 1023
417316 1023
417428 1023
417540 1023
417648 1023
417760 1023
417880 1023
417988 1023
418100 1023
418212 1023
418324 1023
418436 1023
418544 1023
418656 1023
418768 1023
418884 1023
418996 1023
419108 1020
419220 935
419328 864
419440 768
419552 675
419664 591
419776 504
419892 408
420004 318
420112 240
420224 143
420336 71
420448 48
420560 48
420668 56
420780 63
420896 96
421008 112
421120 127
421232 159
421344 199
421452 248
421564 291
421676 352
421788 412
421904 480
422016 542
422124 608
422236 675
422348 768
422460 824
422572 896
422680 960
422792 1023
422912 1023
423020 1023
423132 1023
423244 1023
423356 1023
423464 1023
423576 1023
423688 1023
423800 1023
423912 1023
424028 1023
424140 1023
424252 1023
424360 1023
424472 1023
424584 1023
424696 1023
424804 1023
424916 1023
425036 1023
425144 1023
425256 1023
425368 1023
425480 1023
425592 1023
425700 1023
425812 1023
425924 1023
426040 1023
426152 1023
426264 1023
426376 1023
426484 1008
426596 926
426708 839
426820 768
426928 668
427048 574
427160 496
427268 396
427380 312
427492 224
427604 140
427712 71
427824 48
427936 48
428052 56
428164 63
428276 96
428388 112
428496 127
428608 159
428720 199
428832 252
428944 304
429060 384
429172 415
429280 480
429392 543
429508 1023
429616 1023
429736 1023
429848 1023
429956 1023
430068 1023
430180 1023
430292 1023
430400 1023
430512 1023
430624 1023
430736 1023
430852 1023
430964 1023
431072 1023
431184 1023
431296 1023
431408 960
431520 896
431628 783
431740 704
431856 608
431968 515
432080 448
432192 352
432304 255
432412 167
432524 96
432636 56
432748 48
432864 56
432976 63
433088 76
433196 96
433308 124
433420 152
433532 192
433644 240
433752 284
433872 352
433980 391
434092 455
434204 519
434316 590
434428 655
434536 768
434648 799
434760 896
434876 960
434988 1020
435100 1023
435212 1023
435320 1023
435432 1023
435544 1023
435656 1023
435768 1023
435884 1023
435996 1023
436104 1023
436216 1023
436328 1023
436440 1023
436552 1023
436660 1023
436772 1023
436884 1023
437000 1023
437112 1023
437224 1023
437336 1023
437444 1023
437556 1023
437668 1023
437780 1023
437888 1023
438008 1023
438120 1023
438228 1023
438340 1023
438452 1023
438564 1023
438676 1023
438784 960
438896 864
439012 769
439124 688
439236 608
439348 508
439460 415
439568 327
439680 248
439792 159
439904 96
440020 48
440132 48
440244 56
440352 63
440464 79
440576 97
440688 126
440800 158
440908 192
441028 248
441136 287
441248 352
441360 399
441472 480
441584 527
441692 608
441804 670
441916 768
442032 816
442144 896
442256 960
442368 1023
442476 1023
442588 1023
442700 1023
442812 1023
442920 1023
443040 1023
443152 1023
443260 1023
443372 1023
443484 1023
443596 1023
443704 1023
443816 1023
443928 1023
444040 1023
444156 1023
444268 1023
444380 1023
444492 1023
444600 1023
444712 1023
444824 1023
444936 1023
445048 1023
445164 1023
445276 1023
445384 1023
445496 1023
445608 1023
445720 1023
445832 1023
445940 1023
446052 1023
446168 960
446280 864
446392 771
446504 704
446616 608
446724 510
446836 415
446948 332
447060 252
447176 159
447288 96
447400 48
447508 48
447620 56
447732 63
447844 78
447956 96
448064 126
448184 158
448292 192
448404 240
448516 287
448628 352
448736 399
448848 463
448960 527
449072 608
449188 671
449300 768
449412 816
449520 896
449632 960
449744 1023
449856 1023
449968 1023
450076 1023
450188 1023
450308 1023
450416 1023
450528 1023
450640 1023
450752 1023
450864 1023
450972 1023
451084 1023
451196 1023
451312 1023
451424 1023
451536 1023
451648 1023
451756 1023
451868 1023
451980 1023
452092 1023
452204 1023
452320 1023
452432 1023
452540 1023
452652 1023
452764 1023
452876 1023
452988 1023
453096 1023
453208 1023
453324 1023
453436 1023
453548 960
453660 864
453772 771
453880 704
453992 608
454104 510
454216 415
454332 319
454444 248
454552 158
454664 96
454776 48
454888 48
455000 56
455108 63
455220 79
455340 97
455448 127
455560 159
455672 193
455784 248
455892 287
456004 352
456116 399
456228 480
456340 536
456456 608
456568 671
456676 768
456788 816
456900 896
457012 960
457124 1022
457232 1023
457344 1023
457460 1023
457572 1023
457684 1023
457796 1023
457908 1023
458016 1023
458128 768
458244 807
458356 896
458468 960
458576 1020
458688 1023
458800 1023
458912 1023
459024 1023
459132 1023
459244 1023
459360 1023
459472 1023
459580 1023
459692 1023
459804 1023
459916 1023
460028 1023
460136 1023
460248 1023
460364 1023
460476 1023
460588 1023
460700 1023
460812 1023
460920 1023
461032 1023
461144 1023
461256 1023
461372 1023
461484 1023
461596 1023
461704 1023
461816 1023
461928 1023
462040 1023
462152 1023
462260 1023
462380 960
462488 864
462600 780
462712 704
462824 608
462936 513
463044 448
463156 352
463268 255
463384 163
463496 96
463608 56
463720 48
463828 56
463940 63
464052 71
464164 96
464276 124
464392 156
464504 192
464612 240
464724 286
464836 335
464948 391
465060 455
465168 519
465280 590
465392 664
465508 768
465620 799
465732 896
465844 960
465952 1020
466064 1023
466176 1023
466288 1023
466396 1023
466516 1023
466628 1023
466736 1023
466848 1023
466960 1023
467072 1023
467184 1023
467292 1023
467404 1023
467520 1023
467632 1023
467744 1023
467856 1023
467968 1023
468076 1023
468188 1023
468300 1023
468412 1023
468528 1023
468640 1023
468752 1023
468860 1023
468972 1023
469084 1023
469196 1023
469308 1023
469416 1023
469536 1023
469644 1023
469756 960
469868 865
469980 782
470092 704
470200 608
470312 513
470424 432
470540 327
470652 252
470764 159
470876 96
470984 48
471096 48
471208 56
471320 63
471428 76
471548 96
471660 126
471768 158
471880 192
471992 240
472104 286
472212 352
472324 396
472436 455
472548 521
472664 608
472776 668
472888 768
473000 803
473108 896
473220 960
473332 1020
473444 1023
473556 1023
473672 1023
473784 1023
473892 1023
474004 1023
474116 1023
474228 1023
474340 1023
474448 1023
474560 1023
474676 1023
474788 1023
474900 1023
475012 1023
475124 1023
475232 1023
475344 1023
475456 1023
475568 1023
475684 1023
475796 1023
475908 1023
476016 1023
476128 1023
476240 1023
476352 1023
476464 1023
476572 1023
476692 1023
476800 1023
476912 1023
477024 1023
477136 944
477244 864
477356 769
477468 704
477580 608
477696 504
477808 415
477920 319
478028 248
478140 158
478252 96
478364 48
478476 48
478584 56
478696 63
478816 79
478924 112
479036 127
479148 158
479260 193
479372 248
479480 287
479592 352
479704 399
479820 480
479932 529
480044 608
480156 671
480264 768
480376 816
480488 896
480600 960
480712 1022
480828 1023
480940 1023
481048 1023
481160 1023
481272 1023
481384 1023
481496 1023
481604 1023
481716 1023
481832 1023
481944 1023
482056 1023
482168 1023
482280 1023
482388 1023
482500 1023
482612 1023
482724 1023
482840 1023
482952 1023
483060 1023
483172 1023
483284 1023
483396 1023
483508 1023
483616 1023
483728 1023
483848 1023
483956 1023
484068 1023
484180 1023
484292 1023
484400 1023
484512 960
484624 864
484736 775
484848 704
484964 608
485076 511
485184 419
485296 335
485408 252
485520 163
485632 96
485740 56
485852 48
485968 56
486080 63
486192 78
486304 96
486416 126
486524 156
486636 192
486752 96
486864 120
486976 143
487088 192
487200 224
487308 271
487420 323
487532 384
487644 448
487760 512
487872 575
487984 647
488092 736
488204 792
488316 864
488428 927
488540 1008
488648 1023
488768 1023
488876 1023
488988 1023
489100 1023
489212 1023
489324 1023
489432 1023
489544 1023
489656 1023
489772 1023
489884 1023
489996 1023
490108 1023
490216 1023
490328 1023
490440 1023
490552 1023
490660 1023
490780 1023
490892 1023
491000 1023
491112 1023
491224 1023
491336 1023
491444 1023
491556 1023
491668 1023
491784 1023
491896 1023
492008 1023
492120 1023
492228 1023
492340 960
492452 896
492564 792
492676 704
492784 624
492904 515
493016 448
493124 352
493236 255
493348 192
493460 96
493568 56
493680 48
493792 56
493908 63
494020 71
494132 96
494244 124
494356 152
494464 192
494576 240
494688 280
494800 332
494916 391
495028 455
495140 519
495248 588
495360 655
495472 768
495584 799
495696 896
495804 960
495924 1016
496032 1023
496144 1023
496256 1023
496368 1023
496476 1023
496588 1023
496700 1023
496812 1023
496928 1023
497040 1023
497152 1023
497260 1023
497372 1023
497484 1023
497596 1023
497708 1023
497816 1023
497936 1023
498044 1023
498156 1023
498268 1023
498380 1023
498492 1023
498600 1023
498712 1023
498824 1023
498936 1023
499052 1023
499164 1023
499276 1023
499384 1023
499496 1023
499608 1023
499720 960
499832 896
499940 792
500060 704
500168 608
500280 519
500392 448
500504 352
500616 255
500724 192
500836 96
500948 56
501064 48
501176 56
501288 62
501400 71
501512 96
501620 124
501732 152
501844 192
501956 240
502072 284
502184 334
502292 391
502404 451
502516 515
502628 583
502740 655
502848 736
502960 799
503080 896
503188 960
503300 1016
503412 1023
503524 1023
503632 1023
503744 1023
503856 1023
503968 1023
504084 1023
504196 1023
504308 1023
504416 1023
504528 1023
504640 1023
504752 1023
504864 1023
504972 1023
505092 1023
505200 1023
505312 1023
505424 1023
505536 1023
505648 1023
505756 1023
505868 1023
505980 1023
506092 1023
506208 1023
506320 1023
506432 1023
506540 1023
506652 1023
506764 1023
506876 1023
506988 1023
507096 960
507216 896
507328 783
507436 704
507548 609
507660 519
507772 448
507880 352
507992 255
508104 192
508220 96
508332 56
508444 48
508556 56
508664 62
508776 71
508888 96
509000 124
509112 152
509228 192
509340 240
509452 284
509560 335
509672 391
509784 451
509896 519
510004 583
510116 655
510236 768
510344 799
510456 896
510568 960
510680 1016
510792 1023
510900 1023
511012 1023
511124 1023
511240 1023
511352 1023
511464 1023
511576 1023
511684 1023
511796 1023
511908 1023
512020 1023
512132 1023
512240 1023
512360 1023
512472 1023
512580 1023
512692 1023
512804 1023
512916 1023
513024 1023
513136 1023
513248 1023
513364 1023
513476 1023
513588 1023
513700 1023
513812 1023
513920 1023
514032 1023
514144 1023
514256 1023
514372 1023
514484 960
514596 864
514704 771
514816 704
514928 608
515040 510
515152 415
515260 327
515376 1023
515484 1023
515596 1023
515708 1023
515820 1023
515932 1023
516040 1023
516160 1023
516272 1023
516380 1023
516492 1023
516604 1023
516716 1023
516824 1023
516936 1023
517048 1023
517164 1023
517276 1023
517388 1023
517500 1023
517608 1023
517720 1023
517832 1023
517944 1023
518056 1023
518172 1023
518284 960
518392 896
518504 796
518616 704
518728 624
518840 527
518948 448
519060 352
519176 255
519288 192
519400 96
519512 56
519624 48
519732 56
519844 62
519956 71
520068 96
520184 124
520296 147
520408 192
520516 240
520628 271
520740 327
520852 384
520964 448
521072 512
521184 575
521300 652
521412 736
521524 796
521636 864
521748 931
521856 1008
521968 1023
522080 1023
522192 1023
522308 1023
522420 1023
522532 1023
522640 1023
522752 1023
522864 1023
522976 1023
523088 1023
523196 1023
523316 1023
523424 1023
523536 1023
523648 1023
523760 1023
523872 1023
523980 1023
524092 1023
524204 1023
524320 1023
524432 1023
524544 1023
524656 1023
524764 1023
524876 1023
524988 1023
525100 1023
525212 1023
525328 1023
525440 1023
525548 1023
525660 963
525772 896
525884 798
525996 707
526104 624
526216 529
526332 448
526444 352
526556 263
526668 192
526780 112
526888 56
527000 48
527112 56
527224 62
527332 71
527452 96
527560 120
527672 143
527784 192
527896 224
528008 271
528116 319
528228 384
528340 448
528456 511
528568 575
528680 639
528792 736
528904 792
529012 864
529124 927
529236 1008
529348 1023
529464 1023
529576 1023
529688 1023
529796 1023
529908 1023
530020 1023
530132 1023
530244 1023
530352 1023
530472 1023
530580 1023
530692 1023
530804 1023
530916 1023
531028 1023
531136 1023
531248 1023
531360 1023
531476 1023
531588 1023
531700 1023
531812 1023
531920 1023
532032 1023
532144 1023
532256 1023
532364 1023
532484 1023
532596 1023
532704 1023
532816 1023
532928 1023
533040 967
533148 896
533260 799
533372 711
533488 624
533600 527
533712 448
533824 352
533932 255
534044 192
534156 112
534268 56
534380 48
534488 56
534608 62
534720 71
534828 96
534940 120
535052 143
535164 192
535272 224
535384 271
535496 319
535612 384
535724 448
535836 512
535948 575
536060 639
536168 736
536280 792
536392 864
536504 927
536620 1008
536732 1023
536844 1023
536952 1023
537064 1023
537176 1023
537288 1023
537400 1023
537508 1023
537628 1023
537736 1023
537848 1023
537960 1023
538072 1023
538180 1023
538292 1023
538404 1023
538516 1023
538632 1023
538744 1023
538856 1023
538964 1023
539076 1023
539188 1023
539300 1023
539412 1023
539520 1023
539640 1023
539752 1023
539860 1023
539972 1023
540084 1023
540196 1023
540308 1023
540416 960
540528 896
540640 792
540756 704
540868 608
540980 519
541092 448
541200 352
541312 255
541424 192
541536 96
541648 56
541764 48
541876 56
541984 62
542096 71
542208 96
542320 124
542432 152
542540 192
542652 240
542768 284
542880 334
542992 391
543104 451
543216 515
543324 583
543436 655
543548 736
543660 798
543776 896
543888 944
544008 192
544120 112
544228 56
544340 48
544452 56
544564 62
544676 71
544792 96
544904 120
545016 143
545124 192
545236 224
545348 271
545460 319
545572 384
545680 448
545800 511
545908 575
546020 639
546132 716
546244 785
546356 864
546464 927
546576 1008
546688 1023
546804 1023
546916 1023
547028 1023
547140 1023
547248 1023
547360 1023
547472 1023
547584 1023
547696 1023
547812 1023
547924 1023
548032 1023
548144 1023
548256 1023
548368 1023
548480 1023
548588 1023
548700 1023
548812 1023
548928 1023
549040 1023
549152 1023
549264 1023
549372 1023
549484 1023
549596 1023
549708 1023
549816 1023
549936 1023
550048 1023
550156 1023
550268 1023
550380 960
550492 896
550604 796
550712 704
550824 624
550940 519
551052 448
551164 352
551276 255
551388 192
551496 96
551608 56
551720 48
551832 56
551948 62
552060 71
552172 96
552280 124
552392 147
552504 192
552616 240
552728 271
552836 327
552956 387
553064 449
553176 513
553288 583
553400 652
553512 736
553620 796
553732 864
553844 931
553960 1016
554072 1023
554184 1023
554296 1023
554404 1023
554516 1023
554628 1023
554740 1023
554852 1023
554968 1023
555080 1023
555192 1023
555300 1023
555412 1023
555524 1023
555636 1023
555744 1023
555856 1023
555968 1023
556084 1023
556196 1023
556308 1023
556420 1023
556528 1023
556640 1023
556752 1023
556864 1023
556976 1023
557092 1023
557204 1023
557312 1023
557424 1023
557536 1023
557648 1023
557760 963
557868 896
557980 798
558096 704
558208 624
558320 527
558432 448
558544 352
558652 255
558764 192
558876 112
558988 56
559104 48
559216 56
559328 62
559436 71
559548 96
559660 120
559772 143
559884 192
559992 224
560112 271
560220 327
560332 385
560444 448
560556 512
560664 575
560776 647
560888 736
561000 792
561116 864
561228 935
561340 1008
561448 1023
561560 1023
561672 1023
561784 1023
561896 1023
562004 1023
562116 1023
562236 1023
562344 1023
562456 1023
562568 1023
562680 1023
562792 1023
562900 1023
563012 1023
563124 1023
563240 1023
563352 1023
563464 1023
563576 1023
563684 1023
563796 1023
563908 1023
564020 1023
564132 1023
564248 1023
564360 1023
564468 1023
564580 1023
564692 1023
564804 1023
564916 1023
565024 1023
565136 961
565252 896
565364 787
565476 704
565588 624
565700 519
565808 448
565920 352
566032 255
566144 192
566260 96
566372 56
566480 48
566592 56
566704 62
566816 71
566928 96
567036 124
567148 152
567268 192
567376 240
567488 280
567600 332
567712 387
567820 449
567932 515
568044 575
568156 652
568268 768
568384 799
568496 865
568604 944
568716 1016
568828 1023
568940 1023
569052 1023
569160 1023
569272 1023
569388 1023
569500 1023
569612 1023
569724 1023
569836 1023
569944 1023
570056 1023
570168 1023
570280 1023
570396 1023
570508 1023
570620 1023
570732 1023
570840 1023
570952 1023
571064 1023
571176 1023
571284 1023
571404 1023
571516 1023
571624 1023
571736 1023
571848 1023
571960 1023
572068 1023
572180 1023
572292 1023
572408 1023
572520 960
