216 608
432 255
644 231
856 199
1072 167
1288 135
1500 103
1712 76
1924 48
2140 19
2352 7
2568 7
2780 12
2992 19
3208 31
3420 49
3632 71
3848 96
4060 120
4276 152
4488 176
4700 199
4912 227
5128 252
5344 271
5556 287
5768 312
5980 319
6200 327
6412 335
6624 335
6836 335
7048 327
7268 318
7480 304
7692 284
7904 255
8116 231
8336 206
8548 176
8760 143
8972 113
9184 83
9404 56
9616 28
9828 7
10040 7
10252 7
10472 15
10684 30
10896 44
11108 63
11328 88
11540 113
11752 142
11964 167
12176 193
12396 224
12608 248
12820 255
13032 287
13244 305
13464 319
13676 327
13888 335
14100 344
14312 344
14528 335
14744 319
14956 312
15168 291
15384 271
15596 248
15812 224
16024 192
16236 159
16452 127
16664 99
16876 71
17092 39
17304 17
17520 3
17732 7
17944 12
18156 24
18372 31
18588 56
18800 71
19012 97
19224 124
19436 152
19656 177
19868 207
20080 231
20292 255
20512 280
20724 295
20936 312
21148 319
21360 334
21580 335
21792 339
22004 335
22216 327
22428 318
22648 304
22860 284
23072 255
23284 231
23496 206
23716 176
23928 143
24140 112
24352 79
24564 49
24784 24
24996 7
25208 7
25420 7
25640 17
25852 31
26064 48
26276 63
26488 92
26708 120
26920 143
27132 167
27344 199
27556 224
27772 248
27988 271
28200 287
28412 305
28624 319
28840 327
29056 335
29268 335
29480 335
29692 327
29908 319
30120 305
30336 287
30548 255
30764 240
30976 211
31188 184
31400 152
31616 124
31832 92
32044 62
32256 31
32468 12
32680 7
32900 7
33112 15
33324 24
33536 39
33748 60
33968 79
34180 103
34392 127
34604 159
34816 192
35036 216
35248 240
35460 255
35672 286
35892 304
36104 319
36316 327
36528 335
36740 344
36960 344
37172 335
37384 327
37596 318
37808 304
38028 280
38240 255
38452 227
38664 199
38876 167
39096 135
39308 103
39520 76
39732 48
39944 24
40164 7
40376 7
40588 7
40800 19
41016 31
41232 49
41444 71
41656 96
41868 120
42084 147
42296 176
42512 199
42724 227
42936 252
43152 271
43364 287
43576 312
43792 319
44004 327
44220 335
44432 335
44644 335
44856 327
45072 319
45288 304
45500 284
45712 255
45924 231
46144 207
46356 176
46568 143
46780 113
46992 83
47212 56
47424 28
47636 7
47848 7
48060 7
48280 17
48492 30
48704 48
48916 63
49128 88
49348 113
49560 142
49772 167
49984 195
50204 224
50416 248
50628 255
50840 287
51052 304
51272 319
51484 327
51696 335
51908 339
52120 335
52340 334
52552 319
52764 312
52976 291
53188 271
53408 248
53620 220
53832 192
54044 159
54256 127
54472 96
54688 63
54904 195
55124 224
55336 248
55548 271
55760 287
55980 305
56192 319
56404 327
56616 335
56828 335
57048 335
57260 327
57472 319
57684 305
57896 287
58112 255
58328 240
58540 216
58752 184
58964 152
59180 120
59392 92
59608 62
59820 31
60036 7
60248 3
60460 7
60672 15
60888 25
61104 39
61316 60
61528 79
61740 103
61952 127
62172 159
62384 192
62596 216
62808 240
63020 255
63240 284
63452 304
63664 318
63876 327
64088 335
64308 344
64520 344
64732 337
64944 327
65164 319
65376 304
65588 280
65800 255
66012 231
66232 199
66444 167
66656 135
66868 103
67080 76
67300 48
67512 24
67724 7
67936 7
68148 12
68368 19
68580 31
68792 49
69004 71
69216 96
69436 124
69648 152
69860 176
70072 199
70288 227
70504 254
70716 273
70928 295
71140 312
71356 319
71572 334
71784 337
71996 339
72208 335
72424 327
72636 319
72852 304
73064 286
73276 255
73492 231
73704 207
73916 176
74132 143
74344 113
74560 79
74772 51
74984 24
75196 7
75416 7
75628 7
75840 15
76052 31
76264 48
76484 63
76696 92
76908 120
77120 143
77332 167
77552 199
77764 224
77976 248
78188 271
78400 287
78620 307
78832 319
79044 327
79256 335
79468 339
79688 335
79900 334
80112 319
80324 312
80544 287
80756 255
80968 248
81180 216
81392 192
81612 158
81824 126
82036 96
82248 63
82460 39
82680 15
82892 7
83104 7
83316 14
83528 24
83748 39
83960 56
84172 79
84384 103
84596 127
84812 159
85028 184
85240 216
85452 240
85668 255
85880 284
86092 304
86308 318
86520 327
86736 335
86948 344
87160 344
87372 339
87588 327
87804 319
88016 304
88228 284
88440 255
88652 231
88872 199
89084 172
89296 142
89508 110
89720 78
89940 48
90152 24
90364 7
90576 7
90796 7
91008 19
91220 31
91432 48
91644 67
91864 96
92076 120
92288 147
92500 176
92712 199
92932 225
93144 252
93356 271
93568 287
93780 305
94000 319
94212 327
94424 335
94636 335
94856 335
95068 327
95280 319
95492 304
95704 286
95924 255
96136 238
96348 207
96560 176
96772 145
96988 113
97204 83
97416 56
97628 28
97840 7
98056 3
98272 7
98484 15
98696 30
98908 46
99124 63
99336 88
99552 113
99764 142
99980 167
100192 195
100404 224
100616 248
100832 255
101048 287
101260 305
101472 319
101684 332
101896 335
102116 344
102328 344
102540 335
102752 327
102964 313
103184 295
103396 271
103608 252
103820 224
104032 192
104252 159
104464 127
104676 99
104888 71
105108 39
105320 15
105532 7
105744 7
105956 14
106176 24
106388 35
106600 56
106812 71
107024 99
107244 127
107456 156
107668 184
107880 207
108092 231
108312 255
108524 280
108736 295
108948 316
109160 319
109380 335
109600 15
109812 30
110028 48
110240 63
110452 88
110664 113
110884 143
111096 167
111308 195
111520 224
111732 248
111952 271
112164 287
112376 305
112588 319
112800 327
113020 335
113232 344
113444 339
113656 335
113868 319
114088 312
114300 287
114512 271
114724 248
114944 220
115156 192
115368 159
115580 127
115792 96
116012 63
116224 39
116436 15
116648 7
116860 7
117080 14
117292 24
117504 35
117716 56
117928 78
118148 103
118360 127
118572 156
118784 184
118996 207
119216 231
119428 255
119640 280
119852 295
120068 316
120284 327
120496 335
120708 344
120920 344
121136 339
121348 334
121564 319
121776 304
121988 286
122204 255
122416 231
122628 207
122844 176
123056 143
123272 112
123484 79
123696 51
123908 25
124124 7
124340 7
124552 7
124764 17
124976 31
125196 48
125408 63
125620 92
125832 115
126044 143
126264 167
126476 199
126688 224
126900 248
127112 255
127332 287
127544 305
127756 319
127968 327
128180 335
128400 335
128612 335
128824 327
129036 319
129248 305
129468 287
129680 255
129892 240
130104 216
130324 184
130536 152
130748 120
130960 88
131172 60
131392 31
131604 7
131816 7
132028 7
132240 15
132460 28
132672 39
132884 63
133096 88
133308 112
133524 135
133740 163
133952 192
134164 220
134376 243
134592 255
134808 287
135020 304
135232 319
135448 327
135660 335
135872 344
136088 344
136300 335
136516 327
136728 316
136940 295
137152 280
137368 254
137584 225
137796 195
138008 167
138220 135
138432 103
138652 71
138864 48
139076 24
139288 7
139500 7
139720 12
139932 24
140144 31
140356 49
140576 71
140788 96
141000 124
141212 152
141424 176
141644 206
141856 231
142068 255
142280 280
142492 295
142708 312
142924 319
143136 335
143348 344
143560 344
143776 339
143992 334
144204 319
144416 305
144628 287
144844 255
145056 240
145272 207
145484 179
145700 152
145912 115
146124 88
146336 56
146552 28
146768 7
146980 7
147192 7
147404 15
147616 28
147836 46
148048 63
148260 88
148472 112
148684 135
148904 167
149116 193
149328 224
149540 248
149760 255
149972 287
150184 304
150396 319
150608 327
150828 335
151040 335
151252 335
151464 332
151676 319
151896 312
152108 287
152320 270
152532 248
152744 220
152964 192
153176 159
153388 127
153600 96
153812 63
154032 39
154244 15
154456 3
154668 7
154884 15
155100 24
155312 35
155524 56
155736 78
155952 103
156168 127
156380 156
156592 184
156804 207
157020 236
157232 255
157448 280
157660 300
157872 316
158088 327
158300 335
158512 344
158728 344
158940 344
159156 334
159368 319
159580 304
159792 286
160012 255
160224 231
160436 207
160648 176
160860 143
161080 112
161292 79
161504 51
161716 24
161928 7
162148 7
162360 7
162572 17
162784 31
162996 48
163216 63
163428 92
163640 120
163852 143
164064 167
164284 49
164496 71
164708 96
164920 120
165140 152
165352 176
165564 199
165776 227
165988 252
166204 271
166420 291
166632 312
166844 319
167056 327
167272 335
167488 339
167700 335
167912 327
168128 319
168340 304
168552 286
168768 255
168980 238
169196 207
169408 176
169620 143
169832 113
170048 83
170264 56
170476 28
170688 7
170900 7
171112 7
171332 15
171544 30
171756 46
171968 63
172180 88
172400 113
172612 142
172824 167
173036 193
173256 224
173468 248
173680 255
173892 287
174104 304
174324 318
174536 327
174748 335
174960 335
175172 335
175392 327
175604 319
175816 305
176028 287
176240 255
176460 241
176672 216
176884 188
177096 156
177308 126
177528 96
177740 63
177952 35
178164 15
178384 7
178596 7
178808 14
179020 24
179232 35
179448 56
179664 79
179876 103
180088 127
180300 158
180516 184
180732 209
180944 238
181156 255
181368 280
181584 300
181796 316
182012 327
182224 335
182436 344
182652 344
182864 335
183076 327
183292 319
183508 304
183720 284
183932 255
184144 231
184356 204
184576 176
184788 143
185000 112
185212 79
185424 51
185644 24
185856 7
186068 7
186280 7
186492 17
186712 31
186924 48
187136 63
187348 88
187560 115
187780 143
187992 167
188204 195
188416 224
188636 248
188848 255
189060 287
189272 304
189484 318
189704 327
189916 335
190128 335
190340 335
190552 327
190772 319
190984 304
191196 287
191408 255
191620 240
191840 211
192052 184
192264 152
192476 120
192692 88
192908 60
193120 31
193332 7
193544 7
193760 7
193976 15
194188 28
194400 39
194612 62
194828 88
195040 112
195256 135
195468 163
195680 192
195896 220
196108 241
196320 255
196536 286
196748 304
196964 318
197176 327
197388 335
197600 335
197820 335
198032 334
198244 319
198456 312
198668 295
198888 271
199100 248
199312 224
199524 193
199736 163
199956 127
200168 103
200380 71
200592 46
200804 19
201024 7
201236 7
201448 14
201660 24
201872 31
202092 51
202304 71
202516 96
202728 124
202948 152
203160 176
203372 206
203584 227
203796 254
204016 275
204228 295
204440 312
204652 319
204864 334
205084 339
205296 344
205508 335
205720 332
205932 319
206148 304
206364 287
206576 255
206788 240
207000 207
207216 179
207432 152
207644 120
207856 88
208072 56
208284 30
208496 7
208712 7
208924 7
209140 15
209352 28
209564 44
209776 63
209992 88
210208 112
210420 135
210632 163
210844 192
211056 216
211276 241
211488 255
211700 286
211912 304
212124 316
212344 327
212556 335
212768 335
212980 335
213200 327
213412 319
213624 305
213836 287
214048 255
214268 241
214480 216
214692 192
214904 158
215116 127
215336 96
215548 63
215760 35
215972 15
216184 7
216404 7
216616 15
216828 24
217040 39
217252 56
217472 79
217684 103
217896 127
218108 158
218328 184
218540 211
218752 238
218964 124
219176 92
219388 62
219600 31
219820 7
220032 3
220244 7
220456 15
220668 24
220888 39
221100 60
221312 79
221524 103
221736 127
221956 159
222168 192
222380 216
222592 240
222804 255
223024 286
223236 304
223448 318
223660 327
223872 335
224092 339
224304 339
224516 335
224728 327
224944 316
225160 295
225372 280
225584 254
225796 225
226012 195
226224 167
226440 135
226652 103
226864 78
227080 48
227292 24
227504 7
227720 7
227932 7
228148 17
228360 31
228572 48
228784 67
229000 94
229216 120
229428 143
229640 176
229852 199
230072 227
230284 252
230496 271
230708 291
230920 312
231140 319
231352 335
231564 344
231776 344
231988 344
232208 335
232420 319
232632 312
232844 287
233056 271
233276 248
233488 216
233700 192
233912 156
234124 124
234344 92
234556 62
234768 31
234980 12
235200 3
235412 7
235624 15
235836 25
236048 39
236268 60
236480 79
236692 103
236904 127
237116 159
237332 192
237548 216
237760 240
237972 255
238184 284
238400 302
238616 316
238828 319
239040 334
239252 335
239468 335
239680 334
239896 319
240108 312
240324 295
240536 271
240748 249
240960 224
241176 193
241392 159
241604 127
241816 99
242028 71
242240 39
242460 15
242672 3
242884 7
243096 14
243308 24
243528 35
243740 56
243952 71
244164 99
244376 126
244596 152
244808 179
245020 207
245232 231
245452 255
245664 280
245876 295
246088 316
246300 327
246520 335
246732 344
246944 344
247156 344
247368 335
247584 319
247800 305
248012 287
248224 255
248436 240
248652 207
248864 179
249080 152
249292 120
249504 88
249720 56
249932 30
250144 7
250360 3
250576 7
250788 15
251000 28
251212 39
251424 63
251644 88
251856 112
252068 135
252280 167
252492 192
252712 224
252924 248
253136 255
253348 287
253560 305
253780 319
253992 327
254204 335
254416 344
254636 344
254848 335
255060 319
255272 312
255484 291
255704 271
255916 248
256128 220
256340 192
256552 159
256772 127
256984 96
257196 63
257408 35
257620 14
257840 3
258052 7
258264 15
258476 24
258688 39
258908 60
259120 79
259332 103
259544 127
259760 159
259976 184
260188 211
260400 238
260612 255
260828 280
261044 300
261256 316
261468 319
261680 335
261896 337
262108 339
262324 335
262536 327
262748 316
262964 295
263176 280
263388 255
263604 227
263816 199
264032 167
264244 135
264456 108
264668 78
264888 48
265100 24
265312 7
265524 7
265736 7
265956 17
266168 31
266380 48
266592 67
266804 94
267024 120
267236 143
267448 176
267660 199
267872 225
268092 252
268304 271
268516 291
268728 312
268940 319
269160 335
269372 344
269584 344
269796 344
270016 335
270228 319
270440 312
270652 291
270864 271
271084 248
271296 220
271508 192
271720 159
271932 127
272152 96
272364 63
272576 35
272788 14
273000 7
273220 7
273432 15
273644 67
273856 96
274068 120
274280 143
274500 174
274712 199
274924 225
275136 248
275356 271
275568 287
275780 312
275992 319
276204 334
276424 335
276636 344
276848 335
277060 327
277272 319
277488 304
277704 284
277916 255
278128 238
278340 207
278556 177
278772 145
278984 115
279196 83
279412 56
279624 28
279836 7
280052 7
280264 7
280480 15
280692 30
280904 46
281116 63
281332 88
281548 115
281760 142
281972 167
282184 195
282396 224
282616 248
282828 255
283040 287
283252 305
283464 319
283684 327
283896 335
284108 344
284320 339
284540 335
284752 319
284964 312
285176 291
285388 271
285608 248
285820 224
286032 192
286244 159
286456 127
286676 97
286888 67
287100 39
287312 15
287524 7
287744 7
287956 14
288168 24
288380 35
288592 56
288812 76
289024 99
289236 127
289448 156
289668 184
289880 207
290092 231
290304 255
290516 280
290732 295
290948 316
291160 327
291372 335
291584 344
291800 344
292016 337
292228 327
292440 319
292652 304
292868 284
293080 255
293296 231
293508 207
293720 176
293936 143
294148 112
294360 79
294576 51
294792 24
295004 7
295216 7
295428 7
295640 17
295860 31
296072 48
296284 63
296496 92
296708 120
296928 143
297140 167
297352 199
297564 224
297776 248
297996 271
298208 287
298420 305
298632 319
298844 327
299064 335
299276 339
299488 335
299700 327
299920 319
300132 304
300344 287
300556 255
300768 240
300988 211
301200 184
301412 152
301624 120
301836 88
302056 60
302268 31
302480 7
302692 7
302904 7
303124 15
303336 28
303548 39
303760 62
303972 81
304188 108
304400 135
304612 159
304824 192
305044 216
305256 240
305468 255
305680 286
305892 304
306112 319
306324 327
306536 337
306748 344
306960 344
307180 335
307392 327
307604 318
307816 300
308028 280
308248 255
308460 227
308672 199
308884 167
309096 135
309316 103
309528 71
309740 48
309952 24
310168 7
310380 7
310596 7
310808 19
311020 31
311236 49
311448 71
311660 96
311876 124
312088 152
312304 176
312516 204
312728 231
312940 254
313156 275
313372 295
313584 312
313796 319
314008 327
314228 335
314440 339
314652 335
314864 327
315076 319
315296 305
315508 287
315720 255
315932 240
316144 207
316364 177
316576 143
316788 113
317000 83
317212 56
317432 24
317644 7
317856 7
318068 7
318280 15
318500 31
318712 48
318924 63
319136 92
319356 115
319568 143
319780 167
319992 195
320204 224
320424 248
320636 271
320848 287
321060 305
321272 319
321492 327
321704 335
321916 339
322128 335
322340 334
322556 319
322772 312
322984 287
323196 255
323408 243
323624 216
323840 188
324052 156
324264 126
324480 96
324692 63
324904 35
325120 15
325332 7
325548 7
325760 15
325972 24
326184 39
326400 56
326616 79
326828 103
327040 127
327252 159
327464 188
327684 216
327896 240
328108 255
328320 304
328532 280
328748 255
328960 231
329172 199
329388 167
329600 135
329812 108
330028 78
330240 48
330456 24
330668 7
330880 7
331092 7
331308 19
331524 31
331736 48
331948 67
332160 96
332380 120
332592 145
332804 176
333016 199
333228 225
333448 252
333660 271
333872 287
334084 312
334296 319
334516 332
334728 335
334940 339
335152 335
335364 327
335584 319
335796 304
336008 287
336220 255
336432 238
336652 207
336864 177
337076 147
337288 115
337504 83
337716 56
337932 28
338144 7
338356 3
338572 7
338784 15
338996 30
339212 46
339424 63
339640 88
339852 113
340064 142
340276 167
340492 193
340708 224
340920 248
341132 255
341344 287
341564 305
341776 319
341988 327
342200 335
342412 339
342632 337
342844 335
343056 319
343268 312
343480 291
343700 271
343912 248
344124 224
344336 192
344548 159
344768 127
344980 97
345192 67
345404 39
345616 15
345836 7
346048 7
346260 14
346472 24
346692 35
346904 56
347116 71
347328 99
347540 127
347760 156
347972 184
348184 207
348396 231
348608 255
348828 280
349040 295
349252 316
349464 327
349676 335
349892 344
350108 344
350320 339
350532 332
350744 319
350960 304
351176 286
351388 255
351600 236
351816 206
352028 176
352240 143
352456 112
352668 79
352884 49
353096 24
353308 7
353520 3
353736 7
353952 17
354164 31
354376 48
354588 63
354800 92
355020 120
355232 143
355444 167
355656 195
355868 224
356088 248
356300 271
356512 287
356724 305
356944 319
357156 327
357368 335
357580 335
357792 335
358012 327
358224 319
358436 304
358648 287
358860 255
359080 240
359292 211
359504 184
359716 152
359928 120
360148 88
360360 60
360572 31
360784 7
360996 7
361216 7
361428 15
361640 28
361852 39
362072 63
362284 83
362496 112
362708 135
362920 159
363136 192
363352 216
363564 241
363776 255
363988 287
364204 304
364416 319
364632 327
364844 335
365056 344
365272 344
365484 335
365696 327
365912 316
366124 295
366340 280
366552 255
366764 227
366976 199
367196 167
367408 135
367620 103
367832 71
368044 48
368264 24
368476 7
368688 7
368900 7
369112 19
369332 31
369544 49
369756 71
369968 96
370180 120
370400 152
370612 176
370824 199
371036 227
371248 254
371468 271
371680 291
371892 312
372104 319
372320 334
372536 335
372748 344
372960 335
373172 327
373388 319
373600 304
373816 287
374028 255
374240 240
374456 207
374668 177
374880 147
375096 115
375308 83
375524 56
375736 28
375948 7
376160 7
376380 7
376592 15
376804 30
377016 46
377228 63
377448 88
377660 115
377872 143
378084 167
378296 195
378516 224
378728 248
378940 255
379152 287
379364 304
379584 319
379796 327
380008 335
380220 339
380432 335
380652 334
380864 319
381076 312
381288 287
381508 255
381720 243
381932 216
382144 192
382356 158
382576 126
382788 96
383004 287
383216 304
383428 319
383640 327
383852 335
384072 344
384284 339
384496 335
384708 319
384928 312
385140 295
385352 271
385564 248
385776 224
385996 192
386208 159
386420 127
386632 99
386844 71
387064 39
387276 15
387488 7
387700 7
387912 14
388132 24
388344 35
388556 56
388768 71
388988 99
389200 127
389412 156
389624 184
389836 207
390052 231
390268 255
390480 280
390692 295
390904 316
391120 327
391336 335
391548 344
391760 344
391972 344
392188 335
392400 319
392616 305
392828 287
393040 255
393256 240
393468 207
393680 179
393896 147
394112 115
394324 83
394536 56
394748 30
394960 7
395180 7
395392 7
395604 15
395816 30
396028 44
396248 63
396460 88
396672 113
396884 142
397096 167
397316 193
397528 224
397740 248
397952 255
398164 287
398384 304
398596 319
398808 327
399020 335
399240 339
399452 335
399664 332
399876 319
400088 312
400308 287
400520 255
400732 241
400944 216
401156 188
401376 156
401588 124
401800 92
402012 62
402224 31
402444 7
402656 3
402868 7
403080 15
403292 28
403512 39
403724 62
403936 81
404148 108
404364 135
404580 159
404792 192
405004 216
405216 240
405432 255
405644 286
405860 304
406072 316
406284 327
406500 335
406712 339
406924 339
407136 335
407352 327
407568 316
407780 295
407992 280
408204 255
408416 227
408636 199
408848 167
409060 135
409272 103
409492 71
409704 48
409916 24
410128 7
410340 7
410560 7
410772 19
410984 31
411196 48
411408 71
411628 96
411840 121
412052 152
412264 176
412476 199
412696 227
412908 255
413120 275
413332 295
413544 312
413764 319
413976 335
414188 344
414400 344
414620 344
414832 335
415044 319
415256 312
415468 287
415688 255
415900 240
416112 211
416324 184
416536 152
416752 120
416968 88
417180 56
417392 30
417604 7
417820 3
418036 7
418248 15
418460 28
418672 44
418888 63
419100 88
419316 112
419528 135
419744 167
419956 193
420168 224
420380 248
420596 255
420812 287
421024 304
421236 319
421448 327
421660 335
421880 335
422092 335
422304 334
422516 319
422728 312
422948 287
423160 255
423372 248
423584 216
423804 192
424016 158
424228 126
424440 96
424652 63
424872 35
425084 15
425296 7
425508 7
425720 15
425940 24
426152 39
426364 56
426576 79
426788 103
427008 127
427220 159
427432 188
427644 216
427856 240
428076 255
428288 284
428500 304
428712 318
428932 327
429144 335
429356 344
429568 344
429780 335
429996 327
430212 319
430424 304
430636 284
430848 255
431064 231
431280 199
431492 176
431704 143
431916 112
432132 79
432344 51
432560 28
432772 7
432984 7
433200 7
433412 17
433624 31
433840 48
434056 63
434268 92
434480 120
434692 143
434904 167
435124 199
435336 224
435548 248
435760 271
435972 287
436192 305
436404 319
436616 327
436828 335
437040 339
437260 335
437472 334
