112 97
228 96
340 96
452 96
568 96
680 96
792 92
904 88
1016 88
1128 88
1240 88
1360 88
1472 88
1584 88
1696 83
1808 81
1920 83
2032 88
2144 88
2256 88
2376 88
2488 88
2600 88
2712 92
2824 94
2936 96
3048 96
3160 96
3272 97
3392 99
3504 99
3616 99
3728 103
3840 103
3952 103
4064 103
4176 103
4288 103
4408 99
4520 99
4632 99
4744 99
4856 97
4968 96
5084 96
5196 96
5308 92
5424 92
5536 88
5648 88
5764 88
5876 88
5988 88
6100 88
6212 83
6324 83
6440 88
6556 88
6668 88
6780 88
6892 88
7004 88
7116 92
7228 92
7340 96
7460 96
7572 96
7684 97
7796 97
7908 99
8020 99
8132 103
8244 103
8356 103
8476 103
8588 103
8700 103
8812 103
8924 103
9036 99
9148 97
9260 97
9372 96
9492 96
9604 96
9716 96
9828 92
9940 92
10052 88
10164 88
10280 88
10392 88
10508 88
10620 88
10732 81
10844 83
10960 83
11072 83
11184 88
11296 88
11408 88
11524 92
11640 92
11752 92
11864 96
11976 96
12088 96
12200 96
12312 97
12424 99
12544 99
12656 103
12768 103
12880 103
12992 103
13104 103
13216 103
13328 99
13440 99
13560 99
13672 97
13784 96
13896 96
14008 96
14120 96
14232 92
14344 88
14456 88
14576 88
14688 88
14800 83
14912 83
15024 83
15136 83
15248 83
15360 83
15476 83
15592 83
15704 88
15816 88
15928 88
16040 92
16156 89
16268 92
16380 96
16492 96
16608 96
16720 96
16836 97
16948 99
17060 99
17172 99
17284 103
17396 103
17508 103
17620 103
17736 103
17848 99
17960 99
18072 97
18184 97
18296 96
18408 96
18520 96
18632 92
18752 92
18864 88
18976 88
19088 88
19200 88
19312 88
19424 81
19536 81
19648 81
19768 83
19880 83
19992 88
20104 88
20216 88
20328 88
20440 88
20556 92
20668 92
20784 92
20896 96
21008 96
21120 96
21236 97
21348 97
21460 99
21572 99
21684 103
21800 103
21916 103
22028 103
22140 103
22252 103
22364 99
22476 99
22588 99
22700 99
22820 97
22932 96
23044 96
23156 92
23268 92
23380 92
23492 88
23604 88
23716 88
23836 88
23948 88
24060 83
24172 83
24284 88
24396 88
24508 83
24620 88
24732 88
24852 88
24964 88
25076 88
25188 92
25300 96
25412 96
25524 96
25636 97
25748 99
25868 99
25980 99
26092 103
26204 103
26316 103
26428 103
26544 103
26656 103
26768 103
26884 99
26996 99
27108 99
27224 97
27336 96
27448 96
27560 96
27672 96
27784 92
27900 92
28016 88
28128 88
28240 88
28352 88
28464 83
28576 83
28688 83
28800 81
28920 83
29036 88
29148 88
29260 88
29380 83
29492 81
29604 81
29716 79
29828 79
29940 79
30052 83
30164 83
30276 83
30396 88
30508 88
30620 88
30732 92
30844 94
30956 96
31068 96
31180 97
31292 97
31412 99
31524 99
31636 103
31748 103
31860 103
31972 103
32084 103
32196 103
32312 103
32424 103
32540 103
32652 99
32764 99
32876 97
32992 96
33104 96
33216 96
33328 92
33440 88
33556 88
33668 88
33780 88
33892 81
34004 81
34116 79
34228 79
34340 79
34452 79
34572 79
34684 81
34796 83
34908 88
35020 88
35132 88
35244 92
35356 94
35472 96
35588 96
35700 97
35812 97
35924 99
36036 99
36152 103
36264 103
36376 103
36488 103
36604 103
36716 103
36832 103
36944 103
37056 99
37168 99
37280 97
37392 97
37504 96
37624 96
37736 92
37848 92
37960 88
38072 88
38184 88
38296 83
38408 81
38520 79
38640 79
38752 79
38864 79
38976 79
39088 79
39200 81
39312 83
39424 88
39536 88
39656 88
39768 92
39880 94
39992 96
40104 96
40216 97
40328 97
40440 99
40552 99
40672 103
40784 103
40896 103
41008 103
41120 103
41232 103
41348 103
41460 103
41572 99
41688 99
41800 97
41912 96
42028 96
42140 96
42252 92
42364 88
42476 88
42588 88
42704 88
42820 83
42932 79
43044 79
43156 79
43268 79
43380 79
43492 79
43604 81
43724 83
43836 88
43948 88
44060 88
44172 89
44284 92
44396 96
44508 96
44620 96
44740 99
44852 99
44964 103
45076 103
45188 103
45300 103
45412 103
45524 103
45636 103
45756 103
45868 103
45980 103
46092 103
46204 99
46316 97
46428 97
46544 96
46656 96
46772 92
46884 92
46996 88
47108 88
47224 88
47336 83
47448 81
47560 81
47672 79
47788 79
47904 79
48016 81
48128 81
48240 83
48352 88
48464 88
48576 88
48688 92
48800 92
48916 96
49028 96
49140 97
49252 97
49364 99
49476 103
49588 103
49700 103
49812 103
49932 103
50044 103
50156 103
50268 103
50380 103
50492 103
50604 103
50716 99
50832 97
50948 96
51060 96
51172 96
51284 92
51396 88
51508 88
51624 88
51736 88
51848 83
51964 79
52076 79
52188 79
52304 79
52416 79
52528 81
52640 83
52752 83
52864 88
52980 88
53096 88
53208 88
53320 92
53432 96
53544 96
53656 97
53768 97
53880 99
54000 103
54112 103
54224 103
54336 103
54448 103
54560 103
54672 103
54784 103
54896 103
55016 103
55128 99
55240 99
55352 97
55464 96
55576 96
55688 92
55800 92
55912 88
56032 88
56144 88
56256 83
56368 79
56480 79
56592 79
56704 79
56816 79
56932 79
57048 79
57160 81
57272 83
57384 88
57496 88
57612 88
57724 92
57836 92
57952 81
58064 81
58176 79
58288 79
58408 79
58520 79
58632 81
58744 83
58856 88
58968 88
59080 88
59192 92
59304 92
59424 96
59536 96
59648 96
59760 97
59872 99
59984 99
60100 103
60212 103
60324 103
60440 103
60552 103
60664 103
60780 103
60892 103
61004 103
61116 99
61228 99
61340 99
61456 97
61572 96
61684 96
61796 94
61908 92
62020 88
62132 88
62244 88
62356 88
62468 83
62588 83
62700 79
62812 79
62924 79
63036 79
63148 83
63260 83
63372 83
63484 88
63604 88
63716 88
63828 92
63940 96
64052 96
64164 96
64276 97
64388 99
64500 99
64620 103
64732 103
64844 103
64956 103
65068 103
65180 103
65296 103
65408 103
65520 103
65636 103
65748 99
65860 99
65976 97
66088 96
66200 96
66312 92
66424 92
66536 88
66652 88
66768 88
66880 83
66992 81
67104 79
67216 79
67328 79
67440 79
67552 79
67672 79
67784 81
67896 83
68008 88
68120 88
68232 89
68344 92
68456 94
68568 96
68688 96
68800 97
68912 99
69024 99
69136 103
69248 103
69360 103
69472 103
69584 103
69704 103
69816 103
69928 103
70040 99
70152 103
70264 99
70376 96
70488 96
70604 96
70720 96
70832 92
70944 88
71056 88
71168 88
71284 88
71396 81
71508 79
71620 79
71736 79
71848 79
71964 79
72076 79
72188 79
72300 83
72412 88
72524 88
72636 88
72756 88
72868 92
72980 96
73092 96
73204 96
73316 97
73428 99
73540 99
73652 103
73772 103
73884 103
73996 103
74108 103
74220 103
74332 103
74444 103
74556 103
74668 103
74788 99
74900 97
75012 96
75124 96
75236 96
75348 92
75460 88
75572 88
75684 88
75804 88
75916 83
76028 79
76140 79
76252 79
76364 79
76480 79
76592 79
76704 79
76820 83
76932 88
77044 88
77160 88
77272 92
77384 94
77496 96
77608 96
77720 96
77836 99
77952 99
78064 103
78176 103
78288 103
78400 103
78512 103
78624 103
78736 103
78848 103
78964 103
79076 103
79188 103
79300 99
79412 97
79524 96
79636 96
79748 96
79860 92
79980 92
80092 88
80204 88
80316 88
80428 83
80540 79
80652 79
80764 79
80880 79
80996 79
81108 81
81220 83
81332 88
81444 88
81560 88
81672 88
81784 92
81896 96
82012 96
82124 96
82240 97
82352 99
82464 99
82576 103
82688 103
82800 103
82912 103
83032 103
83144 103
83256 103
83368 103
83480 103
83592 103
83704 99
83816 97
83928 96
84048 96
84160 96
84272 92
84384 92
84496 88
84608 88
84720 88
84832 83
84944 81
85064 79
85176 79
85288 79
85400 79
85512 79
85624 81
85736 81
85848 88
85960 88
86080 88
86192 92
86304 92
86416 96
86528 96
86640 96
86756 97
86876 83
86988 83
87100 81
87216 79
87332 79
87444 81
87556 83
87668 88
87780 88
87892 88
88004 88
88116 88
88236 92
88348 96
88460 96
88572 96
88684 97
88796 97
88908 99
89020 99
89132 103
89252 103
89364 103
89476 103
89588 103
89700 103
89812 99
89924 99
90036 99
90148 97
90268 97
90380 96
90492 96
90604 96
90716 92
90828 92
90940 88
91052 88
91164 88
91284 88
91396 83
91508 81
91620 79
91732 79
91844 81
91960 83
92072 83
92184 83
92300 88
92412 88
92524 88
92640 89
92752 92
92864 96
92976 96
93088 96
93200 97
93316 99
93432 99
93544 99
93656 103
93768 103
93880 103
93992 103
94104 103
94216 103
94336 99
94448 99
94560 99
94672 97
94784 97
94896 96
95008 96
95120 96
95232 92
95352 88
95464 88
95576 88
95688 88
95800 88
95912 88
96024 83
96136 79
96248 81
96368 81
96480 81
96592 88
96704 88
96816 88
96928 88
97040 88
97152 92
97268 96
97384 96
97496 96
97608 96
97720 97
97832 97
97948 99
98060 99
98172 103
98284 103
98400 103
98512 103
98628 103
98740 103
98852 103
98964 103
99076 99
99188 97
99300 97
99420 96
99532 96
99644 96
99756 92
99868 92
99980 88
100092 88
100204 88
100316 88
100428 83
100548 83
100660 83
100772 83
100884 81
100996 83
101108 88
101220 88
101332 88
101444 88
101564 92
101676 92
101788 96
101900 96
102012 96
102124 97
102236 99
102348 99
102460 99
102580 103
102692 103
102804 103
102916 103
103028 103
103140 103
103252 103
103364 103
103476 103
103596 99
103708 99
103820 96
103932 96
104044 96
104156 96
104268 92
104384 88
104496 88
104612 88
104724 88
104836 83
104948 83
105064 83
105176 81
105288 79
105400 79
105512 83
105628 83
105744 88
105856 88
105968 88
106080 92
106192 88
106304 96
106416 96
106528 96
106648 97
106760 99
106872 99
106984 103
107096 103
107208 103
107320 103
107432 103
107544 103
107664 103
107776 103
107888 99
108000 99
108112 99
108224 97
108336 96
108448 96
108560 92
108680 92
108792 92
108904 88
109016 88
109128 88
109240 83
109352 81
109464 83
109580 79
109696 81
109808 79
109920 79
110032 81
110144 88
110260 88
110372 88
110484 88
110596 89
110712 92
110824 96
110940 96
111052 96
111164 97
111276 99
111388 99
111500 99
111612 103
111732 103
111844 103
111956 103
112068 103
112180 103
112292 103
112404 99
112516 99
112628 97
112748 97
112860 96
112972 96
113084 94
113196 92
113308 92
113420 88
113532 88
113644 88
113764 83
113876 81
113988 81
114100 79
114212 79
114324 79
114436 83
114548 83
114660 88
114780 88
114892 88
115004 89
115116 92
115228 92
115340 96
115456 96
115568 96
115680 97
115792 79
115904 79
116016 79
116128 81
116240 88
116352 88
116468 88
116580 92
116692 92
116808 96
116920 96
117032 96
117148 97
117260 99
117372 103
117484 103
117596 103
117708 103
117824 103
117940 103
118052 103
118164 103
118276 103
118388 103
118500 103
118612 99
118724 97
118844 96
118956 96
119068 96
119180 92
119292 89
119404 88
119516 88
119628 81
119740 83
119860 79
119972 79
120084 79
120196 79
120308 79
120420 79
120532 81
120644 83
120756 88
120876 88
120988 88
121100 92
121212 92
121324 96
121436 96
121548 97
121664 97
121776 99
121892 103
122004 103
122116 103
122228 103
122344 103
122456 103
122568 103
122680 103
122792 103
122908 99
123024 99
123136 99
123248 99
123360 96
123472 96
123584 96
123696 92
123808 89
123928 88
124040 88
124152 88
124264 83
124376 83
124488 79
124600 79
124712 79
124824 79
124944 81
125056 83
125168 91
125280 88
125392 88
125504 88
125616 92
125728 94
125840 96
125960 96
126072 99
126184 99
126296 99
126408 103
126520 103
126632 103
126744 103
126860 103
126976 103
127088 103
127200 103
127312 103
127424 103
127540 99
127652 99
127764 97
127876 96
127992 96
128104 92
128220 92
128332 88
128444 88
128556 88
128668 88
128780 83
128892 79
129012 79
129124 79
129236 79
129348 79
129460 79
129572 81
129684 83
129796 88
129908 88
130028 88
130140 92
130252 96
130364 96
130476 96
130588 97
130700 99
130812 99
130924 103
131036 103
131156 103
131268 103
131380 103
131492 103
131604 103
131716 103
131828 103
131940 99
132052 99
132172 97
132284 96
132396 96
132508 96
132620 92
132732 88
132844 88
132956 88
133068 88
133188 81
133300 79
133412 79
133524 79
133636 79
133748 79
133860 79
133972 79
134088 79
134204 81
134316 88
134428 88
134540 88
134652 92
134768 92
134880 96
134992 96
135104 97
135220 99
135332 99
135448 103
135560 103
135672 103
135784 103
135896 103
136008 103
136120 103
136240 103
136352 103
136464 99
136576 99
136688 97
136800 96
136912 96
137024 92
137136 92
137256 88
137368 88
137480 88
137592 83
137704 81
137816 81
137928 79
138040 79
138152 79
138272 79
138384 79
138496 79
138608 83
138720 88
138832 88
138944 88
139056 88
139168 92
139288 96
139400 96
139512 97
139624 99
139736 99
139848 99
139964 103
140076 103
140188 103
140304 103
140416 103
140528 103
140644 103
140756 103
140868 103
140980 103
141092 99
141204 97
141320 96
141436 96
141548 96
141660 89
141772 88
141884 88
141996 88
142108 83
142220 79
142340 79
142452 79
142564 79
142676 79
142788 79
142900 79
143012 81
143124 88
143236 88
143356 88
143468 88
143580 92
143692 92
143804 96
143916 96
144028 97
144140 99
144252 99
144372 103
144484 103
144596 103
144716 103
144828 103
144944 103
145056 103
145172 103
145284 103
145396 99
145508 97
145620 97
145732 96
145844 96
145964 96
146076 92
146188 88
146300 88
146412 88
146524 88
146636 88
146748 81
146860 79
146980 79
147092 79
147204 79
147316 81
147428 83
147540 83
147652 88
147764 88
147876 88
147996 88
148108 92
148220 92
148332 96
148444 96
148556 96
148668 97
148780 99
148892 99
149012 103
149124 103
149236 103
149348 103
149460 103
149572 103
149688 103
149800 103
149912 99
150028 99
150140 97
150252 96
150368 96
150480 96
150592 92
150704 88
150816 88
150928 88
151044 88
151160 88
151272 83
151384 79
151496 79
151608 79
151720 79
151832 79
151944 81
152056 88
152172 88
152284 88
152396 88
152508 92
152620 92
152732 96
152844 96
152956 96
153068 97
153188 99
153300 99
153412 99
153524 103
153636 103
153748 103
153860 103
153972 103
154088 103
154204 103
154316 103
154428 103
154540 99
154652 97
154768 96
154880 96
154992 96
155104 92
155220 92
155332 88
155448 88
155560 88
155672 88
155784 83
155896 83
156008 81
156120 81
156240 83
156352 83
156464 83
156576 88
156688 88
156800 88
156912 92
157024 92
157136 94
157256 96
157368 96
157480 97
157592 97
157704 99
157816 103
157928 103
158040 103
158152 103
158272 103
158384 103
158496 103
158608 103
158720 103
158832 103
158944 99
159056 99
159168 97
159288 96
159400 96
159512 96
159624 92
159736 92
159848 88
159964 88
160076 88
160188 88
160304 83
160416 83
160528 81
160644 83
160756 83
160868 83
160980 83
161092 88
161204 88
161320 88
161436 89
161548 92
161660 96
161772 96
161884 96
161996 96
162108 97
162220 99
162340 99
162452 103
162564 103
162676 103
162788 103
162900 103
163012 103
163124 103
163236 103
163356 99
163468 99
163580 99
163692 97
163804 96
163916 96
164028 96
164140 92
164252 92
164372 88
164484 88
164596 88
164708 88
164820 81
164932 81
165044 79
165160 81
165272 81
165388 81
165500 83
165612 88
165724 88
165840 88
165952 88
166064 92
166176 92
166288 96
166404 96
166520 96
166632 97
166744 97
166856 99
166968 99
167080 103
167192 103
167304 103
167416 103
167532 103
167644 103
167756 99
167868 99
167980 97
168092 97
168204 96
168316 96
168428 96
168548 94
168660 92
168772 88
168884 88
168996 88
169108 88
169220 83
169332 81
169448 83
169564 79
169676 81
169788 81
169900 81
170012 83
170124 88
170240 88
170352 88
170464 88
170580 92
170692 94
170804 96
170920 96
171032 96
171144 96
171256 99
171368 99
171480 99
171596 103
171712 103
171824 103
171936 103
172048 103
172160 103
172272 103
172384 99
172496 99
172616 97
172728 96
172840 96
172952 96
173064 92
173176 92
173288 88
173400 88
173512 88
173620 103
173736 99
173848 97
173960 96
174076 96
174188 92
174304 88
174416 88
174528 83
174640 79
174752 79
174864 79
174976 78
175096 78
175208 78
175320 78
175432 79
175544 79
175656 79
175768 83
175880 88
175992 88
176112 89
176224 92
176336 96
176448 96
176560 99
176672 99
176784 103
176896 103
177008 103
177128 110
177240 110
177352 110
177464 110
177576 110
177688 103
177800 108
177912 103
178024 103
178144 99
178256 99
178368 96
178480 96
178592 94
178704 88
178820 88
178932 83
179044 79
179160 79
179272 79
179384 79
179500 78
179612 78
179724 78
179836 79
179948 79
180060 79
180176 79
180292 81
180404 88
180516 88
180628 92
180740 92
180852 96
180964 96
181076 97
181196 99
181308 103
181420 103
181532 103
181644 108
181756 110
181868 110
181980 112
182092 108
182212 103
182324 103
182436 103
182548 103
182660 99
182772 97
182884 96
182996 96
183108 94
183228 88
183340 88
183452 88
183564 79
183676 79
183788 79
183900 78
184016 78
184128 78
184244 78
184356 78
184468 78
184580 79
184696 79
184808 83
184920 88
185032 88
185144 92
185260 92
185376 96
185488 97
185600 99
185712 103
185824 103
185936 103
186048 103
186160 110
186280 110
186392 112
186504 112
186616 112
186728 108
186840 103
186952 103
187064 103
187176 99
187296 99
187408 96
187520 96
187632 92
187744 88
187856 88
187968 83
188080 81
188192 79
188312 79
188424 78
188536 78
188648 79
188760 78
188872 79
188984 79
189096 79
189212 79
189324 83
189440 88
189552 88
189664 92
189776 96
189892 96
190004 97
190116 99
190228 103
190340 103
190456 103
190568 108
190680 112
190792 112
190904 112
191016 112
191128 112
191240 110
191352 108
191472 103
191584 103
191696 99
191808 99
191920 96
192032 96
192144 94
192256 88
192372 88
192488 88
192600 81
192712 79
192824 79
192936 79
193048 79
193164 78
193276 79
193388 79
193504 79
193616 79
193728 81
193844 88
193956 88
194068 88
194180 92
194292 96
194404 96
194520 97
194636 99
194748 103
194860 103
194972 103
195084 103
195196 108
195308 110
195420 112
195540 112
195652 110
195764 110
195876 103
195988 103
196100 103
196212 99
196324 97
196436 96
196556 96
196668 92
196780 88
196892 88
197004 83
197116 79
197228 79
197340 79
197452 79
197572 78
197684 78
197796 78
197908 79
198020 79
198132 79
198244 79
198360 83
198472 88
198588 88
198700 92
198812 96
198924 96
199040 97
199152 99
199264 103
199376 103
199488 103
199604 103
199720 103
199832 110
199944 110
200056 110
200168 110
200280 110
200392 103
200504 103
200624 103
200736 99
200848 96
200960 96
201072 96
201184 92
201296 88
201408 88
201520 83
201640 79
201752 79
201864 79
201976 78
202088 78
202200 78
202312 78
202424 79
202540 99
202652 96
202764 96
202876 96
202988 92
203100 92
203212 88
203324 88
203436 88
203556 83
203668 83
203780 81
203892 81
204004 83
204116 79
204228 79
204344 79
204456 81
204572 83
204684 88
204796 88
204908 88
205024 92
205136 92
205248 96
205360 96
205472 96
205588 97
205704 99
205816 99
205928 103
206040 103
206152 103
206264 103
206376 103
206488 103
206608 103
206720 103
206832 103
206944 99
207056 99
207168 97
207280 96
207392 96
207504 96
207624 92
207736 92
207848 88
207960 88
208072 88
208184 83
208296 83
208408 81
208520 81
208640 81
208752 81
208864 81
208976 88
209088 88
209200 88
209312 88
209424 88
209540 92
209656 96
209768 96
209880 96
209992 97
210104 99
210220 99
210332 99
210444 103
210556 103
210672 103
210784 103
210900 103
211012 103
211124 103
211236 103
211348 103
211460 99
211572 99
211692 99
211804 96
211916 96
212028 96
212140 92
212252 92
212364 88
212476 88
212588 88
212708 88
212820 83
212932 81
213044 81
213156 81
213268 83
213380 83
213492 88
213604 88
213724 88
213836 88
213948 88
214060 92
214172 96
214284 96
214396 96
214508 96
214620 97
214740 99
214852 99
214964 103
215076 103
215188 103
215300 103
215416 103
215528 103
215640 103
215756 103
215868 99
215980 99
216096 97
216208 97
216320 96
216432 96
216544 96
216656 92
216772 88
216888 88
217000 88
217112 88
217224 88
217336 83
217448 79
217560 83
217672 81
217784 81
217900 83
218012 83
218124 88
218236 88
218348 88
218460 88
218572 92
218684 92
218796 96
218916 96
219028 96
219140 97
219252 99
219364 99
219476 99
219588 103
219700 103
219816 103
219932 103
220044 103
220156 103
220268 103
220380 99
220496 99
220608 97
220720 97
220832 96
220948 96
221060 92
221176 92
221288 88
221400 88
221512 88
221624 88
221736 83
221848 79
221968 79
222080 79
222192 79
222304 79
222416 81
222528 83
222640 83
222752 88
222864 88
222984 88
223096 92
223208 92
223320 96
223432 96
223544 96
223656 97
223768 99
223880 99
224000 103
224112 103
224224 103
224336 103
224448 103
224560 103
224672 103
224784 103
224896 99
225016 99
225128 97
225240 96
225352 96
225464 96
225576 92
225692 92
225804 88
225916 88
226032 88
226144 88
226256 88
226372 83
226484 79
226596 81
226708 79
226820 79
226932 81
227048 83
227164 88
227276 88
227388 88
227500 92
227612 92
227724 96
227836 96
227948 96
228068 97
228180 99
228292 99
228404 103
228516 103
228628 103
228740 103
228852 103
228964 103
229084 103
229196 103
229308 103
229420 103
229532 99
229644 97
229756 96
229868 96
229980 96
230100 92
230212 92
230324 88
230436 88
230548 88
230660 88
230772 83
230888 83
231000 81
231116 81
231228 81
231340 83
