520 572
1032 211
1548 176
2060 112
2576 39
3088 7
3604 31
4116 81
4632 143
5144 192
5660 216
6172 199
6688 152
7196 79
7716 17
8224 15
8744 56
9252 112
9768 167
10280 207
10796 211
11308 184
11824 120
12336 49
12852 7
13364 30
13880 78
14392 135
14908 192
15420 216
15936 199
16448 159
16964 89
17472 25
17992 15
18500 48
19020 103
19528 159
20048 199
20556 216
21072 192
21580 127
22096 60
22608 7
23124 24
23632 67
24152 127
24668 184
25180 216
25696 207
26204 163
26724 97
27232 31
27752 14
28260 39
28776 96
29288 156
29804 199
30316 216
30832 192
31344 135
31860 63
32372 14
32888 24
33400 63
33916 124
34428 177
34944 211
35456 207
35972 167
36480 103
37000 39
37508 12
38028 35
38536 88
39056 147
39564 195
40080 216
40592 199
41108 143
41620 78
42136 15
42648 17
43164 56
43676 113
44192 172
44704 207
45220 211
45732 177
46248 113
46760 48
47276 7
47788 31
48304 79
48812 142
49332 192
49840 216
50360 199
50868 152
51384 83
51896 24
52412 15
52924 49
53440 103
53952 167
54468 207
54980 216
55496 184
56008 124
56524 56
57036 7
57552 28
58064 71
58580 127
59088 188
59608 216
60116 206
60636 159
61144 96
61660 28
62172 15
62688 44
63200 97
63716 159
64228 199
64744 216
65256 192
65772 127
66284 63
66800 12
67312 24
67828 63
68340 127
68856 184
69364 211
69884 207
70392 167
70912 99
71420 31
71940 14
72448 39
72964 94
73476 152
73992 199
74504 216
75020 193
75532 142
76048 71
76560 15
77076 19
77588 60
78104 120
78616 176
79132 207
79644 209
80160 176
80672 112
81188 39
81696 12
82216 31
82724 83
83244 143
83752 193
84268 216
84780 199
85296 152
85808 79
86324 15
86836 15
87352 56
87864 112
88380 167
88892 207
89408 211
89920 179
90436 120
90948 48
91464 7
91972 31
92492 79
93000 135
93520 192
94028 216
94544 199
95056 156
95572 88
96084 24
96600 15
97112 48
97628 103
98140 163
98656 206
99168 216
99684 188
100196 127
100712 60
101224 7
101740 24
102248 71
102768 127
103276 184
103796 216
104304 207
104824 159
105332 96
105848 31
106360 15
106876 39
107388 96
107904 158
108416 199
108932 216
109444 192
109960 127
110472 63
110988 14
111500 24
112016 63
112528 124
113044 179
113556 209
114072 207
114580 167
115100 103
115608 35
116128 12
116636 35
117152 89
117664 152
118180 195
118692 216
119208 195
119720 143
120236 71
120748 15
121264 17
121776 56
122292 115
122804 174
123320 207
123832 211
124348 176
124856 113
125376 46
125884 7
126404 31
126912 79
127428 143
127940 192
128456 216
128968 199
129484 152
129996 81
130512 19
131024 15
131540 51
132056 207
132572 159
133084 96
133600 30
134112 15
134628 39
135140 97
135656 159
136168 199
136684 216
137196 192
137712 127
138224 63
138740 14
139248 24
139768 63
140276 126
140796 179
141304 211
141824 207
142332 167
142848 103
143360 33
143876 14
144388 39
144904 92
145416 152
145932 199
146444 216
146960 193
147472 142
147988 71
148500 15
149016 19
149528 60
150044 120
150556 176
151072 207
151580 209
152100 176
152608 112
153128 39
153636 7
154152 31
154664 83
155180 143
155692 193
156208 216
156720 199
157236 147
157748 79
158264 15
158776 15
159292 56
159804 112
160320 167
160832 207
161348 211
161856 179
162376 120
162884 48
163404 7
163912 31
164428 79
164940 135
165456 192
165968 216
166484 199
166996 156
167512 88
168024 24
168540 15
169052 48
169568 103
170080 163
170596 206
171108 216
171624 184
172132 127
172652 56
173160 7
173680 28
174188 71
174708 127
175216 188
175732 216
176244 207
176760 159
177272 96
177788 30
178300 15
178816 39
179328 97
179844 159
180356 199
180872 216
181384 192
181900 127
182412 63
182928 14
183440 24
183956 63
184464 127
184984 184
185492 211
186012 207
186520 167
187036 99
187548 33
188064 14
188576 39
189092 92
189604 152
190120 199
190632 216
191148 193
191660 142
192176 71
192688 15
193204 19
193716 60
194232 120
194740 176
195260 207
195768 211
196288 176
196796 112
197312 39
197824 7
198340 31
198852 88
199368 143
199880 193
200396 216
200908 199
201424 147
201936 79
202452 15
202964 15
203480 56
203992 112
204508 167
205016 207
205536 211
206044 179
206564 120
207072 48
207592 7
208100 31
208616 79
209128 135
209644 192
210156 216
210672 199
211184 156
211700 88
212212 24
212728 15
213240 48
213756 103
214268 163
214784 206
215296 216
215812 184
216324 127
216840 56
217348 7
217868 28
218376 71
218892 127
219400 185
219916 216
220424 206
220940 159
221448 96
221964 30
222476 15
222992 39
223500 97
224020 159
224536 199
225048 216
225564 192
226072 127
226592 63
227100 12
227620 24
228128 63
228644 126
229156 179
229672 211
230184 207
230700 167
231212 103
231728 35
232240 14
232756 39
233268 92
233784 152
234296 199
234812 216
235324 195
235840 143
236348 71
236868 15
237376 19
237896 60
238404 120
238924 176
239432 207
239948 207
240460 176
240976 112
241488 39
242004 12
242516 31
243032 88
243544 143
244060 193
244572 216
245088 199
245600 152
246116 79
246628 17
247144 15
247656 56
248172 112
248680 167
249200 207
249708 216
250228 184
250736 120
251252 49
251764 7
252280 30
252792 78
253308 135
253820 192
254336 216
254848 199
255364 156
255876 88
256392 24
256904 15
257420 48
257932 103
258448 163
258956 206
259476 216
259984 188
260504 127
261012 56
261528 7
262040 28
262556 71
263068 127
263580 48
264100 103
264608 163
265128 206
265636 216
266152 184
266664 126
267180 56
267692 7
268208 28
268720 71
269236 127
269748 188
270264 216
270776 206
271292 159
271804 96
272320 28
272832 15
273348 44
273856 99
274376 159
274884 199
275404 216
275912 192
276428 127
276940 63
277456 12
277968 24
278484 63
278996 127
279512 184
280024 211
280540 207
281052 167
281568 99
282080 31
282596 14
283108 39
283624 96
284132 153
284652 199
285160 216
285680 193
286188 135
286708 67
287216 15
287732 24
288244 62
288760 121
289272 176
289788 207
290300 207
290816 176
291328 110
291844 39
292356 12
292872 35
293384 88
293900 147
294412 195
294928 216
295440 199
295956 143
296464 78
296984 15
297492 17
298012 56
298520 113
299036 167
299548 207
300064 211
300576 177
301092 113
301604 48
302120 7
302628 31
303144 79
303656 142
304172 192
304680 216
305200 199
305716 152
306228 83
306744 24
307252 15
307772 49
308280 103
308800 167
309308 207
309824 216
310336 184
310852 124
311364 56
311880 7
312392 28
312908 71
313420 127
313936 192
314448 216
314964 206
315476 159
315992 94
316504 28
317020 15
317528 46
318048 99
318556 159
319076 199
319584 216
320104 192
320612 127
321128 62
321640 12
322156 24
322668 63
323184 127
323696 184
324212 211
324724 207
325240 163
325752 99
326268 31
326780 14
327296 39
327808 96
328324 156
328836 199
329352 216
329860 192
330380 135
330888 67
331408 14
331916 24
332432 63
332944 120
333460 177
333972 211
334488 207
335000 174
335516 103
336028 39
336544 12
337056 35
337572 88
338084 147
338600 195
339112 216
339628 195
340136 143
340656 71
341164 15
341684 17
342192 56
342708 115
343220 172
343736 207
344248 211
344764 176
345276 113
345792 46
346304 12
346820 31
347332 79
347848 143
348360 192
348876 216
349388 199
349904 152
350412 83
350932 19
351440 15
351960 51
352468 110
352988 167
353496 207
354012 216
354524 184
355040 124
355552 56
356068 7
356580 28
357096 71
357608 135
358124 192
358636 216
359152 204
359664 159
360180 92
360692 24
361208 15
361720 48
362236 103
362744 159
363264 199
363772 216
364292 188
364800 127
365316 60
365828 12
366344 24
366856 67
367372 127
367884 184
368400 216
368912 207
369428 163
369940 97
370456 31
370968 14
371484 39
371996 96
372512 156
373020 199
373540 216
374048 192
374568 135
375076 63
375592 14
376104 24
376620 63
377132 124
377648 177
378160 209
378676 207
379188 167
379704 103
380216 35
380732 12
381244 35
381760 89
382272 152
382788 195
383296 216
383816 195
384324 143
384844 71
385352 15
385872 19
386380 60
386896 120
387408 176
387924 207
388436 211
388952 176
389464 112
389980 44
390492 12
391008 31
391520 81
392036 143
392548 192
393064 216
393576 199
394092 152
394604 81
395120 204
395636 158
396144 92
396664 24
397172 15
397692 48
398200 103
398716 159
399228 204
399744 216
400256 192
400772 127
401284 60
401800 7
402312 25
402828 71
403340 127
403856 184
404368 216
404884 207
405396 159
405912 96
406420 31
406940 15
407448 39
407968 97
408476 158
408992 199
409504 216
410020 192
410532 135
411048 63
411560 14
412076 24
412588 63
413104 126
413616 184
414132 211
414644 207
415160 167
415672 103
416188 35
416696 12
417216 39
417724 92
418244 152
418752 195
419272 216
419780 195
420296 143
420808 71
421324 15
421836 19
422352 60
422864 120
423380 176
423892 207
424408 207
424920 176
425436 112
425948 39
426464 12
426976 31
427492 88
428004 143
428520 193
429028 216
429548 199
430056 152
430576 79
431084 17
431600 15
432112 56
432628 112
433140 167
433656 207
434168 216
434684 184
435196 120
435712 48
436224 7
436740 30
437252 79
437768 135
438280 192
438796 216
439304 199
439824 156
440332 88
440852 24
441360 15
441876 48
442388 103
442904 163
443416 206
443932 216
444444 184
444960 126
445472 56
445988 12
446500 28
447016 71
447528 127
448044 188
448556 216
449072 206
449580 159
450100 96
450608 30
451128 15
451636 39
452156 97
452664 159
453180 199
453692 216
454208 192
454720 127
455236 63
455748 12
456264 24
456776 63
457292 127
457804 184
458320 216
458832 207
459348 167
459860 103
460376 33
460888 14
461404 39
461912 92
462432 152
462940 199
463460 216
463968 193
464484 140
464996 71
465512 15
466024 24
466540 60
467052 120
467568 176
468080 207
468596 207
469108 176
469624 112
470136 39
470652 12
471164 31
471680 88
472188 143
472708 193
473216 216
473736 199
474244 147
474760 79
475272 15
475788 17
476300 56
476816 112
477328 167
477844 207
478356 216
478872 179
479384 120
479900 48
480412 7
480928 31
481440 79
481956 140
482464 192
482984 216
483492 199
484012 153
484520 88
485040 24
485548 15
486064 49
486576 103
487092 163
487604 206
488120 216
488632 184
489148 124
489660 56
490176 7
490688 28
491204 71
491716 127
492232 192
492744 216
493260 206
493772 159
494288 96
494796 28
495316 15
495824 44
496344 99
496852 159
497368 199
497880 216
498396 192
498908 127
499424 63
499936 12
500452 24
500964 63
501480 127
501992 184
502508 211
503020 207
503536 167
504048 99
504564 31
505072 14
505592 39
506100 96
506620 153
507128 199
507644 216
508156 192
508672 135
509184 67
509700 14
510212 24
510728 62
511240 120
511756 176
512268 207
512784 207
513296 176
513812 110
514324 39
514840 12
515348 33
515868 88
516376 145
516896 195
517404 216
517920 199
518432 145
518948 79
519456 15
519976 17
520492 56
521000 112
521520 167
522028 207
522548 211
523056 177
523576 115
524084 48
524600 7
525112 31
525628 79
526140 142
526656 216
527176 184
527684 126
528204 56
528712 7
529228 28
529740 71
530256 127
530768 192
531284 216
531796 206
532312 159
532824 96
533340 28
533852 15
534368 46
534880 99
535396 159
535908 199
536424 216
536936 192
537452 127
537960 62
538480 7
538988 24
539508 63
540016 127
540532 184
541044 211
541560 207
542072 167
542588 99
543100 31
543616 14
544128 39
544644 96
545156 156
545672 199
546184 216
546700 193
547212 135
547728 67
548236 14
548756 24
549264 63
549784 120
550292 176
550808 209
551320 207
551836 174
552348 108
552864 39
553376 12
553892 35
554404 88
554920 147
555432 195
555948 216
556460 195
556976 143
557488 71
558004 15
558512 17
559032 56
559540 113
560060 174
560568 207
561088 209
561596 176
562112 113
562624 46
563140 7
563652 31
564168 79
564680 143
565196 192
565708 216
566224 199
566736 152
567252 81
567764 19
568280 15
568792 49
569308 110
569820 167
570336 207
570844 216
571364 184
571872 124
572392 51
572900 7
573416 30
573928 71
574444 135
574956 192
575472 216
575984 204
576500 159
577012 92
577528 24
578040 15
578556 48
579068 103
579584 159
580096 199
580612 216
581120 192
581640 127
582148 60
582668 7
583176 24
583692 67
584204 127
584720 184
585232 216
585748 207
586260 163
586776 97
587288 31
587804 14
588316 39
588832 96
589344 156
589860 199
590372 216
590888 192
591396 135
591916 63
592424 14
592944 24
593452 63
593972 124
594480 177
594996 211
595508 207
596024 167
596536 103
597052 35
597564 12
598080 35
598592 92
599108 152
599620 195
600136 216
600648 195
601164 143
601676 71
602192 15
602704 19
603220 60
603728 120
604248 176
604756 207
605276 211
605784 176
606300 112
606812 44
607328 7
607840 31
608356 83
608868 143
609384 193
609896 216
610412 199
610924 152
611440 79
611952 17
612468 15
612976 56
613496 112
614012 167
614524 207
615040 216
615548 184
616068 120
616576 48
617096 7
617604 31
618120 79
618632 135
619148 192
619660 216
620176 199
620688 156
621204 88
621716 24
622232 15
622744 48
623260 103
623772 163
624288 206
624800 216
625316 184
625824 127
626344 56
626852 7
627372 28
627880 71
628400 127
628908 185
629424 216
629936 207
630452 159
630964 96
631480 30
631992 15
632508 39
633020 97
633536 159
634048 199
634564 216
635076 192
635592 127
636104 63
636620 12
637132 24
637648 63
638156 127
638676 184
639184 211
639704 207
640212 167
640732 99
641240 31
641756 14
642268 39
642784 94
643296 152
643812 199
644324 216
644840 193
645352 142
645868 71
646380 15
646896 24
647408 60
647924 120
648432 176
648952 207
649460 211
649980 176
650488 112
651004 39
651516 12
652032 31
652544 88
653060 143
653572 193
654088 216
654600 199
655116 145
655628 79
656144 15
656656 17
657172 56
657684 112
658200 211
658712 207
659228 167
659740 103
660256 35
660768 14
661284 39
661796 92
662312 152
662824 195
663340 216
663848 195
664368 142
664876 71
665396 15
665904 19
666424 60
666932 120
667448 176
667960 207
668476 207
668988 176
669504 112
670016 39
670532 12
671044 31
671560 88
672072 143
672588 193
673100 216
673616 199
674128 152
674644 79
675156 17
675672 15
676180 56
676700 112
677208 167
677728 207
678236 216
678752 184
679264 120
679780 48
680292 7
680808 31
681320 79
681836 135
682348 192
682864 216
683376 199
683892 156
684404 88
684920 24
685432 15
685948 48
686456 103
686976 163
687484 206
688004 216
688512 184
689028 126
689540 56
690056 7
690568 28
691084 71
691596 127
692112 188
692624 216
693140 206
693652 159
694168 96
694680 30
695196 15
695708 44
696224 99
696732 159
697252 199
697760 216
698280 192
698788 127
699308 63
699816 12
700332 24
700844 63
701360 127
701872 184
702388 211
702900 207
703416 167
703928 99
704444 31
704956 14
705472 39
705984 96
706500 152
707012 199
707528 216
708040 192
708556 135
709064 67
709584 14
710092 24
710612 62
711120 120
711636 176
712148 207
712664 207
713176 174
713692 108
714204 39
714720 12
715232 33
715748 88
716260 147
716776 195
717288 216
717804 199
718316 145
718832 78
719340 15
719860 17
720368 56
720888 113
721396 167
721912 207
722424 211
722940 176
723452 115
723968 48
724480 7
724996 31
725508 79
726024 143
726536 192
727052 216
727564 199
728080 152
728592 83
729108 19
729616 15
730136 51
730644 108
731164 167
731672 207
732192 216
732700 184
733216 124
733728 56
734244 7
734756 28
735272 71
735784 135
736300 192
736808 216
737324 206
737832 159
738348 94
738860 28
739376 15
739884 46
740404 99
740920 159
741432 199
741948 216
742456 192
742976 127
743484 60
744004 7
744512 24
745028 67
745540 127
746056 184
746568 211
747084 207
747596 163
748112 97
748624 31
749140 14
749652 39
750168 96
750680 156
751196 199
751708 216
752224 192
752732 135
753252 63
753760 14
754280 24
754788 63
755308 124
755816 177
756332 211
756844 207
757360 172
757872 103
758388 39
758900 12
759416 35
759928 88
760444 152
760956 195
761472 216
761984 195
762500 143
763012 71
763528 15
764040 19
764556 56
765064 115
765584 176
766092 207
766612 209
767120 176
767636 112
768148 44
768664 7
769176 31
769692 81
770204 143
770720 192
771232 216
771748 199
772260 152
772776 79
773288 19
773804 15
774316 51
774832 112
775340 167
775860 207
776368 216
776888 184
777396 124
777912 51
778424 7
778940 30
779452 76
779968 135
780480 192
780996 216
781508 199
782024 158
782536 88
783052 24
783564 15
784080 48
784592 103
785108 159
785616 199
786136 216
786644 188
787164 127
787672 57
788192 7
788700 28
789216 71
789736 216
790244 207
790764 167
791272 103
791788 31
792300 14
792816 39
793328 92
793844 152
794356 199
794872 216
795384 193
795900 140
796412 71
796928 15
797440 24
797956 62
798468 120
798984 176
799492 207
800012 207
800520 174
801040 110
801548 39
802068 12
802576 33
803092 88
803604 145
804120 195
804632 216
805148 199
805660 143
806176 78
806688 15
807204 17
807716 56
808232 113
808744 167
809260 207
809772 216
810288 177
810800 120
811316 48
811824 7
812344 31
812852 79
813372 142
813880 192
814396 216
814908 199
815424 153
815936 88
816452 24
816964 15
817480 49
817992 103
818508 167
819020 207
819536 216
820048 184
820564 124
821076 56
821592 7
822100 28
822620 71
823128 135
823648 192
824156 216
824672 204
825184 159
825700 92
826212 28
826728 15
827240 46
827756 99
828268 159
828784 199
829296 216
829812 192
830324 127
830840 62
831352 12
831868 24
832376 63
832896 127
833404 184
833924 216
834432 207
834952 163
835460 99
835976 31
836488 14
837004 39
837516 96
838032 156
838544 199
839060 216
839572 192
840088 135
840600 63
841116 14
841628 24
842144 63
842656 124
843172 177
843684 209
844200 207
844708 167
845228 103
845736 39
846256 12
846764 35
847280 88
847792 152
848308 195
848820 216
849336 195
849848 143
850364 71
850876 15
851392 17
851904 56
852420 115
852932 174
853448 207
853960 211
854476 176
854984 113
855504 46
856012 7
856532 31
857040 79
857560 143
858068 192
858584 216
859096 199
859612 152
860124 79
860640 19
861152 15
861668 51
862180 112
862696 167
863208 207
863724 216
864236 184
864752 120
865260 51
865780 7
866288 30
866808 78
867316 135
867836 192
868344 216
868860 199
869372 159
869888 92
870400 24
870916 15
871428 48
871944 103
872456 159
872972 204
873484 216
874000 192
874508 127
875028 60
875544 7
876052 24
876572 71
877080 127
877600 184
878108 216
878628 207
879136 159
879652 96
880164 31
880680 14
881192 39
881708 96
882220 158
882736 199
883248 216
883764 192
884276 135
884792 63
885304 14
885820 24
886332 63
886848 126
887360 179
887876 211
888384 207
888904 167
889412 103
889932 35
890440 14
890956 39
891468 92
891984 152
892496 199
893012 216
893524 195
894040 143
894552 71
895068 15
895580 19
896096 60
896608 120
897124 176
897636 207
898152 207
898660 176
899180 112
899688 39
900208 12
900716 31
901232 88
901744 143
902260 193
902772 216
903288 199
903800 147
904316 79
904828 17
905344 17
905856 56
906372 112
906884 167
907400 207
907912 216
908428 179
908936 120
909456 48
909964 7
910484 31
910992 79
911512 135
912020 192
912536 216
913048 199
913564 156
914076 88
914592 24
915104 15
915620 48
916132 103
916648 163
917160 206
917676 216
918188 184
918704 126
919216 56
919732 7
920244 28
920760 71
921280 135
921796 63
922308 14
922824 24
923336 63
923852 124
924364 177
924880 209
925388 207
925908 167
926416 103
926936 39
927444 12
927960 35
928472 88
928988 152
929500 195
930016 216
930528 195
931044 143
931556 71
932072 15
932584 19
933100 56
933612 115
934128 176
934640 207
935156 211
935664 176
936184 113
936692 46
937212 12
937720 31
938240 81
938748 143
939264 192
939776 216
940292 199
940804 152
941320 79
941832 19
942348 15
942860 51
943376 112
943888 167
944404 207
944916 216
945432 184
945944 120
946460 49
946972 7
947488 30
947996 76
948516 135
949024 192
949544 216
950052 204
950568 158
951080 92
951596 24
952108 15
952624 48
953136 103
953652 159
954164 204
954680 216
955192 192
955708 127
956220 60
956736 7
957248 24
957764 71
958272 127
958792 184
959300 216
959820 207
960328 159
960844 96
961356 31
961872 14
962384 39
962900 96
963412 158
963928 199
964440 216
964956 192
965468 135
965984 63
966496 14
967012 24
967524 63
968040 126
968548 179
969068 211
969576 207
970096 167
970604 103
971124 35
971632 12
972148 39
972660 92
973176 152
973688 199
974204 216
974716 195
975232 143
975744 71
976260 15
976772 19
977288 60
977800 120
978316 176
978828 207
979344 207
979856 176
980372 112
980880 39
981400 7
981908 31
982428 88
982936 143
983452 193
983964 216
984480 199
984992 147
985508 79
986020 15
986536 17
987048 56
987564 112
988076 167
988592 207
989104 216
989620 179
990132 120
990648 48
991156 7
991676 31
992184 79
992704 135
993212 192
993728 216
994240 199
994756 156
995268 88
995784 24
996296 15
996812 48
997324 103
997840 163
998352 206
998868 216
999380 184
999896 126
1000408 56
1000924 7
1001432 28
1001952 71
1002460 127
1002980 188
1003488 216
1004008 206
1004516 159
1005032 96
1005544 28
1006060 15
1006572 44
1007088 99
1007600 159
1008116 199
1008624 216
1009140 192
1009648 127
1010164 63
1010676 12
1011192 24
1011700 63
1012220 127
1012736 184
1013248 216
1013764 207
1014272 167
1014792 103
1015300 33
1015820 14
1016328 39
1016844 94
1017356 152
1017872 199
1018384 216
1018900 193
1019412 135
1019928 67
1020440 15
1020956 24
1021468 62
1021984 120
1022496 176
1023012 207
1023524 207
1024040 172
1024548 110
1025068 39
1025576 12
1026096 35
1026604 88
1027124 147
1027632 195
1028148 216
1028660 199
1029176 143
1029688 78
1030204 15
1030716 17
1031232 56
1031744 113
1032260 167
1032772 207
1033288 216
1033800 177
1034316 115
1034828 48
1035344 7
1035856 31
1036372 79
1036880 142
1037400 192
1037908 216
1038428 199
1038936 152
1039452 83
1039964 24
1040480 15
1040992 49
1041508 108
1042020 167
1042536 207
1043048 216
1043564 184
1044076 124
1044592 51
1045104 7
1045620 30
1046132 71
1046648 135
1047156 192
1047676 216
1048184 206
1048704 159
1049212 92
1049728 28
1050240 15
1050756 48
1051268 99
1051784 159
1052296 199
