520 1023
1032 816
1552 654
2060 408
2580 192
3088 120
3608 240
4120 480
4636 704
5148 824
5664 775
6176 583
6692 327
7204 143
7720 127
8232 295
8748 542
9260 768
9780 828
10288 768
10808 511
11316 255
11836 120
12348 163
12864 384
13376 608
13892 783
14404 816
14920 671
15432 448
15948 199
16460 120
16976 224
17488 448
18004 671
18516 816
19032 792
19544 608
20060 384
20576 158
21088 127
21604 271
22116 512
22636 768
23144 828
23664 768
24172 542
24692 287
25204 127
25720 156
26232 352
26748 583
27260 771
27776 824
28288 704
28804 462
29316 224
29832 120
30344 193
30864 414
31372 647
31892 799
32400 799
32920 638
33432 384
33948 176
34460 124
34976 252
35488 496
36004 707
36516 824
37032 768
37544 568
38060 316
38572 127
39092 142
39600 318
40120 568
40628 768
41148 828
41660 736
42176 496
42688 252
43204 120
43716 192
44232 384
44744 632
45260 796
45772 807
46288 657
46800 415
47320 192
47828 120
48348 240
48856 455
49376 704
49888 824
50404 780
50916 608
51432 352
51944 143
52460 127
52972 287
53488 529
54000 768
54516 828
55028 768
55548 515
56056 268
56576 124
57084 159
57604 384
58116 608
58632 782
59144 824
59660 688
60172 448
60688 224
61200 120
61716 224
62228 448
62744 670
63256 807
63776 796
64284 624
64804 384
65312 159
65832 126
66344 255
66860 508
67372 736
67888 828
68400 768
68916 543
69428 294
69944 127
70456 152
70972 327
71484 575
72004 768
72512 824
73032 704
73540 480
74060 240
74572 120
75088 192
75600 399
76116 639
76628 799
77144 799
77656 639
78172 391
78684 192
79200 124
79712 248
80232 480
80740 704
81260 824
81768 768
82288 574
82800 319
83316 135
83828 135
84344 312
84856 551
85372 768
85884 828
86400 736
86912 504
87428 255
87940 124
88460 192
88968 384
89488 624
89996 792
90516 816
91028 670
91544 419
92056 193
92572 120
93084 224
93600 449
94112 704
94628 816
95140 783
95656 608
96168 352
96688 152
97196 127
97716 286
98224 524
98744 768
99256 828
99772 768
100284 527
100800 273
101312 126
101828 159
102340 352
102856 608
103368 775
103884 824
104396 704
104916 448
105424 224
105944 120
106452 199
106972 432
107484 664
108000 807
108512 799
109028 632
109540 384
110056 159
110568 124
111084 255
111596 504
112112 736
112624 828
113144 768
113652 560
114172 304
114680 127
115200 143
115712 319
116228 574
116740 768
117256 824
117768 707
118284 480
118796 240
119312 120
119824 192
120340 399
120852 639
121372 799
121880 803
122400 639
122908 399
123428 192
123940 120
124456 248
124968 480
125484 704
125996 824
126512 771
127024 575
127540 319
128052 142
128568 135
129080 304
129600 543
130108 768
130628 828
131136 768
131656 508
132172 480
132692 704
133200 824
133720 775
134232 583
134748 323
135260 140
135776 127
136288 304
136804 543
137316 768
137832 828
138344 768
138860 508
139372 255
139892 120
140400 167
140920 384
141428 624
141948 787
142460 816
142976 671
143488 448
144004 195
144516 120
145032 224
145544 448
146060 688
146572 816
147088 783
147600 608
148120 352
148628 156
149148 127
149656 280
150176 519
150688 768
151204 828
151716 768
152232 527
152744 284
153260 126
153772 158
154288 352
154800 591
155316 775
155828 824
156348 704
156856 451
157376 224
157884 120
158404 199
158916 419
159432 655
159944 803
160460 798
160972 632
161488 384
162000 159
162516 124
163028 255
163544 504
164056 736
164576 828
165084 768
165604 560
166112 304
166632 127
167144 143
167660 327
168172 574
168688 768
169200 828
169716 707
170228 480
170744 240
171256 120
171772 192
172284 399
172804 639
173312 799
173832 803
174340 639
174860 398
175372 192
175888 120
176400 248
176916 480
177428 704
177944 824
178460 769
178972 575
179488 319
180000 135
180520 135
181028 312
181548 551
182056 768
182576 828
183088 736
183604 504
184116 254
184632 120
185144 192
185660 384
186172 632
186688 792
187200 816
187716 668
188228 419
188748 192
189256 120
189776 224
190284 451
190804 704
191316 824
191832 783
192344 608
192860 352
193372 152
193888 127
194400 286
194916 527
195428 768
195944 828
196456 768
196976 519
197484 271
198004 124
198512 159
199032 384
199544 608
200060 783
200572 824
201088 704
201600 448
202116 224
202628 120
203144 224
203656 448
204172 671
204684 816
205204 796
205712 624
206232 384
206740 159
207260 126
207772 255
208288 511
208800 736
209316 828
209828 768
210344 543
210856 287
211372 127
211884 152
212400 352
212912 575
213432 771
213940 828
214460 704
214968 480
215488 224
216000 120
216516 192
217028 412
217544 647
218056 799
218572 799
219084 639
219600 384
220112 192
220628 124
221140 252
221660 496
222168 707
222688 824
223196 768
223716 568
224228 316
224744 127
225256 142
225772 318
226284 568
226800 768
227312 828
227828 736
228340 496
228856 248
229368 120
229888 192
230396 385
230916 636
231424 798
231944 816
232456 657
232972 414
233484 192
234000 120
234512 240
235028 480
235540 704
236056 824
236568 780
237084 583
237596 334
238116 140
238624 127
239144 291
239652 540
240172 768
240684 828
241200 768
241712 511
242228 255
242740 120
243256 167
243768 384
244284 624
244796 785
245312 816
245824 675
246344 448
246852 199
247372 120
247880 224
248400 448
248912 675
249428 824
249940 792
250456 608
250968 353
251484 156
251996 127
252512 280
253024 515
253540 768
254052 828
254572 768
255080 536
255600 284
256108 126
256628 158
257140 352
257656 591
258168 775
258684 824
259196 704
259712 451
260224 224
260740 112
261252 199
261768 419
262280 655
262800 807
263308 799
263824 671
264336 816
264852 792
265364 624
265880 384
266392 158
266908 127
267420 271
267936 513
268448 768
268968 828
269476 768
269996 536
270508 286
271024 126
271536 156
272052 352
272564 583
273080 771
273592 824
274108 704
274620 455
275136 224
275648 120
276164 199
276676 415
277196 655
277704 803
278224 799
278736 636
279252 384
279764 167
280280 124
280792 255
281308 496
281820 711
282336 828
282848 768
283364 568
283876 312
284392 127
284904 143
285424 319
285932 568
286452 768
286964 828
287480 711
287992 481
288508 248
289020 120
289536 192
290048 391
290564 636
291076 798
291592 803
292104 652
292620 399
293132 192
293652 120
294160 240
294680 480
295192 704
295708 824
296220 775
296736 575
297248 327
297764 140
298276 127
298792 304
299304 543
299820 768
300332 828
300848 768
301360 511
301880 255
302388 124
302908 167
303420 384
303936 624
304448 783
304964 816
305476 671
305992 448
306504 199
307020 120
307532 224
308048 448
308560 671
309076 816
309588 783
310108 608
310616 352
311136 156
311648 127
312164 273
312676 515
313192 768
313704 828
314220 768
314732 527
315248 280
315760 124
316276 159
316788 352
317304 608
317816 775
318336 824
318844 704
319364 451
319876 224
320392 120
320904 199
321420 419
321932 655
322448 807
322960 799
323476 636
323988 384
324504 167
325016 124
325532 255
326044 496
326564 711
327072 828
327592 768
328104 560
328620 312
329132 127
329648 143
330160 319
330676 572
331188 768
331704 824
332216 710
332732 480
333244 240
333760 120
334276 192
334788 391
335304 639
335816 799
336336 803
336844 647
337364 399
337872 192
338392 120
338904 240
339420 480
339932 704
340448 824
340960 775
341476 575
341988 319
342504 135
343016 134
343532 304
344044 543
344564 768
345072 828
345592 768
346100 508
346620 255
347132 120
347648 192
348160 384
348676 624
349188 792
349704 816
350216 671
350732 423
351244 193
351760 120
352272 224
352792 448
353300 688
353820 816
354328 783
354848 608
355360 352
355876 152
356388 127
356904 286
357416 524
357932 768
358444 828
358960 768
359472 527
359988 271
360500 124
361020 159
361528 352
362048 608
362556 780
363076 824
363588 704
364104 448
364616 224
365132 120
365644 199
366160 432
366672 664
367188 807
367700 798
368216 632
368728 384
369248 159
369756 124
370276 255
370784 504
371304 736
371816 828
372332 768
372844 547
373360 291
373872 127
374388 143
374900 327
375416 575
375928 768
376444 824
376956 705
377476 480
377984 240
378504 120
379012 192
379532 408
380044 639
380560 799
381072 799
381588 639
382100 391
382616 192
383128 120
383644 248
384156 480
384672 705
385184 824
385704 769
386212 574
386732 318
387240 135
387760 135
388272 312
388788 560
389300 768
389816 828
390328 736
390844 496
391356 252
391872 120
392384 192
392900 384
393412 632
393932 796
394440 816
394960 659
395484 112
395996 195
396512 419
397024 655
397540 807
398052 799
398568 632
399080 384
399600 159
400108 124
400628 255
401140 504
401656 736
402168 828
402684 768
403196 560
403712 304
404224 127
404740 143
405252 319
405768 575
406280 768
406796 828
407308 711
407828 480
408336 240
408856 120
409368 192
409884 399
410396 639
410912 799
411424 803
411940 639
412452 396
412968 192
413480 120
413996 248
414508 480
415024 704
415536 824
416056 769
416564 575
417084 319
417596 135
418112 135
418624 312
419140 551
419652 768
420168 828
420680 768
421196 504
421708 254
422224 120
422736 192
423252 384
423764 632
424284 796
424792 816
425312 670
425824 415
426340 192
426852 120
427368 224
427880 454
428396 704
428908 824
429424 783
429936 608
430452 352
430964 143
431480 127
431992 287
432512 531
433020 768
433540 828
434052 768
434568 515
435080 255
435596 120
436108 159
436624 384
437136 608
437652 783
438164 824
438680 679
439192 448
439708 204
440220 120
440740 224
441248 448
441768 671
442280 816
442796 796
443308 624
443824 384
444336 158
444852 127
445364 271
445880 512
446392 768
446908 828
447420 768
447936 542
448448 287
448968 126
449476 152
449996 352
450508 583
451024 774
451536 824
452052 704
452564 455
453080 224
453592 112
454108 195
454620 415
455136 655
455648 803
456164 799
456676 636
457196 384
457704 166
458224 124
458736 255
459252 496
459764 716
460280 828
460792 768
461308 568
461820 312
462336 127
462848 143
463364 319
463876 572
464392 768
464904 828
465424 711
465932 480
466452 240
466964 120
467480 192
467992 391
468508 639
469020 799
469536 807
470048 647
470564 399
471080 192
471592 120
472108 240
472620 480
473136 704
473648 824
474168 771
474676 575
475196 319
475708 135
476224 135
476736 312
477252 551
477764 768
478280 828
478792 768
479308 504
479820 254
480336 120
480848 192
481368 384
481876 632
482396 798
482908 824
483424 670
483936 419
484452 192
484964 120
485480 224
485992 451
486508 704
487020 824
487536 783
488048 608
488564 352
489076 143
489596 127
490104 287
490624 529
491136 768
491652 828
492164 768
492680 515
493192 263
493708 120
494220 159
494736 384
495248 608
495764 783
496276 824
496792 704
497304 448
497824 204
498332 120
498852 224
499364 448
499880 671
500392 816
500908 796
501420 624
501936 384
502448 158
502964 126
503476 268
503992 512
504504 768
505020 830
505532 768
506052 542
506560 287
507080 126
507592 152
508108 352
508620 583
509136 775
509648 828
510164 704
510676 462
511192 224
511704 112
512220 193
512732 415
513248 655
513760 803
514280 799
514788 636
515308 384
515820 163
516336 124
516848 255
517364 496
517876 716
518392 828
518904 768
519420 568
519932 312
520448 127
520960 143
521476 319
521988 572
522508 768
523016 828
523536 711
524048 481
524564 240
525076 120
525592 192
526104 391
526620 639
527144 304
527660 547
528172 768
528688 828
529200 768
529716 508
530228 255
530744 120
531256 192
531772 384
532284 624
532804 796
533312 824
533832 671
534344 432
534860 193
535372 120
535888 224
536400 448
536916 704
537428 824
537944 783
538456 608
538972 352
539484 143
540000 127
540512 284
541032 527
541540 768
542060 828
542572 768
543088 519
543600 271
544116 120
544628 159
545144 384
545656 608
546172 783
546684 824
547200 704
547712 448
548228 224
548740 120
549260 224
549768 448
550288 671
550800 816
551316 798
551828 624
552344 384
552856 159
553372 126
553884 263
554400 512
554912 768
555428 830
555940 768
556456 543
556968 287
557488 126
557996 152
558516 352
559028 583
559544 774
560056 824
560572 704
561084 462
561600 224
562112 112
562628 193
563140 415
563656 655
564168 803
564684 799
565196 638
565716 384
566224 167
566744 124
567256 254
567772 496
568284 711
568800 828
569312 768
569828 568
570340 312
570856 127
571368 143
571884 319
572396 572
572912 768
573424 828
573944 711
574452 481
574972 240
575484 120
576000 192
576512 391
577028 639
577540 799
578056 807
578568 652
579084 399
579596 192
580112 120
580624 240
581140 480
581652 704
582172 824
582680 775
583200 575
583712 319
584228 127
584740 127
585256 312
585768 550
586284 768
586796 830
587312 768
587824 504
588340 252
588852 120
589368 192
589880 384
590400 632
590908 798
591428 816
591940 668
592456 415
592972 192
593484 120
594000 225
594512 455
595032 704
595540 824
596060 783
596568 608
597088 352
597600 143
598116 127
598628 287
599144 536
599656 768
600172 830
600684 768
601200 513
601712 255
602228 120
602740 159
603260 384
603768 608
604288 783
604796 824
605316 679
605828 448
606344 199
606856 112
607372 224
607884 448
608400 671
608912 816
609428 792
609940 624
610456 384
610968 158
611488 126
611996 271
612516 515
613024 768
613544 830
614056 768
614572 540
615084 286
615600 124
616112 156
616628 352
617140 590
617656 775
618168 824
618684 704
619196 455
619716 224
620224 112
620744 195
621252 415
621772 657
622284 807
622800 799
623312 632
623828 384
624340 159
624856 124
625368 255
625884 504
626396 736
626912 828
627424 768
627944 551
628452 304
628972 127
629480 143
630000 327
630512 575
631028 768
631540 828
632056 711
632568 480
633084 240
633596 120
634112 192
634624 399
635140 639
635652 799
636172 803
636680 639
637200 391
637708 192
638228 120
638740 248
639256 480
639768 704
640284 828
640796 771
641312 574
641824 319
642340 127
642852 135
643368 312
643880 560
644400 768
644908 828
645428 736
645936 504
646456 252
646968 120
647484 192
647996 384
648512 632
649024 798
649540 816
650052 668
650568 415
651080 192
651596 120
652108 224
652628 455
653136 704
653656 824
654164 783
654684 608
655196 352
655712 143
656224 127
656740 287
657252 531
657768 768
658280 828
658800 287
659316 126
659828 152
660344 352
660856 583
661372 774
661884 824
662400 704
662912 455
663428 224
663940 120
664456 195
664968 415
665488 655
665996 803
666516 799
667028 638
667544 384
668056 176
668572 124
669084 254
669600 496
670112 711
670628 828
671140 768
671656 568
672168 312
672684 127
673196 142
673716 319
674224 568
674744 768
675256 828
675772 711
676284 481
676800 248
677312 120
677828 192
678340 387
678856 638
679368 799
679884 803
680396 652
680912 399
681424 192
681944 120
682452 240
682972 480
683484 704
684000 824
684512 775
685028 575
685540 327
686056 135
686568 127
687084 304
687596 543
688112 768
688624 828
689140 768
689652 510
690172 255
690680 120
691200 192
691712 384
692228 624
692740 792
693256 816
693768 671
694284 432
694796 195
695312 120
695824 224
696340 448
696852 679
697368 824
697880 783
698396 608
698912 352
699424 152
699940 127
700452 280
700972 526
701480 768
702000 828
702508 768
703028 521
703540 271
704056 124
704568 159
705084 352
705596 608
706112 780
706624 824
707140 704
707652 448
708172 224
708680 120
709200 204
709708 432
710228 668
710740 816
711256 799
711768 632
712284 384
712796 159
713312 126
713824 255
714340 508
714852 736
715368 828
715880 768
716400 547
716908 295
717428 127
717936 143
718456 327
718968 575
719484 768
719996 824
720512 704
721024 480
721540 240
722052 120
722568 192
723080 401
723596 639
724108 799
724628 799
725136 639
725656 387
726164 192
726684 120
727196 248
727712 496
728224 707
728740 828
729252 769
729768 574
730280 318
730796 131
731308 135
731824 316
732336 560
732856 768
733364 828
733884 736
734392 496
734912 248
735424 120
735940 192
736452 384
736968 632
737480 796
737996 816
738508 659
739024 412
739536 192
740052 120
740564 240
741084 462
741592 704
742112 824
742620 775
743140 583
743652 334
744168 142
744680 127
745196 291
745708 540
746224 768
746736 828
747252 768
747764 512
748280 255
748792 124
749312 163
749820 384
750340 624
750848 783
751368 824
751880 679
752396 448
752908 199
753424 120
753936 224
754452 448
754964 671
755480 816
755992 792
756508 608
757020 384
757540 156
758048 126
758568 271
759076 515
759596 768
760108 828
760624 768
761136 531
761652 280
762164 124
762680 158
763192 352
763708 608
764220 775
764736 824
765248 704
765768 451
766276 224
766796 120
767304 199
767824 423
768336 664
768852 816
769364 799
769880 632
770392 384
770908 159
771420 124
771936 255
772448 504
772964 736
773476 828
773996 768
774504 560
775024 304
775532 127
776052 143
776564 323
777080 575
777592 768
778108 828
778620 707
779136 480
779648 225
780164 112
780676 192
781192 399
781704 639
782224 799
782732 799
783252 639
783760 391
784280 192
784792 120
785308 248
785820 480
786336 707
786848 828
787364 769
787876 575
788392 318
788904 135
789420 135
789932 312
790452 120
790968 224
791480 448
791996 704
792508 824
793028 783
793536 608
794056 352
794564 152
795084 127
795596 284
796112 527
796624 768
797140 828
797652 768
798168 527
798680 280
799196 124
799708 159
800228 352
800736 608
801256 782
801764 824
802284 704
802796 448
803312 224
803824 120
804340 199
804852 423
805368 668
805880 807
806396 798
806908 624
807424 384
807936 159
808456 124
808964 255
809484 508
809992 736
810512 828
811024 768
811540 543
812052 295
812568 127
813080 143
813596 332
814108 575
814624 768
815136 828
815652 704
816164 480
816684 240
817192 120
817712 192
818220 403
818740 639
819252 799
819768 799
820280 639
820796 391
821308 192
821824 120
822336 248
822852 480
823364 705
823880 828
824392 769
824912 572
825420 316
825940 127
826448 135
826968 316
827480 560
827996 768
828508 828
829024 736
829536 496
830052 248
830564 120
831080 192
831592 385
832108 636
832620 798
833140 816
833648 659
834168 412
834676 192
835196 120
835708 240
836224 480
836736 704
837252 824
837764 780
838280 590
838792 335
839308 143
839820 127
840336 291
840848 540
841368 768
841876 828
842396 768
842904 512
843424 255
843936 120
844452 163
844964 384
845480 624
845992 783
846508 816
847020 671
847536 448
848048 199
848564 112
849076 224
849596 448
850104 675
850624 816
851132 792
851652 608
852164 352
852680 152
853192 127
853708 275
854220 519
854736 768
855248 828
855764 768
856276 536
856792 280
857304 124
857824 158
858332 352
858852 608
859360 775
859880 828
860392 704
860908 451
861420 224
861936 112
862448 199
862964 423
863476 664
863992 816
864504 799
865020 632
865532 384
866052 159
866560 124
867080 255
867588 504
868108 736
868620 828
869136 768
869648 547
870164 291
870676 127
871192 143
871704 327
872220 575
872732 768
873248 828
873760 705
874280 480
874788 240
875308 120
875816 192
876336 408
876848 639
877364 803
877876 803
878392 639
878904 391
879420 192
879932 120
880448 248
880960 480
881476 705
881988 824
882508 769
883016 574
883536 318
884044 127
884564 135
885076 316
885592 560
886104 768
886620 828
887132 736
887648 496
888160 248
888676 120
889188 192
889704 385
890216 636
890736 799
891244 816
891764 655
892272 412
892792 192
893304 120
893820 240
894332 480
894848 704
895360 824
895876 775
896388 588
896904 332
897416 143
897932 127
898444 295
898964 543
899472 768
899992 830
900500 768
901020 511
901532 255
902048 120
902560 163
903076 384
903588 624
904104 792
904616 824
905132 671
905644 448
906160 195
906676 120
907188 224
907704 448
908216 679
908732 816
909244 783
909764 608
910272 352
910792 145
911304 127
911820 284
912332 521
912848 768
913360 830
913876 768
914388 527
914904 271
915416 124
915932 159
916444 352
916960 608
917472 782
917992 824
918500 704
919020 448
919532 224
920048 120
920560 199
921076 448
921588 668
922108 704
922624 455
923136 224
923652 112
924164 195
924680 415
925192 655
925712 807
926220 799
926740 636
927248 384
927768 159
928280 124
928796 255
929308 504
929824 736
930336 828
930852 768
931364 568
931880 304
932392 127
932908 143
933420 319
933940 574
934448 768
934968 828
935476 711
935996 480
936508 240
937024 120
937536 192
938052 398
938564 639
939080 799
939592 807
940108 639
940620 398
941136 192
941648 120
942168 248
942676 480
943196 704
943704 824
944224 771
944736 575
945252 319
945764 135
946280 135
946792 312
947308 560
947820 768
948336 828
948848 736
949364 504
949876 254
950396 120
950904 192
951424 384
951932 632
952452 798
952964 816
953480 668
953992 415
954508 192
955020 120
955536 224
956048 454
956564 704
957076 824
957592 783
958104 608
958624 352
959132 143
959652 127
960160 287
960680 527
961192 768
961708 828
962220 768
962736 515
963248 268
963764 120
964276 159
964792 384
965304 608
965824 783
966332 824
966852 704
967360 448
967880 206
968392 120
968908 224
969420 448
969936 671
970448 816
970964 796
971476 624
971992 384
972504 159
973020 126
973532 263
974052 512
974560 768
975080 828
975588 768
976108 543
976620 287
977136 126
977648 152
978164 352
978676 583
979192 771
979704 824
980220 704
980732 460
981248 224
981764 112
982276 193
982792 414
983304 652
983820 803
984332 799
984852 636
985360 384
985880 166
986392 124
986908 255
987420 496
987936 711
988448 828
988964 768
989476 568
989992 312
990504 127
991020 143
991532 319
992048 572
992560 768
993080 828
993588 716
994108 481
994620 248
995136 120
995648 192
996164 391
996676 638
997192 799
997704 807
998220 654
998732 408
999248 192
999760 120
1000276 240
1000788 480
1001308 704
1001816 824
1002336 775
1002848 583
1003364 319
1003876 135
1004392 127
1004904 304
1005420 543
1005932 768
1006448 828
1006960 768
1007476 508
1007988 255
1008504 120
1009016 176
1009536 384
1010044 624
1010564 792
1011076 824
1011592 671
1012104 448
1012620 198
1013132 120
1013648 224
1014160 448
1014676 688
1015188 824
1015704 792
1016216 608
1016732 352
1017244 152
1017764 127
1018272 280
1018792 519
1019304 768
1019820 828
1020332 768
1020848 527
1021360 280
1021876 124
1022388 158
1022904 352
1023416 608
1023932 775
1024444 824
1024960 704
1025472 448
1025992 224
1026500 120
1027020 204
1027532 432
1028048 668
1028560 807
1029076 798
1029588 632
1030104 384
1030616 159
1031132 126
1031644 255
1032160 508
1032672 736
1033188 828
1033700 768
1034220 551
1034728 304
1035248 127
1035760 143
1036276 327
1036788 575
1037304 768
1037816 828
1038332 705
1038844 480
1039360 240
1039872 120
1040388 192
1040900 399
1041416 639
1041928 799
1042448 799
1042956 639
1043476 391
1043988 192
1044504 120
1045016 248
1045532 480
1046044 704
1046560 824
1047072 769
1047588 574
1048100 319
1048616 134
1049128 135
1049648 316
1050156 560
1050676 768
1051184 828
1051704 736
1052216 504
1052732 252
1053244 120
1053756 124
1054264 159
1054784 384
1055292 608
1055812 783
1056324 824
1056840 688
1057352 448
1057868 204
1058380 120
1058896 224
1059408 448
1059924 671
1060436 816
1060952 792
1061464 624
1061984 384
1062492 158
1063012 126
1063520 271
1064040 513
1064552 768
1065068 828
1065580 768
1066096 542
1066608 287
1067124 126
1067636 156
1068152 352
1068664 585
1069180 775
1069692 828
1070212 704
1070720 463
1071240 224
1071748 120
1072268 195
1072780 415
1073296 655
1073808 803
1074324 799
1074836 638
1075352 384
1075864 163
1076380 124
1076892 254
1077408 496
1077920 711
1078440 828
1078948 768
1079468 560
1079976 312
1080496 127
1081008 142
1081524 319
1082036 572
1082552 768
1083064 828
1083580 711
1084092 480
1084608 240
1085120 120
1085636 192
1086148 398
1086668 639
1087176 799
1087696 807
1088204 647
1088724 399
1089236 192
1089752 120
1090264 248
1090780 480
1091292 704
1091808 828
1092320 775
1092836 575
1093348 319
1093864 135
1094376 135
1094896 312
1095404 550
1095924 768
1096432 828
1096952 736
1097464 504
1097980 252
1098492 120
1099008 192
1099520 384
1100036 632
1100548 796
1101064 816
1101576 668
1102092 415
1102604 192
1103124 120
1103632 224
1104152 455
1104660 704
1105180 824
1105692 783
1106208 608
1106720 352
1107236 143
1107748 127
1108264 287
1108776 536
1109292 768
1109804 830
1110320 768
1110832 518
1111352 263
1111860 124
1112380 159
1112888 384
1113408 608
1113920 783
1114436 824
1114948 704
1115464 448
1115976 199
1116492 112
1117004 224
1117520 448
1118032 671
1118548 824
1119060 792
1119580 608
1120088 256
1120608 152
1121116 126
1121636 271
1122148 515
1122664 768
1123176 828
1123692 768
1124204 536
1124720 284
1125232 124
1125748 158
1126260 352
1126776 591
1127288 780
1127804 828
1128320 704
1128832 455
1129348 224
1129860 120
1130376 199
1130888 419
1131408 664
1131916 807
1132436 799
1132948 636
1133464 384
1133976 159
1134492 124
1135004 255
1135520 504
1136032 736
1136548 828
1137060 768
1137576 551
1138088 304
1138604 127
1139116 143
1139636 327
1140144 575
1140664 768
1141176 828
1141692 707
1142204 480
1142720 240
1143232 120
1143748 192
1144260 399
1144776 639
1145288 799
1145804 803
1146316 639
1146832 391
1147344 192
1147864 120
1148372 248
1148892 480
1149404 705
1149920 828
1150432 771
1150948 575
1151460 319
1151976 127
1152488 135
1153004 316
1153516 560
1154032 768
1154544 828
1155064 736
1155572 504
1156092 248
1156604 120
1157120 192
1157632 384
1158148 632
1158660 798
1159176 816
1159688 664
1160204 412
1160716 192
1161232 120
1161744 240
1162260 480
1162772 704
1163292 824
1163800 780
1164320 590
1164832 335
1165348 140
1165860 127
1166376 295
1166888 542
1167404 768
1167916 830
1168432 768
1168944 512
1169460 255
1169972 124
1170488 163
1171000 384
1171520 624
1172028 787
1172548 824
1173060 678
1173576 448
1174088 199
1174604 120
1175116 224
1175632 448
1176144 675
1176660 816
1177172 792
1177688 608
1178200 352
1178716 152
1179228 126
1179748 280
1180256 515
1180776 768
1181288 828
1181804 768
1182316 531
1182832 280
1183344 124
1183860 159
1184372 352
1184888 608
1185408 271
1185928 515
1186436 768
1186956 828
1187468 768
1187984 529
1188496 284
1189012 126
1189524 158
1190040 352
1190552 591
1191068 775
1191580 824
1192096 704
1192608 455
1193124 224
1193636 120
1194156 199
1194664 415
1195184 659
1195696 807
1196212 799
1196724 636
1197240 384
1197752 163
1198268 124
1198780 255
1199296 504
1199808 736
1200324 828
1200836 768
1201352 560
1201864 304
1202384 127
1202892 143
1203412 319
1203924 574
1204440 768
1204952 828
1205468 705
1205980 480
1206496 240
1207008 120
1207524 192
1208036 399
1208552 639
1209064 799
1209580 799
1210092 639
1210612 391
1211120 192
1211640 120
1212152 248
1212668 480
1213180 704
1213696 828
1214208 771
1214724 575
1215236 319
1215752 135
1216264 135
1216780 316
1217292 560
1217812 768
1218320 828
1218840 736
1219352 504
1219868 252
1220380 120
1220896 192
1221408 384
1221924 632
1222436 796
1222952 816
1223464 664
1223980 414
1224492 192
1225008 120
1225520 224
1226040 455
1226548 704
1227068 824
1227580 782
1228096 591
1228608 352
1229124 143
1229636 127
1230152 287
1230664 536
1231180 768
1231692 828
1232208 768
1232720 515
1233236 263
1233748 124
1234268 159
1234776 384
1235296 608
1235808 783
1236324 824
1236836 704
1237352 448
1237864 204
1238380 120
1238892 224
1239408 448
1239920 671
1240436 816
1240948 792
1241464 609
1241976 384
1242496 156
1243004 126
1243524 271
1244036 513
1244552 768
1245064 828
1245580 768
1246092 536
1246608 280
1247120 124
1247636 158
1248148 352
1248664 591
1249176 775
1249692 824
1250204 704
1250724 451
1251232 224
1251752 120
1252264 199
1252780 419
1253292 655
1253808 807
1254320 799
1254836 636
1255348 384
1255864 163
1256376 124
1256892 255
1257404 504
1257924 736
1258432 828
1258952 768
1259460 560
1259980 304
1260492 127
1261008 143
1261520 319
1262036 574
1262548 768
1263064 828
1263576 707
1264092 480
1264604 240
1265120 120
1265632 192
1266148 399
1266660 639
1267180 799
1267688 799
1268208 639
1268720 396
1269236 192
1269748 120
1270264 248
1270776 480
1271292 704
1271804 828
1272320 771
1272832 575
1273348 319
1273860 135
1274376 135
1274888 312
1275408 560
1275916 768
1276436 828
1276948 736
1277464 504
1277980 252
1278492 120
1279008 192
1279520 384
1280040 632
1280548 798
1281068 816
1281576 664
1282096 414
1282608 192
1283124 120
1283636 225
1284152 460
1284664 704
1285180 824
1285692 780
1286208 590
1286720 335
1287236 140
1287748 127
1288268 291
1288776 540
1289296 768
1289804 828
1290324 768
1290836 512
1291352 255
1291864 120
1292380 166
1292892 384
1293408 624
1293920 792
1294436 824
1294948 678
1295464 448
1295976 199
1296496 120
1297004 224
1297524 448
1298032 671
1298552 816
1299064 792
1299580 608
1300092 352
1300608 152
1301120 126
1301636 275
1302148 515
1302664 768
1303176 828
1303692 768
1304204 527
1304724 280
1305232 124
1305752 158
1306260 352
1306780 608
1307292 775
1307808 824
1308320 704
1308836 449
1309348 224
1309864 120
1310376 199
1310892 432
1311404 664
1311920 816
1312432 799
1312952 632
1313460 384
1313980 159
1314488 124
1315008 255
1315520 504
1316036 736
1316548 828
1317068 319
1317584 127
1318096 127
1318612 312
1319124 551
1319640 768
1320152 828
1320672 736
1321180 504
1321700 252
1322212 120
1322728 192
1323240 384
1323756 632
1324268 796
1324784 816
1325296 668
1325812 415
1326324 192
1326840 120
1327352 224
1327872 455
1328380 704
1328900 824
1329408 783
1329928 608
1330440 352
1330956 143
1331468 127
1331984 287
1332496 529
1333012 768
1333524 830
1334040 768
1334552 515
1335068 255
1335580 120
1336100 159
1336608 384
1337128 608
1337636 783
1338156 824
1338668 688
1339184 448
1339696 199
1340212 112
1340724 224
1341240 448
1341752 671
1342268 816
1342780 796
1343296 624
1343808 384
1344328 156
1344836 126
1345356 271
1345864 513
1346384 768
1346896 830
1347412 768
1347924 540
1348440 286
1348952 126
1349468 156
1349980 352
1350496 608
1351008 775
1351524 828
1352036 704
1352556 455
1353064 224
1353584 112
1354092 195
1354612 415
1355124 655
1355640 816
1356152 799
1356668 632
1357180 384
1357696 159
1358208 124
1358724 255
1359236 504
1359752 736
1360264 828
1360784 768
1361292 551
1361812 295
1362320 127
1362840 143
1363352 319
1363868 575
1364380 768
1364896 828
1365408 707
1365924 480
1366436 240
1366952 120
1367464 192
1367980 399
1368492 639
1369012 799
1369520 807
1370040 639
1370548 396
1371068 192
1371580 120
1372096 248
1372608 480
1373124 704
1373636 828
1374152 771
1374664 575
1375180 318
1375692 127
1376208 135
1376720 312
1377240 560
1377748 768
1378268 828
1378776 736
1379296 496
1379808 252
1380324 120
1380836 192
1381352 384
1381864 632
1382380 799
1382892 816
1383408 664
1383920 415
1384436 192
1384948 120
1385468 240
1385976 460
1386496 704
1387004 824
1387524 783
1388036 608
1388552 335
1389064 143
1389580 127
1390092 287
1390608 540
1391120 768
1391636 830
1392148 768
1392664 512
1393176 255
1393696 120
1394204 159
1394724 384
1395232 609
1395752 783
1396264 824
1396780 675
1397292 448
1397808 195
1398320 112
1398836 224
1399348 448
1399864 679
1400376 816
1400892 792
1401404 608
1401924 352
1402432 152
1402952 127
1403460 275
1403980 519
1404492 768
1405008 830
1405520 768
1406036 529
1406548 284
1407064 124
1407576 158
1408092 352
1408604 608
1409120 780
1409632 824
1410148 704
1410660 451
1411176 224
1411688 120
1412204 199
1412720 422
1413232 659
1413748 816
1414260 799
1414780 632
1415288 384
1415808 159
1416316 124
1416836 255
1417348 504
1417864 736
1418376 828
1418892 768
1419404 547
1419920 291
1420432 127
1420948 143
1421460 327
1421976 575
1422488 768
1423008 828
1423516 707
1424036 480
1424544 240
1425064 120
1425576 192
1426092 408
1426604 639
1427120 803
1427632 803
1428148 639
1428660 391
1429176 192
1429688 120
1430204 248
1430716 480
1431236 707
1431744 828
1432264 769
1432772 574
1433292 318
1433804 127
1434320 135
1434832 316
1435348 560
1435860 768
1436376 828
1436888 736
1437404 496
1437916 248
1438432 120
1438944 192
1439464 384
1439972 632
1440492 798
1441000 816
1441520 655
1442032 414
1442548 192
1443060 120
1443576 240
1444088 460
1444604 704
1445116 824
1445632 775
1446144 591
1446660 334
1447172 143
1447692 127
1448200 291
1448720 127
1449232 143
1449748 327
1450260 575
1450776 768
1451288 828
1451804 707
1452316 480
1452832 240
1453344 120
1453860 192
1454372 399
1454888 639
1455400 799
1455920 803
1456428 639
1456948 391
1457460 192
1457976 120
1458488 248
1459004 480
1459516 704
1460032 824
1460544 771
1461060 574
1461572 319
1462088 127
1462600 135
1463116 312
1463628 560
1464148 768
1464660 828
1465176 736
1465688 504
1466204 252
1466716 120
1467232 192
1467744 384
1468260 636
1468772 798
1469288 816
1469800 668
1470316 415
1470828 192
1471348 120
1471856 225
1472376 463
1472888 704
1473404 824
1473916 783
1474432 591
1474944 335
1475460 142
1475972 127
1476488 287
1477000 540
1477516 768
1478028 830
1478544 768
1479056 512
1479576 255
1480084 120
1480604 163
1481116 384
1481632 624
1482144 785
1482660 824
1483172 671
1483688 448
1484200 195
1484716 112
1485228 224
1485744 448
1486256 688
1486772 824
1487284 792
1487804 608
1488312 352
1488832 152
1489344 127
1489860 284
1490372 519
1490888 768
1491400 830
1491916 768
1492428 527
1492944 280
1493456 124
1493972 159
1494484 352
1495000 608
1495512 780
1496032 824
1496540 704
1497060 448
1497572 224
1498088 112
1498600 199
1499116 448
1499628 668
1500144 816
1500656 799
1501172 624
1501684 384
1502200 159
1502712 124
1503228 255
1503740 508
1504260 736
1504768 828
1505288 768
1505800 547
1506316 287
1506828 127
1507344 147
1507856 327
1508372 575
1508884 771
1509400 828
1509912 705
1510428 480
1510940 240
1511456 120
1511968 192
1512488 412
1512996 647
1513516 803
1514028 803
1514544 639
1515056 387
1515572 192
1516084 120
1516600 252
1517112 496
1517628 711
1518140 828
1518656 768
1519168 572
1519684 312
1520196 127
1520716 135
1521224 318
1521744 568
1522256 768
1522772 828
1523284 718
1523800 481
1524312 248
1524828 120
1525340 192
1525856 391
1526368 638
1526884 799
1527396 816
1527912 655
1528424 408
1528944 192
1529452 120
1529972 240
1530484 480
1531000 704
1531516 828
1532028 775
1532544 583
1533056 327
1533576 135
1534084 131
1534604 304
1535112 543
1535632 768
1536144 830
1536660 768
1537172 508
1537688 255
1538200 120
1538716 176
1539228 384
1539744 624
1540256 792
1540772 816
1541284 671
1541804 419
1542312 192
1542832 112
1543340 224
1543860 449
1544372 704
1544888 824
1545400 783
1545916 608
1546428 352
1546944 143
1547456 127
1547972 286
1548484 527
1549000 768
1549512 828
1550032 768
1550540 524
1551060 271
1551568 124
1552088 159
1552600 352
1553116 608
1553628 783
1554144 824
1554656 704
1555172 448
1555684 224
1556200 120
1556712 224
1557228 448
1557740 670
1558260 816
1558768 796
1559288 624
1559796 384
1560316 158
1560828 124
1561344 263
1561856 510
1562372 768
1562884 828
1563400 768
1563912 543
1564428 287
1564940 126
1565456 152
1565968 352
1566488 583
1566996 771
1567516 824
1568024 704
1568544 463
1569056 224
1569572 120
1570084 193
1570600 415
1571112 654
1571628 803
1572140 799
1572656 639
1573168 385
1573684 192
1574196 124
1574716 254
1575224 496
1575744 711
1576252 828
1576772 768
1577284 568
1577800 312
1578312 127
1578828 142
1579340 318
1579856 568
1580380 807
1580892 647
1581408 399
1581920 192
1582436 120
1582948 248
1583468 480
1583976 704
1584496 828
1585004 775
1585524 575
1586036 319
1586552 135
1587064 135
1587580 312
1588092 547
1588608 768
1589120 828
1589636 736
1590148 504
1590664 254
1591176 120
1591696 192
1592204 384
1592724 624
1593232 792
1593752 816
1594264 668
1594780 415
1595292 192
1595808 120
1596320 224
1596836 455
1597348 704
1597864 824
1598376 783
1598892 608
1599404 352
1599924 143
1600432 127
1600952 287
1601460 527
1601980 768
1602492 828
1603008 768
1603520 519
1604036 271
1604548 124
1605064 159
1605576 384
1606092 608
1606604 783
1607120 824
1607632 704
1608152 448
1608660 224
1609180 120
1609688 224
1610208 448
1610720 671
1611236 816
1611748 796
1612264 624
1612776 384
1613292 158
1613804 124
1614320 271
1614832 511
1615348 768
1615860 828
1616380 768
1616888 542
1617408 287
1617916 126
1618436 156
1618948 352
1619464 588
1619976 775
1620492 824
1621004 704
1621520 462
1622032 224
1622548 120
1623060 195
1623576 415
1624088 655
1624608 807
1625116 799
1625636 638
1626144 384
1626664 167
1627176 124
1627692 255
1628204 496
1628720 711
1629232 828
1629748 768
1630264 560
1630776 312
1631292 127
1631804 143
1632324 319
1632832 572
1633352 768
1633860 824
1634380 711
1634892 480
1635408 240
1635920 120
1636436 192
1636948 391
1637464 639
1637976 799
1638492 807
1639004 647
1639520 399
1640032 192
1640552 120
1641060 240
1641580 480
1642088 704
1642608 828
1643120 775
1643636 575
1644148 319
1644664 135
1645176 135
1645692 312
1646204 547
1646720 768
1647232 830
1647748 768
1648260 504
1648780 254
1649288 120
1649808 192
1650316 384
1650836 632
1651348 796
1651864 816
1652376 670
1652892 415
1653404 192
1653920 120
1654432 224
1654948 455
1655460 704
1655976 824
1656488 783
1657008 608
1657516 352
1658036 143
1658544 127
1659064 287
1659576 536
1660092 768
1660604 830
1661120 768
1661632 519
1662148 263
1662660 124
1663176 159
1663688 384
1664204 608
1664716 783
1665236 824
1665744 704
1666264 448
1666772 199
1667292 120
1667804 224
1668320 448
1668832 671
1669348 816
1669860 796
1670376 609
1670888 384
1671404 156
1671916 126
1672432 271
1672944 513
1673464 768
1673972 828
1674492 768
1675000 536
1675520 284
1676032 126
1676548 158
1677060 352
1677576 591
1678088 775
1678604 824
1679116 704
1679632 455
1680144 224
1680660 120
1681172 199
1681692 415
1682200 657
1682720 816
1683228 799
1683748 636
1684260 384
1684776 159
1685288 124
1685804 255
1686316 504
1686832 736
1687344 828
1687860 768
1688372 560
1688888 304
1689400 127
1689920 143
1690428 319
1690948 575
1691456 768
1691976 828
1692488 707
1693004 480
1693516 240
1694032 112
1694544 192
1695060 403
1695572 639
1696088 803
1696600 803
1697116 639
1697628 391
1698148 192
1698656 120
1699176 248
1699684 480
1700204 710
1700716 828
1701232 771
1701744 575
1702260 316
1702772 127
1703288 135
1703800 316
1704316 568
1704828 768
1705344 830
1705856 736
1706376 496
1706884 248
1707404 120
1707912 192
1708432 385
1708944 636
1709460 799
1709972 816
1710488 655
1711000 412
1711516 192
1712044 384
1712552 632
1713072 798
1713580 816
1714100 664
1714612 415
1715128 192
1715640 120
1716156 225
1716668 455
1717184 704
1717696 824
1718212 783
1718724 608
1719240 352
1719752 143
1720272 127
1720780 287
1721300 540
1721808 768
1722328 830
1722840 768
1723356 515
1723868 255
1724384 120
1724896 159
1725412 384
1725924 608
1726440 787
1726952 824
1727468 679
1727980 448
1728500 199
1729008 112
1729528 224
1730036 448
1730556 671
1731068 816
1731584 792
1732096 608
1732612 352
1733124 156
1733640 126
1734152 271
1734668 519
1735180 768
1735696 830
1736208 768
1736728 536
1737236 286
1737756 126
1738264 158
1738784 352
1739296 591
1739812 775
1740324 824
1740840 704
1741352 455
1741868 224
1742380 120
1742896 199
1743408 415
1743924 664
1744436 807
1744956 799
1745464 636
1745984 384
1746492 159
1747012 124
1747524 255
1748040 504
1748552 736
1749068 828
1749580 768
1750096 560
1750608 304
1751124 127
1751636 143
1752152 319
1752664 574
1753184 768
1753692 828
1754212 707
1754720 480
1755240 240
1755752 120
1756268 192
1756780 399
1757296 639
1757808 799
1758324 807
1758836 647
1759352 391
1759864 192
1760380 120
1760892 248
1761412 480
1761920 704
1762440 828
1762948 775
1763468 575
1763980 319
1764496 135
1765008 135
1765524 312
1766036 560
1766552 768
1767064 828
1767580 736
1768092 504
1768608 252
1769120 120
1769640 192
1770148 384
1770668 632
1771176 796
1771696 816
1772208 664
1772724 414
1773236 192
1773752 120
1774264 240
1774780 460
1775292 704
1775808 824
1776320 783
1776836 591
1777348 352
1777868 143
1778376 127
1778896 287
1779404 536
1779924 768
1780436 830
1780952 768
1781464 515
1781980 263
1782492 124
1783008 163
1783520 384
1784036 608
1784548 783
1785064 824
1785576 688
1786096 448
1786604 199
1787124 120
1787632 224
1788152 448
1788664 671
1789180 816
1789692 792
1790208 609
1790720 384
1791236 156
1791748 126
1792264 271
1792776 513
1793292 768
1793804 828
1794324 768
1794832 540
1795352 286
1795860 126
1796380 156
1796892 352
1797408 591
1797920 775
1798436 824
1798948 704
1799464 455
1799976 224
1800492 112
1801004 198
1801520 415
1802032 655
1802552 816
1803060 799
1803580 636
1804088 384
1804608 163
1805120 124
1805636 255
1806148 496
1806664 736
1807176 828
1807692 768
1808204 560
1808720 304
1809232 127
1809748 143
1810260 319
1810780 574
1811288 768
1811808 828
1812316 707
1812836 480
1813348 240
1813864 120
1814376 192
1814892 399
1815404 639
1815920 799
1816432 806
1816948 639
1817460 399
1817976 192
1818488 120
1819008 248
1819516 480
1820036 704
1820544 828
1821064 771
1821576 575
1822092 319
1822604 135
1823120 135
1823632 304
1824148 550
1824660 768
1825176 828
1825688 768
1826204 504
1826716 254
1827232 120
1827744 192
1828260 384
1828776 632
1829288 792
1829804 816
1830316 668
1830836 415
1831344 192
1831864 120
1832376 224
1832892 455
1833404 704
1833920 824
1834432 783
1834948 608
1835460 352
1835976 143
1836488 127
1837004 287
1837516 527
1838032 768
1838544 830
1839064 768
1839572 519
1840092 268
1840604 124
1841120 159
1841632 384
1842148 608
1842660 783
1843176 824
1843696 504
1844208 736
1844724 828
1845236 768
1845752 560
1846264 304
1846780 127
1847292 143
1847808 327
1848320 574
1848836 768
1849348 828
1849868 707
1850376 480
1850896 240
1851404 120
1851924 192
1852436 398
1852952 639
1853464 799
1853980 803
1854492 639
1855008 391
1855520 192
1856036 120
1856548 248
1857064 480
1857576 704
1858096 824
1858604 769
1859124 575
1859632 319
1860152 135
1860664 135
1861180 312
1861692 547
1862208 768
1862720 828
1863236 736
1863748 504
1864264 254
1864776 120
1865292 192
1865804 384
1866324 632
1866832 796
1867352 816
1867860 671
1868380 419
1868892 193
1869408 120
1869920 224
1870436 449
1870948 704
1871464 824
1871976 783
1872492 608
1873004 352
1873520 145
1874032 127
1874552 286
1875060 526
1875580 768
1876088 828
1876608 768
1877120 524
1877636 271
1878148 124
1878664 159
1879176 352
1879692 608
1880204 775
1880720 824
1881232 704
1881748 448
1882260 224
1882780 120
1883288 224
1883808 448
1884316 668
1884836 816
1885348 798
1885864 624
1886376 384
1886892 159
1887404 126
1887920 255
1888432 508
1888948 736
1889460 828
1889976 768
1890488 547
1891008 291
1891516 127
1892036 147
1892544 327
1893064 575
1893576 768
1894092 824
1894604 704
1895120 480
1895632 225
1896148 120
1896664 192
1897176 403
1897692 639
1898204 799
1898724 799
1899232 639
1899752 385
1900260 192
1900780 124
1901292 252
1901808 481
1902320 704
1902836 824
1903348 768
1903864 574
1904376 318
1904892 135
1905404 135
1905920 316
1906432 560
1906952 768
1907460 828
1907980 736
1908488 504
1909008 252
1909520 120
1910036 192
1910548 384
1911064 632
1911576 796
1912092 816
1912604 664
1913120 415
1913632 192
1914148 120
1914660 225
1915180 455
1915688 704
1916208 824
1916716 782
1917236 591
1917748 352
1918264 143
1918776 127
1919292 287
1919804 527
1920320 768
1920832 828
1921348 768
1921860 515
1922376 263
1922888 124
1923408 159
1923916 384
1924436 608
1924944 783
1925464 824
1925976 704
1926492 448
1927004 224
1927520 120
1928032 224
1928548 448
1929060 671
1929576 816
1930088 796
1930604 624
1931116 384
1931636 159
1932144 126
1932664 268
1933172 510
1933692 768
1934204 828
1934720 768
1935232 542
1935748 287
1936260 126
1936776 152
1937288 335
1937804 583
1938316 769
1938832 824
1939344 704
1939864 460
1940372 224
1940892 120
1941400 192
1941920 414
1942432 647
1942948 799
1943460 799
1943976 638
1944488 384
1945004 192
1945516 124
1946032 254
1946544 496
1947060 711
1947572 828
1948092 768
1948600 572
1949120 316
1949628 134
1950148 142
1950660 316
1951176 568
1951688 768
1952204 828
1952716 736
1953232 496
1953744 248
1954260 120
1954772 192
1955288 385
1955800 636
1956320 798
1956828 807
1957348 655
1957856 412
1958376 192
1958888 120
1959404 240
1959916 463
1960432 704
1960944 824
1961460 775
1961972 588
1962488 327
1963000 143
1963516 127
1964028 295
1964548 542
1965056 768
1965576 828
1966084 768
1966604 511
1967116 255
1967632 124
1968144 163
1968660 384
1969172 608
1969688 783
1970200 824
1970716 671
1971228 448
1971744 199
1972256 120
1972776 224
1973284 448
1973804 671
1974312 816
1974832 785
1975348 304
1975860 127
1976376 143
1976888 319
1977404 574
1977916 768
1978432 828
1978944 711
1979464 480
1979972 240
1980492 120
1981000 192
1981520 399
1982032 639
1982548 799
1983060 806
1983576 639
1984088 399
1984604 192
1985116 120
1985632 248
1986144 480
1986660 704
1987172 824
1987692 771
1988200 575
1988720 319
1989228 135
1989748 135
1990260 312
1990776 551
1991288 768
1991804 828
1992316 736
1992832 504
1993344 252
1993860 120
1994372 192
1994888 384
1995400 632
1995920 796
1996428 816
1996948 668
1997456 415
1997976 192
1998488 120
1999004 224
1999516 455
2000032 704
2000544 824
2001060 783
2001572 608
2002088 352
2002600 143
2003116 127
2003628 287
2004148 536
2004656 768
2005176 830
2005684 768
2006204 515
2006716 263
2007232 120
2007744 159
2008260 384
2008772 608
2009288 783
2009800 824
2010316 679
2010828 448
2011344 199
2011856 120
2012376 224
2012884 448
2013404 671
2013912 816
2014432 792
2014944 624
2015460 353
2015972 156
2016488 126
2017000 271
2017516 513
2018028 768
2018544 828
2019056 768
2019572 540
2020084 286
2020604 126
2021112 156
2021632 352
2022140 588
2022660 775
2023172 824
2023688 704
2024200 455
2024716 224
2025228 120
2025744 195
2026256 415
2026772 655
2027284 807
2027800 799
2028312 636
2028832 384
2029340 163
2029860 124
2030368 255
2030888 504
2031400 718
2031916 828
2032428 768
2032944 560
2033456 304
2033972 127
2034484 143
2035000 319
2035512 574
2036028 768
2036540 828
2037060 711
2037568 480
2038088 240
2038596 120
2039116 192
2039628 399
2040144 639
2040656 799
2041172 807
2041684 639
2042200 396
2042712 192
2043228 120
2043740 248
2044256 480
2044768 704
2045288 828
2045796 771
2046316 575
2046824 319
2047344 131
2047856 135
2048372 312
2048884 551
2049400 768
2049912 828
2050428 736
2050940 504
2051456 252
2051968 120
2052484 192
2052996 384
2053516 632
2054024 798
2054544 816
2055052 664
2055572 415
2056084 192
2056600 120
2057112 240
2057628 460
2058140 704
2058656 824
2059168 783
2059684 591
2060196 352
2060712 143
2061224 127
2061744 287
2062252 540
2062772 768
2063280 830
2063800 768
2064312 512
2064828 255
2065344 124
2065856 163
2066372 384
2066884 608
2067400 787
2067912 824
2068432 675
2068940 448
2069460 199
2069972 120
2070488 224
2071000 448
2071516 675
2072028 816
2072544 792
2073056 608
2073572 352
2074084 152
2074600 126
2075112 271
2075628 518
2076140 768
2076660 828
2077168 768
2077688 527
2078200 284
2078716 124
2079228 158
2079744 352
2080256 608
2080772 775
2081284 824
2081800 704
2082312 451
2082828 224
2083340 120
2083856 199
2084368 419
2084888 664
2085396 807
2085916 799
2086428 632
2086944 384
2087456 159
2087972 124
2088484 255
2089000 504
2089512 736
2090028 828
2090540 768
2091056 547
2091568 295
2092088 126
2092596 143
2093116 327
2093628 575
2094144 768
2094656 824
2095172 704
2095684 480
2096200 240
2096712 120
2097228 192
2097740 401
2098256 639
2098768 799
2099284 799
2099796 639
2100316 391
2100824 192
2101344 124
2101856 248
2102372 480
2102884 705
2103400 828
2103912 771
2104428 574
2104940 319
2105456 134
2105968 135
2106484 316
2107004 547
2107520 768
2108032 830
2108548 768
2109060 508
2109580 255
2110088 120
2110608 192
2111116 384
2111636 624
2112148 796
2112664 816
2113176 671
2113692 419
2114204 192
2114720 120
2115232 224
2115748 451
2116260 704
2116776 824
2117288 783
2117808 608
2118316 352
2118836 143
2119344 127
2119864 287
2120376 529
2120892 768
2121404 830
2121920 768
2122432 519
2122948 263
2123460 124
2123976 159
2124488 384
2125004 608
2125516 783
2126036 824
2126544 704
2127064 448
2127572 206
2128092 120
2128604 224
2129120 448
2129632 671
2130148 816
2130660 798
2131176 624
2131688 384
2132204 156
2132716 126
2133236 271
2133744 512
2134264 768
2134772 828
2135292 768
2135804 540
2136320 284
2136832 124
2137348 156
2137860 352
2138376 591
2138888 775
2139404 824
2139916 704
2140432 454
2140944 224
2141464 120
2141972 199
2142492 415
2143000 655
2143520 807
2144032 799
2144548 636
2145060 384
2145576 163
2146088 124
2146604 255
2147116 504
2147632 736
2148144 828
2148660 768
2149172 560
2149692 304
2150200 127
2150720 143
2151228 319
2151748 575
2152260 768
2152776 828
2153288 711
2153804 480
2154316 240
2154832 112
2155344 192
2155860 399
2156372 639
2156888 799
2157400 803
2157920 639
2158428 391
2158948 192
2159456 120
2159976 248
2160488 480
2161004 705
2161516 828
2162032 771
2162544 575
2163060 319
2163572 127
2164088 135
2164600 312
2165116 560
2165628 768
2166148 830
2166656 736
2167176 504
2167684 252
2168204 120
2168716 192
2169232 384
2169744 632
2170260 798
2170772 816
2171288 664
2171800 415
2172316 192
2172828 120
2173344 240
2173856 455
2174376 704
2174884 824
2175404 780
2175912 591
2176432 332
2176944 142
2177460 127
2177972 287
2178488 540
2179000 768
2179516 828
2180028 768
2180544 512
2181056 255
2181572 120
2182084 163
2182604 384
2183112 624
2183632 792
2184140 824
2184660 675
2185172 448
2185688 199
2186200 120
2186716 224
2187228 448
2187744 675
2188256 824
2188772 792
2189284 609
2189800 353
2190312 156
2190832 127
2191340 271
2191860 519
2192368 768
2192888 830
2193400 768
2193916 531
2194428 284
2194944 124
2195456 156
2195972 352
2196484 591
2197000 775
2197512 824
2198028 704
2198540 449
2199060 224
2199568 112
2200088 199
2200596 423
2201116 668
2201628 816
2202144 799
2202656 632
2203172 384
2203684 159
2204200 124
2204712 255
2205228 508
2205740 736
2206256 828
2206768 768
2207288 550
2207796 295
2208316 127
2208824 143
2209344 327
2209856 575
2210372 771
2210884 828
2211400 705
2211912 480
2212428 240
2212940 120
2213456 192
2213968 408
2214484 639
2215000 799
2215512 799
2216028 639
2216540 387
2217056 192
2217568 120
2218088 252
2218596 481
2219116 707
2219628 824
2220144 768
2220656 572
2221172 316
2221684 127
2222200 135
2222712 318
2223228 568
2223740 768
2224256 828
2224768 736
2225284 496
2225796 248
2226316 120
2226824 192
2227344 385
2227856 636
2228372 799
2228884 816
2229400 655
2229912 414
2230428 192
2230940 120
2231456 240
2231968 463
2232484 704
2232996 824
2233512 780
2234024 588
2234544 327
2235052 140
2235572 127
2236084 295
2236600 543
2237112 768
2237628 830
2238140 768
2238652 568
2239172 768
2239680 830
2240200 736
2240708 496
2241228 248
2241740 120
2242256 192
2242768 385
2243284 636
2243796 799
2244312 816
2244824 655
2245340 408
2245852 192
2246368 120
2246880 240
2247396 480
2247908 704
2248428 824
2248936 775
2249456 583
2249968 327
2250484 135
2250996 127
2251512 304
2252024 543
2252540 768
2253052 828
2253568 768
2254080 510
2254596 255
2255108 120
2255624 167
2256136 384
2256656 624
2257164 796
2257684 824
2258196 671
2258712 432
2259224 195
2259740 120
2260252 224
2260768 448
2261280 704
2261796 824
2262308 792
2262824 608
2263336 352
2263852 145
2264364 127
2264884 284
2265392 526
2265912 768
2266424 830
2266940 768
2267452 526
2267968 271
2268480 120
2268996 159
2269508 352
2270024 608
2270536 782
2271052 824
2271564 704
2272080 448
2272592 206
2273112 112
2273620 224
2274140 448
2274652 671
2275168 816
2275680 798
2276196 624
2276708 384
2277224 158
2277736 124
2278252 270
2278764 511
2279280 768
2279792 828
2280308 768
2280820 543
2281340 287
2281848 126
2282368 156
2282880 352
2283396 583
2283908 771
2284424 828
2284936 704
2285452 462
2285964 224
2286480 112
2286992 192
2287508 415
2288020 654
2288536 803
2289048 799
2289568 636
2290076 384
2290596 159
2291108 124
2291624 255
2292136 496
2292652 716
2293164 828
2293680 768
2294192 568
2294708 304
2295220 127
2295736 143
2296248 319
2296764 574
2297276 768
2297796 828
2298304 711
2298824 480
2299336 240
2299852 120
2300364 192
2300880 398
2301392 639
2301908 799
2302420 816
2302936 647
2303448 399
2303964 192
2304476 120
2304992 248
2305504 480
2306024 704
2306532 828
2307052 771
2307564 575
2308080 319
2308592 135
2309108 135
2309620 312
2310136 560
2310648 768
2311164 828
2311676 736
2312192 504
2312704 252
2313220 120
2313732 192
2314252 384
2314760 632
2315280 798
2315792 816
2316308 668
2316820 415
2317336 192
2317848 120
2318364 240
2318876 455
2319392 704
2319904 824
2320420 783
2320932 608
2321448 352
2321960 143
2322480 127
2322988 287
2323508 536
2324020 768
2324536 828
2325048 768
2325564 515
2326076 263
2326592 120
2327104 159
2327620 384
2328132 608
2328648 783
2329160 824
2329676 679
2330188 448
2330708 199
2331216 112
2331736 224
2332248 448
2332764 671
2333276 816
2333792 796
2334304 624
2334820 384
2335332 156
2335848 127
2336360 271
2336876 515
2337388 768
2337908 828
2338416 768
2338936 540
2339444 287
2339964 126
2340476 156
2340992 352
2341504 588
2342020 775
2342532 828
2343048 704
2343560 455
2344076 224
2344588 112
2345104 195
2345616 415
2346132 655
2346644 803
2347164 799
2347672 636
2348192 384
2348704 163
2349220 124
2349732 255
2350248 504
2350764 736
2351276 828
2351792 768
2352304 551
2352824 304
2353332 127
2353852 143
2354360 319
2354880 575
2355392 768
2355908 828
2356420 707
2356936 480
2357448 240
2357964 120
2358476 192
2358992 399
2359504 639
2360020 799
2360532 803
2361052 639
2361560 396
2362080 192
2362588 120
2363108 248
2363620 480
2364136 704
2364648 824
2365164 771
2365676 575
2366192 319
2366704 135
2367220 135
2367732 312
2368248 551
2368760 768
2369280 828
2369788 736
2370308 707
2370816 480
2371336 240
2371844 120
2372364 192
2372876 399
2373392 639
2373904 799
2374420 803
2374932 639
2375448 391
2375960 192
2376476 120
2376988 248
2377504 480
2378016 704
2378532 828
2379044 771
2379564 575
2380072 319
2380592 135
2381104 135
2381620 312
2382132 551
2382648 768
2383160 828
2383676 736
2384188 504
2384704 252
2385216 120
2385732 192
2386244 384
2386760 632
2387272 796
2387792 816
2388300 670
2388820 415
2389332 192
2389848 120
2390360 224
2390876 455
2391388 704
2391904 824
2392416 783
2392932 608
2393444 352
2393960 143
2394472 127
2394988 287
2395500 536
2396020 768
2396528 828
2397048 768
2397560 515
2398076 255
2398588 124
2399104 159
2399616 384
2400132 608
2400644 783
2401160 824
2401672 688
2402188 448
2402700 204
2403216 120
2403728 224
2404248 448
2404756 671
2405276 816
2405788 792
2406304 624
2406816 384
2407332 156
2407844 126
2408360 271
2408872 512
2409388 768
2409900 828
2410416 768
2410928 540
2411444 284
2411956 124
2412476 156
2412984 352
2413504 590
2414016 774
2414532 824
2415044 704
2415560 455
2416072 224
2416588 120
2417100 195
2417616 415
2418128 655
2418644 807
2419156 799
2419672 636
2420184 384
2420704 163
2421212 124
2421732 255
2422244 496
2422760 718
2423272 828
2423788 768
2424300 568
2424816 312
2425328 127
2425844 143
2426356 319
2426872 574
2427384 768
2427900 828
2428412 711
2428932 480
2429440 240
2429960 120
2430472 192
2430988 396
2431500 639
2432016 799
2432528 803
2433044 639
2433556 399
2434072 192
2434584 120
2435100 248
2435612 480
2436128 704
2436640 828
2437160 771
2437668 575
2438188 319
2438700 135
2439216 135
2439728 312
2440244 551
2440756 768
2441272 828
2441784 768
2442300 504
2442812 254
2443328 120
2443840 192
2444356 384
2444868 632
2445388 796
2445896 816
2446416 668
2446928 415
2447444 192
2447956 120
2448472 224
2448984 451
2449500 704
2450012 824
2450528 783
2451040 608
2451556 352
2452068 143
2452584 127
2453096 286
2453616 527
2454124 768
2454644 828
2455156 768
2455672 515
2456184 270
2456700 124
2457212 159
2457728 384
2458240 608
2458756 783
2459268 824
2459784 704
2460296 448
2460812 224
2461324 120
2461844 224
2462352 448
2462872 671
2463384 816
2463900 796
2464412 624
2464928 384
2465440 159
2465956 126
2466468 263
2466984 511
2467496 736
2468012 828
2468524 768
2469040 543
2469552 287
2470072 126
2470580 152
2471100 352
2471612 583
2472128 771
2472644 824
2473156 704
2473672 455
2474184 224
2474700 112
2475212 193
2475732 415
2476240 655
2476760 803
2477268 799
2477788 636
2478300 384
2478816 167
2479328 124
2479844 255
2480356 496
2480872 716
2481384 828
2481900 768
2482412 568
2482928 312
2483440 127
2483960 143
2484468 319
2484988 572
2485496 768
2486016 828
2486528 711
2487044 480
2487556 240
2488072 120
2488584 192
2489100 391
2489612 639
2490128 799
2490640 807
2491156 647
2491668 399
2492188 192
2492696 120
2493216 248
2493724 480
2494244 704
2494756 824
2495272 774
2495784 575
2496300 319
2496812 135
2497328 135
2497840 304
2498356 547
2498868 768
2499388 828
2499896 768
2500416 508
2500924 255
2501444 120
2501964 704
2502476 824
2502992 769
2503504 575
2504020 319
2504532 135
2505048 135
2505560 312
2506076 551
2506588 768
2507104 828
2507616 736
2508132 504
2508644 254
2509164 120
2509672 192
2510192 384
2510700 632
2511220 796
2511732 816
2512248 668
2512760 419
2513276 192
2513788 120
2514304 224
2514816 451
2515332 704
2515844 824
2516360 783
2516872 608
2517392 352
2517900 143
2518420 127
2518928 287
2519448 531
2519960 768
2520476 828
2520988 768
2521504 515
2522016 263
2522532 124
2523044 159
2523560 384
2524072 608
2524588 783
2525100 824
2525620 679
2526128 448
2526648 199
2527156 112
2527676 224
2528188 448
2528704 671
2529216 816
2529732 792
2530244 624
2530760 384
2531272 158
2531788 126
2532300 271
2532816 512
2533328 768
2533848 828
2534356 768
2534876 540
2535384 287
2535904 126
2536416 156
2536932 352
2537444 588
2537960 775
2538472 824
2538988 704
2539500 460
2540016 224
2540528 120
2541044 195
2541556 415
2542076 655
2542584 803
2543104 799
2543612 636
2544132 384
2544644 163
2545160 124
2545672 255
2546188 504
2546700 711
2547216 828
2547728 768
2548244 560
2548756 312
2549272 127
2549784 143
2550304 319
2550812 572
2551332 768
2551840 828
2552360 711
2552872 480
2553388 240
2553900 120
2554416 192
2554928 396
2555444 639
2555956 799
2556472 807
2556984 647
2557500 399
2558012 192
2558532 120
2559040 240
2559560 480
2560068 704
2560588 824
2561100 771
2561616 575
2562128 319
2562644 135
2563156 135
2563672 312
2564184 551
2564700 768
2565212 828
2565728 736
2566240 504
2566760 252
2567268 120
2567788 192
2568296 384
2568816 632
2569328 798
2569844 816
2570356 668
2570872 415
2571384 192
2571900 120
2572412 224
2572928 455
2573440 704
2573956 824
2574468 783
2574988 608
2575496 352
2576016 143
2576524 127
2577044 287
2577556 540
2578072 768
2578588 828
2579100 768
2579616 512
2580128 255
2580648 120
2581156 159
2581676 384
2582188 608
2582704 783
2583216 824
2583732 675
2584244 448
2584760 199
2585272 120
2585788 224
2586300 448
2586816 675
2587328 816
2587844 792
2588356 609
2588876 352
2589384 156
2589904 127
2590416 271
2590932 519
2591444 768
2591960 830
2592472 768
2592988 536
2593500 284
2594016 126
2594528 156
2595044 352
2595556 591
2596072 780
2596584 828
2597104 704
2597612 455
2598132 224
2598644 112
2599160 199
2599672 415
2600188 664
2600700 807
2601216 799
2601728 632
2602244 384
2602756 159
2603272 124
2603784 255
2604300 504
2604812 736
2605332 828
2605840 768
2606360 547
2606872 295
2607388 127
2607900 143
2608416 327
2608928 575
2609444 768
2609956 828
2610472 705
2610984 480
2611500 240
2612012 120
2612528 192
2613040 403
2613560 639
2614068 799
2614588 799
2615100 639
2615616 391
2616128 192
2616644 120
2617156 248
2617672 480
2618184 705
2618700 828
2619212 771
2619728 574
2620240 319
2620756 127
2621268 135
2621788 316
2622296 560
2622816 768
2623328 828
2623844 736
2624356 496
2624872 248
2625384 120
2625900 192
2626412 384
2626928 636
2627440 798
2627956 816
2628468 659
2628984 414
2629496 192
2630016 120
2630524 240
2631044 480
2631556 704
2632072 824
2632584 782
2633100 590
