112 96
224 96
336 96
448 96
560 96
680 96
792 96
904 96
1016 96
1128 96
1240 96
1352 96
1464 96
1576 96
1696 96
1808 96
1920 96
2032 96
2144 96
2256 96
2368 96
2480 96
2592 96
2712 96
2824 96
2936 92
3048 96
3160 96
3272 96
3384 96
3496 96
3608 96
3728 96
3840 96
3952 96
4064 96
4176 96
4288 96
4400 96
4516 96
4628 96
4744 96
4856 96
4968 96
5080 96
5196 96
5308 96
5420 96
5532 96
5644 96
5760 96
5876 96
5988 96
6100 96
6212 96
6324 96
6436 96
6548 96
6660 96
6780 96
6892 96
7004 96
7116 96
7228 96
7340 96
7452 96
7564 96
7676 96
7788 96
7908 96
8020 96
8132 96
8244 96
8356 96
8468 96
8580 96
8692 96
8804 96
8924 96
9036 96
9148 96
9260 96
9372 96
9484 96
9596 96
9712 96
9824 96
9940 96
10052 96
10164 96
10276 96
10392 96
10504 96
10616 96
10728 96
10840 96
10956 96
11072 96
11184 96
11296 96
11408 96
11520 96
11632 96
11744 96
11856 96
11976 96
12088 96
12200 96
12312 96
12424 96
12536 96
12648 96
12760 96
12872 96
12992 96
13104 96
13216 96
13328 96
13440 96
13552 96
13664 96
13776 96
13888 96
14008 96
14120 96
14232 96
14344 96
14456 96
14568 96
14680 96
14792 96
14908 96
15024 96
15136 96
15248 96
15360 96
15472 96
15588 96
15700 96
15812 96
15924 96
16040 96
16152 96
16268 96
16380 96
16492 94
16604 96
16716 96
16828 96
16940 94
17060 96
17172 92
17284 96
17396 96
17508 96
17620 96
17732 96
17844 96
17956 96
18076 96
18188 96
18300 96
18412 96
18524 96
18636 96
18748 96
18860 96
18972 96
19092 96
19204 96
19316 96
19428 96
19540 96
19652 96
19764 96
19876 96
19988 96
20108 96
20220 96
20332 96
20444 96
20556 96
20668 96
20784 96
20896 96
21008 96
21124 96
21236 94
21348 96
21464 94
21576 96
21688 96
21800 92
21912 94
22024 96
22140 96
22256 94
22368 96
22480 96
22592 96
22704 96
22816 96
22928 96
23040 96
23152 96
23272 96
23384 96
23496 96
23608 96
23720 96
23832 96
23944 96
24056 96
24168 96
24288 96
24400 96
24512 96
24624 96
24736 96
24848 96
24960 96
25072 96
25184 96
25304 96
25416 96
25528 96
25640 96
25752 94
25864 96
25980 96
26092 96
26204 96
26320 96
26432 96
26544 96
26660 96
26772 96
26884 96
26996 96
27108 96
27220 96
27336 96
27452 96
27564 96
27676 96
27788 96
27900 96
28012 96
28124 96
28236 96
28356 96
28468 96
28580 96
28692 96
28804 96
28916 96
29036 112
29148 120
29260 127
29376 127
29492 135
29604 143
29716 152
29828 152
29940 152
30052 152
30164 143
30276 143
30396 135
30508 127
30620 127
30732 120
30844 112
30956 103
31068 96
31180 88
31292 78
31412 67
31524 62
31636 56
31748 48
31860 44
31972 39
32084 39
32196 35
32308 35
32420 39
32540 39
32652 48
32764 56
32876 62
32988 63
33100 71
33212 79
33328 92
33440 99
33556 110
33668 115
33780 124
33892 127
34004 135
34120 142
34232 143
34344 143
34456 147
34572 147
34684 143
34800 143
34912 142
35024 135
35136 127
35248 124
35360 120
35472 110
35592 99
35704 92
35816 81
35928 71
36040 63
36152 60
36264 51
36376 48
36488 39
36608 39
36720 35
36832 35
36944 35
37056 39
37168 39
37280 48
37392 56
37504 62
37624 63
37736 76
37848 88
37960 96
38072 103
38184 112
38296 120
38408 126
38520 127
38640 135
38752 143
38864 143
38976 147
39088 152
39200 152
39316 145
39428 143
39540 135
39656 127
39768 127
39880 120
39996 112
40108 103
40220 96
40332 88
40444 79
40556 71
40672 63
40788 56
40900 48
41012 46
41124 39
41236 35
41348 35
41460 35
41572 39
41692 39
41804 46
41916 48
42028 56
42140 63
42252 71
42364 79
42476 88
42588 96
42708 103
42820 113
42932 124
43044 127
43156 127
43268 135
43380 143
43492 143
43604 152
43724 152
43836 147
43948 143
44060 143
44172 135
44284 127
44396 127
44512 120
44624 112
44740 103
44852 96
44964 88
45076 78
45192 63
45304 62
45416 56
45528 48
45640 44
45756 39
45872 39
45984 35
46096 39
46208 39
46320 39
46432 48
46544 56
46656 60
46776 63
46888 71
47000 88
47112 92
47224 99
47336 110
47448 120
47560 126
47672 127
47784 135
47904 142
48016 143
48128 147
48240 152
48352 152
48464 147
48576 143
48688 142
48800 135
48920 127
49032 124
49144 115
49256 110
49368 99
49480 92
49592 81
49704 71
49816 63
49936 60
50048 56
50160 48
50272 39
50384 39
50496 35
50608 35
50720 39
50836 39
50952 46
51064 49
51176 56
51288 63
51400 67
51512 79
51628 88
51740 96
51852 103
51968 112
52080 120
52192 127
52308 127
52420 135
52532 143
52644 143
52756 147
52868 152
52984 152
53100 145
53212 143
53324 135
53436 127
53548 127
53660 120
53772 112
53884 103
54004 96
54116 88
54228 79
54340 71
54452 63
54564 56
54676 49
54788 46
54900 39
55020 39
55132 39
55244 35
55356 39
55468 39
55580 48
55692 51
55804 56
55916 63
56036 71
56148 79
56260 88
56372 96
56484 103
56596 112
56708 120
56824 127
56936 127
57052 135
57164 143
57276 143
57388 147
57504 147
57616 143
57728 143
57840 143
57956 71
58068 63
58180 60
58292 51
58412 46
58524 39
58636 39
58748 35
58860 35
58972 39
59084 39
59196 46
59308 49
59428 56
59540 63
59652 71
59764 79
59876 88
59988 96
60100 103
60212 112
60324 120
60444 127
60556 127
60668 135
60780 143
60892 143
61004 143
61116 147
61228 145
61344 143
61460 143
61572 135
61684 127
61796 127
61908 120
62020 112
62136 103
62248 96
62360 88
62476 78
62588 67
62700 63
62816 56
62928 48
63040 39
63152 39
63264 35
63376 35
63492 35
63608 39
63720 39
63832 48
63944 51
64056 60
64168 63
64280 71
64392 79
64512 92
64624 97
64736 103
64848 113
64960 124
65072 127
65184 135
65296 135
65408 143
65528 143
65640 147
65752 152
65864 147
65976 143
66088 142
66200 135
66312 127
66424 126
66544 120
66656 110
66768 99
66880 92
66992 81
67104 71
67216 63
67332 60
67444 56
67560 48
67672 39
67784 39
67896 35
68012 35
68124 39
68236 39
68348 44
68460 48
68576 56
68692 63
68804 67
68916 79
69028 88
69140 96
69252 103
69364 112
69476 120
69588 127
69708 127
69820 135
69932 143
70044 143
70156 147
70268 147
70380 147
70492 145
70604 143
70724 140
70836 135
70948 127
71060 124
71172 115
71284 103
71396 97
71508 88
71620 79
71740 71
71852 63
71964 56
72076 49
72188 48
72300 39
72412 39
72528 35
72640 35
72756 39
72868 39
72980 48
73092 49
73208 56
73320 63
73432 71
73544 79
73656 88
73772 96
73888 103
74000 112
74112 120
74224 127
74336 127
74448 135
74560 143
74672 143
74792 147
74904 147
75016 152
75128 147
75240 143
75352 135
75464 127
75576 127
75688 120
75808 112
75920 103
76032 96
76144 88
76256 79
76368 67
76480 62
76592 56
76704 48
76824 46
76936 39
77048 39
77160 35
77272 35
77384 39
77496 39
77608 48
77724 56
77840 60
77952 63
78064 71
78176 79
78288 92
78404 97
78516 103
78628 113
78740 124
78856 127
78968 135
79084 135
79196 143
79308 143
79420 147
79532 145
79644 143
79756 143
79876 135
79988 135
80100 127
80212 124
80324 115
80436 103
80548 99
80660 92
80772 81
80892 71
81004 63
81116 60
81228 51
81340 48
81452 39
81564 39
81676 35
81788 35
81908 35
82020 39
82132 46
82244 48
82356 56
82468 62
82580 63
82692 78
82804 88
82924 96
83036 99
83148 112
83260 120
83372 126
83484 127
83600 135
83712 142
83824 143
83940 145
84052 147
84164 145
84280 143
84392 143
84504 135
84616 127
84728 127
84840 120
84956 112
85072 103
85184 96
85296 88
85408 79
85520 71
85632 63
85744 56
85856 51
85968 46
86084 39
86196 39
86308 35
86420 39
86532 39
86644 39
86756 46
86872 142
86984 135
87096 127
87208 126
87328 120
87440 112
87552 99
87664 96
87776 83
87888 76
88000 63
88112 62
88224 56
88344 48
88456 39
88568 39
88680 35
88792 35
88904 35
89016 39
89132 39
89244 48
89360 56
89472 60
89584 63
89696 71
89812 81
89924 92
90036 99
90148 103
90260 115
90376 124
90492 127
90604 127
90716 142
90828 143
90940 145
91052 152
91164 147
91276 145
91396 143
91508 142
91620 135
91732 127
91844 124
91956 115
92068 103
92180 99
92292 92
92412 79
92524 71
92636 63
92748 60
92860 51
92972 48
93084 39
93196 39
93308 35
93428 35
93540 39
93652 39
93764 44
93876 48
93988 56
94100 63
94212 67
94328 78
94444 88
94556 96
94668 103
94780 112
94892 120
95008 126
95120 127
95232 135
95344 143
95460 143
95572 147
95688 152
95800 152
95912 143
96024 143
96136 140
96248 135
96360 127
96472 124
96592 112
96704 103
96816 96
96928 88
97040 79
97152 71
97264 63
97376 56
97488 49
97608 44
97720 39
97832 39
97944 35
98056 35
98168 39
98280 39
98392 48
98504 49
98624 60
98736 63
98848 71
98960 79
99072 88
99184 97
99296 103
99408 113
99524 121
99640 127
99752 127
99864 135
99976 143
100088 145
100204 152
100316 152
100428 152
100540 143
100656 143
100768 135
100884 127
100996 127
101108 120
101220 112
101332 103
101444 96
101556 88
101676 78
101788 67
101900 62
102012 56
102124 48
102236 44
102348 39
102460 39
102572 35
102692 35
102804 39
102916 39
103028 48
103140 56
103252 60
103364 63
103476 71
103588 79
103708 92
103820 99
103932 110
104044 115
104156 124
104268 127
104380 135
104492 143
104604 143
104724 147
104836 147
104948 147
105060 143
105172 143
105284 142
105400 135
105512 127
105624 124
105740 115
105852 103
105964 99
106080 92
106192 79
106304 71
106416 63
106528 60
106640 51
106756 48
106872 39
106984 39
107096 35
107208 35
107320 35
107432 39
107544 39
107656 48
107776 56
107888 62
108000 67
108112 78
108224 88
108336 96
108448 103
108560 112
108672 120
108792 127
108904 127
109016 135
109128 143
109240 143
109352 145
109464 147
109576 152
109688 143
109808 143
109920 135
110032 127
110144 127
110256 120
110368 112
110480 103
110596 96
110708 88
110824 79
110936 67
111048 63
111160 56
111276 48
111388 44
111500 39
111612 35
111724 35
111840 35
111956 39
112068 39
112180 46
112292 49
112404 56
112516 63
112628 71
112740 79
112852 88
112968 96
113080 103
113192 112
113304 121
113416 127
113528 127
113640 135
113752 143
113864 147
113984 152
114096 152
114208 147
114320 143
114432 143
114544 135
114656 127
114768 126
114884 120
115000 112
115112 103
115224 96
115336 83
115448 71
115560 63
115676 62
115788 103
115900 96
116012 88
116124 79
116236 71
116348 63
116460 56
116576 48
116688 46
116804 39
116916 39
117028 35
117140 35
117252 39
117364 39
117480 46
117592 48
117704 56
117820 63
117932 71
118044 79
118156 88
118272 96
118384 103
118496 112
118608 120
118720 127
118836 127
118952 135
119064 142
119176 143
119288 143
119400 147
119512 145
119624 143
119736 143
119856 135
119968 127
120080 127
120192 120
120304 112
120416 103
120528 96
120640 88
120752 79
120872 67
120984 63
121096 56
121208 48
121320 44
121432 39
121544 39
121656 35
121768 35
121888 39
122000 39
122112 48
122224 51
122336 60
122448 63
122560 71
122672 79
122784 92
122904 99
123016 103
123128 115
123240 124
123352 127
123464 135
123580 142
123692 143
123804 152
123920 152
124032 152
124144 145
124260 143
124372 143
124484 135
124596 127
124708 126
124820 120
124936 112
125052 99
125164 92
125276 83
125388 71
125500 63
125612 62
125724 56
125836 48
125956 39
126068 39
126180 39
126292 35
126404 39
126516 39
126628 46
126740 48
126852 56
126972 63
127084 67
127196 78
127308 88
127420 96
127532 103
127644 112
127756 120
127868 127
127988 127
128100 135
128212 143
128324 143
128436 143
128548 152
128660 147
128776 147
128888 143
129004 142
129116 127
129228 127
129340 124
129456 113
129568 103
129680 96
129792 88
129904 79
130020 71
130136 63
130248 56
130360 49
130472 48
130584 39
130696 39
130808 35
130920 35
131040 39
131152 39
131264 48
131376 49
131488 56
131600 63
131712 71
131824 79
131936 88
132048 97
132168 103
132280 112
132392 120
132504 127
132616 127
132728 135
132840 143
132952 143
133064 145
133184 147
133296 143
133408 143
133520 143
133632 135
133744 127
133856 127
133968 120
134080 112
134200 103
134312 96
134424 88
134536 78
134648 63
134760 62
134872 56
134984 48
135100 39
135216 39
135328 35
135440 35
135552 35
135664 39
135776 39
135892 48
136004 51
136116 60
136232 63
136344 71
136456 79
136572 92
136684 97
136796 103
136908 115
137020 124
137132 127
137248 135
137364 142
137476 143
137588 143
137700 143
137812 147
137924 143
138036 143
138148 142
138268 135
138380 127
138492 124
138604 115
138716 110
138828 99
138940 92
139052 79
139164 71
139284 63
139396 60
139508 51
139620 48
139732 39
139844 39
139956 35
140068 35
140180 39
140300 39
140412 46
140524 48
140636 56
140748 62
140860 67
140972 78
141088 88
141200 96
141316 99
141428 112
141540 120
141652 127
141768 127
141880 135
141992 143
142104 143
142216 147
142332 152
142448 147
142560 145
142672 143
142784 142
142896 127
143008 127
143120 121
143232 113
143352 103
143464 96
143576 88
143688 79
143800 71
143912 63
144024 56
144136 48
144248 48
144368 39
144480 39
144592 39
144708 127
144820 135
144932 142
145044 143
145164 145
145276 152
145388 152
145500 147
145612 143
145724 143
145836 135
145948 127
146060 126
146180 120
146292 108
146404 99
146516 92
146628 83
146740 71
146852 63
146968 60
147080 56
147196 48
147308 39
147420 39
147532 35
147648 39
147760 39
147872 39
147984 39
148096 48
148212 56
148328 63
148440 67
148552 79
148664 88
148776 96
148888 103
149000 112
149112 120
149232 127
149344 127
149456 135
149568 143
149680 143
149792 145
149904 152
150016 152
150128 147
150248 143
150360 142
150472 135
150584 127
150696 124
150808 113
150920 103
151032 97
151144 89
151264 79
151376 71
151488 63
151600 56
151712 49
151824 48
151936 39
152048 39
152160 35
152280 35
152392 39
152504 39
152616 48
152728 49
152840 56
152956 63
153068 71
153180 79
153296 88
153408 97
153520 103
153636 112
153748 120
153860 127
153972 127
154084 135
154196 143
154312 145
154428 147
154540 147
154652 147
154764 143
154876 143
154988 135
155100 127
155212 127
155332 120
155444 112
155556 103
155668 96
155780 81
155892 76
156004 63
156116 62
156228 56
156348 48
156460 39
156572 39
156684 35
156796 35
156908 35
157020 39
157132 39
157244 46
157356 51
157476 60
157588 63
157700 71
157812 79
157924 92
158036 97
158152 110
158264 115
158376 124
158492 127
158604 135
158716 142
158832 143
158944 143
159056 147
159168 152
159280 145
159392 143
159508 142
159624 135
159736 127
159848 124
159960 115
160072 103
160184 97
160296 92
160408 79
160528 71
160640 63
160752 56
160864 49
160976 48
161088 39
161200 35
161312 35
161424 35
161544 35
161656 39
161768 39
161880 48
161992 56
162104 63
162216 67
162328 78
162440 88
162560 96
162672 103
162784 112
162896 120
163008 127
163120 127
163232 135
163348 143
163460 143
163576 147
163688 152
163800 152
163912 145
164028 143
164140 142
164252 135
164364 127
164476 120
164592 112
164708 103
164820 96
164932 88
165044 79
165156 71
165268 63
165380 56
165492 49
165612 39
165724 39
165836 39
165948 39
166060 35
166172 39
166284 39
166396 46
166508 49
166628 56
166740 63
166852 71
166964 79
167076 88
167188 97
167300 103
167412 113
167524 124
167644 127
167756 135
167868 140
167980 143
168092 147
168204 152
168316 152
168428 152
168544 147
168660 143
168772 135
168884 127
168996 127
169108 120
169224 112
169336 103
169448 96
169560 88
169676 78
169788 63
169904 62
170016 56
170128 48
170240 39
170352 39
170464 35
170576 35
170696 39
170808 39
170920 39
171032 48
171144 56
171256 62
171368 63
171480 71
171592 79
171712 92
171824 99
171936 112
172048 120
172160 126
172272 127
172384 135
172496 142
172608 143
172720 147
172840 152
172952 152
173064 143
173176 143
173288 142
173400 135
173512 127
173624 63
173736 71
173848 79
173960 92
174080 99
174192 108
174304 115
174416 124
174528 127
174640 135
174756 142
174868 143
174980 145
175096 152
175208 147
175320 147
175436 143
175548 143
175660 135
175772 127
175884 127
175996 120
176112 112
176228 99
176340 96
176452 83
176564 71
176676 63
176788 60
176900 51
177012 48
177132 39
177244 39
177356 35
177468 35
177580 35
177692 39
177804 39
177916 48
178028 51
178140 60
178260 63
178372 71
178484 83
178596 96
178708 99
178820 110
178932 120
179044 126
179156 127
179276 135
179388 143
179500 143
179612 147
179724 152
179836 152
179952 147
180064 143
180176 142
180292 135
180404 127
180516 124
180632 115
180744 103
180856 96
180968 88
181080 79
181192 71
181308 63
181424 56
181536 48
181648 44
181760 39
181872 35
181984 35
182096 35
182208 35
182328 39
182440 39
182552 48
182664 56
182776 63
182888 71
183000 79
183112 88
183224 96
183344 103
183456 112
183568 120
183680 127
183792 127
183904 135
184016 143
184128 143
184240 152
184360 152
184472 152
184584 147
184696 143
184808 135
184920 127
185032 127
185144 120
185260 112
185376 103
185488 96
185600 88
185712 78
185824 67
185940 62
186052 56
186164 48
186276 39
186392 39
186504 35
186620 35
186732 35
186844 39
186956 39
187068 48
187180 51
187292 60
187412 63
187524 71
187636 81
187748 92
187860 99
187972 108
188084 115
188196 126
188308 127
188428 135
188540 143
188652 143
188764 147
188876 152
188988 152
189100 152
189212 143
189324 143
189444 135
189556 127
189668 126
189780 120
189892 112
190004 99
190116 96
190228 83
190340 71
190460 63
190572 60
190684 56
190796 48
190908 39
191020 39
191136 39
191248 35
191360 35
191476 39
191588 39
191700 48
191816 56
191928 62
192040 67
192152 78
192264 88
192376 96
192492 103
192608 112
192720 120
192832 127
192944 127
193056 135
193168 143
193280 143
193392 152
193504 152
193624 152
193736 147
193848 143
193960 142
194072 135
194184 127
194296 124
194408 113
194520 103
194640 96
194752 88
194864 79
194976 71
195088 63
195200 56
195312 49
195424 46
195536 39
195656 35
195768 35
195880 35
195992 35
196104 39
196216 46
196332 49
196444 56
196556 63
196672 71
196784 79
196896 88
197012 96
197124 103
197236 113
197348 120
197460 127
197572 127
197688 135
197804 143
197916 143
198028 152
198140 152
198252 152
198364 143
198476 143
198588 135
198708 127
198820 127
198932 120
199044 112
199156 99
199268 96
199380 88
199492 71
199604 63
199724 60
199836 56
199948 48
200060 39
200172 39
200284 35
200396 35
200508 35
200620 39
200740 39
200852 48
200964 51
201076 60
201188 63
201300 71
201412 81
201528 92
201640 99
201756 108
201868 115
201980 126
202092 127
202208 135
202320 142
202432 143
202548 71
202664 63
202776 56
202888 49
203004 46
203116 39
203228 39
203340 35
203452 35
203564 35
203676 39
203788 39
203900 48
204020 56
204132 62
204244 71
204356 79
204468 88
204580 96
204692 103
204804 112
204920 120
205036 127
205148 127
205260 135
205372 143
205484 143
205600 147
205712 152
205824 152
205936 143
206052 143
206164 135
206280 127
206392 127
206504 120
206616 112
206728 103
206840 96
206952 88
207072 79
207184 67
207296 63
207408 56
207520 48
207632 46
207744 39
207856 39
207968 35
208088 35
208200 39
208312 39
208424 48
208536 51
208648 60
208760 63
208872 71
208984 79
209104 92
209216 97
209328 103
209440 115
209552 124
209664 127
209776 135
209888 142
210000 143
210120 152
210232 152
210344 152
210456 152
210568 143
210680 143
210796 135
210908 127
211020 127
211136 120
211248 112
211360 99
211476 92
211588 88
211700 76
211812 63
211924 60
212036 56
212152 48
212268 44
212380 39
212492 39
212604 35
212716 39
212828 39
212940 39
213052 48
213172 56
213284 62
213396 63
213508 78
213620 88
213732 96
213844 99
213956 112
214068 120
214188 126
214300 127
214412 135
214524 142
214636 143
214748 147
214860 152
214972 152
215084 147
215204 143
215316 142
215428 127
215540 127
215652 124
215764 113
215876 103
215992 97
216104 88
216220 79
216332 71
216444 63
216556 60
216672 49
216784 48
216896 39
217008 39
217120 35
217236 35
217352 35
217464 39
217576 46
217688 49
217800 56
217912 63
218024 71
218136 79
218248 88
218364 96
218476 103
218588 112
218700 120
218812 127
218924 127
219036 135
219148 142
219260 143
219380 147
219492 152
219604 147
219716 143
219828 143
219940 135
220052 127
220164 127
220280 120
220396 112
220508 103
220620 96
220732 88
220844 78
220956 67
221072 63
221184 56
221296 48
221412 39
221524 39
221636 39
221752 35
221864 35
221976 39
222088 39
222200 46
222312 49
222428 60
222544 63
222656 71
222768 79
222880 92
222992 97
223104 103
223216 113
223328 124
223448 127
223560 135
223672 142
223784 143
223896 143
224008 147
224120 152
224232 152
224344 143
224464 143
224576 135
224688 127
224800 126
224912 120
225024 112
225136 99
225248 92
225360 83
225480 71
225592 63
225704 60
225816 56
225928 48
226040 39
226152 39
226268 35
226380 35
226496 35
226608 39
226720 39
226832 48
226948 56
227060 62
227172 63
227284 76
227396 88
227512 96
227628 103
227740 112
227852 120
227964 127
228076 127
228188 135
228300 143
228412 143
228532 152
228644 152
228756 152
228868 147
228980 143
229092 140
229204 135
229316 127
229428 124
229548 113
229660 103
229772 96
229884 88
229996 79
230108 71
230220 63
230332 60
230444 51
230564 48
230676 39
230788 39
230900 35
231012 39
231124 39
231236 39
231348 48
