520 1023
1032 896
1552 1023
2060 1023
2580 896
3088 583
3608 248
4120 56
4636 135
5148 352
5664 636
6176 896
6692 1023
7204 1023
7720 896
8232 583
8748 248
9260 56
9780 135
10288 352
10808 636
11316 896
11836 1023
12348 1023
12864 896
13376 582
13892 248
14404 56
14920 135
15432 352
15948 636
16460 896
16976 1023
17488 1023
18004 896
18516 583
19032 252
19544 56
20060 134
20576 352
21088 632
21604 896
22116 1023
22636 1023
23144 896
23664 591
24172 255
24692 56
25204 127
25720 352
26232 632
26748 896
27260 1023
27776 1023
28288 896
28804 608
29316 255
29832 56
30344 127
30864 352
31372 624
31892 896
32400 1023
32920 1023
33432 896
33948 591
34460 255
34976 56
35488 127
36004 352
36516 624
37032 896
37544 1023
38060 1023
38572 896
39092 608
39600 255
40120 56
40628 127
41148 335
41660 624
42176 896
42688 1023
43204 1023
43716 896
44232 608
44744 255
45260 56
45772 127
46288 334
46800 624
47320 896
47828 1023
48348 1023
48856 896
49376 608
49888 255
50404 56
50916 127
51432 335
51944 624
52460 896
52972 1023
53488 1023
54000 896
54516 608
55028 255
55548 56
56056 127
56576 332
57084 609
57604 896
58116 1023
58632 1023
59144 896
59660 608
60172 271
60688 56
61200 127
61716 327
62228 608
62744 896
63256 1023
63776 1023
64284 899
64804 624
65312 273
65832 56
66344 126
66860 319
67372 608
67888 864
68400 1023
68916 1023
69428 899
69944 624
70456 275
70972 56
71484 126
72004 319
72512 608
73032 864
73540 1023
74060 1023
74572 897
75088 624
75600 280
76116 56
76628 124
77144 319
77656 608
78172 864
78684 1023
79200 1023
79712 903
80232 624
80740 287
81260 56
81768 124
82288 319
82800 608
83316 864
83828 1023
84344 1023
84856 911
85372 632
85884 287
86400 56
86912 124
87428 319
87940 608
88460 864
88968 1023
89488 1023
89996 908
90516 632
91028 287
91544 56
92056 124
92572 319
93084 591
93600 864
94112 1023
94628 1023
95140 908
95656 632
96168 287
96688 56
97196 120
97716 318
98224 608
98744 864
99256 1023
99772 1023
100284 911
100800 636
101312 295
101828 60
102340 120
102856 316
103368 583
103884 864
104396 1023
104916 1023
105424 920
105944 639
106452 304
106972 56
107484 120
108000 312
108512 582
109028 864
109540 1023
110056 1023
110568 911
111084 638
111596 304
112112 56
112624 120
113144 312
113652 575
114172 847
114680 1022
115200 1023
115712 920
116228 639
116740 304
117256 56
117768 120
118284 312
118796 575
119312 847
119824 1023
120340 1023
120852 926
121372 639
121880 312
122400 60
122908 112
123428 304
123940 575
124456 844
124968 1023
125484 1023
125996 927
126512 647
127024 316
127540 60
128052 112
128568 304
129080 575
129600 839
130108 1020
130628 1023
131136 926
131656 639
132176 575
132684 248
133204 60
133716 135
134232 352
134744 636
135260 896
135772 1023
136288 1023
136800 896
137316 575
137828 248
138344 60
138856 135
139376 352
139884 636
140404 896
140912 1023
141432 1023
141944 896
142460 582
142972 252
143488 56
144000 135
144516 352
145028 636
145544 896
146056 1023
146572 1023
147084 896
147604 588
148112 254
148632 56
149140 134
149660 352
150172 632
150688 896
151200 1023
151716 1023
152228 896
152744 583
153256 252
153772 56
154284 135
154800 352
155312 632
155832 896
156340 1023
156860 1023
157368 896
157888 583
158400 252
158916 56
159428 135
159944 352
160456 632
160972 896
161484 1023
162000 1023
162512 896
163028 591
163540 255
164060 56
164568 127
165088 352
165596 632
166116 896
166628 1023
167144 1023
167656 896
168172 608
168684 255
169200 56
169712 127
170228 352
170740 624
171256 896
171768 1023
172288 1023
172796 896
173316 591
173824 255
174344 56
174856 127
175372 352
175884 632
176400 896
176912 1023
177428 1023
177940 896
178456 591
178968 255
179484 56
179996 127
180516 352
181024 624
181544 896
182052 1023
182572 1023
183084 896
183600 608
184112 255
184628 56
185140 127
185656 352
186168 624
186684 896
187196 1023
187712 1023
188224 896
188744 608
189252 255
189772 56
190280 127
190800 352
191312 624
191828 896
192340 1023
192856 1023
193368 896
193884 608
194396 255
194912 56
195424 127
195940 352
196456 624
196968 896
197484 1023
197996 1023
198512 896
199024 608
199544 255
200052 56
200572 127
201084 335
201600 624
202112 896
202628 1023
203140 1023
203656 896
204168 608
204684 255
205196 56
205712 127
206224 332
206740 624
207252 896
207772 1023
208280 1023
208800 896
209312 608
209828 255
210340 56
210856 127
211368 332
211884 624
212396 896
212912 1023
213424 1023
213940 896
214452 608
214968 255
215480 56
216000 127
216508 334
217028 624
217540 896
218056 1023
218568 1023
219084 896
219596 608
220112 255
220624 56
221140 127
221652 327
222168 624
222680 896
223196 1023
223708 1023
224228 896
224736 608
225256 263
225768 56
226284 127
226796 327
227312 624
227824 896
228340 1023
228852 1023
229368 897
229880 624
230396 270
230908 56
231424 127
231936 327
232456 608
232964 865
233484 1023
233996 1023
234512 896
235024 609
235540 263
236052 56
236568 127
237080 327
237596 608
238108 865
238624 1023
239136 1023
239652 896
240164 624
240684 271
241192 56
241712 127
242224 319
242740 608
243252 865
243768 1023
244280 1023
244796 899
245308 624
245824 271
246336 56
246852 126
247364 319
247880 608
248392 864
248912 1023
249420 1023
249940 903
250452 624
250968 271
251480 56
251996 126
252508 319
253024 608
253536 864
254052 1023
254564 1023
255080 897
255592 624
256108 271
256620 56
257140 126
257648 319
258168 608
258680 864
259196 1023
259708 1023
260224 899
260736 624
261252 275
261764 56
262280 126
262792 319
263308 608
263836 1023
264344 1023
264864 839
265372 531
265892 192
266404 60
266920 159
267432 387
267948 671
268460 920
268976 1023
269488 1023
270004 831
270516 527
271032 192
271544 62
272064 159
272572 391
273092 671
273600 920
274120 1023
274632 1023
275148 835
275660 531
276176 193
276688 60
277204 159
277716 387
278232 671
278744 920
279260 1023
279772 1023
280292 844
280800 540
281320 199
281828 60
282348 159
282860 384
283376 671
283888 911
284404 1023
284916 1023
285432 844
285944 540
286460 195
286972 60
287488 159
288000 384
288520 671
289028 911
289548 1023
290056 1023
290576 839
291088 540
291604 195
292116 60
292632 159
293144 384
293660 671
294172 911
294688 1023
295200 1023
295716 846
296228 543
296748 199
297256 60
297776 158
298284 384
298804 670
299316 911
299832 1023
300344 1023
300860 864
301372 543
301888 224
302400 60
302916 158
303428 384
303944 664
304456 908
304976 1023
305484 1023
306004 864
306512 547
307032 224
307544 60
308060 156
308572 384
309088 664
309600 903
310116 1023
310628 1023
311144 847
311656 543
312172 224
312684 60
313204 156
313712 384
314232 664
314740 910
315260 1023
315772 1023
316288 864
316800 547
317316 224
317828 60
318344 156
318856 384
319372 655
319884 903
320400 1023
320912 1023
321432 864
321940 560
322460 224
322968 60
323488 152
324000 384
324516 655
325028 903
325544 1023
326056 1023
326572 864
327084 560
327600 224
328112 60
328628 152
329140 384
329660 655
330168 899
330688 1023
331196 1023
331716 864
332228 560
332744 224
333256 60
333772 152
334284 384
334800 654
335312 899
335828 1023
336340 1023
336856 864
337368 568
337888 224
338396 60
338916 145
339424 384
339944 647
340456 899
340972 1023
341484 1023
342000 864
342512 572
343028 224
343540 60
344056 143
344568 384
345084 639
345596 896
346116 1023
346624 1023
347144 864
347652 568
348172 224
348684 60
349200 143
349712 384
350228 639
350740 896
351256 1023
351768 1023
352284 864
352796 568
353312 224
353824 60
354344 143
354852 384
355372 639
355880 896
356400 1023
356912 1023
357428 865
357940 572
358456 240
358968 60
359484 143
359996 384
360512 639
361024 896
361540 1023
362052 1023
362572 896
363080 575
363600 240
364108 60
364628 143
365140 384
365656 639
366168 896
366684 1023
367196 1023
367712 880
368224 574
368740 240
369252 60
369768 143
370280 384
370800 639
371308 896
371828 1023
372336 1023
372856 880
373368 574
373884 240
374396 60
374912 142
375424 384
375940 639
376452 896
376968 1023
377480 1023
377996 896
378508 575
379024 248
379536 60
380052 135
380564 384
381080 638
381596 896
382108 1023
382624 1023
383136 896
383656 575
384164 248
384684 56
385192 135
385712 352
386224 636
386740 896
387252 1023
387768 1023
388280 896
388796 575
389308 248
389824 60
390336 135
390852 352
391364 636
391884 896
392392 1023
392912 1023
393420 896
393940 575
394452 248
394968 56
395488 718
396000 960
396516 1023
397028 1016
397544 799
398056 481
398572 152
399084 63
399604 192
400112 448
400632 711
401140 960
401660 1023
402172 1020
402688 803
403200 496
403716 156
404228 63
404744 192
405256 448
405772 711
406284 960
406800 1023
407312 1016
407832 799
408340 481
408860 152
409368 63
409888 192
410400 448
410916 711
411428 960
411944 1023
412456 1016
412972 799
413484 480
414000 152
414512 63
415028 192
415540 448
416060 711
416568 960
417088 1023
417596 1016
418116 799
418628 496
419144 156
419656 63
420172 192
420684 448
421200 711
421712 960
422228 1023
422740 1020
423256 816
423772 496
424284 159
424800 63
425312 192
425828 448
426340 707
426860 960
427368 1023
427888 1016
428400 807
428916 496
429428 158
429944 63
430456 192
430972 448
431484 705
432000 960
432512 1023
433028 1016
433540 799
434056 496
434568 159
435088 63
435596 192
436116 448
436628 705
437144 960
437656 1023
438172 1020
438684 816
439200 496
439712 159
440228 63
440740 192
441256 419
441768 704
442288 960
442796 1023
443316 1020
443824 816
444344 496
444856 159
445372 63
445884 192
446400 419
446912 704
447428 944
447940 1023
448456 1020
448968 816
449484 496
449996 159
450512 63
451024 192
451544 419
452052 704
452572 944
453084 1023
453600 1016
454112 816
454628 496
455140 159
455656 63
456168 192
456684 419
457196 704
457712 944
458224 1023
458740 1020
459252 824
459772 504
460280 163
460800 63
461312 192
461828 415
462340 704
462856 944
463368 1023
463884 1022
464396 824
464912 504
465424 166
465940 63
466452 192
466968 415
467480 704
468000 935
468508 1023
469028 1020
469540 816
470056 504
470568 163
471084 63
471596 192
472112 415
472624 704
473140 935
473652 1023
474168 1020
474680 824
475196 504
475708 167
476228 63
476736 192
477256 415
477768 704
478284 935
478796 1023
479312 1022
479824 828
480340 508
480852 192
481368 63
481880 192
482396 415
482908 704
483424 934
483936 1023
484456 1022
484964 828
485484 508
485996 192
486512 63
487024 192
487540 415
488052 704
488568 931
489080 1023
489596 1020
490108 824
490624 508
491136 176
491652 63
492164 192
492684 415
493192 704
493712 931
494224 1023
494740 1020
495252 824
495768 508
496280 192
496796 63
497308 192
497824 414
498336 704
498852 931
499364 1023
499880 1022
500392 828
500912 510
501420 192
501940 63
502452 192
502968 412
503480 704
503996 927
504508 1023
505024 1023
505536 830
506052 511
506564 192
507080 63
507592 192
508108 412
508620 704
509140 927
509648 1023
510168 1022
510680 824
511196 510
511708 192
512224 63
512736 192
513252 412
513764 704
514280 927
514792 1023
515308 1022
515820 828
516336 511
516848 192
517368 63
517876 192
518396 408
518908 704
519424 927
519936 1023
520452 1023
520964 831
521480 513
521992 192
522508 62
523020 176
523536 408
524048 704
524564 927
525076 1023
525596 1023
526104 831
526624 513
527140 71
527652 96
528168 255
528680 515
529196 798
529708 1008
530224 1023
530736 963
531252 711
531764 384
532280 76
532792 96
533312 254
533820 513
534340 796
534852 992
535368 1023
535880 963
536396 711
536908 384
537424 71
537936 96
538452 254
538964 513
539480 796
539992 992
540508 1023
541020 960
541540 707
542048 384
542568 76
543080 96
543596 254
544108 513
544624 796
545136 992
545652 1023
546164 963
546680 711
547192 384
547708 79
548220 96
548736 252
549248 512
549768 796
550276 992
550796 1023
551308 967
551824 736
552336 384
552852 79
553364 96
553880 252
554392 511
554908 792
555420 992
555936 1023
556448 963
556968 711
557476 384
557996 78
558508 96
559024 252
559536 512
560052 792
560564 992
561080 1023
561592 960
562108 711
562624 384
563136 79
563652 96
564164 252
564680 512
565192 792
565712 992
566220 1023
566740 963
567252 736
567768 384
568280 96
568796 96
569308 252
569824 512
570336 792
570852 992
571364 1023
571880 967
572392 736
572908 384
573420 96
573940 96
574448 248
574968 511
575480 783
575996 992
576508 1023
577024 963
577536 736
578052 384
578564 79
579080 96
579592 252
580108 511
580620 783
581136 992
581648 1023
582168 961
582676 736
583196 384
583708 96
584224 96
584736 248
585252 511
585764 783
586280 992
586792 1023
587308 967
587820 736
588336 391
588848 96
589364 96
589876 248
590396 510
590904 783
591424 992
591936 1023
592452 972
592964 768
593480 391
593992 96
594508 96
595020 248
595536 510
596048 782
596564 992
597076 1023
597596 967
598104 736
598624 387
599136 96
599652 96
600164 248
600680 510
601192 783
601708 992
602220 1023
602736 967
603248 736
603764 387
604276 96
604792 96
605304 248
605824 508
606332 782
606852 992
607364 1023
607880 967
608392 768
608908 391
609420 96
609936 96
610448 248
610964 508
611476 782
611992 992
612504 1023
613020 974
613532 768
614052 391
614560 96
615080 96
615592 248
616108 508
616620 775
617136 992
617648 1023
618164 967
618676 768
619192 391
619704 96
620220 96
620732 248
621248 508
621760 775
622280 992
622788 1023
623308 967
623820 768
624336 391
624848 96
625364 96
625876 240
626392 504
626904 775
627420 992
627932 1023
628448 992
628960 768
629476 399
629988 96
630508 96
631016 240
631536 504
632048 775
632564 992
633076 1023
633592 992
634104 768
634620 399
635132 96
635648 96
636160 240
636676 504
637188 775
637704 992
638216 1023
638736 967
639244 768
639764 398
640276 96
640792 96
641304 240
641820 504
642332 775
642848 992
643360 1023
643876 972
644388 768
644904 399
645416 96
645932 96
646444 240
646964 504
647472 775
647992 992
648504 1023
649020 992
649532 768
650048 408
650560 96
651076 96
651588 240
652104 504
652616 771
653132 992
653644 1023
654160 992
654672 768
655192 408
655700 96
656220 96
656732 240
657248 496
657760 769
658276 992
658792 1023
659300 1023
659820 831
660332 527
660848 192
661360 62
661876 159
662388 391
662904 679
663416 924
663932 1023
664444 1023
664960 839
665472 527
665988 192
666500 62
667020 159
667528 391
668048 675
668560 920
669076 1023
669588 1023
670104 831
670616 527
671132 192
671644 62
672160 163
672672 391
673188 679
673700 920
674220 1023
674728 1023
675248 831
675760 527
676276 192
676788 62
677304 159
677816 391
678332 675
678844 920
679360 1023
679872 1023
680388 839
680900 529
681416 193
681928 60
682448 159
682956 391
683476 671
683988 924
684504 1023
685016 1023
685532 839
686044 536
686560 193
687072 60
687588 159
688100 387
688616 671
689128 920
689644 1023
690156 1023
690676 839
691184 527
691704 192
692216 60
692732 159
693244 387
693760 671
694272 920
694788 1023
695300 1023
695816 839
696328 536
696844 195
697356 60
697872 159
698384 387
698904 671
699412 913
699932 1023
700444 1023
700960 846
701472 542
701988 199
702500 60
703016 159
703528 384
704044 671
704556 911
705072 1023
705584 1023
706100 847
706612 542
707132 199
707640 60
708160 159
708672 384
709188 671
709700 911
710216 1023
710728 1023
711244 839
711756 540
712272 195
712784 60
713300 159
713812 385
714328 671
714840 911
715360 1023
715868 1023
716388 844
716900 540
717416 199
717928 60
718444 159
718956 384
719472 671
719984 911
720500 1023
721012 1023
721528 847
722040 543
722556 199
723068 60
723588 159
724096 384
724616 670
725128 911
725644 1023
726156 1023
726672 864
727184 543
727700 199
728212 60
728728 159
729240 384
729756 670
730268 911
730784 1023
731296 1023
731816 844
732324 542
732844 199
733356 60
733872 159
734384 384
734900 670
735412 911
735928 1023
736440 1023
736956 847
737468 543
737984 204
738496 60
739012 158
739524 384
740044 668
740552 911
741072 1023
741584 1023
742100 864
742612 547
743128 224
743640 60
744156 156
744668 384
745184 664
745696 908
746212 1023
746724 1023
747240 864
747752 547
748272 224
748780 60
749300 158
749812 384
750328 664
750840 905
751356 1023
751868 1023
752384 847
752896 543
753412 206
753924 60
754440 158
754952 384
755472 668
755980 910
756500 1023
757008 1023
757528 864
758040 543
758556 224
759068 60
759584 156
760096 384
760612 664
761124 910
761640 1023
762156 1023
762668 864
763184 547
763696 224
764212 60
764724 156
765244 384
765752 659
766272 908
766784 1023
767300 1023
767812 864
768328 543
768840 224
769356 60
769868 156
770384 384
770896 655
771412 903
771924 1023
772440 1023
772952 864
773472 543
773980 224
774500 60
775012 156
775528 384
776040 655
776556 908
777068 1023
777584 1023
778096 864
778612 551
779124 224
779640 60
780152 152
780668 384
781180 655
781700 903
782208 1023
782728 1023
783240 864
783756 560
784268 224
784784 60
785296 152
785812 384
786324 655
786840 903
787352 1023
787868 1023
788380 864
788896 551
789408 224
789928 60
790448 384
790960 655
791476 910
791988 1023
792504 1023
793016 864
793532 547
794044 224
794560 60
795072 156
795588 384
796100 655
796620 903
797128 1023
797648 1023
798156 864
798676 543
799188 224
799704 60
800216 156
800732 384
801244 664
801760 910
802272 1023
802788 1023
803300 864
803816 543
804328 224
804848 60
805356 156
805876 384
806384 655
806904 908
807416 1023
807932 1023
808444 864
808960 560
809472 224
809988 60
810500 152
811016 384
811528 655
812044 903
812556 1023
813076 1023
813584 864
814104 550
814612 224
815132 60
815644 152
816160 384
816672 655
817188 903
817700 1023
818216 1023
818728 864
819244 543
819756 224
820276 60
820784 152
821304 384
821812 655
822332 903
822844 1023
823360 1023
823872 864
824388 551
824900 224
825416 60
825928 152
826444 384
826956 655
827472 903
827984 1023
828504 1023
829012 864
829532 560
830040 224
830560 60
831072 152
831588 384
832100 654
832616 903
833128 1023
833644 1023
834156 864
834672 560
835184 224
835700 60
836212 152
836732 384
837240 655
837760 903
838268 1023
838788 1023
839300 864
839816 551
840328 224
840844 60
841356 152
841872 384
842384 654
842900 903
843412 1023
843928 1023
844440 864
844960 560
845468 224
845988 60
846496 147
847016 384
847528 652
848044 903
848556 1023
849072 1023
849584 864
850100 568
850612 224
851128 60
851640 143
852156 384
852668 647
853188 899
853696 1023
854216 1023
854724 864
855244 560
855756 224
856272 60
856784 147
857300 384
857812 647
858328 899
858840 1023
859356 1023
859868 864
860384 560
860896 224
861416 60
861924 143
862444 384
862952 647
863472 899
863984 1023
864500 1023
865012 864
865528 568
866040 224
866556 60
867068 143
867584 384
868096 639
868612 899
869124 1023
869644 1023
870152 865
870672 568
871180 225
871700 60
872212 143
872728 384
873240 647
873756 897
874268 1023
874784 1023
875300 864
875812 568
876328 224
876840 60
877360 145
877868 384
878388 647
878896 896
879416 1023
879928 1023
880444 864
880956 568
881472 224
881984 60
882500 143
883012 384
883528 647
884040 897
884556 1023
885068 1023
885588 864
886096 572
886616 224
887124 60
887644 143
888156 384
888672 639
889184 897
889700 1023
890212 1023
890728 865
891240 572
891756 224
892268 60
892784 143
893296 384
893816 639
894324 896
894844 1023
895352 1023
895872 864
896384 568
896900 224
897412 60
897928 143
898440 384
898956 639
899468 896
899984 1023
900496 1023
901012 864
901524 572
902044 240
902552 60
903072 143
903580 384
904100 639
904612 896
905128 1023
905640 1023
906156 896
906668 575
907184 240
907696 60
908212 143
908724 384
909240 639
909752 896
910272 1023
910780 1023
911300 896
911808 574
912328 240
912840 60
913356 143
913868 384
914384 639
914896 896
915412 1023
915924 1023
916440 865
916952 572
917468 240
917980 60
918500 143
919008 384
919528 639
920036 896
920556 1023
921068 1023
921584 865
922100 792
922620 480
923128 135
923648 63
924160 195
924676 448
925188 768
925704 960
926216 1023
926732 1008
927244 783
927760 463
928272 131
928788 67
929300 195
929820 448
930328 768
930848 960
931356 1023
931876 1008
932388 783
932904 460
933416 135
933932 67
934444 195
934960 448
935472 768
935988 960
936500 1023
937016 1008
937528 792
938048 480
938556 135
939076 67
939584 195
940104 448
940616 768
941132 960
941644 1023
942160 1016
942672 796
943188 480
943700 135
944216 63
944728 193
945244 448
945756 736
946276 960
946784 1023
947304 1008
947812 792
948332 480
948844 135
949360 67
949872 195
950388 448
950900 736
951416 960
951928 1023
952444 1008
952956 783
953472 480
953984 135
954504 63
955012 193
955532 448
956040 736
956560 960
957072 1023
957588 1008
958100 796
958616 480
959128 142
959644 63
960156 193
960672 448
961184 736
961704 960
962212 1023
962732 1016
963240 798
963760 480
964272 142
964788 63
965300 193
965816 448
966328 736
966844 960
967360 1023
967872 1008
968388 792
968900 480
969420 135
969928 63
970448 195
970956 448
971476 736
971988 960
972504 1023
973016 1008
973532 785
974044 480
974560 135
975072 63
975588 195
976100 448
976616 736
977128 960
977648 1023
978156 1016
978676 796
979184 480
979704 142
980216 63
980732 193
981244 448
981760 736
982272 960
982788 1023
983300 1016
983816 798
984328 480
984844 142
985356 63
985876 193
986384 448
986904 736
987412 960
987932 1023
988444 1008
988960 792
989472 480
989988 135
990500 63
991016 195
991528 448
992044 736
992556 960
993072 1023
993584 1008
994104 792
994612 480
995132 140
995640 63
996160 192
996672 448
997188 736
997700 960
998216 1023
998728 1016
999244 798
999756 480
1000272 143
1000784 63
1001300 192
1001812 448
1002332 736
1002840 960
1003360 1023
1003868 1016
1004388 798
1004900 480
1005416 143
1005928 63
1006444 193
1006956 448
1007472 736
1007984 960
1008500 1023
1009012 1008
1009528 796
1010040 480
1010560 142
1011068 63
1011588 192
1012096 448
1012616 736
1013128 960
1013644 1023
1014156 1008
1014672 796
1015184 480
1015700 143
1016212 63
1016728 192
1017240 448
1017756 736
1018268 960
1018788 1023
1019296 1016
1019816 798
1020324 480
1020844 143
1021356 63
1021872 192
1022384 448
1022900 736
1023412 960
1023928 1023
1024440 1016
1024956 799
1025468 480
1025984 143
1026496 63
1027016 192
1027524 448
1028044 736
1028552 960
1029072 1023
1029584 1016
1030100 798
1030612 480
1031128 143
1031640 63
1032156 192
1032668 448
1033184 736
1033696 960
1034212 1023
1034724 1016
1035244 798
1035752 480
1036272 143
1036780 63
1037300 192
1037812 448
1038328 736
1038840 960
1039356 1023
1039868 1016
1040384 799
1040896 480
1041412 152
1041924 63
1042440 192
1042952 448
1043472 736
1043980 960
1044500 1023
1045008 1016
1045528 799
1046040 480
1046556 145
1047068 63
1047584 192
1048096 448
1048612 716
1049124 960
1049640 1023
1050152 1016
1050668 799
1051180 480
1051700 143
1052208 63
1052728 192
1053236 448
1053748 568
1054268 831
1054776 1020
1055296 1023
1055808 931
1056324 664
1056836 319
1057352 62
1057864 112
1058380 287
1058892 568
1059408 831
1059920 1020
1060436 1023
1060948 935
1061468 668
1061976 319
1062496 60
1063004 112
1063524 287
1064036 568
1064552 831
1065064 1020
1065580 1023
1066092 927
1066608 657
1067120 319
1067636 60
1068148 112
1068664 287
1069176 568
1069696 831
1070204 1016
1070724 1023
1071232 927
1071752 657
1072264 319
1072780 62
1073292 112
1073808 287
1074320 568
1074836 831
1075348 1020
1075864 1023
1076376 935
1076896 670
1077404 327
1077924 62
1078432 112
1078952 287
1079464 560
1079980 831
1080492 1016
1081008 1023
1081520 944
1082036 670
1082548 327
1083064 62
1083576 112
1084092 287
1084604 560
1085124 830
1085632 1016
1086152 1023
1086660 935
1087180 670
1087692 327
1088208 62
1088720 112
1089236 287
1089748 560
1090264 830
1090776 1016
1091292 1023
1091804 935
1092320 670
1092832 327
1093352 62
1093860 112
1094380 287
1094888 560
1095408 831
1095920 1016
1096436 1023
1096948 944
1097464 671
1097976 335
1098492 62
1099004 112
1099520 286
1100032 560
1100548 830
1101060 1016
1101580 1023
1102088 960
1102608 671
1103116 335
1103636 62
1104148 112
1104664 284
1105176 560
1105692 828
1106204 1016
1106720 1023
1107232 935
1107748 670
1108260 327
1108776 62
1109288 112
1109808 286
1110316 551
1110836 828
1111344 1016
1111864 1023
1112376 935
1112892 671
1113404 335
1113920 62
1114432 112
1114948 284
1115460 551
1115976 828
1116488 1016
1117004 1023
1117516 960
1118036 675
1118544 352
1119064 63
1119572 97
1120092 280
1120604 547
1121120 828
1121632 1016
1122148 1023
1122660 960
1123176 675
1123688 352
1124204 62
1124716 97
1125232 280
1125744 543
1126264 824
1126772 1016
1127292 1023
1127800 944
1128320 671
1128832 352
1129348 62
1129860 112
1130376 284
1130888 547
1131404 828
1131916 1016
1132432 1023
1132944 960
1133460 671
1133972 352
1134492 63
1135000 112
1135520 280
1136028 543
1136548 828
1137060 1016
1137576 1023
1138088 960
1138604 679
1139116 352
1139632 63
1140144 97
1140660 271
1141172 543
1141688 824
1142204 1016
1142716 1023
1143232 960
1143744 688
1144260 352
1144772 63
1145292 97
1145800 275
1146320 543
1146832 824
1147348 1016
1147860 1023
1148376 944
1148888 671
1149404 352
1149916 62
1150432 112
1150944 280
1151460 547
1151972 824
1152488 1016
1153000 1023
1153520 960
1154028 675
1154548 352
1155060 63
1155576 97
1156088 271
1156604 543
1157116 824
1157632 1016
1158144 1023
1158660 960
1159172 704
1159688 352
1160200 63
1160716 97
1161228 271
1161748 543
1162256 824
1162776 1016
1163288 1023
1163804 960
1164316 704
1164832 352
1165344 63
1165860 97
1166372 271
1166888 543
1167400 824
1167916 1008
1168428 1023
1168944 960
1169456 688
1169976 352
1170484 63
1171004 97
1171516 271
1172032 543
1172544 824
1173060 1016
1173572 1023
1174088 960
1174600 704
1175116 352
1175628 63
1176144 96
1176656 271
1177172 543
1177684 824
1178204 1016
1178712 1023
1179232 960
1179744 704
1180260 352
1180772 63
1181288 96
1181800 270
1182316 543
1182828 816
1183344 1008
1183856 1023
1184372 960
1184884 704
1185408 511
1185920 192
1186440 63
1186948 192
1187468 408
1187976 704
1188496 927
1189008 1023
1189524 1022
1190036 830
1190552 512
1191064 192
1191580 62
1192092 128
1192608 408
1193120 704
1193636 927
1194148 1023
1194668 1023
1195176 831
1195696 515
1196204 192
1196724 62
1197236 167
1197752 399
1198264 704
1198780 927
1199292 1023
1199808 1023
1200320 831
1200836 513
1201348 192
1201864 62
1202376 176
1202896 408
1203404 704
1203924 927
1204432 1023
1204952 1022
1205464 828
1205980 511
1206492 192
1207008 62
1207520 192
1208036 408
1208548 704
1209064 927
1209576 1023
1210096 1023
1210604 831
1211124 513
1211632 192
1212152 62
1212664 167
1213180 399
1213692 704
1214208 927
1214720 1023
1215236 1023
1215748 831
1216264 519
1216776 192
1217292 62
1217804 166
1218324 399
1218832 704
1219352 927
1219860 1023
1220380 1023
1220892 831
1221408 515
1221920 192
1222436 62
1222948 167
1223464 399
1223976 704
1224492 926
1225004 1023
1225520 1022
1226032 830
1226552 513
1227060 192
1227580 62
1228088 167
1228608 399
1229120 704
1229636 927
1230152 1023
1230664 1023
1231180 831
1231692 519
1232208 192
1232720 62
1233240 167
1233748 399
1234268 704
1234780 927
1235296 1023
1235808 1023
1236324 831
1236836 519
1237352 192
1237864 62
1238380 167
1238892 399
1239408 704
1239920 926
1240436 1023
1240948 1023
1241468 831
1241976 519
1242496 192
1243008 62
1243524 167
1244036 399
1244552 704
1245064 926
1245580 1023
1246092 1023
1246608 830
1247120 518
1247636 192
1248148 62
1248664 167
1249176 399
1249696 704
1250208 926
1250724 1023
1251236 1023
1251752 831
1252264 519
1252780 192
1253292 62
1253808 163
1254320 396
1254836 704
1255348 926
1255864 1023
1256376 1023
1256896 831
1257404 527
1257924 192
1258436 62
1258952 163
1259464 391
1259980 679
1260492 924
1261008 1023
1261520 1023
1262036 831
1262548 524
1263064 192
1263576 62
1264092 163
1264604 396
1265124 688
1265632 924
1266152 1023
1266664 1023
1267180 831
1267692 524
1268208 192
1268720 62
1269236 163
1269748 396
1270264 679
1270776 924
1271292 1023
1271804 1023
1272320 831
1272832 527
1273352 192
1273860 62
1274380 159
1274892 391
1275408 679
1275920 924
1276436 1023
1276948 1023
1277464 839
1277976 527
1278492 192
1279004 62
1279520 163
1280032 391
1280548 679
1281060 924
1281580 1023
1282088 1023
1282608 831
1283120 524
1283636 192
1284148 62
1284664 163
1285176 396
1285692 679
1286204 924
1286720 1023
1287232 1023
1287748 831
1288260 526
1288776 192
1289288 62
1289808 163
1290316 391
1290836 678
1291348 924
1291864 1023
1292376 1023
1292892 838
1293404 527
1293920 192
1294432 60
1294948 159
1295460 391
1295976 675
1296488 924
1297004 1023
1297516 1023
1298036 839
1298544 531
1299064 192
1299576 60
1300092 159
1300604 387
1301120 671
1301632 920
1302148 1023
1302660 1023
1303176 831
1303688 527
1304204 192
1304716 60
1305232 159
1305744 391
1306264 675
1306772 920
1307292 1023
1307804 1023
1308320 831
1308832 527
1309348 192
1309860 60
1310376 159
1310888 391
1311404 675
1311916 920
1312432 1023
1312944 1023
1313460 839
1313972 536
1314492 193
1315000 60
1315520 159
1316032 387
1316548 671
1317068 636
1317584 896
1318096 1023
1318612 1023
1319124 896
1319640 579
1320152 248
1320668 56
1321180 135
1321696 352
1322208 636
1322724 896
1323236 1023
1323756 1023
1324264 896
1324784 579
1325296 252
1325812 56
1326324 135
1326840 352
1327352 632
1327868 896
1328380 1023
1328896 1023
1329408 896
1329924 588
1330436 252
1330956 56
1331464 134
1331984 352
1332496 632
1333012 896
1333524 1023
1334040 1023
1334552 896
1335068 588
1335580 254
1336096 56
1336608 127
1337124 352
1337636 632
1338152 896
1338664 1023
1339184 1023
1339692 896
1340212 583
1340724 252
1341240 56
1341752 135
1342268 352
1342780 632
1343296 896
1343808 1023
1344324 1023
1344836 896
1345352 583
1345864 252
1346380 60
1346892 127
1347412 352
1347920 632
1348440 896
1348952 1023
1349468 1023
1349980 896
1350496 591
1351008 255
1351524 56
1352036 127
1352552 352
1353064 632
1353580 896
1354092 1023
1354608 1023
1355120 896
1355640 591
1356148 254
1356668 56
1357180 131
1357696 352
1358208 632
1358724 896
1359236 1023
1359752 1023
1360264 896
1360780 583
1361292 254
1361808 56
1362320 127
1362836 352
1363348 632
1363868 896
1364376 1023
1364896 1023
1365408 896
1365924 591
1366436 255
1366952 56
1367464 127
1367980 352
1368492 632
1369008 896
1369520 1023
1370036 1023
1370548 896
1371064 608
1371576 255
1372096 56
1372604 127
1373124 352
1373636 624
1374152 896
1374664 1023
1375180 1023
1375692 896
1376208 608
1376720 255
1377236 56
1377748 127
1378264 352
1378776 624
1379292 896
1379804 1023
1380324 1023
1380832 896
1381352 591
1381864 255
1382380 56
1382892 127
1383408 352
1383920 624
1384436 896
1384948 1023
1385464 1023
1385976 896
1386492 591
1387004 255
1387520 56
1388032 127
1388552 352
1389060 624
1389580 896
1390092 1023
1390608 1023
1391120 896
1391636 608
1392148 255
1392664 56
1393176 127
1393692 352
1394208 624
1394720 896
1395236 1023
1395748 1023
1396264 896
1396776 608
1397296 255
1397804 56
1398324 127
1398836 352
1399352 624
1399864 896
1400380 1023
1400892 1023
1401408 896
1401920 608
1402436 255
1402948 56
1403464 127
1403976 352
1404492 624
1405004 896
1405524 1023
1406032 1023
1406552 896
1407064 608
1407580 255
1408092 56
1408608 127
1409120 352
1409636 624
1410148 896
1410664 1023
1411176 1023
1411692 896
1412204 608
1412720 255
1413232 56
1413752 127
1414260 334
1414780 624
1415292 896
1415808 1023
1416320 1023
1416836 896
1417348 608
1417864 255
1418376 56
1418892 127
1419404 335
1419920 624
1420432 896
1420952 1023
1421460 1023
1421980 896
1422492 608
1423008 255
1423520 56
1424036 127
1424548 352
1425064 624
1425576 896
1426092 1023
1426604 1023
1427120 896
1427632 608
1428148 255
1428660 56
1429180 127
1429688 335
1430208 624
1430720 896
1431236 1023
1431748 1023
1432264 896
1432776 608
1433292 255
1433804 56
1434320 127
1434832 327
1435348 624
1435860 896
1436376 1023
1436888 1023
1437408 896
1437916 608
1438436 255
1438948 56
1439464 127
1439976 327
1440492 624
1441004 896
1441520 1023
1442032 1023
1442548 896
1443060 608
1443576 255
1444088 56
1444604 127
1445116 334
1445636 624
1446144 896
1446664 1023
1447176 1023
1447692 896
1448204 608
1448720 96
1449240 255
1449748 529
1450268 807
1450780 1008
1451296 1023
1451808 960
1452324 704
1452836 384
1453352 67
1453864 96
1454380 255
1454892 527
1455408 806
1455920 1008
1456436 1023
1456948 960
1457468 704
1457976 384
1458496 67
1459008 96
1459524 255
1460036 527
1460552 799
1461064 1008
1461580 1023
1462092 960
1462608 704
1463120 384
1463636 63
1464148 96
1464664 255
1465176 527
1465696 803
1466204 1008
1466724 1023
1467236 960
1467752 704
1468264 384
1468780 67
1469292 96
1469808 255
1470320 527
1470836 803
1471348 1008
1471864 1023
1472376 960
1472892 704
1473404 384
1473924 67
1474432 96
1474952 255
1475464 527
1475980 803
1476492 1008
1477008 1023
1477520 960
1478036 704
1478548 384
1479064 67
1479576 96
1480092 255
1480604 527
1481120 799
1481632 1008
1482152 1023
1482660 960
1483180 704
1483692 384
1484208 63
1484720 96
1485236 255
1485748 527
1486264 799
1486776 1008
1487292 1023
1487804 960
1488320 704
1488832 384
1489352 67
1489860 96
1490380 255
1490892 527
1491408 799
1491920 1008
1492436 1023
1492948 960
1493464 704
1493976 384
1494492 71
1495004 96
1495520 255
1496032 526
1496548 799
1497060 1008
1497580 1023
1498088 960
1498608 704
1499120 384
1499636 70
1500148 96
1500664 255
1501176 526
1501692 799
1502204 1008
1502720 1023
1503232 960
1503748 704
1504260 384
1504776 67
1505288 96
1505808 255
1506316 527
1506836 799
1507348 1008
1507864 1023
1508376 960
1508892 704
1509404 384
1509920 67
1510432 96
1510948 255
1511460 527
1511976 799
1512488 1008
1513004 1023
1513516 960
1514036 704
1514544 384
1515064 71
1515576 96
1516092 255
1516604 524
1517120 799
1517632 1008
1518148 1023
1518660 960
1519176 704
1519688 384
1520204 67
1520716 96
1521232 255
1521744 524
1522264 799
1522772 1008
1523292 1023
1523804 960
1524320 704
1524832 384
1525348 67
1525860 96
1526376 255
1526888 527
1527404 799
1527916 1008
1528432 1023
1528944 960
1529460 704
1529972 384
1530488 71
1531004 96
1531516 255
1532036 527
1532544 799
1533064 1008
1533572 1023
1534092 960
1534604 705
1535120 384
1535632 71
1536148 96
1536660 255
1537176 524
1537688 799
1538204 1008
1538716 1023
1539232 960
1539744 705
1540264 384
1540772 71
1541292 96
1541800 255
1542320 526
1542832 799
1543348 993
1543860 1023
1544376 960
1544888 704
1545404 384
1545916 71
1546432 96
1546944 255
1547460 527
1547972 799
1548492 1008
1549000 1023
1549520 960
1550028 704
1550548 384
1551060 71
1551576 96
1552088 255
1552604 524
1553116 799
1553632 1008
1554144 1023
1554660 960
1555172 707
1555688 384
1556200 71
1556720 96
1557228 255
1557748 519
1558256 799
1558776 1008
1559288 1023
1559804 960
1560316 705
1560832 384
1561344 71
1561860 96
1562372 255
1562888 524
1563400 799
1563916 1008
1564428 1023
1564948 960
1565456 704
1565976 384
1566484 71
1567004 96
1567516 255
1568032 526
1568544 799
1569060 1008
1569572 1023
1570088 960
1570600 705
1571116 384
1571628 71
1572144 96
1572656 255
1573176 519
1573684 798
1574204 1008
1574712 1023
1575232 961
1575744 711
1576260 384
1576772 71
1577288 96
1577800 255
1578316 519
1578828 798
1579344 993
1579856 1023
1580376 783
1580892 455
1581404 127
1581920 67
1582432 199
1582948 449
1583460 768
1583976 960
1584488 1023
1585004 1008
1585516 780
1586036 455
1586544 127
1587064 67
1587576 199
1588092 449
1588604 768
1589120 960
1589632 1023
1590148 1008
1590660 783
1591176 460
1591688 134
1592204 67
1592716 198
1593232 448
1593744 768
1594264 960
1594772 1023
1595292 1008
1595804 785
1596320 480
1596832 135
1597348 67
1597860 195
1598376 448
1598888 768
1599404 960
1599916 1023
1600432 1008
1600944 783
1601460 460
1601972 127
1602492 67
1603000 199
1603520 448
1604032 768
1604548 960
1605060 1023
1605576 1008
1606088 783
1606604 459
1607116 135
1607632 67
1608144 195
1608660 448
1609172 768
1609688 960
1610200 1023
1610720 1008
1611228 792
1611748 480
1612260 135
1612776 63
1613288 193
1613804 448
1614316 736
1614832 960
1615344 1023
1615860 1016
1616372 796
1616888 480
1617400 135
1617916 63
1618428 193
1618948 448
1619456 736
1619976 960
1620488 1023
1621004 1008
1621516 785
1622032 480
1622544 135
1623060 63
1623572 195
1624088 448
1624600 768
1625116 960
1625628 1023
1626144 1008
1626656 783
1627176 480
1627684 140
1628204 63
1628716 195
1629232 448
1629744 736
1630260 960
1630772 1023
1631288 1008
1631800 792
1632316 480
1632828 143
1633344 63
1633856 192
1634372 448
1634884 736
1635400 960
1635916 1023
1636428 1016
1636944 796
1637456 480
1637976 140
1638484 63
1639004 192
1639512 448
1640032 736
1640544 960
1641060 1023
1641572 1008
1642088 792
1642600 480
1643116 135
1643628 63
1644144 193
1644656 448
1645172 736
1645684 960
1646204 1023
1646712 1008
1647232 792
1647740 480
1648260 140
1648772 63
1649288 192
1649800 448
1650316 736
1650828 960
1651344 1023
1651856 1016
1652372 798
1652884 480
1653400 143
1653912 63
1654432 193
1654940 448
1655460 736
1655968 960
1656488 1023
1657000 1016
1657516 798
1658028 480
1658544 143
1659056 63
1659572 192
1660084 448
1660600 736
1661112 960
1661628 1023
1662140 1008
1662660 792
1663168 480
1663688 135
1664196 63
1664716 192
1665228 448
1665744 736
1666256 960
1666772 1023
1667284 1008
1667800 796
1668312 480
1668828 143
1669340 63
1669856 192
1670368 448
1670888 736
1671396 960
1671916 1023
1672424 1016
1672944 798
1673456 480
1673972 143
1674484 63
1675000 192
1675512 448
1676028 736
1676540 960
1677056 1023
1677568 1016
1678088 799
1678596 480
1679116 143
1679624 63
1680144 192
1680656 448
1681172 736
1681684 960
1682200 1023
1682712 1016
1683228 798
1683740 480
1684256 143
1684768 63
1685284 192
1685796 448
1686316 736
1686824 960
1687344 1023
1687852 1008
1688372 798
1688884 480
1689400 143
1689912 63
1690428 192
1690940 448
1691456 718
1691968 960
1692484 1023
1692996 1016
1693512 799
1694024 481
1694544 152
1695052 63
1695572 192
1696080 448
1696600 711
1697112 960
1697628 1023
1698140 1016
1698656 799
1699168 480
1699684 152
1700196 63
1700712 192
1701224 448
1701740 711
1702252 960
1702772 1023
1703280 1016
1703800 798
1704308 480
1704828 143
1705340 63
1705856 192
1706368 448
1706884 718
1707396 960
1707912 1023
1708424 1016
1708940 799
1709452 480
1709968 147
1710480 63
1711000 192
1711508 448
1712024 192
1712540 448
1713052 718
1713572 960
1714080 1023
1714600 1016
1715108 799
1715628 480
1716140 152
1716656 63
1717168 192
1717684 448
1718196 711
1718712 960
1719224 1023
1719740 1016
1720252 799
1720768 480
1721280 145
1721800 63
1722308 192
1722828 448
1723336 711
1723856 960
1724368 1023
1724884 1008
1725396 798
1725912 480
1726424 143
1726940 63
1727452 192
1727968 448
1728480 736
1728996 960
1729508 1023
1730028 1016
1730536 799
1731056 480
1731564 147
1732084 63
1732596 192
1733112 448
1733624 718
1734140 960
1734652 1023
1735168 1016
1735680 799
1736196 480
1736708 152
1737224 63
1737736 192
1738256 448
1738764 711
1739284 960
1739792 1023
1740312 1016
1740824 799
1741340 480
1741852 152
1742368 63
1742880 192
1743396 448
1743908 711
1744424 960
1744936 1023
1745456 1008
1745964 799
1746484 480
1746992 143
1747512 63
1748024 192
1748540 448
1749052 736
1749568 960
1750080 1023
1750596 1016
1751112 799
1751624 480
1752140 145
1752652 63
1753172 192
1753680 448
1754200 718
1754708 960
1755228 1023
1755740 1016
1756256 799
1756768 481
1757284 152
1757796 63
1758312 192
1758824 448
1759340 716
1759852 960
1760368 1023
1760880 1016
1761400 799
1761908 480
1762428 143
1762936 63
1763456 192
1763968 448
1764484 716
1764996 960
1765512 1023
1766024 1016
1766540 796
1767052 480
1767568 143
1768080 63
1768596 192
1769108 448
1769628 736
1770136 960
1770656 1023
1771164 1016
1771684 799
1772196 480
1772712 152
1773224 63
1773740 192
1774252 448
1774768 716
1775280 960
1775796 1023
1776308 1016
1776824 799
1777336 480
1777856 152
1778364 63
1778884 192
1779392 448
1779912 715
1780424 960
1780940 1023
1781452 1016
1781968 799
1782480 480
1782996 152
1783508 63
1784024 192
1784536 448
1785052 711
1785564 960
1786084 1023
1786592 1016
1787112 799
1787620 480
1788140 147
1788652 63
1789168 192
1789680 448
1790196 718
1790708 960
1791224 1023
1791736 1016
1792252 799
1792764 480
1793280 152
1793792 63
1794312 192
1794820 448
1795340 711
1795848 960
1796368 1023
1796880 1020
1797396 803
1797908 496
1798424 156
1798936 63
1799452 192
1799964 448
1800480 711
1800992 960
1801508 1023
1802020 1016
1802540 799
1803048 481
1803568 152
1804076 63
1804596 192
1805108 448
1805624 711
1806136 960
1806652 1023
1807164 1016
1807680 799
1808192 480
1808708 152
1809220 63
1809736 192
1810248 448
1810768 711
1811276 960
1811796 1023
1812304 1016
1812824 799
1813336 496
1813852 156
1814364 63
1814880 192
1815392 448
1815908 711
1816420 960
1816936 1023
1817448 1020
1817964 803
1818476 496
1818996 156
1819504 63
1820024 192
1820532 448
1821052 711
1821564 960
1822080 1023
1822592 1016
1823108 799
1823620 496
1824136 152
1824648 63
1825164 192
1825676 448
1826192 711
1826704 960
1827224 1023
1827732 1016
1828252 799
1828760 496
1829280 156
1829792 63
1830308 192
1830820 448
1831336 711
1831848 960
1832364 1023
1832876 1016
1833392 803
1833904 496
1834420 158
1834932 63
1835452 192
1835960 448
1836480 711
1836988 960
1837508 1023
1838020 1020
1838536 807
1839048 496
1839564 158
1840076 63
1840592 192
1841104 432
1841620 707
1842132 960
1842648 1023
1843160 1016
1843672 671
1844188 332
1844700 62
1845216 112
1845728 284
1846248 560
1846756 830
1847276 1016
1847784 1023
1848304 944
1848816 671
1849332 327
1849844 62
1850360 112
1850872 284
1851388 560
1851900 828
1852416 1016
1852928 1023
1853444 934
1853956 670
1854476 327
1854984 62
1855504 112
1856012 286
1856532 560
1857044 830
1857560 1016
1858072 1023
1858588 935
1859100 671
1859616 327
1860128 62
1860644 112
1861156 286
1861672 560
1862184 830
1862704 1020
1863212 1023
1863732 944
1864240 671
1864760 332
1865272 62
1865788 112
1866300 286
1866816 560
1867328 830
1867844 1016
1868356 1023
1868872 944
1869384 671
1869900 327
1870412 62
1870932 112
1871440 286
1871960 560
1872468 830
1872988 1016
1873500 1023
1874016 931
1874528 670
1875044 326
1875556 62
1876072 112
1876584 286
1877100 560
1877612 830
1878128 1016
1878640 1023
1879160 935
1879668 671
1880188 327
1880696 62
1881216 112
1881728 284
1882244 560
1882756 830
1883272 1016
1883784 1023
1884300 896
1884812 671
1885328 332
1885840 62
1886356 112
1886868 284
1887388 560
1887896 830
1888416 1016
1888924 1023
1889444 944
1889956 671
1890472 327
1890984 62
1891500 112
1892012 286
1892528 560
1893040 828
1893556 1016
1894068 1023
1894584 931
1895096 670
1895616 327
1896124 62
1896644 112
1897152 286
1897672 560
1898184 830
1898700 1016
1899212 1023
1899728 944
1900240 671
1900756 332
1901268 62
1901784 112
1902296 284
1902812 560
1903324 830
1903844 1020
1904352 1023
1904872 960
1905380 671
1905900 334
1906412 62
1906928 112
1907440 284
1907956 560
1908468 828
1908984 1016
1909496 1023
1910012 935
1910524 671
1911040 327
1911552 62
1912072 112
1912580 286
1913100 560
1913608 828
1914128 1016
1914640 1023
1915156 931
1915668 670
1916184 327
1916696 62
1917212 112
1917724 286
1918240 560
1918752 830
1919268 1016
1919780 1023
1920300 944
1920808 671
1921328 332
1921836 62
1922356 112
1922868 284
1923384 560
1923896 830
1924412 1020
1924924 1023
1925440 960
1925952 671
1926468 334
1926980 62
1927496 112
1928008 284
1928528 560
1929036 828
1929556 1016
1930064 1023
1930584 935
1931096 671
1931612 327
1932124 62
1932640 112
1933152 286
1933668 560
1934180 828
1934696 1016
1935208 1023
1935724 931
1936236 671
1936756 327
1937264 62
1937784 112
1938292 284
1938812 560
1939324 828
1939840 1016
1940352 1023
1940868 944
1941380 671
1941896 335
1942408 62
1942924 112
1943436 284
1943952 560
1944464 830
1944984 1020
1945492 1023
1946012 960
1946520 671
1947040 335
1947552 62
1948068 112
1948580 284
1949096 560
1949608 828
1950124 1016
1950636 1023
1951152 935
1951664 671
1952180 327
1952692 60
1953212 112
1953720 286
1954240 560
1954748 828
1955268 1016
1955780 1023
1956296 931
1956808 668
1957324 327
1957836 62
1958352 112
1958868 286
1959380 560
1959896 830
1960408 1016
1960928 1023
1961436 944
1961956 671
1962464 335
1962984 62
1963496 112
1964012 284
1964524 551
1965040 830
1965552 1016
1966068 1023
1966580 960
1967096 671
1967608 335
1968124 62
1968636 112
1969156 286
1969664 551
1970184 828
1970692 1016
1971212 1023
1971724 944
1972240 671
1972752 332
1973268 62
1973780 112
1974296 286
1974808 560
1975328 960
1975844 1023
1976356 1008
1976872 796
1977384 480
1977900 143
1978412 63
1978932 192
1979440 448
1979960 736
1980468 960
1980988 1023
1981500 1016
1982016 798
1982528 480
1983044 143
1983556 63
1984072 192
1984584 448
1985100 736
1985612 960
1986128 1023
1986640 1016
1987160 798
1987668 480
1988188 143
1988696 63
1989216 192
1989728 448
1990244 736
1990756 960
1991272 1023
1991784 1008
1992300 796
1992812 480
1993328 142
1993840 63
1994360 192
1994868 448
1995388 736
1995896 960
1996416 1023
1996928 1008
1997444 796
1997956 480
1998472 143
1998984 63
1999500 192
2000012 448
2000528 736
2001040 960
2001556 1023
2002068 1016
2002588 799
2003096 480
2003616 145
2004124 63
2004644 192
2005156 448
2005672 704
2006184 960
2006700 1023
2007212 1016
2007728 799
2008240 480
2008756 143
2009268 63
2009784 192
2010296 448
2010816 736
2011324 960
2011844 1023
2012352 1008
2012872 796
2013384 480
2013900 140
2014412 63
2014928 193
2015440 448
2015956 736
2016468 960
2016984 1023
2017496 1016
2018012 796
2018524 480
2019044 143
2019552 63
2020072 192
2020580 448
2021100 736
2021612 960
2022128 1023
2022640 1016
2023156 799
2023668 480
2024184 143
2024696 63
2025212 192
2025724 448
2026240 736
2026752 960
2027272 1023
2027780 1016
2028300 799
2028808 480
2029328 143
2029840 63
2030356 192
2030868 448
2031384 736
2031896 960
2032412 1023
2032924 1008
2033440 796
2033952 480
2034468 143
2034980 63
2035500 192
2036008 448
2036528 736
2037036 960
2037556 1023
2038068 1016
2038584 798
2039096 480
2039612 143
2040124 63
2040640 192
2041152 448
2041668 736
2042180 960
2042696 1023
2043212 1016
2043724 799
2044240 480
2044752 152
2045268 63
2045780 192
2046300 448
2046808 711
2047328 960
2047840 1023
2048356 1016
2048868 799
2049384 480
2049896 143
2050412 63
2050924 192
2051440 448
2051952 718
2052468 960
2052980 1023
2053496 1008
2054008 796
2054528 480
2055036 143
2055556 63
2056068 192
2056584 448
2057096 736
2057612 960
2058124 1023
2058640 1016
2059152 799
2059668 480
2060180 147
2060696 63
2061208 192
2061724 448
2062236 718
2062756 960
2063264 1023
2063784 1016
2064296 799
2064812 480
2065324 152
2065840 63
2066352 192
2066868 448
2067380 716
2067896 960
2068408 1023
2068924 1016
2069436 799
2069952 480
2070464 143
2070984 63
2071492 192
2072012 448
2072524 716
2073040 960
2073552 1023
2074068 1008
2074580 798
2075096 480
2075608 143
2076124 63
2076636 192
2077152 448
2077664 718
2078180 960
2078692 1023
2079212 1016
2079720 799
2080240 480
2080752 152
2081268 63
2081780 192
2082296 448
2082808 716
2083324 960
2083836 1023
2084352 1016
2084864 799
2085380 480
2085892 152
2086408 63
2086920 192
2087440 448
2087948 711
2088468 960
2088980 1023
2089496 1016
2090008 799
2090524 480
2091036 143
2091552 63
2092064 192
2092580 448
2093092 716
2093608 960
2094120 1023
2094636 1008
2095148 799
2095668 480
2096176 152
2096696 63
2097208 192
2097724 448
2098236 711
2098752 960
2099264 1023
2099780 1016
2100292 799
2100808 480
2101320 152
2101836 63
2102348 192
2102864 448
2103376 711
2103896 960
2104404 1023
2104924 1016
2105436 799
2105952 480
2106464 156
2106980 783
2107500 992
2108008 1023
2108528 967
2109040 736
2109556 385
2110068 96
2110584 96
2111096 248
2111612 510
2112124 783
2112640 992
2113152 1023
2113668 967
2114180 736
2114700 385
2115208 96
2115728 96
2116236 248
2116756 510
2117268 783
2117784 992
2118296 1023
2118812 963
2119324 736
2119840 384
2120352 96
2120868 96
2121380 248
2121896 511
2122408 783
2122928 992
2123436 1023
2123956 967
2124464 736
2124984 384
2125496 96
2126012 96
2126524 248
2127040 511
2127552 783
2128068 992
2128580 1023
2129096 967
2129608 736
2130124 387
2130636 96
2131156 96
2131664 248
2132184 510
2132692 783
2133212 992
2133724 1023
2134240 967
2134752 736
2135268 384
2135780 96
2136296 96
2136808 248
2137324 512
2137836 783
2138356 992
2138864 1023
2139384 961
2139892 718
2140412 384
2140924 79
2141440 96
2141952 252
2142468 512
2142980 783
2143496 992
2144008 1023
2144524 963
2145036 736
2145552 384
2146064 96
2146584 96
2147092 248
2147612 511
2148120 783
2148640 992
2149152 1023
2149668 967
2150180 736
2150696 387
2151208 96
2151724 96
2152236 248
2152752 510
2153264 783
2153780 992
2154292 1023
2154812 967
2155320 736
2155840 384
2156348 96
2156868 96
2157380 248
2157896 511
2158408 783
2158924 992
2159436 1023
2159952 963
2160464 736
2160980 384
2161492 96
2162008 96
2162520 248
2163040 512
2163548 783
2164068 992
2164576 1023
2165096 967
2165608 736
2166124 387
2166636 96
2167152 96
2167664 248
2168180 511
2168692 783
2169208 992
2169720 1023
2170236 969
2170748 768
2171268 387
2171776 96
2172296 96
2172804 248
2173324 510
2173836 783
2174352 992
2174864 1023
2175380 967
2175892 736
2176408 384
2176920 79
2177436 96
2177948 248
2178464 511
2178976 783
2179496 992
2180004 1023
2180524 961
2181032 736
2181552 384
2182064 96
2182580 96
2183092 248
2183608 511
2184120 783
2184636 992
2185148 1023
2185664 967
2186176 736
2186692 385
2187204 96
2187724 96
2188232 248
2188752 511
2189260 783
2189780 992
2190292 1023
2190808 967
2191320 736
2191836 387
2192348 96
2192864 96
2193376 248
2193892 510
2194404 783
2194920 992
2195432 1023
2195952 967
2196460 736
2196980 384
2197488 96
2198008 96
2198520 248
2199036 511
2199548 783
2200064 992
2200576 1023
2201092 963
2201604 736
2202120 384
2202632 96
2203148 96
2203660 248
2204180 511
2204688 783
2205208 992
2205716 1023
2206236 967
2206748 736
2207264 387
2207776 96
2208292 96
2208804 248
2209320 510
2209832 783
2210348 992
2210860 1023
2211376 972
2211888 768
2212408 387
2212916 96
2213436 96
2213944 248
2214464 510
2214976 783
2215492 992
2216004 1023
2216520 967
2217032 736
2217548 384
2218064 79
2218576 96
2219092 252
2219604 511
2220124 783
2220632 992
2221152 1023
2221660 963
2222180 716
2222692 384
2223208 96
2223720 96
2224236 252
2224748 511
2225264 783
2225776 992
2226292 1023
2226804 967
2227320 736
2227832 387
2228352 96
2228860 96
2229380 248
2229888 510
2230408 787
2230920 992
2231436 1023
2231948 967
2232464 736
2232976 387
2233492 96
2234004 96
2234520 248
2235032 510
2235548 783
2236060 992
2236580 1023
2237088 967
2237608 736
2238116 385
2238636 1023
2239148 903
2239664 624
2240176 271
2240692 56
2241204 126
2241720 327
2242232 608
2242748 880
2243260 1023
2243776 1023
2244288 896
2244808 608
2245316 271
2245836 56
2246348 127
2246864 327
2247376 608
2247892 880
2248404 1023
2248920 1023
2249432 896
2249948 608
2250460 271
2250976 56
2251488 126
2252004 327
2252516 608
2253036 880
2253544 1023
2254064 1023
2254576 899
2255092 624
2255604 271
2256120 56
2256632 126
2257148 323
2257660 608
2258176 880
2258688 1023
2259204 1023
2259716 903
2260232 624
2260744 271
2261264 56
2261772 126
2262292 327
2262804 608
2263320 880
2263832 1023
2264348 1023
2264860 896
2265376 608
2265888 271
2266404 56
2266916 127
2267432 327
2267944 608
2268460 768
2268972 1023
2269492 1023
2270000 896
2270520 608
2271032 271
2271548 56
2272060 127
2272576 327
2273088 608
2273604 896
2274116 1023
2274632 1023
2275144 899
2275660 624
2276172 271
2276688 56
2277200 126
2277720 327
2278228 608
2278748 896
2279260 1023
2279776 1023
2280288 899
2280804 624
2281316 271
2281832 56
2282344 127
2282860 327
2283372 608
2283888 896
2284400 1023
2284920 1023
2285428 896
2285948 608
2286460 268
2286976 56
2287488 127
2288004 327
2288516 608
2289032 896
2289544 1023
2290060 1023
2290572 896
2291088 608
2291600 270
2292116 56
2292628 127
2293148 327
2293656 608
2294176 896
2294688 1023
2295204 1023
2295716 897
2296232 609
2296744 271
2297260 56
2297772 126
2298288 327
2298800 608
2299316 896
2299828 1023
2300344 1023
2300856 899
2301376 609
2301884 271
2302404 56
2302916 127
2303432 327
2303944 608
2304460 768
2304972 1023
2305488 1023
2306000 896
2306516 608
2307028 263
2307544 56
2308056 127
2308572 327
2309084 608
2309604 896
2310112 1023
2310632 1023
2311144 896
2311660 608
2312172 270
2312688 56
2313200 127
2313716 327
2314228 608
2314744 896
2315256 1023
2315772 1023
2316284 899
2316800 609
2317312 271
2317832 56
2318340 127
2318860 327
2319372 608
2319888 896
2320400 1023
2320916 1023
2321428 897
2321944 608
2322456 268
2322972 56
2323484 127
2324000 327
2324512 608
2325028 896
2325540 1023
2326060 1023
2326568 896
2327088 608
2327600 255
2328116 56
2328628 127
2329144 334
2329656 624
2330172 896
2330688 1023
2331200 1023
2331716 896
2332228 608
2332744 255
2333256 56
2333776 127
2334284 327
2334804 624
2335316 896
2335832 1023
2336344 1023
2336860 896
2337372 609
2337888 268
2338400 56
2338916 127
2339428 327
2339944 624
2340456 896
2340972 1023
2341484 1023
2342004 896
2342512 608
2343032 263
2343544 56
2344060 127
2344572 327
2345088 624
2345600 768
2346116 1023
2346628 1023
2347144 896
2347656 608
2348172 255
2348684 56
2349200 127
2349712 332
2350232 624
2350740 896
2351260 1023
2351772 1023
2352288 896
2352800 608
2353316 255
2353828 56
2354344 127
2354856 327
2355372 624
2355884 896
2356400 1023
2356912 1023
2357428 896
2357940 608
2358460 263
2358968 56
2359488 127
2360000 327
2360516 624
2361028 896
2361544 1023
2362056 1023
2362572 896
2363084 608
2363600 255
2364112 56
2364628 127
2365140 332
2365656 624
2366168 896
2366688 1023
2367196 1023
2367716 896
2368228 608
2368744 255
2369256 56
2369772 127
2370288 839
2370800 1020
2371320 1023
2371828 924
2372348 639
2372860 312
2373376 60
2373888 112
2374404 304
2374916 575
2375432 839
2375944 1022
2376460 1023
2376972 926
2377488 639
2378000 316
2378516 60
2379028 112
2379548 304
2380056 575
2380576 839
2381088 1022
2381604 1023
2382116 927
2382632 652
2383144 318
2383660 60
2384172 112
2384688 304
2385200 575
2385716 839
2386228 1022
2386744 1023
2387256 927
2387776 647
2388284 316
2388804 60
2389316 112
2389832 304
2390344 575
2390860 839
2391372 1022
2391888 1023
2392400 924
2392916 639
2393428 312
2393944 60
2394456 120
2394972 304
2395484 575
2396004 846
2396512 1023
2397032 1023
2397544 926
2398060 639
2398572 312
2399088 60
2399600 112
2400116 304
2400628 575
2401144 846
2401656 1023
2402172 1023
2402684 927
2403200 647
2403712 316
2404232 60
2404740 112
2405260 304
2405772 575
2406288 839
2406800 1022
2407316 1023
2407828 926
2408344 639
2408856 312
2409372 60
2409884 120
2410400 304
2410912 575
2411428 844
2411940 1022
2412460 1023
2412968 920
2413488 639
2414000 312
2414516 60
2415028 120
2415544 304
2416056 575
2416572 846
2417084 1023
2417600 1023
2418112 926
2418628 639
2419140 316
2419656 60
2420168 112
2420688 304
2421196 575
2421716 846
2422228 1023
2422744 1023
2423256 927
2423772 647
2424284 316
2424800 60
2425312 112
2425828 304
2426340 575
2426856 846
2427368 1023
2427884 1023
2428396 924
2428916 639
2429424 312
2429944 60
2430456 120
2430972 312
2431484 575
2432000 844
2432512 1022
2433028 1023
2433540 920
2434056 639
2434568 312
2435084 60
2435596 120
2436112 312
2436624 575
2437144 847
2437652 1023
2438172 1023
2438684 926
2439200 639
2439712 312
2440228 60
2440740 112
2441256 304
2441768 575
2442284 846
2442796 1023
2443312 1023
2443824 927
2444340 639
2444852 312
2445372 60
2445880 112
2446400 304
2446912 575
2447428 844
2447940 1022
2448456 1023
2448968 924
2449484 639
2449996 312
2450512 56
2451024 120
2451540 312
2452052 575
2452568 847
2453080 1022
2453600 1023
2454108 920
2454628 639
2455140 312
2455656 60
2456168 120
2456684 312
2457196 575
2457712 847
2458224 1023
2458740 1023
2459252 926
2459768 639
2460280 312
2460796 60
2461308 112
2461828 304
2462336 575
2462856 847
2463368 1023
2463884 1023
2464396 927
2464912 639
2465424 312
2465940 60
2466452 120
2466968 312
2467480 575
2467996 847
2468508 1023
2469024 1023
2469536 924
2470056 639
2470564 304
2471084 56
2471596 120
2472112 312
2472624 575
2473140 847
2473652 1022
2474168 1023
2474680 920
2475196 639
2475708 304
2476224 60
2476736 120
2477252 312
2477764 575
2478284 847
2478792 1023
2479312 1023
2479824 924
2480340 639
2480852 312
2481368 60
2481880 120
2482396 312
2482912 579
2483424 847
2483940 1023
2484452 1023
2484968 924
2485480 639
2486000 304
2486508 60
2487028 120
2487540 312
2488056 575
2488568 846
2489084 1023
2489596 1023
2490112 920
2490624 639
2491140 304
2491652 60
2492168 120
2492680 312
2493196 583
2493708 847
2494228 1023
2494736 1023
2495256 911
2495768 639
2496284 304
2496796 60
2497312 120
2497824 312
2498340 583
2498852 847
2499368 1023
2499880 1023
2500396 924
2500908 639
2501428 304
2501948 448
2502464 716
2502976 960
2503496 1023
2504004 1016
2504524 798
2505036 480
2505552 143
2506064 63
2506580 192
2507092 448
2507608 736
2508120 960
2508636 1023
2509148 1016
2509664 799
2510176 480
2510692 152
2511204 63
2511724 192
2512232 448
2512752 736
2513264 960
2513780 1023
2514292 1016
2514808 799
2515320 496
2515836 152
2516348 63
2516864 192
2517376 448
2517892 711
2518404 960
2518920 1023
2519432 1016
2519952 799
2520460 480
2520980 143
2521492 63
2522008 192
2522520 448
2523036 716
2523548 960
2524064 1023
2524576 1016
2525092 798
2525604 480
2526120 143
2526632 63
2527148 192
2527660 448
2528180 736
2528688 960
2529208 1023
2529720 1016
2530236 799
2530748 480
2531264 155
2531776 63
2532292 192
2532804 448
2533320 718
2533832 960
2534348 1023
2534860 1016
2535376 799
2535888 480
2536408 152
2536916 63
2537436 192
2537948 448
2538464 736
2538976 960
2539492 1023
2540004 1016
2540520 799
2541032 480
2541548 143
2542060 63
2542576 192
2543088 448
2543604 718
2544116 960
2544636 1023
2545144 1008
2545664 796
2546176 480
2546692 143
2547204 63
2547720 192
2548232 448
2548748 736
2549260 960
2549776 1023
2550288 1016
2550804 799
2551316 480
2551832 143
2552344 63
2552864 192
2553372 448
2553892 718
2554404 960
2554920 1023
2555432 1016
2555948 799
2556460 480
2556976 147
2557488 63
2558004 192
2558516 448
2559032 718
2559544 960
2560060 1023
2560572 1016
2561092 799
2561600 480
2562120 143
2562632 63
2563148 192
2563660 448
2564176 736
2564688 960
2565204 1023
2565716 1008
2566232 796
2566744 480
2567260 143
2567772 63
2568288 192
2568800 448
2569320 736
2569828 960
2570348 1023
2570860 1016
2571376 799
2571888 480
2572404 143
2572916 63
2573432 192
2573944 448
2574460 736
2574972 960
2575488 1023
2576000 1016
2576516 799
2577028 480
2577548 143
2578056 63
2578576 192
2579088 448
2579604 736
2580116 960
2580632 1023
2581144 1016
2581660 798
2582172 480
2582688 143
2583200 63
2583716 192
2584228 448
2584744 736
2585256 960
2585776 1023
2586284 1008
2586804 796
2587316 480
2587832 143
2588344 63
2588860 192
2589372 448
2589888 736
2590400 960
2590916 1023
2591428 1016
2591944 799
2592456 480
2592972 147
2593484 63
2594004 192
2594512 448
2595032 736
2595544 960
2596060 1023
2596572 1016
2597088 799
2597600 480
2598116 143
2598628 67
2599144 192
2599656 448
2600172 718
2600684 960
2601200 1023
2601712 1016
2602232 798
2602740 480
2603260 143
2603772 63
2604288 192
2604800 448
2605316 736
2605828 960
2606344 1023
2606856 1016
2607372 798
2607884 480
2608400 143
2608912 63
2609428 192
2609944 448
2610456 736
2610972 960
2611484 1023
2612004 1016
2612512 799
2613032 480
2613540 152
2614060 63
2614572 192
2615088 448
2615600 718
2616116 960
2616628 1023
2617144 1016
2617656 799
2618172 480
2618684 143
2619200 63
2619712 192
2620232 448
2620740 718
2621260 960
2621768 1023
2622288 1008
2622800 798
2623316 480
2623828 143
2624344 63
2624856 192
2625372 448
2625884 718
2626400 960
2626912 1023
2627428 1008
2627940 798
2628460 480
2628968 143
2629488 63
2629996 192
2630516 448
2631028 736
2631544 960
2632056 1023
2632572 1016
2633084 799
