520 608
1032 216
1548 159
2060 92
2576 24
3088 15
3604 48
4116 103
4632 163
5144 211
5660 231
6172 216
6688 163
7196 96
7716 24
8224 15
8744 46
9252 99
9768 159
10280 207
10796 231
11308 216
11824 167
12336 96
12852 28
13364 14
13880 39
14392 96
14908 159
15420 207
15936 231
16448 220
16964 167
17472 99
17992 30
18500 14
19020 39
19528 96
20048 156
20556 207
21072 231
21580 224
22096 176
22608 103
23124 31
23632 12
24152 35
24668 92
25180 152
25696 204
26204 231
26724 224
27232 177
27752 110
28260 35
28776 12
29288 35
29804 88
30316 152
30832 199
31344 227
31860 224
32372 184
32888 112
33400 39
33916 7
34428 31
34944 88
35456 143
35972 199
36480 227
37000 224
37508 184
38028 115
38536 39
39056 7
39564 31
40080 79
40592 143
41108 195
41620 227
42136 224
42648 192
43164 120
43676 48
44192 7
44704 31
45220 79
45732 135
46248 193
46760 227
47276 225
47788 192
48304 126
48812 49
49332 7
49840 28
50360 71
50868 135
51384 192
51896 225
52412 225
52924 192
53440 127
53952 56
54468 7
54980 28
55496 71
56008 127
56524 192
57036 224
57552 227
58064 193
58580 127
59088 56
59608 7
60116 25
60636 71
61144 127
61660 192
62172 224
62688 227
63200 195
63716 135
64228 62
64744 7
65256 24
65772 63
66284 127
66800 184
67312 224
67828 231
68340 199
68856 135
69364 63
69884 7
70392 24
70912 63
71420 124
71940 184
72448 224
72964 227
73476 199
73992 143
74504 63
75020 7
75532 24
76048 63
76560 124
77076 184
77588 224
78104 231
78616 199
79132 143
79644 71
80160 12
80672 19
81188 60
81696 120
82216 177
82724 220
83244 231
83752 207
84268 152
84780 78
85296 14
85808 17
86324 56
86836 113
87352 176
87864 217
88380 231
88892 207
89408 152
89920 79
90436 15
90948 15
91464 56
91972 112
92492 172
93000 216
93520 231
94028 207
94544 156
95056 83
95572 15
96084 15
96600 51
97112 110
97628 167
98140 216
98656 231
99168 211
99684 159
100196 88
100712 17
101224 15
101740 48
102248 103
102768 167
103276 216
103796 231
104304 216
104824 159
105332 92
105848 24
106360 15
106876 48
107388 99
107904 159
108416 207
108932 231
109444 216
109960 167
110472 96
110988 24
111500 15
112016 44
112528 97
113044 159
113556 207
114072 231
114580 216
115100 167
115608 97
116128 28
116636 14
117152 39
117664 96
118180 159
118692 207
119208 231
119720 220
120236 172
120748 103
121264 31
121776 14
122292 39
122804 96
123320 156
123832 206
124348 231
124856 224
125376 176
125884 108
126404 31
126912 12
127428 35
127940 88
128456 152
128968 199
129484 227
129996 224
130512 179
131024 112
131540 35
132056 220
132572 231
133084 207
133600 152
134112 79
134628 15
135140 15
135656 56
136168 112
136684 174
137196 216
137712 231
138224 207
138740 156
139252 83
139768 15
140276 15
140796 51
141304 110
141824 167
142332 216
142848 231
143360 211
143876 159
144388 88
144904 15
145416 15
145932 49
146444 103
146960 167
147472 216
147988 231
148500 216
149016 159
149528 88
150044 19
150552 15
151072 48
151580 103
152100 163
152608 211
153124 231
153636 216
154152 163
154664 96
155180 24
155692 14
156208 46
156720 99
157236 159
157748 207
158264 231
158776 216
159292 167
159804 97
160320 24
160828 14
161348 39
161856 96
162376 159
162884 207
163404 231
163912 220
164428 167
164940 99
165456 28
165968 14
166484 39
166996 96
167512 158
168024 207
168540 231
169052 220
169568 174
170080 103
170596 31
171108 14
171624 39
172136 92
172652 156
173160 206
173680 231
174188 224
174708 176
175216 103
175732 31
176244 12
176760 35
177272 88
177788 152
178300 199
178816 231
179328 224
179844 177
180356 112
180872 35
181384 12
181900 35
182412 88
182928 152
183436 199
183956 227
184464 224
184984 184
185492 112
186008 39
186520 7
187036 31
187548 83
188064 143
188576 199
189092 227
189604 224
190120 184
190632 120
191148 39
191660 7
192176 31
192688 79
193204 143
193712 195
194232 227
194740 225
195260 192
195768 120
196288 48
196796 7
197312 31
197824 79
198340 140
198852 193
199368 227
199880 225
200396 192
200904 126
201420 49
201928 7
202444 30
202956 76
203472 135
203980 192
204500 225
205016 225
205528 192
206044 127
206552 56
207072 7
207580 28
208100 71
208608 127
209124 192
209636 224
210152 227
210664 193
211180 127
211692 56
212208 7
212720 24
213236 71
213748 127
214264 192
214776 224
215292 227
215804 195
216320 135
216828 62
217348 7
217856 24
218376 63
218884 127
219404 188
219912 224
220428 227
220940 199
221456 135
221968 63
222484 7
222996 24
223512 63
224024 126
224540 184
225052 224
225568 227
226080 199
226596 140
227108 63
227624 7
228136 24
228652 63
229160 124
229680 184
230188 224
230708 231
231216 199
231732 143
232244 71
232760 7
233272 24
233788 60
234300 120
234816 179
235328 224
235844 231
236356 206
236872 147
237384 71
237900 12
238412 19
238928 60
239436 120
239956 176
240464 220
240984 231
241492 207
242008 152
242520 78
243036 14
243548 17
244064 56
244576 113
245092 176
245604 216
246120 231
246632 207
247148 152
247660 79
248176 15
248688 15
249204 56
249712 112
250232 174
250740 216
251260 231
251768 207
252288 156
252796 83
253312 15
253824 15
254340 51
254852 110
255368 167
255880 216
256396 231
256908 216
257424 159
257936 88
258452 17
258964 15
259480 48
259992 103
260508 167
261020 216
261536 231
262044 216
262564 159
263072 92
263592 193
264104 225
264620 225
265128 192
265648 127
266156 51
266676 7
267184 28
267700 71
268212 135
268728 192
269240 225
269756 227
270268 193
270784 127
271296 56
271812 7
272324 28
272840 71
273352 127
273868 192
274380 224
274896 227
275404 195
275924 127
276432 60
276952 7
277460 24
277980 67
278488 127
279004 192
279516 224
280032 227
280544 195
281060 135
281572 62
282088 7
282600 24
283116 63
283628 127
284144 188
284656 224
285172 227
285684 199
286200 135
286712 63
287228 7
287736 24
288256 63
288764 124
289284 184
289792 224
290308 231
290820 199
291336 143
291848 63
292364 7
292876 24
293392 62
293904 121
294420 184
294932 224
295448 231
295960 199
296476 143
296988 71
297504 7
298012 19
298532 60
299040 120
299560 177
300068 220
300584 231
301096 206
301612 145
302124 71
302640 12
303152 19
303668 60
304180 120
304696 176
305208 220
305724 231
306236 207
306752 152
307264 79
307780 15
308288 17
308808 56
309316 112
309836 176
310344 220
310864 231
311372 207
311888 156
312400 79
312916 15
313428 15
313944 56
314456 112
314972 167
315484 216
316000 231
316512 207
317028 158
317540 83
318056 15
318568 15
319084 51
319596 108
320112 167
320620 216
321140 231
321648 211
322168 159
322676 88
323196 17
323704 15
324220 48
324732 103
325248 167
325760 216
326276 231
326788 216
327304 159
327816 92
328332 24
328844 15
329360 48
329872 103
330388 163
330896 211
331416 231
331924 216
332444 163
332952 96
333468 24
333980 15
334496 46
335008 99
335524 159
336036 207
336552 231
337064 216
337580 167
338092 96
338608 24
339120 14
339636 39
340148 96
340664 159
341172 207
341692 231
342200 220
342720 167
343228 99
343748 28
344256 14
344772 39
345284 96
345800 158
346312 207
346828 231
347340 224
347856 176
348368 103
348884 31
349396 12
349912 39
350424 92
350940 156
351452 206
351968 231
352480 224
352996 176
353504 103
354024 31
354532 12
355052 35
355560 88
356076 152
356588 199
357104 227
357616 224
358132 177
358644 112
359160 35
359672 7
360188 35
360700 88
361216 152
361728 199
362244 227
362756 224
363272 184
363780 112
364300 39
364808 7
365328 31
365836 83
366356 143
366864 199
367380 227
367892 224
368408 184
368920 120
369436 39
369948 7
370464 31
370976 79
371492 143
372004 195
372520 227
373032 224
373548 188
374056 120
374576 48
375084 7
375604 31
376112 79
376632 142
377140 195
377656 225
378168 225
378684 192
379196 124
379712 48
380224 7
380740 30
381252 78
381768 135
382280 192
382796 225
383308 225
383824 192
384336 127
384852 51
385364 7
385880 28
386388 71
386908 135
387416 192
387936 225
388444 227
388960 192
389472 127
389988 56
390500 7
391016 28
391528 71
392044 127
392556 192
393072 224
393584 227
394100 195
394612 127
395128 188
395644 224
396152 227
396672 199
397180 135
397700 63
398208 7
398724 24
399236 63
399752 126
400264 184
400780 224
401292 227
401808 199
402320 142
402836 63
403348 7
403864 24
404376 63
404892 124
405404 184
405920 224
406432 227
406948 199
407456 143
407976 67
408484 7
409004 24
409512 62
410028 120
410540 179
411056 224
411568 231
412084 206
412596 147
413112 71
413624 12
414140 19
414652 60
415168 120
415680 176
416196 220
416708 231
417224 207
417732 152
418252 78
418760 14
419280 17
419788 56
420304 113
420816 176
421332 216
421844 231
422360 207
422872 156
423388 79
423900 15
424416 15
424928 56
425444 112
425956 167
426472 216
426984 231
427500 207
428008 156
428528 81
429036 15
429556 15
430064 51
430584 112
431092 167
431608 216
432120 231
432636 216
433148 159
433664 88
434176 17
434692 15
435204 48
435720 103
436232 167
436748 216
437260 231
437776 216
438288 159
438804 92
439316 24
439832 15
440340 48
440860 103
441368 163
441888 211
442396 231
442912 216
443424 163
443940 94
444452 24
444968 15
445480 46
445996 99
446508 159
447024 207
447536 231
448052 216
448564 167
449080 96
449592 28
450108 14
450616 39
451136 97
451644 159
452164 207
452672 231
453188 220
453700 167
454216 99
454728 30
455244 14
455756 39
456272 96
456784 158
457300 207
457812 231
458328 224
458840 176
459356 103
459868 31
460384 14
460892 39
461412 92
461920 156
462440 206
462948 231
463468 224
463976 176
464492 103
465004 31
465520 12
466032 35
466548 92
467060 152
467576 199
468088 231
468604 224
469116 177
469632 110
470144 35
470660 12
471172 35
471688 88
472200 152
472716 199
473224 231
473744 224
474252 184
474772 112
475280 39
475796 7
476308 31
476824 88
477336 143
477852 199
478364 227
478880 224
479388 184
479904 120
480416 39
480932 7
481440 31
481960 79
482476 143
482988 195
483504 227
484012 224
484532 184
485040 120
485560 46
486068 7
486584 31
487096 79
487612 142
488124 195
488640 227
489152 224
489668 192
490180 124
490696 48
491208 7
491724 30
492236 78
492752 135
493264 193
493780 227
494288 225
494808 192
495316 127
495836 51
496344 7
496864 28
497372 71
497888 135
498400 192
498916 225
499428 227
499944 192
500456 127
500972 56
501484 7
502000 28
502512 71
503028 127
503540 192
504056 224
504568 227
505084 193
505596 127
506112 56
506620 7
507140 24
507648 71
508168 127
508676 192
509192 224
509704 227
510220 195
510732 135
511248 62
511760 7
512276 24
512788 63
513304 127
513816 188
514332 224
514844 231
515360 199
515872 135
516388 63
516896 7
517416 24
517924 63
518444 126
518952 184
519468 224
519980 231
520496 199
521008 143
521524 63
522036 7
522552 24
523064 63
523580 124
524092 184
524608 224
525120 231
525636 199
526148 143
526668 35
527184 92
527696 152
528212 199
528724 231
529240 224
529752 179
530268 112
530780 35
531296 7
531808 33
532324 88
532832 152
533352 199
533860 227
534380 224
534888 184
535408 112
535916 39
536432 7
536944 31
537460 88
537972 143
538488 199
539000 227
539516 224
540028 184
540544 113
541056 39
541572 7
542084 31
542600 81
543112 143
543628 199
544140 227
544656 224
545164 185
545684 120
546192 48
546712 7
547220 31
547736 79
548248 142
548764 195
549276 227
549792 225
550304 192
550820 124
551332 48
551848 7
552360 30
552876 78
553388 135
553904 193
554416 225
554932 225
555440 192
555960 126
556468 51
556988 7
557496 28
558012 71
558524 135
559040 192
559552 225
560068 225
560580 192
561096 127
561608 56
562124 7
562636 28
563152 71
563664 127
564180 192
564692 224
565208 227
565716 193
566236 127
566752 56
567260 7
567780 25
568288 71
568808 127
569316 192
569836 224
570344 227
570860 195
571372 135
571888 62
572400 7
572916 24
573428 63
573944 127
574456 188
574972 224
575484 227
576000 199
576512 135
577028 63
577540 7
578056 24
578568 63
579084 127
579592 184
580112 224
580620 227
581140 199
581648 135
582164 63
582676 7
583192 24
583704 63
584220 124
584732 184
585248 224
585760 231
586276 199
586788 143
587304 67
587816 7
588332 24
588844 62
589360 120
589868 179
590388 224
590896 231
591416 206
591924 147
592440 71
592952 7
593468 19
593980 60
594496 120
595008 177
595524 220
596036 231
596552 207
597064 152
597580 71
598092 14
598608 17
599120 56
599636 115
600144 176
600664 220
601172 231
601692 207
602200 152
602720 79
603228 15
603744 17
604256 56
604772 112
605284 174
605800 216
606312 231
606828 207
607340 156
607856 79
608368 15
608884 15
609396 51
609912 112
610424 167
610940 216
611452 231
611968 211
612476 159
612996 88
613504 15
614024 15
614532 49
615048 103
615560 167
616076 216
616588 231
617104 216
617616 159
618132 88
618644 19
619160 15
619672 48
620188 103
620700 167
621216 216
621728 231
622244 216
622752 159
623272 92
623780 24
624300 15
624808 48
625324 103
625836 163
626352 211
626864 231
627380 216
627892 163
628408 96
628920 24
629436 15
629948 46
630464 99
630976 159
631492 207
632004 231
632520 216
633028 167
633548 96
634056 28
634576 14
635084 39
635604 96
636112 159
636628 207
637140 231
637656 220
638168 167
638684 99
639196 30
639712 14
640224 39
640740 96
641252 156
641768 207
642280 231
642796 220
643308 176
643824 103
644336 31
644852 14
645360 39
645880 92
646388 156
646908 206
647416 231
647932 224
648444 176
648960 103
649472 33
649988 12
650500 35
651016 92
651528 152
652044 199
652556 231
653072 224
653584 177
654100 112
654612 35
655128 7
655636 33
656156 88
656664 152
657184 199
657692 227
658212 112
658724 39
659240 7
659752 31
660268 88
660780 147
661296 199
661808 227
662324 224
662832 184
663352 112
663860 39
664380 7
664888 31
665404 83
665916 143
666432 199
666944 227
667460 224
667972 184
668488 115
669000 39
669516 7
670028 31
670544 79
671056 143
671572 195
672084 227
672600 224
673108 192
673628 120
674136 48
674656 7
675164 31
675680 79
676192 142
676708 195
677216 227
677736 225
678252 192
678760 124
679280 48
679788 7
680308 30
680816 76
681336 135
681844 192
682360 225
682872 225
683388 192
683900 127
684416 51
684928 7
685444 28
685956 71
686472 135
686984 192
687500 225
688012 227
688528 192
689040 127
689556 56
690068 7
690584 28
691092 71
691612 127
692120 192
692640 224
693148 227
693664 195
694176 127
694692 60
695204 7
695720 24
696232 63
696748 127
697260 192
697776 224
698288 227
698804 199
699316 135
699832 63
700344 7
700860 24
701368 63
701888 127
702396 184
702916 224
703424 227
703940 199
704452 135
704968 63
705480 7
705996 24
706508 63
707024 126
707536 184
708052 224
708564 231
709080 199
709592 143
710108 63
710620 7
711136 24
711644 63
712164 124
712672 184
713192 224
713700 231
714220 199
714728 143
715244 71
715756 12
716272 19
716784 60
717300 120
717812 177
718328 224
718840 231
719356 206
719868 147
720384 71
720896 12
721412 19
721924 56
722440 120
722952 176
723468 220
723976 231
724496 207
725004 152
725524 78
726032 14
726548 17
727060 56
727576 113
728088 176
728604 220
729116 231
729632 207
730144 152
730660 79
731172 15
731688 15
732200 56
732716 112
733228 174
733744 216
734252 231
734772 209
735280 158
735800 83
736308 15
736824 15
737336 49
737852 110
738364 167
738880 216
739392 231
739908 211
740420 159
740936 88
741448 17
741964 15
742476 48
742992 103
743504 167
744020 216
744528 231
745048 216
745556 159
746076 88
746584 19
747104 15
747612 48
748128 103
748640 163
749156 216
749668 231
750184 216
750696 163
751212 94
751724 24
752240 15
752752 46
753268 99
753780 159
754296 209
754808 231
755324 216
755836 167
756352 96
756860 28
757380 15
757888 39
758408 97
758916 159
759432 207
759944 231
760460 220
760972 167
761488 97
762000 28
762516 14
763028 39
763544 96
764056 158
764572 207
765084 231
765600 220
766112 172
766628 99
767136 31
767656 14
768164 39
768684 96
769192 156
769708 207
770220 231
770736 224
771248 176
771764 103
772276 31
772792 12
773304 35
773820 92
774332 152
774848 204
775360 231
775876 224
776388 177
776904 110
777412 35
777932 12
778440 35
778960 88
779468 152
779988 199
780496 227
781012 224
781524 179
782040 112
782552 39
783068 7
783580 33
784096 88
784608 147
785124 199
785636 227
786152 224
786664 184
787180 113
787692 39
788208 7
788720 31
789236 83
789748 220
790260 176
790776 103
791288 31
791804 14
792316 39
792832 92
793344 156
793860 206
794372 231
794888 224
795400 176
795916 103
796424 31
796944 14
797452 35
797972 92
798480 152
799000 199
799508 227
800024 224
800536 177
801052 110
801564 35
802080 12
802592 35
803108 88
803620 152
804136 199
804648 227
805164 224
805676 184
806192 112
806704 39
807220 7
807732 31
808248 88
808756 143
809272 199
809780 227
810296 224
810808 184
811324 120
811832 39
812352 7
812868 31
813380 79
813896 143
814404 199
814924 227
815432 224
815952 188
816460 120
816976 46
817488 7
818004 31
818516 79
819032 142
819544 195
820060 225
820572 224
821088 192
821600 121
822116 48
822628 7
823144 31
823656 79
824172 135
824680 193
825200 225
825708 225
826228 192
826736 127
827256 49
827764 7
828280 28
828792 71
829308 135
829820 192
830336 225
830848 227
831364 192
831876 127
832392 56
832904 7
833420 28
833932 71
834448 127
834960 192
835476 225
835988 227
836504 193
837012 127
837532 56
838040 7
838560 28
839068 71
839584 127
840096 192
840612 224
841124 227
841640 195
842152 127
842668 60
843180 7
843696 24
844208 63
844724 127
845236 188
845752 224
846264 227
846780 199
847292 135
847808 63
848316 7
848836 24
849344 63
849860 127
850372 184
850888 224
851400 231
851916 199
852428 143
852944 63
853456 7
853972 24
854484 63
855000 124
855512 184
856028 224
856540 231
857056 199
857564 143
858084 67
858592 7
859112 24
859620 62
860140 120
860648 179
861164 224
861676 231
862192 199
862704 143
863220 71
863732 12
864248 19
864760 60
865276 120
865788 177
866304 220
866816 231
867332 207
867844 152
868360 71
868872 14
869388 17
869896 56
870416 115
870924 176
871444 220
871952 231
872468 207
872980 152
873496 79
874008 15
874524 15
875036 56
875552 112
876064 174
876580 216
877092 231
877608 207
878120 156
878636 79
879148 15
879664 15
880172 51
880692 112
881200 167
881720 216
882228 231
882744 207
883256 158
883772 83
884284 15
884800 15
885312 49
885828 108
886340 167
886856 216
887368 231
887884 216
888396 159
888912 88
889424 19
889940 15
890452 48
890968 103
891476 167
891996 216
892504 231
893024 216
893532 163
894048 92
894560 24
895076 15
895588 48
896104 103
896616 163
897132 211
897644 231
898160 216
898672 163
899188 96
899700 24
900216 15
900728 46
901244 99
901756 159
902272 207
902780 231
903300 216
903808 167
904328 96
904836 28
905352 14
905864 39
906380 97
906892 159
907408 207
907920 231
908436 220
908948 167
909464 99
909976 30
910492 14
911004 39
911520 96
912032 158
912548 207
913056 231
913576 220
914084 176
914604 103
915112 31
915628 14
916140 39
916656 94
917168 156
917684 206
918196 231
918712 224
919224 176
919740 103
920252 31
920768 12
921284 12
921804 39
922312 92
922828 152
923340 199
923856 227
924368 224
924884 176
925396 110
925912 35
926424 7
926940 35
927452 88
927968 152
928480 199
928996 231
929504 224
930024 184
930532 112
931052 39
931560 7
932076 31
932588 88
933104 145
933616 199
934132 227
934640 224
935156 184
935668 113
936184 39
936692 7
937212 31
937728 81
938240 143
938756 199
939264 227
939784 224
940292 184
940812 120
941320 44
941836 7
942348 31
942864 79
943376 143
943892 195
944404 227
944920 224
945432 192
945948 120
946460 48
946976 7
947488 31
948004 79
948516 135
949032 193
949540 227
950060 225
950568 192
951088 126
951596 49
952116 7
952624 30
953140 71
953652 135
954168 192
954680 225
955196 227
955708 192
956224 127
956736 56
957252 7
957764 28
958280 71
958792 127
959308 192
959820 224
960336 225
960848 192
961364 127
961872 56
962392 7
962900 28
963420 71
963928 127
964444 192
964956 224
965472 227
965984 195
966500 127
967012 60
967528 7
968040 24
968556 63
969068 127
969584 192
970096 224
970612 227
971124 199
971640 135
972148 63
972668 7
973176 24
973696 63
974204 127
974720 184
975232 224
975748 227
976260 199
976776 135
977288 63
977804 7
978316 24
978832 63
979344 126
979860 184
980372 224
980888 227
981400 199
981916 142
982424 63
982944 7
983452 24
983972 63
984480 124
985000 184
985508 224
986024 231
986536 204
987052 143
987564 71
988080 7
988592 24
989108 60
989620 120
990136 177
990648 220
991164 231
991676 207
992192 147
992704 71
993220 12
993732 19
994248 57
994756 120
995276 176
995784 220
996304 231
996812 207
997328 152
997840 78
998356 14
998868 17
999384 56
999896 113
1000412 176
1000924 216
1001440 231
1001952 207
1002468 152
1002980 79
1003496 15
1004008 15
1004524 56
1005032 112
1005552 174
1006060 216
1006580 231
1007088 207
1007604 158
1008116 83
1008632 15
1009144 15
1009660 51
1010172 110
1010688 167
1011200 216
1011716 231
1012228 216
1012744 159
1013256 88
1013772 15
1014284 15
1014800 48
1015308 103
1015828 167
1016336 216
1016856 231
1017364 216
1017884 159
1018392 88
1018908 19
1019420 15
1019936 48
1020448 103
1020964 163
1021476 211
1021992 231
1022504 216
1023020 159
1023532 92
1024048 24
1024560 15
1025076 48
1025588 99
1026104 159
1026616 209
1027132 231
1027640 216
1028160 167
1028668 96
1029188 24
1029696 15
1030212 44
1030724 97
1031240 159
1031752 207
1032268 231
1032780 220
1033296 167
1033808 97
1034324 28
1034836 14
1035352 39
1035864 96
1036380 159
1036892 207
1037408 231
1037916 220
1038436 167
1038944 99
1039464 30
1039972 14
1040488 39
1041000 96
1041516 156
1042028 207
1042544 231
1043056 220
1043572 176
1044084 103
1044600 31
1045112 12
1045628 39
1046140 92
1046656 153
1047168 206
1047684 231
1048192 224
1048712 176
1049220 108
1049740 33
1050248 12
1050768 35
1051276 88
1051792 152
1052304 199
