520 1023
1032 1023
1552 1023
2060 960
2580 568
3088 159
3608 60
4120 159
4636 385
5148 704
5664 1016
6176 1023
6692 1023
7204 1023
7720 1023
8232 1023
8748 1023
9260 816
9780 399
10288 56
10808 96
11316 240
11836 508
12348 824
12864 1023
13376 1023
13892 1023
14404 1023
14920 1023
15432 1023
15948 1022
16460 638
16976 224
17488 56
18004 134
18516 352
19032 636
19544 960
20060 1023
20576 1023
21088 1023
21604 1023
22116 1023
22636 1023
23144 896
23664 480
24172 96
24692 67
25204 199
25720 448
26232 768
26748 1023
27260 1023
27776 1023
28288 1023
28804 1023
29316 1023
29832 1023
30344 736
30864 312
31372 48
31892 112
32400 287
32920 575
33432 896
33948 1023
34460 1023
34976 1023
35488 1023
36004 1023
36516 1023
37032 960
37544 543
38060 143
38572 62
39092 128
39600 398
40120 704
40628 1022
41148 1023
41660 1023
42176 1023
42688 1023
43204 1023
43716 1023
44232 796
44744 385
45260 48
45772 96
46288 252
46800 512
47320 831
47828 1023
48348 1023
48856 1023
49376 1023
49888 1023
50404 1023
50916 1023
51432 636
51944 224
52460 56
52972 135
53488 352
54000 639
54516 960
55028 1023
55548 1023
56056 1023
56576 1023
57084 1023
57604 1023
58116 864
58632 454
59144 71
59660 71
60172 224
60688 462
61200 771
61716 1023
62228 1023
62744 1023
63256 1023
63776 1023
64284 1023
64804 1023
65312 707
65832 304
66344 48
66860 120
67372 291
67888 575
68400 896
68916 1023
69428 1023
69944 1023
70456 1023
70972 1023
71484 1023
72004 944
72512 543
73032 135
73540 62
74060 192
74572 399
75088 711
75600 1023
76116 1023
76628 1023
77144 1023
77656 1023
78172 1023
78684 1023
79200 775
79712 384
80232 48
80740 96
81260 255
81768 519
82288 839
82800 1023
83316 1023
83828 1023
84344 1023
84856 1023
85372 1023
85884 1020
86400 632
86912 224
87428 56
87940 135
88460 352
88968 639
89488 961
89996 1023
90516 1023
91028 1023
91544 1023
92056 1023
92572 1023
93084 864
93600 451
94112 70
94628 71
95140 224
95656 480
96168 774
96688 1023
97196 1023
97716 1023
98224 1023
98744 1023
99256 1023
99772 1023
100284 704
100800 287
101312 48
101828 120
102340 304
102856 583
103368 899
103884 1023
104396 1023
104916 1023
105424 1023
105944 1023
106452 1023
106972 960
107484 543
108000 143
108512 62
109028 192
109540 399
110056 705
110568 1023
111084 1023
111596 1023
112112 1023
112624 1023
113144 1023
113652 1023
114172 775
114680 384
115200 48
115712 96
116228 255
116740 519
117256 839
117768 1023
118284 1023
118796 1023
119312 1023
119824 1023
120340 1023
120852 1016
121372 624
121880 224
122400 56
122908 135
123428 352
123940 639
124456 963
124968 1023
125484 1023
125996 1023
126512 1023
127024 1023
127540 1023
128052 880
128568 462
129080 76
129600 71
130108 224
130628 455
131136 768
131656 1023
132172 864
132680 448
133200 63
133708 71
134228 224
134740 480
135256 782
135768 1023
136284 1023
136796 1023
137312 1023
137824 1023
138340 1023
138852 1023
139368 704
139880 287
140396 48
140908 120
141428 304
141936 583
142456 908
142968 1023
143484 1023
143996 1023
144512 1023
145024 1023
145540 1023
146052 927
146568 519
147080 126
147596 63
148108 192
148624 415
149136 736
149656 1023
150164 1023
150684 1023
151196 1023
151712 1023
152224 1023
152740 1023
153252 768
153768 384
154280 48
154796 96
155308 255
155824 536
156336 864
156852 1023
157364 1023
157884 1023
158392 1023
158912 1023
159424 1023
159940 1008
160452 608
160968 195
161480 56
161996 143
162508 384
163024 664
163536 992
164052 1023
164564 1023
165080 1023
165592 1023
166112 1023
166620 1023
167140 831
167652 448
168168 60
168680 79
169196 224
169708 481
170224 799
170736 1023
171252 1023
171764 1023
172280 1023
172792 1023
173308 1023
173820 1023
174340 671
174848 255
175368 48
175880 126
176396 319
176908 608
177424 927
177936 1023
178452 1023
178964 1023
179480 1023
179992 1023
180508 1023
181020 911
181536 510
182048 112
182564 63
183080 192
183592 448
184108 768
184620 1023
185140 1023
185648 1023
186168 1023
186676 1023
187196 1023
187708 1023
188224 768
188736 327
189252 48
189764 112
190280 284
190792 560
191308 896
191820 1023
192336 1023
192848 1023
193368 1023
193876 1023
194396 1023
194904 967
195424 575
195936 192
196452 60
196964 159
197480 384
197992 704
198508 1008
199020 1023
199536 1023
200048 1023
200564 1023
201076 1023
201596 1023
202104 824
202624 399
203132 56
203652 96
204164 240
204680 508
205192 824
205708 1023
206220 1023
206736 1023
207248 1023
207764 1023
208276 1023
208792 1023
209304 639
209824 240
210332 56
210852 135
211360 352
211880 638
212392 960
212908 1023
213420 1023
213936 1023
214448 1023
214964 1023
215476 1023
215992 896
216504 480
217020 96
217532 71
218052 199
218560 448
219080 768
219588 1023
220108 1023
220620 1023
221136 1023
221648 1023
222164 1023
222676 1023
223192 711
223704 312
224220 48
224732 120
225252 295
225760 575
226280 896
226788 1023
227308 1023
227820 1023
228336 1023
228848 1023
229364 1023
229876 944
230392 540
230904 135
231420 62
231932 192
232448 408
232960 707
233480 1023
233988 1023
234508 1023
235016 1023
235536 1023
236048 1023
236564 1023
237076 783
237592 384
238104 48
238620 96
239132 252
239648 519
240160 831
240676 1023
241188 1023
241708 1023
242216 1023
242736 1023
243244 1023
243764 1016
244276 624
244792 224
245304 56
245820 143
246332 352
246848 652
247360 967
247876 1023
248388 1023
248904 1023
249416 1023
249936 1023
250444 1023
250964 847
251472 448
251992 63
252504 71
253020 224
253532 480
254048 783
254560 1023
255076 1023
255588 1023
256104 1023
256616 1023
257132 1023
257644 1023
258164 704
258672 287
259192 48
259700 120
260220 312
260732 588
261248 911
261760 1023
262276 1023
262788 1023
263304 1023
263824 135
264332 352
264852 639
265360 960
265880 1023
266392 1023
266908 1023
267420 1023
267936 1023
268448 1023
268964 864
269476 455
269992 71
270504 71
271024 224
271532 460
272052 775
272560 1023
273080 1023
273592 1023
274108 1023
274620 1023
275136 1023
275648 1023
276164 705
276676 304
277192 48
277704 120
278220 304
278732 575
279252 899
279760 1023
280280 1023
280788 1023
281308 1023
281820 1023
282336 1023
282848 931
283364 527
283876 127
284392 63
284904 192
285420 414
285932 718
286448 1023
286960 1023
287480 1023
287988 1023
288508 1023
289016 1023
289536 1023
290048 774
290564 384
291076 48
291592 96
292104 255
292620 527
293132 847
293648 1023
294160 1023
294676 1023
295188 1023
295708 1023
296216 1023
296736 1008
297244 624
297764 204
298276 56
298792 143
299304 384
299820 655
300332 974
300848 1023
301360 1023
301876 1023
302388 1023
302904 1023
303416 1023
303936 839
304444 448
304964 62
305472 79
305992 224
306504 480
307020 798
307532 1023
308048 1023
308560 1023
309076 1023
309588 1023
310104 1023
310616 1023
311132 679
311644 271
312164 48
312672 124
313192 316
313700 608
314220 926
314732 1023
315248 1023
315760 1023
316276 1023
316788 1023
317304 1023
317816 924
318332 513
318844 120
319360 63
319872 192
320392 422
320900 768
321420 1023
321928 1023
322448 1023
322960 1023
323476 1023
323988 1023
324504 1023
325016 768
325532 335
326044 48
326560 112
327072 271
327588 551
328100 896
328620 1023
329128 1023
329648 1023
330156 1023
330676 1023
331188 1023
331704 992
332216 583
332732 192
333244 60
333760 158
334272 384
334788 675
335304 1008
335816 1023
336332 1023
336844 1023
337364 1023
337872 1023
338392 1023
338900 828
339420 414
339932 56
340448 96
340960 240
341476 504
341988 816
342504 1023
343016 1023
343532 1023
344044 1023
344560 1023
345072 1023
345592 1023
346100 639
346620 240
347128 56
347648 127
348160 334
348676 636
349188 960
349704 1023
350216 1023
350732 1023
351244 1023
351760 1023
352272 1023
352792 896
353300 481
353820 96
354328 67
354848 199
355360 448
355876 768
356388 1023
356904 1023
357416 1023
357932 1023
358444 1023
358960 1023
359472 1023
359988 736
360500 316
361020 48
361528 112
362048 287
362556 574
363076 896
363588 1023
364104 1023
364616 1023
365132 1023
365644 1023
366160 1023
366672 960
367188 543
367700 143
368216 62
368728 176
369248 399
369756 704
370276 1023
370784 1023
371304 1023
371816 1023
372332 1023
372844 1023
373360 1023
373872 796
374388 384
374900 48
375416 96
375928 252
376444 515
376956 831
377476 1023
377984 1023
378504 1023
379012 1023
379532 1023
380044 1023
380560 1016
381072 632
381588 224
382100 56
382616 142
383128 352
383644 647
384156 967
384672 1023
385184 1023
385704 1023
386212 1023
386732 1023
387240 1023
387760 864
388272 448
388788 63
389300 71
389816 224
390328 480
390844 783
391356 1023
391872 1023
392384 1023
392900 1023
393412 1023
393932 1023
394440 1023
394960 704
395480 1023
395996 1023
396508 896
397024 480
397536 96
398056 71
398564 199
399084 451
399592 768
400112 1023
400624 1023
401140 1023
401652 1023
402168 1023
402680 1023
403196 1023
403708 707
404224 295
404736 48
405252 120
405764 295
406284 575
406792 899
407312 1023
407820 1023
408340 1023
408852 1023
409368 1023
409880 1023
410396 935
410908 543
411424 135
411936 62
412452 192
412964 399
413480 711
413992 1023
414512 1023
415020 1023
415540 1023
416048 1023
416568 1023
417080 1023
417596 783
418108 384
418624 48
419136 96
419652 254
420164 519
420680 839
421192 1023
421708 1023
422220 1023
422740 1023
423248 1023
423768 1023
424276 1016
424796 624
425308 206
425824 56
426336 143
426852 384
427364 654
427880 974
428392 1023
428908 1023
429420 1023
429936 1023
430448 1023
430968 1023
431476 864
431996 448
432508 63
433024 76
433536 224
434052 480
434564 783
435080 1023
435592 1023
436108 1023
436620 1023
437136 1023
437648 1023
438168 1023
438676 704
439196 284
439704 48
440224 124
440736 312
441252 608
441764 911
442280 1023
442792 1023
443308 1023
443820 1023
444336 1023
444848 1023
445364 911
445876 513
446396 120
446904 63
447424 192
447932 419
448452 768
448964 1023
449480 1023
449992 1023
450508 1023
451020 1023
451536 1023
452048 1023
452564 768
453076 352
453592 48
454104 96
454624 268
455132 543
455652 864
456160 1023
456680 1023
457192 1023
457708 1023
458224 1023
458736 1023
459252 992
459764 591
460280 192
460792 60
461312 156
461820 384
462340 671
462852 992
463368 1023
463880 1023
464396 1023
464908 1023
465424 1023
465936 1023
466452 824
466964 414
467480 56
467992 96
468508 240
469020 504
469540 824
470048 1023
470568 1023
471080 1023
471596 1023
472108 1023
472624 1023
473136 1023
473652 655
474164 252
474680 56
475192 127
475708 327
476220 624
476740 960
477248 1023
477768 1023
478280 1023
478796 1023
479308 1023
479824 1023
480336 896
480852 496
481364 96
481880 67
482392 195
482908 448
483420 768
483936 1023
484448 1023
484968 1023
485476 1023
485996 1023
486508 1023
487024 1023
487536 736
488052 312
488564 48
489080 112
489592 287
490108 575
490620 896
491136 1023
491648 1023
492164 1023
492676 1023
493196 1023
493704 1023
494224 960
494736 560
495252 152
495764 62
496280 167
496792 391
497308 704
497820 1020
498336 1023
498848 1023
499364 1023
499876 1023
500392 1023
500904 1023
501424 796
501932 384
502452 48
502964 96
503480 252
503992 515
504508 831
505020 1023
505536 1023
506048 1023
506564 1023
507076 1023
507592 1023
508104 1016
508620 624
509132 224
509652 56
510160 142
510680 352
511192 647
511708 967
512220 1023
512736 1023
513248 1023
513764 1023
514276 1023
514792 1023
515304 864
515820 451
516332 71
516848 71
517360 224
517880 480
518388 775
518908 1023
519420 1023
519936 1023
520448 1023
520964 1023
521476 1023
521992 1023
522504 704
523020 284
523532 48
524048 124
524560 312
525076 608
525588 911
526108 1023
526616 1023
527144 1023
527660 1023
528172 1023
528688 1023
529200 1023
529716 1023
530228 705
530744 295
531256 48
531776 120
532284 304
532804 583
533316 903
533832 1023
534344 1023
534860 1023
535372 1023
535888 1023
536400 1023
536916 931
537428 540
537944 127
538456 63
538972 192
539484 412
540004 718
540512 1023
541032 1023
541544 1023
542060 1023
542572 1023
543088 1023
543600 1023
544116 768
544628 384
545144 48
545656 96
546172 255
546684 536
547200 864
547712 1023
548232 1023
548740 1023
549260 1023
549772 1023
550288 1023
550800 1008
551316 608
551828 199
552344 56
552856 143
553372 384
553884 655
554400 992
554912 1023
555428 1023
555940 1023
556460 1023
556972 1023
557488 1023
558000 839
558516 448
559028 62
559544 79
560056 224
560572 480
561084 798
561600 1023
562112 1023
562628 1023
563140 1023
563660 1023
564168 1023
564688 1023
565200 671
565716 255
566228 48
566744 126
567256 319
567772 608
568284 927
568800 1023
569312 1023
569828 1023
570340 1023
570856 1023
571368 1023
571888 911
572396 512
572916 120
573428 63
573944 192
574456 423
574972 768
575484 1023
576000 1023
576512 1023
577028 1023
577540 1023
578056 1023
578568 1023
579084 768
579596 352
580116 48
580624 112
581144 271
581656 547
582172 896
582684 1023
583200 1023
583712 1023
584228 1023
584744 1023
585256 1023
585772 967
586284 575
586800 192
587312 60
587832 159
588340 384
588860 704
589372 1008
589888 1023
590400 1023
590916 1023
591428 1023
591944 1023
592456 1023
592972 828
593484 415
594000 56
594512 96
595028 240
595540 496
596060 816
596568 1023
597088 1023
597600 1023
598116 1023
598628 1023
599144 1023
599656 1023
600172 647
600684 248
601200 56
601712 127
602228 334
602740 632
603256 960
603768 1023
604288 1023
604796 1023
605316 1023
605828 1023
606344 1023
606856 896
607372 481
607884 96
608400 67
608912 193
609428 448
609940 768
610456 1023
610968 1023
611484 1023
611996 1023
612516 1023
613024 1023
613544 1023
614056 768
614572 319
615084 48
615600 112
616112 286
616628 568
617140 896
617656 1023
618168 1023
618684 1023
619196 1023
619712 1023
620224 1023
620744 960
621252 560
621772 152
622284 60
622800 166
623312 391
623828 704
624340 1020
624856 1023
625368 1023
625884 1023
626396 1023
626912 1023
627424 1023
627940 796
628452 387
628972 48
629480 96
630000 252
630512 511
631028 831
631540 1023
632056 1023
632568 1023
633084 1023
633596 1023
634112 1023
634624 1023
635140 638
635652 240
636168 56
636680 135
637200 352
637708 638
638228 960
638740 1023
639256 1023
639768 1023
640284 1023
640796 1023
641312 1023
641824 864
642340 451
642852 67
643368 71
643880 224
644396 480
644908 775
645428 1023
645936 1023
646456 1023
646968 1023
647484 1023
647996 1023
648512 1023
649024 704
649540 287
650052 48
650568 120
651080 304
651596 583
652108 903
652624 1023
653136 1023
653656 1023
654164 1023
654684 1023
655196 1023
655712 931
656224 536
656740 127
657252 63
657768 192
658280 414
658788 1023
659300 1023
659816 1023
660328 839
660848 448
661356 62
661876 79
662388 224
662904 480
663416 796
663932 1023
664444 1023
664960 1023
665472 1023
665988 1023
666500 1023
667016 1023
667528 675
668044 270
668556 48
669076 124
669584 316
670104 608
670616 924
671132 1023
671644 1023
672160 1023
672672 1023
673188 1023
673700 1023
674216 920
674728 515
675244 120
675756 63
676272 192
676784 419
677304 768
677812 1023
678332 1023
678844 1023
679360 1023
679872 1023
680388 1023
680904 1023
681416 768
681932 334
682444 48
682964 112
683472 271
683992 551
684500 896
685020 1023
685532 1023
686048 1023
686560 1023
687076 1023
687588 1023
688104 974
688616 575
689132 192
689644 60
690160 158
690672 384
691192 688
691700 1008
692220 1023
692728 1023
693248 1023
693760 1023
694276 1023
694788 1023
695304 828
695816 415
696332 56
696844 96
697360 240
697872 496
698388 816
698900 1023
699420 1023
699928 1023
700448 1023
700956 1023
701476 1023
701988 1023
702504 639
703016 248
703532 56
704044 127
704560 335
705072 632
705588 960
706100 1023
706616 1023
707128 1023
707648 1023
708156 1023
708676 1023
709184 896
709704 480
710216 96
710732 67
711244 195
711760 448
712272 768
712788 1023
713300 1023
713816 1023
714328 1023
714848 1023
715356 1023
715876 1023
716384 736
716904 316
717416 48
717932 112
718444 287
718960 574
719472 896
719988 1023
720500 1023
721016 1023
721528 1023
722044 1023
722556 1023
723076 960
723584 543
724104 140
724612 62
725132 192
725644 399
726160 707
726672 1023
727188 1023
727700 1023
728216 1023
728728 1023
729244 1023
729756 1023
730272 783
730784 384
731304 48
731812 96
732332 254
732840 519
733360 839
733872 1023
734388 1023
734900 1023
735416 1023
735928 1023
736444 1023
736956 1016
737472 624
737984 224
738500 56
739012 142
739532 352
740040 647
740560 967
741068 1023
741588 1023
742100 1023
742616 1023
743128 1023
743644 1023
744156 847
744672 448
745184 63
745700 78
746212 224
746728 480
747240 787
747760 1023
748268 1023
748788 1023
749296 1023
749816 1023
750328 1023
750844 1023
751356 704
751872 280
752384 48
752900 124
753412 312
753928 608
754440 920
754956 1023
755468 1023
755988 1023
756496 1023
757016 1023
757524 1023
758044 913
758556 513
759072 120
759584 63
760100 192
760612 422
761128 768
761640 1023
762156 1023
762668 1023
763184 1023
763696 1023
764216 1023
764724 1023
765244 768
765752 352
766272 48
766784 97
767300 271
767812 543
768328 880
768840 1023
769356 1023
769868 1023
770384 1023
770896 1023
771412 1023
771924 992
772444 583
772952 192
773472 60
773980 156
774500 384
775012 671
775528 992
776040 1023
776556 1023
777068 1023
777584 1023
778096 1023
778612 1023
779124 828
779640 415
780152 56
780672 96
781180 240
781700 504
782208 816
782728 1023
783240 1023
783756 1023
784268 1023
784784 1023
785296 1023
785812 1023
786324 655
786840 252
787352 48
787868 127
788380 327
788900 624
789408 944
789928 1023
790456 480
790972 798
791484 1023
792000 1023
792512 1023
793032 1023
793540 1023
794060 1023
794572 1023
795088 670
795600 255
796116 48
796628 126
797144 319
797656 624
798172 931
798684 1023
799200 1023
799712 1023
800228 1023
800740 1023
801260 1023
801768 903
802288 504
802800 112
803316 63
803828 192
804344 448
804856 768
805372 1023
805884 1023
806400 1023
806912 1023
807428 1023
807940 1023
808456 1023
808968 768
809488 327
809996 48
810516 112
811028 280
811544 560
812056 896
812572 1023
813084 1023
813600 1023
814112 1023
814628 1023
815140 1023
815656 960
816168 568
816684 158
817196 60
817716 163
818224 387
818744 704
819256 1016
819772 1023
820284 1023
820800 1023
821312 1023
821828 1023
822340 1023
822856 799
823368 399
823884 56
824396 96
824912 248
825424 510
825944 830
826452 1023
826972 1023
827484 1023
828000 1023
828512 1023
829028 1023
829540 1023
830056 638
830568 224
831084 56
831596 135
832112 352
832624 639
833140 960
833652 1023
834172 1023
834680 1023
835200 1023
835712 1023
836228 1023
836740 864
837256 455
837768 71
838284 71
838796 224
839312 480
839824 775
840340 1023
840852 1023
841368 1023
841880 1023
842400 1023
842908 1023
843428 1023
843940 704
844456 287
844968 48
845484 120
845996 304
846512 585
847024 903
847540 1023
848052 1023
848568 1023
849080 1023
849596 1023
850108 1023
850628 927
851136 527
851656 126
852168 63
852684 192
853196 415
853712 736
854224 1023
854740 1023
855252 1023
855768 1023
856280 1023
856796 1023
857308 1023
857824 768
858336 353
858856 48
859364 96
859884 255
860396 540
860912 864
861424 1023
861940 1023
862452 1023
862968 1023
863480 1023
863996 1023
864508 993
865024 608
865536 195
866052 56
866564 145
867084 384
867592 664
868112 992
868624 1023
869140 1023
869652 1023
870168 1023
870680 1023
871196 1023
871708 831
872224 423
872736 60
873252 96
873764 224
874280 496
874792 799
875312 1023
875820 1023
876340 1023
876852 1023
877368 1023
877880 1023
878396 1023
878908 668
879424 255
879936 48
880452 127
880964 319
881480 624
881992 927
882508 1023
883020 1023
883540 1023
884048 1023
884568 1023
885080 1023
885596 903
886112 504
886624 112
887140 63
887652 192
888168 448
888680 768
889200 1023
889708 1023
890228 1023
890736 1023
891256 1023
891768 1023
892284 1023
892796 768
893312 319
893824 48
894340 112
894852 284
895368 568
895880 896
896396 1023
896908 1023
897428 1023
897936 1023
898456 1023
898964 1023
899484 960
899996 572
900512 159
901024 60
901540 159
902052 384
902568 704
903080 1008
903596 1023
904108 1023
904624 1023
905136 1023
905656 1023
906164 1023
906684 816
907192 408
907712 56
908224 96
908740 240
909252 504
909768 824
910280 1023
910796 1023
911308 1023
911824 1023
912336 1023
912852 1023
913364 1023
913884 639
914392 240
914912 56
915424 131
915940 352
916452 638
916968 960
917480 1023
917996 1023
918508 1023
919024 1023
919536 1023
920052 1023
920564 896
921084 480
921592 96
922112 768
922620 1023
923140 1023
923652 1023
924168 1023
924680 1023
925196 1023
925708 1023
926224 716
926736 312
927252 48
927764 112
928280 291
928792 575
929308 896
929820 1023
930340 1023
930848 1023
931368 1023
931880 1023
932396 1023
932908 944
933424 540
933936 135
934452 63
934964 192
935480 412
935992 711
936508 1023
937020 1023
937540 1023
938048 1023
938568 1023
939080 1023
939596 1023
940108 782
940624 384
941136 48
941652 96
942164 255
942680 526
943196 847
943708 1023
944224 1023
944736 1023
945252 1023
945764 1023
946284 1023
946792 1008
947312 608
947824 199
948340 56
948852 143
949368 384
949880 655
950396 992
950908 1023
951424 1023
951936 1023
952452 1023
952964 1023
953480 1023
953992 831
954512 448
955020 62
955540 79
956052 224
956568 480
957080 798
957596 1023
958108 1023
958624 1023
959136 1023
959652 1023
960164 1023
960680 1023
961192 679
961708 268
962220 48
962740 124
963248 318
963768 608
964280 926
964796 1023
965308 1023
965824 1023
966336 1023
966852 1023
967364 1023
967880 903
968392 508
968908 112
969420 63
969936 192
970448 448
970968 768
971476 1023
971996 1023
972508 1023
973024 1023
973536 1023
974052 1023
974564 1023
975080 768
975592 332
976108 48
976620 112
977136 280
977648 560
978164 896
978676 1023
979196 1023
979704 1023
980224 1023
980736 1023
981252 1023
981764 974
982280 575
982792 192
983308 60
983820 159
984336 384
984848 679
985364 1008
985876 1023
986396 1023
986904 1023
987424 1023
987936 1023
988452 1023
988964 816
989480 399
989992 56
990508 96
991020 240
991536 508
992048 824
992564 1023
993076 1023
993592 1023
994104 1023
994624 1023
995132 1023
995652 1023
996164 639
996680 240
997192 56
997708 127
998220 335
998736 636
999248 960
999764 1023
1000276 1023
1000792 1023
1001304 1023
1001820 1023
1002332 1023
1002852 896
1003360 496
1003880 96
1004392 67
1004908 199
1005420 448
1005936 768
1006448 1023
1006964 1023
1007476 1023
1007992 1023
1008504 1023
1009020 1023
1009532 1023
1010048 711
1010560 312
1011080 48
1011588 112
1012108 291
1012620 575
1013136 896
1013648 1023
1014164 1023
1014676 1023
1015192 1023
1015704 1023
1016220 1023
1016732 960
1017248 543
1017760 143
1018276 62
1018788 167
1019308 399
1019816 704
1020336 1023
1020848 1023
1021364 1023
1021876 1023
1022392 1023
1022904 1023
1023420 1023
1023932 798
1024448 384
1024960 48
1025476 96
1025988 252
1026504 513
1027016 831
1027536 1023
1028044 1023
1028564 1023
1029076 1023
1029592 1023
1030104 1023
1030620 1016
1031132 624
1031648 224
1032160 56
1032676 143
1033188 352
1033704 647
1034216 967
1034732 1023
1035244 1023
1035764 1023
1036272 1023
1036792 1023
1037304 1023
1037820 864
1038332 451
1038848 67
1039360 71
1039876 224
1040388 480
1040904 782
1041416 1023
1041932 1023
1042444 1023
1042960 1023
1043472 1023
1043992 1023
1044500 1023
1045020 704
1045532 287
1046048 48
1046560 120
1047076 312
1047588 590
1048104 911
1048616 1023
1049132 1023
1049644 1023
1050160 1023
1050672 1023
1051188 1023
1051700 924
1052220 515
1052728 120
1053248 63
1053768 1023
1054276 1023
1054796 846
1055304 448
1055824 63
1056336 76
1056852 224
1057364 480
1057880 792
1058392 1023
1058908 1023
1059420 1023
1059936 1023
1060448 1023
1060964 1023
1061476 1023
1061996 704
1062504 280
1063024 48
1063532 124
1064052 316
1064564 608
1065080 920
1065592 1023
1066108 1023
1066620 1023
1067136 1023
1067648 1023
1068164 1023
1068676 903
1069192 508
1069708 112
1070220 63
1070736 192
1071248 448
1071764 768
1072276 1023
1072796 1023
1073304 1023
1073824 1023
1074336 1023
1074852 1023
1075364 1023
1075880 768
1076392 352
1076908 48
1077420 112
1077936 271
1078448 547
1078964 896
1079476 1023
1079992 1023
1080504 1023
1081024 1023
1081532 1023
1082052 1023
1082564 992
1083080 575
1083592 192
1084108 60
1084620 159
1085136 384
1085648 688
1086164 1008
1086676 1023
1087192 1023
1087704 1023
1088220 1023
1088732 1023
1089252 1023
1089760 807
1090280 399
1090792 56
1091308 96
1091820 248
1092336 508
1092848 824
1093364 1023
1093876 1023
1094392 1023
1094904 1023
1095420 1023
1095932 1023
1096448 1023
1096960 639
1097480 240
1097988 56
1098508 127
1099020 335
1099536 636
1100048 960
1100564 1023
1101076 1023
1101592 1023
1102104 1023
1102620 1023
1103132 1023
1103648 896
1104160 480
1104676 96
1105188 71
1105708 199
1106216 448
1106736 768
1107248 1023
1107764 1023
1108276 1023
1108792 1023
1109304 1023
1109820 1023
1110332 1023
1110848 704
1111360 304
1111876 48
1112388 120
1112904 304
1113416 575
1113936 899
1114444 1023
1114964 1023
1115476 1023
1115992 1023
1116504 1023
1117020 1023
1117532 960
1118048 543
1118560 143
1119076 62
1119588 128
1120104 399
1120616 704
1121132 1023
1121644 1023
1122164 1023
1122672 1023
1123192 1023
1123704 1023
1124220 1023
1124732 783
1125248 384
1125760 48
1126276 96
1126788 255
1127304 526
1127816 839
1128332 1023
1128844 1023
1129360 1023
1129872 1023
1130392 1023
1130900 1023
1131420 1008
1131932 609
1132448 199
1132960 56
1133476 143
1133988 384
1134504 655
1135016 972
1135532 1023
1136044 1023
1136560 1023
1137072 1023
1137588 1023
1138100 1023
1138620 864
1139128 448
1139648 63
1140160 71
1140676 224
1141188 480
1141704 783
1142216 1023
1142732 1023
1143244 1023
1143760 1023
1144272 1023
1144788 1023
1145300 1023
1145816 704
1146328 275
1146848 48
1147356 124
1147876 316
1148388 608
1148904 920
1149416 1023
1149932 1023
1150444 1023
1150960 1023
1151472 1023
1151988 1023
1152500 911
1153016 512
1153528 124
1154044 63
1154556 192
1155076 419
1155584 768
1156104 1023
1156616 1023
1157132 1023
1157644 1023
1158160 1023
1158672 1023
1159188 1023
1159700 768
1160216 384
1160728 48
1161244 96
1161756 255
1162272 540
1162784 864
1163304 1023
1163812 1023
1164332 1023
1164844 1023
1165360 1023
1165872 1023
1166388 992
1166900 591
1167416 192
1167928 60
1168444 156
1168956 384
1169472 671
1169984 992
1170500 1023
1171012 1023
1171532 1023
1172040 1023
1172560 1023
1173072 1023
1173588 830
1174100 423
1174616 60
1175128 96
1175644 240
1176156 496
1176672 799
1177184 1023
1177700 1023
1178212 1023
1178728 1023
1179240 1023
1179760 1023
1180268 1023
1180788 671
1181300 255
1181816 48
1182328 126
1182844 319
1183356 608
1183872 927
1184384 1023
1184900 1023
1185420 131
1185932 62
1186452 192
1186960 408
1187480 711
1187992 1023
1188508 1023
1189020 1023
1189536 1023
1190048 1023
1190564 1023
1191076 1023
1191592 782
1192104 384
1192620 48
1193132 96
1193648 255
1194160 524
1194680 844
1195188 1023
1195708 1023
1196220 1023
1196736 1023
1197248 1023
1197764 1023
1198276 1008
1198792 608
1199304 195
1199820 56
1200332 143
1200848 384
1201360 664
1201880 992
1202388 1023
1202908 1023
1203420 1023
1203936 1023
1204448 1023
1204964 1023
1205476 839
1205992 448
1206504 63
1207020 79
1207532 224
1208048 480
1208560 796
1209076 1023
1209588 1023
1210108 1023
1210616 1023
1211136 1023
1211648 1023
1212164 1023
1212676 704
1213192 268
1213704 48
1214220 126
1214732 318
1215248 608
1215760 927
1216276 1023
1216788 1023
1217304 1023
1217820 1023
1218332 1023
1218848 1023
1219360 899
1219880 504
1220388 112
1220908 63
1221416 192
1221936 448
1222448 768
1222964 1023
1223476 1023
1223992 1023
1224504 1023
1225020 1023
1225532 1023
1226048 1023
1226560 768
1227076 327
1227588 48
1228108 112
1228616 275
1229136 560
1229644 896
1230164 1023
1230676 1023
1231192 1023
1231704 1023
1232220 1023
1232732 1023
1233248 967
1233760 575
1234276 163
1234788 60
1235304 159
1235816 384
1236336 704
1236844 1008
1237364 1023
1237872 1023
1238392 1023
1238904 1023
1239420 1023
1239932 1023
1240448 799
1240960 391
1241476 48
1241988 96
1242504 248
1243016 511
1243532 831
1244044 1023
1244564 1023
1245072 1023
1245592 1023
1246100 1023
1246620 1023
1247132 1023
1247648 639
1248160 240
1248676 56
1249188 127
1249704 352
1250216 639
1250732 960
1251244 1023
1251760 1023
1252272 1023
1252792 1023
1253300 1023
1253820 1023
1254328 896
1254848 480
1255360 71
1255876 71
1256388 224
1256904 459
1257416 771
1257932 1023
1258444 1023
1258960 1023
1259472 1023
1259988 1023
1260500 1023
1261020 1023
1261528 704
1262048 287
1262556 48
1263076 120
1263588 304
1264104 588
1264616 908
1265132 1023
1265644 1023
1266160 1023
1266672 1023
1267188 1023
1267700 1023
1268216 931
1268728 540
1269248 127
1269756 63
1270276 192
1270784 408
1271304 718
1271816 1023
1272332 1023
1272844 1023
1273360 1023
1273872 1023
1274388 1023
1274900 1023
1275416 769
1275928 384
1276444 48
1276956 96
1277476 255
1277984 536
1278504 864
1279012 1023
1279532 1023
1280044 1023
1280560 1023
1281072 1023
1281588 1023
1282100 992
1282616 608
1283128 192
1283644 56
1284156 152
1284672 384
1285184 668
1285704 992
1286212 1023
1286732 1023
1287240 1023
1287760 1023
1288272 1023
1288788 1023
1289300 839
1289816 448
1290328 63
1290844 79
1291356 224
1291872 480
1292384 796
1292900 1023
1293412 1023
1293932 1023
1294440 1023
1294960 1023
1295468 1023
1295988 1023
1296500 671
1297016 255
1297528 48
1298044 127
1298556 319
1299072 624
1299584 927
1300100 1023
1300612 1023
1301128 1023
1301640 1023
1302160 1023
1302668 1023
1303188 897
1303696 504
1304216 112
1304728 63
1305244 192
1305756 448
1306272 768
1306784 1023
1307300 1023
1307812 1023
1308328 1023
1308840 1023
1309356 1023
1309868 1023
1310388 768
1310896 352
1311416 48
1311924 112
1312444 271
1312956 547
1313472 896
1313984 1023
1314500 1023
1315012 1023
1315528 1023
1316040 1023
1316556 1023
1317076 1023
1317592 1023
1318104 1023
1318624 1023
1319132 768
1319652 352
1320164 48
1320680 112
1321192 271
1321708 547
1322220 864
1322736 1023
1323248 1023
1323764 1023
1324276 1023
1324792 1023
1325304 1023
1325820 992
1326332 590
1326852 192
1327360 60
1327880 156
1328392 384
1328908 671
1329420 992
1329936 1023
1330448 1023
1330964 1023
1331476 1023
1331992 1023
1332504 1023
1333020 824
1333532 414
1334052 56
1334560 96
1335080 240
1335592 504
1336108 816
1336624 1023
1337136 1023
1337652 1023
1338164 1023
1338680 1023
1339192 1023
1339712 1023
1340220 647
1340740 248
1341248 56
1341768 127
1342280 327
1342796 632
1343308 960
1343824 1023
1344336 1023
1344852 1023
1345364 1023
1345880 1023
1346392 1023
1346908 896
1347420 496
1347940 96
1348448 63
1348968 195
1349476 448
1349996 768
1350508 1023
1351024 1023
1351536 1023
1352052 1023
1352564 1023
1353080 1023
1353592 1023
1354108 736
1354620 316
1355136 48
1355648 112
1356168 287
1356676 574
1357196 896
1357704 1023
1358224 1023
1358736 1023
1359252 1023
1359764 1023
1360280 1023
1360792 960
1361308 547
1361820 152
1362336 62
1362848 167
1363364 398
1363876 704
1364396 1023
1364904 1023
1365424 1023
1365932 1023
1366452 1023
1366964 1023
1367480 1023
1367992 799
1368508 384
1369020 48
1369536 96
1370048 252
1370564 513
1371076 831
1371596 1023
1372104 1023
1372624 1023
1373132 1023
1373652 1023
1374164 1023
1374680 1016
1375192 624
1375708 224
1376220 56
1376736 143
1377248 352
1377764 654
1378276 967
1378792 1023
1379304 1023
1379824 1023
1380332 1023
1380852 1023
1381360 1023
1381880 864
1382392 449
1382908 63
1383420 71
1383936 224
1384448 480
1384964 783
1385476 1023
1385992 1023
1386504 1023
1387020 1023
1387532 1023
1388052 1023
1388560 1023
1389080 704
1389588 286
1390108 48
1390620 120
1391136 312
1391648 608
1392164 915
1392676 1023
1393192 1023
1393704 1023
1394220 1023
1394732 1023
1395248 1023
1395760 911
1396280 511
1396788 120
1397308 63
1397816 192
1398336 423
1398848 768
1399364 1023
1399876 1023
1400392 1023
1400904 1023
1401420 1023
1401932 1023
1402448 1023
1402960 768
1403476 352
1403988 48
1404508 97
1405016 268
1405536 543
1406044 864
1406564 1023
1407076 1023
1407592 1023
1408104 1023
1408620 1023
1409132 1023
1409648 992
1410160 590
1410676 192
1411188 60
1411704 158
1412216 384
1412736 675
1413244 992
1413764 1023
1414272 1023
1414792 1023
1415304 1023
1415820 1023
1416332 1023
1416848 816
1417360 412
1417876 56
1418388 96
1418904 240
1419416 504
1419932 824
1420444 1023
1420964 1023
1421472 1023
1421992 1023
1422500 1023
1423020 1023
1423532 1023
1424048 652
1424560 252
1425076 48
1425588 127
1426104 327
1426616 632
1427132 960
1427644 1023
1428160 1023
1428672 1023
1429192 1023
1429700 1023
1430220 1023
1430728 896
1431248 480
1431760 96
1432276 67
1432788 199
1433304 448
1433816 768
1434332 1023
1434844 1023
1435360 1023
1435872 1023
1436388 1023
1436900 1023
1437420 1023
1437928 711
1438448 312
1438956 48
1439476 112
1439988 287
1440504 575
1441016 896
1441532 1023
1442044 1023
1442560 1023
1443072 1023
1443588 1023
1444100 1023
1444616 960
1445128 551
1445648 143
1446156 62
1446676 176
1447184 396
1447704 704
1448216 1022
1448724 1023
1449244 1023
1449756 1023
1450272 1023
1450784 1023
1451300 899
1451812 508
1452328 112
1452840 63
1453356 192
1453868 448
1454384 768
1454896 1023
1455412 1023
1455924 1023
1456440 1023
1456956 1023
1457468 1023
1457984 1023
1458496 768
1459016 327
1459524 48
1460044 112
1460552 280
1461072 560
1461584 896
1462100 1023
1462612 1023
1463128 1023
1463640 1023
1464156 1023
1464668 1023
1465184 960
1465696 568
1466212 158
1466724 60
1467244 159
1467752 387
1468272 704
1468780 1016
1469300 1023
1469812 1023
1470328 1023
1470840 1023
1471356 1023
1471868 1023
1472384 803
1472896 399
1473412 56
1473924 96
1474440 248
1474952 508
1475472 830
1475980 1023
1476500 1023
1477008 1023
1477528 1023
1478040 1023
1478556 1023
1479068 1023
1479584 638
1480096 225
1480612 56
1481124 135
1481640 352
1482152 639
1482668 960
1483180 1023
1483700 1023
1484208 1023
1484728 1023
1485236 1023
1485756 1023
1486268 864
1486784 455
1487296 71
1487812 71
1488324 224
1488840 480
1489352 775
1489868 1023
1490380 1023
1490896 1023
1491408 1023
1491928 1023
1492436 1023
1492956 1023
1493464 704
1493984 291
1494496 48
1495012 120
1495524 304
1496040 583
1496552 903
1497068 1023
1497580 1023
1498096 1023
1498608 1023
1499124 1023
1499636 1023
1500156 927
1500664 529
1501184 126
1501692 63
1502212 192
1502724 414
1503240 736
1503752 1023
1504268 1023
1504780 1023
1505296 1023
1505808 1023
1506324 1023
1506836 1023
1507352 768
1507864 384
1508384 48
1508892 96
1509412 255
1509920 540
1510440 864
1510952 1023
1511468 1023
1511980 1023
1512496 1023
1513008 1023
1513524 1023
1514036 993
1514552 608
1515064 195
1515580 56
1516092 143
1516612 384
1517120 664
1517640 992
1518148 1023
1518668 1023
1519180 1023
1519696 1023
1520208 1023
1520724 1023
1521236 831
1521752 423
1522264 60
1522780 96
1523292 225
1523808 496
1524320 799
1524840 1023
1525348 1023
1525868 1023
1526376 1023
1526896 1023
1527408 1023
1527924 1023
1528436 668
1528952 255
1529464 48
1529980 127
1530492 319
1531008 624
1531520 931
1532036 1023
1532548 1023
1533068 1023
1533576 1023
1534096 1023
1534604 1023
1535124 899
1535636 508
1536152 112
1536664 63
1537180 192
1537692 448
1538208 768
1538720 1023
1539236 1023
1539748 1023
1540264 1023
1540776 1023
1541296 1023
1541804 1023
1542324 768
1542832 319
1543352 48
1543864 112
1544380 286
1544892 568
1545408 896
1545920 1023
1546436 1023
1546948 1023
1547464 1023
1547976 1023
1548492 1023
1549004 960
1549524 568
1550032 159
1550552 60
1551060 159
1551580 387
1552092 704
1552608 1016
1553120 1023
1553636 1023
1554148 1023
1554664 1023
1555176 1023
1555692 1023
1556204 816
1556720 399
1557232 56
1557752 96
1558260 248
1558780 508
1559288 828
1559808 1023
1560320 1023
1560836 1023
1561348 1023
1561864 1023
1562376 1023
1562892 1022
1563404 636
1563920 224
1564432 56
1564948 135
1565460 352
1565980 639
1566488 960
1567008 1023
1567516 1023
1568036 1023
1568548 1023
1569064 1023
1569576 1023
1570092 865
1570604 480
1571120 76
1571632 71
1572148 224
1572664 455
1573176 771
1573692 1023
1574204 1023
1574724 1023
1575232 1023
1575752 1023
1576260 1023
1576780 1023
1577292 707
1577808 304
1578320 48
1578836 120
1579348 295
1579864 583
1580380 1023
1580896 1023
1581408 768
1581924 352
1582436 48
1582952 112
1583464 271
1583984 547
1584492 865
1585012 1023
1585524 1023
1586040 1023
1586552 1023
1587068 1023
1587580 1023
1588096 992
1588608 591
1589124 192
1589636 60
1590152 156
1590664 384
1591180 671
1591692 992
1592212 1023
1592720 1023
1593240 1023
1593752 1023
1594268 1023
1594780 1023
1595296 824
1595808 415
1596324 56
1596836 96
1597352 240
1597864 504
1598380 824
1598892 1023
1599408 1023
1599920 1023
1600440 1023
1600948 1023
1601468 1023
1601980 1023
1602496 647
1603008 248
1603524 56
1604036 127
1604552 332
1605064 632
1605580 960
1606092 1023
1606608 1023
1607120 1023
1607636 1023
1608148 1023
1608668 1023
1609176 896
1609696 496
1610208 96
1610724 67
1611236 193
1611752 448
1612264 768
1612780 1023
1613292 1023
1613808 1023
1614320 1023
1614836 1023
1615348 1023
1615864 1023
1616376 736
1616896 312
1617404 48
1617924 112
1618436 287
1618952 575
1619464 896
1619980 1023
1620492 1023
1621008 1023
1621520 1023
1622036 1023
1622548 1023
1623064 960
1623576 551
1624092 147
1624604 62
1625124 167
1625632 396
1626152 704
1626664 1022
1627180 1023
1627692 1023
1628208 1023
1628720 1023
1629236 1023
1629748 1023
1630264 799
1630776 390
1631292 48
1631804 96
1632320 252
1632832 512
1633352 831
1633860 1023
1634380 1023
1634892 1023
1635408 1023
1635920 1023
1636436 1023
1636948 1016
1637464 624
1637976 224
1638492 56
1639004 140
1639520 352
1640032 647
1640548 967
1641060 1023
1641580 1023
1642088 1023
1642608 1023
1643120 1023
1643636 1023
1644148 864
1644664 449
1645176 71
1645692 71
1646204 224
1646720 480
1647232 775
1647748 1023
1648260 1023
1648776 1023
1649288 1023
1649808 1023
1650316 1023
1650836 1023
1651348 704
1651864 287
1652376 48
1652892 120
1653404 304
1653920 591
1654432 910
1654948 1023
1655460 1023
1655976 1023
1656488 1023
1657004 1023
1657516 1023
1658036 924
1658544 519
1659064 120
1659576 63
1660092 192
1660604 415
1661120 768
1661632 1023
1662148 1023
1662660 1023
1663176 1023
1663688 1023
1664204 1023
1664716 1023
1665232 768
1665744 352
1666260 48
1666776 96
1667288 255
1667808 543
1668316 864
1668836 1023
1669344 1023
1669864 1023
1670376 1023
1670892 1023
1671404 1023
1671920 992
1672432 608
1672948 192
1673460 56
1673976 152
1674488 384
1675004 671
1675516 992
1676036 1023
1676544 1023
1677064 1023
1677572 1023
1678092 1023
1678604 1023
1679120 824
1679632 414
1680148 56
1680660 96
1681176 240
1681688 504
1682204 824
1682716 1023
1683232 1023
1683744 1023
1684264 1023
1684772 1023
1685292 1023
1685800 1023
1686320 655
1686832 254
1687348 48
1687860 127
1688376 327
1688888 624
1689404 960
1689916 1023
1690432 1023
1690944 1023
1691460 1023
1691972 1023
1692492 1023
1693000 896
1693520 496
1694028 96
1694548 67
1695060 195
1695576 448
1696088 768
1696604 1023
1697116 1023
1697632 1023
1698144 1023
1698660 1023
1699172 1023
1699688 1023
1700200 711
1700720 304
1701228 48
1701748 120
1702256 291
1702776 575
1703288 899
1703804 1023
1704316 1023
1704832 1023
1705344 1023
1705860 1023
1706372 1023
1706888 960
1707400 547
1707916 143
1708428 62
1708948 192
1709456 399
1709976 707
1710484 1023
1711004 1023
1711516 1023
1712032 384
1712552 671
1713060 992
1713580 1023
1714088 1023
1714608 1023
1715120 1023
1715636 1023
1716148 1023
1716664 831
1717176 448
1717692 60
1718204 79
1718720 224
1719232 480
1719748 799
1720260 1023
1720776 1023
1721288 1023
1721808 1023
1722316 1023
1722836 1023
1723348 1023
1723864 664
1724376 255
1724892 48
1725404 127
1725920 319
1726432 624
1726948 931
1727460 1023
1727976 1023
1728488 1023
1729004 1023
1729516 1023
1730036 1023
1730544 896
1731064 504
1731576 112
1732092 63
1732604 192
1733120 448
1733632 768
1734148 1023
1734660 1023
1735176 1023
1735688 1023
1736204 1023
1736716 1023
1737232 1023
1737744 768
1738264 352
1738772 48
1739292 112
1739804 271
1740320 547
1740832 865
1741348 1023
1741860 1023
1742376 1023
1742888 1023
1743404 1023
1743916 1023
1744432 963
1744944 574
1745460 159
1745972 60
1746492 159
1747000 384
1747520 704
1748032 1008
1748548 1023
1749060 1023
1749576 1023
1750088 1023
1750604 1023
1751116 1023
1751632 816
1752144 412
1752660 56
1753172 96
1753688 240
1754200 504
1754716 816
1755232 1023
1755744 1023
1756260 1023
1756772 1023
1757292 1023
1757800 1023
1758320 1023
1758828 655
1759348 248
1759860 48
1760376 127
1760888 327
1761404 632
1761916 960
1762432 1023
1762944 1023
1763460 1023
1763972 1023
1764488 1023
1765000 1023
1765520 896
1766028 480
1766548 96
1767056 67
1767576 199
1768088 448
1768604 768
1769116 1023
1769632 1023
1770144 1023
1770660 1023
1771172 1023
1771688 1023
1772200 1023
1772716 736
1773228 319
1773748 48
1774256 112
1774776 287
1775284 568
1775804 896
1776316 1023
1776832 1023
1777344 1023
1777860 1023
1778372 1023
1778888 1023
1779400 960
1779916 568
1780428 158
1780944 60
1781456 159
1781976 391
1782484 704
1783004 1016
1783512 1023
1784032 1023
1784544 1023
1785060 1023
1785572 1023
1786088 1023
1786600 792
1787116 384
1787628 48
1788144 96
1788656 252
1789172 513
1789684 831
1790204 1023
1790712 1023
1791232 1023
1791744 1023
1792260 1023
1792772 1023
1793288 1022
1793800 638
1794316 224
1794828 56
1795344 135
1795856 352
1796372 639
1796884 960
1797404 1023
1797912 1023
1798432 1023
1798940 1023
1799460 1023
1799972 1023
1800488 880
1801000 480
1801516 71
1802028 71
1802544 224
1803056 455
1803572 769
1804084 1023
1804600 1023
1805112 1023
1805632 1023
1806140 1023
1806660 1023
1807168 1023
1807688 704
1808200 295
1808716 48
1809228 120
1809744 304
1810256 575
1810772 902
1811284 1023
1811800 1023
1812312 1023
1812828 1023
1813340 1023
1813860 1023
1814368 960
1814888 543
1815396 143
1815916 62
1816428 192
1816944 399
1817456 704
1817972 1023
1818484 1023
1819000 1023
1819512 1023
1820028 1023
1820540 1023
1821056 1023
1821568 783
1822088 384
1822596 48
1823116 96
1823624 255
1824144 521
1824656 839
1825172 1023
1825684 1023
1826200 1023
1826712 1023
1827228 1023
1827740 1023
1828256 1008
1828768 624
1829284 224
1829796 56
1830316 143
1830824 352
1831344 647
1831852 967
1832372 1023
1832884 1023
1833400 1023
1833912 1023
1834428 1023
1834940 1023
1835456 864
1835968 455
1836484 71
1836996 71
1837512 224
1838024 460
1838544 775
1839052 1023
1839572 1023
1840080 1023
1840600 1023
1841112 1023
1841628 1023
1842140 1023
1842656 704
1843168 286
1843680 63
1844196 192
1844708 448
1845224 768
1845736 1023
1846252 1023
1846764 1023
1847280 1023
1847792 1023
1848308 1023
1848820 1023
1849340 768
1849848 327
1850368 48
1850880 112
1851396 284
1851908 560
1852424 896
1852936 1023
1853452 1023
1853964 1023
1854480 1023
1854992 1023
1855508 1023
1856020 960
1856536 568
1857048 158
1857568 60
1858076 159
1858596 391
1859108 704
1859624 1020
1860136 1023
1860652 1023
1861164 1023
1861680 1023
1862192 1023
1862708 1023
1863220 799
1863736 391
1864248 56
1864764 96
1865276 248
1865796 510
1866304 828
1866824 1023
1867336 1023
1867852 1023
1868364 1023
1868880 1023
1869392 1023
1869908 1023
1870420 639
1870936 225
1871448 56
1871964 135
1872476 352
1872992 639
1873504 960
1874024 1023
1874532 1023
1875052 1023
1875564 1023
1876080 1023
1876592 1023
1877108 864
1877620 455
1878136 67
1878648 71
1879164 224
1879676 462
1880192 775
1880704 1023
1881220 1023
1881732 1023
1882252 1023
1882760 1023
1883280 1023
1883792 1023
1884308 704
1884820 295
1885336 48
1885848 120
1886364 304
1886876 583
1887392 903
1887904 1023
1888420 1023
1888932 1023
1889448 1023
1889960 1023
1890480 1023
1890988 935
1891508 529
1892020 127
1892536 63
1893048 192
1893564 414
1894076 718
1894592 1023
1895104 1023
1895620 1023
1896132 1023
1896648 1023
1897160 1023
1897676 1023
1898188 768
1898708 352
1899216 48
1899736 96
1900248 255
1900764 540
1901276 864
1901792 1023
1902304 1023
1902820 1023
1903332 1023
1903848 1023
1904360 1023
1904876 992
1905388 608
1905908 195
1906416 56
1906936 145
1907444 384
1907964 664
1908476 992
1908992 1023
1909504 1023
1910020 1023
1910532 1023
1911048 1023
1911560 1023
1912076 831
1912588 448
1913104 60
1913616 79
1914132 224
1914644 481
1915164 799
1915672 1023
1916192 1023
1916704 1023
1917220 1023
1917732 1023
1918248 1023
1918760 1023
1919276 664
1919788 255
1920304 48
1920816 127
1921332 319
1921844 624
1922360 931
1922872 1023
1923392 1023
1923900 1023
1924420 1023
1924932 1023
1925448 1023
1925960 899
1926476 508
1926992 112
1927504 63
1928020 192
1928532 448
1929052 768
1929560 1023
1930080 1023
1930588 1023
1931108 1023
1931620 1023
1932136 1023
1932648 1023
1933164 768
1933676 319
1934192 48
1934704 112
1935220 284
1935732 568
1936248 896
1936760 1023
1937280 1023
1937788 1023
1938308 1023
1938816 1023
1939336 1023
1939848 960
1940364 568
1940876 159
1941392 60
1941904 159
1942420 387
1942932 704
1943448 1016
1943960 1023
1944476 1023
1944988 1023
1945508 1023
1946016 1023
1946536 1023
1947044 816
1947564 399
1948076 56
1948592 96
1949104 240
1949620 508
1950132 824
1950648 1023
1951160 1023
1951676 1023
1952188 1023
1952708 1023
1953216 1023
1953736 1023
1954244 638
1954764 224
1955276 56
1955792 135
1956304 352
1956820 639
1957332 960
1957848 1023
1958360 1023
1958876 1023
1959388 1023
1959904 1023
1960416 1023
1960936 865
1961444 480
1961964 78
1962472 71
1962992 224
1963504 454
1964020 769
1964532 1023
1965048 1023
1965560 1023
1966076 1023
1966588 1023
1967104 1023
1967616 1023
1968132 711
1968644 312
1969164 48
1969672 112
1970192 295
1970700 575
1971220 896
1971732 1023
1972248 1023
1972760 1023
1973276 1023
1973788 1023
1974304 1023
1974816 935
1975340 291
1975852 48
1976368 120
1976880 304
1977396 583
1977908 899
1978424 1023
1978936 1023
1979452 1023
1979964 1023
1980480 1023
1980992 1023
1981508 927
1982020 536
1982540 127
1983048 63
1983568 192
1984080 408
1984596 711
1985108 1023
1985624 1023
1986136 1023
1986652 1023
1987164 1023
1987680 1023
1988192 1023
1988708 783
1989220 384
1989736 48
1990248 96
1990768 255
1991276 521
1991796 844
1992308 1023
1992824 1023
1993336 1023
1993852 1023
1994364 1023
1994880 1023
1995392 1008
1995908 608
1996420 195
1996936 56
1997448 143
1997964 384
1998476 664
1998996 992
1999504 1023
2000024 1023
2000536 1023
2001052 1023
2001564 1023
2002080 1023
2002592 839
2003108 448
2003620 63
2004136 79
2004648 224
2005164 480
2005676 796
2006192 1023
2006704 1023
2007224 1023
2007732 1023
2008252 1023
2008764 1023
2009280 1023
2009792 704
2010308 271
2010820 48
2011336 124
2011848 316
2012364 608
2012876 926
2013392 1023
2013904 1023
2014420 1023
2014932 1023
2015452 1023
2015960 1023
2016480 903
2016992 508
2017508 112
2018020 63
2018536 192
2019048 448
2019564 768
2020076 1023
2020592 1023
2021104 1023
2021620 1023
2022132 1023
2022652 1023
2023160 1023
2023680 768
2024192 334
2024708 48
2025220 112
2025736 280
2026248 560
2026764 896
2027276 1023
2027792 1023
2028304 1023
2028820 1023
2029332 1023
2029848 1023
2030360 975
2030880 575
2031388 192
2031908 60
2032420 159
2032936 384
2033448 704
2033964 1008
2034476 1023
2034992 1023
2035504 1023
2036020 1023
2036532 1023
2037048 1023
2037560 799
2038076 391
2038588 48
2039108 96
2039616 248
2040136 511
2040648 830
2041164 1023
2041676 1023
2042192 1023
2042704 1023
2043220 1023
2043732 1023
2044248 1023
2044760 639
2045276 240
2045788 56
2046304 135
2046816 352
2047336 639
2047844 960
2048364 1023
2048876 1023
2049392 1023
2049904 1023
2050420 1023
2050932 1023
2051448 896
2051960 480
2052476 71
2052988 71
2053504 224
2054016 455
2054532 771
2055044 1023
2055564 1023
2056072 1023
2056592 1023
2057104 1023
2057620 1023
2058132 1023
2058648 704
2059160 287
2059676 48
2060188 120
2060704 312
2061216 590
2061732 911
2062244 1023
2062760 1023
2063272 1023
2063792 1023
2064300 1023
2064820 1023
2065332 931
2065848 527
2066360 127
2066876 63
2067388 192
2067904 414
2068416 736
2068932 1023
2069444 1023
2069960 1023
2070472 1023
2070988 1023
2071500 1023
2072020 1023
2072528 771
2073048 384
2073560 48
2074076 96
2074588 255
2075104 540
2075616 864
2076132 1023
2076644 1023
2077160 1023
2077672 1023
2078188 1023
2078700 1023
2079216 992
2079728 591
2080248 192
2080756 56
2081276 156
2081788 384
2082304 671
2082816 992
2083332 1023
2083844 1023
2084360 1023
2084872 1023
2085388 1023
2085900 1023
2086416 831
2086928 432
2087444 60
2087960 79
2088472 224
2088988 496
2089500 799
2090020 1023
2090528 1023
2091048 1023
2091556 1023
2092076 1023
2092588 1023
2093104 1023
2093616 668
2094132 254
2094644 48
2095160 127
2095672 319
2096188 624
2096700 935
2097216 1023
2097728 1023
2098248 1023
2098756 1023
2099276 1023
2099784 1023
2100304 896
2100816 496
2101332 96
2101844 63
2102360 193
2102872 448
2103388 768
2103900 1023
2104416 1023
2104928 1023
2105444 1023
2105956 1023
2106472 1023
2106992 1023
2107508 1023
2108020 1023
2108536 1023
2109048 1023
2109564 1023
2110076 711
2110592 304
2111104 48
2111624 120
2112132 291
2112652 575
2113160 896
2113680 1023
2114192 1023
2114708 1023
2115220 1023
2115736 1023
2116248 1023
2116764 960
2117276 547
2117792 143
2118304 62
2118820 192
2119332 399
2119852 707
2120360 1023
2120880 1023
2121388 1023
2121908 1023
2122416 1023
2122936 1023
2123452 1023
2123964 783
2124480 384
2124992 48
2125508 96
2126020 255
2126536 526
2127048 839
2127568 1023
2128076 1023
2128596 1023
2129104 1023
2129624 1023
2130136 1023
2130652 993
2131164 608
2131680 195
2132192 56
2132708 143
2133220 384
2133736 664
2134248 992
2134764 1023
2135276 1023
2135796 1023
2136304 1023
2136824 1023
2137332 1023
2137852 847
2138364 448
2138880 63
2139392 78
2139908 224
2140420 480
2140936 792
2141448 1023
2141964 1023
2142476 1023
2142992 1023
2143504 1023
2144024 1023
2144532 1023
2145052 675
2145560 263
2146080 48
2146592 126
2147108 319
2147620 608
2148136 927
2148648 1023
2149164 1023
2149676 1023
2150192 1023
2150704 1023
2151220 1023
2151732 903
2152252 504
2152760 112
2153280 63
2153788 192
2154308 448
2154820 768
2155336 1023
2155848 1023
2156364 1023
2156876 1023
2157392 1023
2157904 1023
2158420 1023
2158932 768
2159448 352
2159960 48
2160480 112
2160988 271
2161508 551
2162016 768
2162536 1023
2163048 1023
2163564 1023
2164076 1023
2164592 1023
2165104 1023
2165620 967
2166132 575
2166648 163
2167160 60
2167676 159
2168188 384
2168708 704
2169216 1008
2169736 1023
2170244 1023
2170764 1023
2171276 1023
2171792 1023
2172304 1023
2172820 799
2173332 399
2173848 56
2174360 96
2174876 248
2175388 504
2175904 824
2176416 1023
2176936 1023
2177444 1023
2177964 1023
2178472 1023
2178992 1023
2179504 1023
2180020 639
2180532 248
2181048 56
2181560 127
2182076 334
2182588 632
2183104 960
2183616 1023
2184132 1023
2184644 1023
2185164 1023
2185672 1023
2186192 1023
2186700 896
2187220 480
2187732 79
2188248 71
2188760 199
2189276 451
2189788 768
2190304 1023
2190816 1023
2191332 1023
2191844 1023
2192360 1023
2192872 1023
2193392 1023
2193900 711
2194420 304
2194928 48
2195448 120
2195960 291
2196476 575
2196988 896
2197504 1023
2198016 1023
2198532 1023
2199044 1023
2199560 1023
2200072 1023
2200588 960
2201100 547
2201620 143
2202128 62
2202648 128
2203156 399
2203676 705
2204188 1023
2204704 1023
2205216 1023
2205732 1023
2206244 1023
2206760 1023
2207272 1023
2207788 775
2208300 384
2208816 48
2209328 96
2209848 255
2210356 527
2210876 847
2211384 1023
2211904 1023
2212416 1023
2212932 1023
2213444 1023
2213960 1023
2214472 1008
2214988 608
2215500 224
2216016 56
2216528 143
2217044 384
2217556 655
2218076 992
2218584 1023
2219104 1023
2219612 1023
2220132 1023
2220644 1023
2221160 1023
2221672 864
2222188 448
2222700 63
2223216 76
2223728 224
2224244 480
2224756 783
2225272 1023
2225784 1023
2226304 1023
2226812 1023
2227332 1023
2227840 1023
2228360 1023
2228872 675
2229388 255
2229900 48
2230416 126
2230928 319
2231444 608
2231956 927
2232472 1023
2232984 1023
2233500 1023
2234012 1023
2234532 1023
2235040 1023
2235560 908
2236068 510
2236588 112
2237100 63
2237616 192
2238128 448
2238644 316
2239156 48
2239672 112
2240184 287
2240700 574
2241212 896
2241728 1023
2242240 1023
2242760 1023
2243268 1023
2243788 1023
2244300 1023
2244816 960
2245328 543
2245844 140
2246356 62
2246872 192
2247384 399
2247900 705
2248412 1023
2248928 1023
2249440 1023
2249956 1023
2250468 1023
2250988 1023
2251496 1023
2252016 780
2252528 384
2253044 48
2253556 96
2254072 255
2254584 524
2255100 839
2255616 1023
2256128 1023
2256644 1023
2257156 1023
2257672 1023
2258184 1023
2258704 1016
2259212 632
2259732 224
2260244 56
2260760 142
2261272 352
2261788 639
2262300 963
2262816 1023
2263328 1023
2263844 1023
2264356 1023
2264872 1023
2265384 1023
2265900 864
2266412 448
2266932 63
2267440 78
2267960 224
2268472 480
2268988 792
2269500 1023
2270016 1023
2270528 1023
2271044 1023
2271556 1023
2272072 1023
2272584 1023
2273100 704
2273612 280
2274128 48
2274640 124
2275160 316
2275668 608
2276188 920
2276700 1023
2277216 1023
2277728 1023
2278244 1023
2278756 1023
2279272 1023
2279784 926
2280300 519
2280812 126
2281328 63
2281840 192
2282356 415
2282868 736
2283388 1023
2283896 1023
2284416 1023
2284928 1023
2285444 1023
2285956 1023
2286472 1023
2286984 768
2287500 352
2288012 48
2288528 112
2289040 270
2289556 543
2290068 865
2290584 1023
2291096 1023
2291616 1023
2292124 1023
2292644 1023
2293156 1023
2293672 992
2294184 583
2294700 192
2295212 60
2295728 158
2296240 384
2296756 675
2297268 993
2297784 1023
2298296 1023
2298812 1023
2299324 1023
2299844 1023
2300352 1023
2300872 830
2301384 419
2301900 56
2302412 96
2302928 240
2303440 496
2303956 807
2304468 1023
2304984 1023
2305496 1023
2306012 1023
2306524 1023
2307040 1023
2307552 1023
2308072 639
2308580 248
2309100 56
2309612 127
2310128 335
2310640 632
2311156 960
2311668 1023
2312184 1023
2312696 1023
2313212 1023
2313724 1023
2314240 1023
2314752 896
2315268 480
2315780 96
2316300 67
2316808 195
2317328 448
2317840 768
2318356 1023
2318868 1023
2319384 1023
2319896 1023
2320412 1023
2320924 1023
2321440 1023
2321952 736
2322468 316
2322980 48
2323496 112
2324008 287
2324528 575
2325036 896
2325556 1023
2326068 1023
2326584 1023
2327096 1023
2327612 1023
2328124 1023
2328640 944
2329152 543
2329668 131
2330180 62
2330696 192
2331208 403
2331724 711
2332236 1023
2332756 1023
2333264 1023
2333784 1023
2334296 1023
2334812 1023
2335324 1023
2335840 783
2336352 384
2336868 48
2337380 96
2337896 255
2338408 519
2338924 846
2339436 1023
2339952 1023
2340464 1023
2340984 1023
2341492 1023
2342012 1023
2342524 1016
2343040 624
2343552 224
2344068 56
2344580 143
2345096 384
2345608 655
2346124 992
2346636 1023
2347152 1023
2347664 1023
2348180 1023
2348692 1023
2349212 1023
2349720 839
2350240 448
2350752 62
2351268 79
2351780 224
2352296 480
2352808 798
2353324 1023
2353836 1023
2354352 1023
2354864 1023
2355380 1023
2355892 1023
2356408 1023
2356920 640
2357440 271
2357948 48
2358468 124
2358980 316
2359496 608
2360008 926
2360524 1023
2361036 1023
2361552 1023
2362064 1023
2362580 1023
2363092 1023
2363608 910
2364120 510
2364636 112
2365148 63
2365668 192
2366176 448
2366696 768
2367208 1023
2367724 1023
2368236 1023
2368752 1023
2369264 1023
2369780 1023
2370308 960
2370824 1023
2371336 1023
2371852 1023
2372364 1023
2372880 1023
2373392 1023
2373908 896
2374420 480
2374936 71
2375448 71
2375964 224
2376476 455
2376996 771
2377504 1023
2378024 1023
2378536 1023
2379052 1023
2379564 1023
2380080 1023
2380592 1023
2381108 704
2381620 304
2382136 48
2382648 120
2383164 304
2383676 575
2384192 903
2384704 1023
2385224 1023
2385732 1023
2386252 1023
2386764 1023
2387280 1023
2387792 960
2388308 543
2388820 135
2389336 62
2389848 192
2390364 408
2390876 707
2391392 1023
2391904 1023
2392420 1023
2392932 1023
2393452 1023
2393960 1023
2394480 1023
2394992 769
2395508 384
2396020 48
2396536 96
2397048 255
2397564 536
2398076 864
2398592 1023
2399104 1023
2399620 1023
2400132 1023
2400648 1023
2401160 1023
2401680 993
2402188 608
2402708 195
2403220 56
2403736 143
2404248 384
2404764 664
2405276 992
2405792 1023
2406304 1023
2406820 1023
2407332 1023
2407848 1023
2408360 1023
2408876 839
2409388 448
2409908 62
2410416 79
2410936 224
2411448 480
2411964 798
2412476 1023
2412992 1023
2413504 1023
2414020 1023
2414532 1023
2415048 1023
2415560 1023
2416076 668
2416588 255
2417104 48
2417616 127
2418136 319
2418644 624
2419164 935
2419676 1023
2420192 1023
2420704 1023
2421220 1023
2421732 1023
2422248 1023
2422760 899
2423276 504
2423788 112
2424304 63
2424816 192
2425332 448
2425844 768
2426364 1023
2426872 1023
2427392 1023
2427904 1023
2428420 1023
2428932 1023
2429448 1023
2429960 768
2430476 323
2430988 48
2431504 112
2432016 284
2432532 568
2433044 896
2433560 1023
2434072 1023
2434592 1023
2435100 1023
2435620 1023
2436132 1023
2436648 960
2437160 560
2437676 152
2438188 60
2438704 163
2439216 391
2439732 704
2440244 1020
2440760 1023
2441272 1023
2441788 1023
2442300 1023
2442820 1023
2443328 1023
2443848 799
2444360 391
2444876 56
2445388 96
2445904 248
2446416 511
2446932 831
2447444 1023
2447960 1023
2448472 1023
2448988 1023
2449500 1023
2450016 1023
2450528 1023
2451048 636
2451556 224
2452076 56
2452588 135
2453104 352
2453616 639
2454132 961
2454644 1023
2455160 1023
2455672 1023
2456188 1023
2456700 1023
2457216 1023
2457728 864
2458244 448
2458756 67
2459276 71
2459784 224
2460304 480
2460816 780
2461332 1023
2461844 1023
2462360 1023
2462872 1023
2463388 1023
2463900 1023
2464416 1023
2464928 704
2465444 287
2465956 48
2466472 120
2466984 304
2467504 591
2468012 908
2468532 1023
2469044 1023
2469560 1023
2470072 1023
2470588 1023
2471100 1023
2471616 927
2472128 526
2472644 124
2473156 63
2473672 192
2474184 415
2474700 768
2475212 1023
2475732 1023
2476240 1023
2476760 1023
2477272 1023
2477788 1023
2478300 1023
2478816 768
2479328 352
2479844 48
2480356 96
2480872 263
2481384 542
2481900 864
2482412 1023
2482928 1023
2483440 1023
2483960 1023
2484468 1023
2484988 1023
2485500 992
2486016 608
2486532 192
2487044 56
2487560 152
2488072 384
2488588 671
2489100 992
2489620 1023
2490128 1023
2490648 1023
2491156 1023
2491676 1023
2492188 1023
2492704 828
2493216 415
2493732 56
2494244 96
2494760 240
2495272 496
2495788 816
2496300 1023
2496816 1023
2497328 1023
2497848 1023
2498356 1023
2498876 1023
2499384 1023
2499904 655
2500416 252
2500932 48
2501444 127
2501960 1023
2502472 1023
2502988 1023
2503500 1023
2504020 1023
2504528 1023
2505048 639
2505556 240
2506076 56
2506588 127
2507104 352
2507616 636
2508132 960
2508644 1023
2509160 1023
2509672 1023
2510188 1023
2510700 1023
2511216 1023
2511728 880
2512248 460
2512756 71
2513276 71
2513784 224
2514304 460
2514816 771
2515332 1023
2515844 1023
2516360 1023
2516872 1023
2517388 1023
2517900 1023
2518416 1023
2518928 704
2519444 295
2519956 48
2520476 120
2520984 304
2521504 583
2522012 903
2522532 1023
2523044 1023
2523560 1023
2524072 1023
2524588 1023
2525100 1023
2525616 944
2526128 540
2526644 127
2527156 62
2527672 192
2528184 412
2528704 718
2529212 1023
2529732 1023
2530240 1023
2530760 1023
2531272 1023
2531788 1023
2532300 1023
2532816 768
2533328 256
2533844 48
2534356 96
2534872 255
2535384 540
2535900 864
2536412 1023
2536932 1023
2537440 1023
2537960 1023
2538468 1023
2538988 1023
2539500 993
2540016 608
2540528 193
2541044 56
2541556 147
2542072 384
2542584 668
2543100 992
2543612 1023
2544128 1023
2544640 1023
2545160 1023
2545668 1023
2546188 1023
2546696 831
2547216 432
2547728 60
2548244 96
2548756 224
2549272 496
2549784 799
2550300 1023
2550812 1023
2551328 1023
2551840 1023
2552356 1023
2552868 1023
2553388 1023
2553896 655
2554416 252
2554924 48
2555444 127
2555956 319
2556472 624
2556984 944
2557500 1023
2558012 1023
2558528 1023
2559040 1023
2559556 1023
2560068 1023
2560584 896
2561096 504
2561616 97
2562124 63
2562644 192
2563152 448
2563672 768
2564184 1023
2564700 1023
2565212 1023
2565728 1023
2566240 1023
2566756 1023
2567268 1023
2567784 768
2568296 319
2568812 48
2569324 112
2569844 287
2570352 568
2570872 896
2571380 1023
2571900 1023
2572412 1023
2572928 1023
2573440 1023
2573956 1023
2574468 960
2574984 560
2575496 156
2576012 62
2576524 163
2577040 391
2577552 704
2578072 1020
2578580 1023
2579100 1023
2579608 1023
2580128 1023
2580640 1023
2581156 1023
2581668 799
2582184 387
2582696 56
2583212 96
2583724 248
2584240 512
2584752 831
2585268 1023
2585780 1023
2586296 1023
2586808 1023
2587324 1023
2587836 1023
2588352 1020
2588868 632
2589380 224
2589896 56
2590408 135
2590928 352
2591436 639
2591956 963
2592464 1023
2592984 1023
2593496 1023
2594012 1023
2594524 1023
2595040 1023
2595552 864
2596068 449
2596580 67
2597096 71
2597608 224
2598124 480
2598636 775
2599156 1023
2599664 1023
2600184 1023
2600692 1023
2601212 1023
2601724 1023
2602240 1023
2602752 704
2603268 287
2603780 48
2604296 120
2604808 304
2605324 590
2605836 908
2606352 1023
2606864 1023
2607384 1023
2607892 1023
2608412 1023
2608920 1023
2609440 924
2609952 519
2610468 120
2610980 63
2611496 192
2612008 415
2612524 768
2613036 1023
2613552 1023
2614064 1023
2614580 1023
2615092 1023
2615612 1023
2616120 1023
2616640 768
2617148 352
2617668 48
2618180 96
2618696 263
2619208 540
2619724 864
2620236 1023
2620752 1023
2621264 1023
2621780 1023
2622292 1023
2622808 1023
2623320 993
2623840 608
2624348 192
2624868 56
2625376 152
2625896 384
2626408 670
2626924 992
2627436 1023
2627952 1023
2628464 1023
2628980 1023
2629492 1023
2630008 1023
2630520 830
2631036 415
2631548 56
2632068 96
2632576 240
2633096 496
