520 519
1032 195
1548 193
2060 156
2576 92
3088 31
3604 15
4116 46
4632 97
5144 158
5660 193
6172 195
6688 159
7196 103
7716 39
8224 15
8744 39
9252 92
9768 152
10280 192
10796 199
11308 167
11824 112
12336 48
12852 14
13364 31
13880 79
14392 140
14908 188
15420 199
15936 176
16448 124
16964 56
17472 15
17992 28
18500 71
19020 127
19528 179
20048 199
20556 184
21072 127
21580 63
22096 15
22608 24
23124 63
23632 120
24152 176
24668 199
25180 192
25696 143
26204 79
26724 24
27232 17
27752 56
28260 112
28776 167
29288 195
29804 192
30316 152
30832 88
31344 30
31860 15
32372 48
32888 103
33400 159
33916 195
34428 195
34944 159
35456 97
35972 35
36480 15
37000 39
37508 96
38028 152
38536 192
39056 199
39564 167
40080 108
40592 46
41108 14
41620 31
42136 88
42648 143
43164 192
43676 199
44192 176
44704 120
45220 56
45732 14
46248 30
46760 71
47276 135
47788 184
48304 199
48812 184
49332 127
49840 63
50360 15
50868 24
51384 63
51896 127
52412 176
52924 199
53440 185
53952 135
54468 71
54980 17
55496 24
56008 60
56524 120
57036 167
57552 199
58064 192
58580 143
59088 81
59608 24
60116 15
60636 49
61144 103
61660 163
62172 195
62688 193
63200 158
63716 94
64228 31
64744 15
65256 39
65772 97
66284 156
66800 193
67312 195
67828 159
68340 103
68856 39
69364 14
69884 35
70392 89
70912 147
71420 192
71940 199
72448 167
72964 112
73476 48
73992 14
74504 31
75020 79
75532 135
76048 184
76560 199
77076 176
77588 124
78104 56
78616 15
79132 28
79644 71
80160 127
80672 184
81188 199
81696 184
82216 127
82724 63
83244 15
83752 24
84268 63
84780 120
85296 176
85808 199
86324 192
86836 143
87352 78
87864 24
88380 17
88892 56
89408 112
89920 167
90436 199
90948 192
91464 152
91972 88
92492 28
93000 15
93520 48
94028 103
94544 159
95056 195
95572 195
96084 159
96600 96
97112 35
97628 15
98140 39
98656 96
99168 152
99684 192
100196 199
100712 167
101224 103
101740 44
102248 14
102768 31
103276 88
103796 143
104304 192
104824 199
105332 176
105848 120
106360 56
106876 14
107388 30
107904 78
108416 135
108932 184
109444 199
109960 179
110472 127
110988 62
111500 15
112016 24
112528 63
113044 127
113556 176
114072 199
114580 185
115100 135
115608 71
116128 17
116636 24
117152 62
117664 120
118180 167
118692 199
119208 192
119720 143
120236 79
120748 24
121264 15
121776 51
122292 110
122804 163
123320 195
123832 193
124348 156
124856 92
125376 31
125884 15
126404 46
126912 99
127428 158
127940 193
128456 195
128968 159
129484 99
129996 39
130512 14
131024 39
131540 92
132060 184
132576 199
133084 184
133604 127
134112 63
134628 15
135140 24
135656 63
136168 126
136684 176
137196 199
137712 192
138224 135
138740 71
139252 19
139768 19
140280 60
140796 120
141308 167
141824 199
142332 192
142852 143
143360 79
143880 24
144388 15
144904 51
145416 108
145932 163
146444 195
146960 193
147472 156
147988 92
148500 31
149016 15
149528 44
150044 99
150556 158
151072 193
151584 195
152100 159
152608 103
153128 39
153636 15
154156 35
154664 88
155184 152
155692 192
156208 199
156720 167
157236 112
157748 48
158264 14
158776 31
159292 79
159804 140
160320 188
160832 199
161348 176
161860 124
162376 56
162888 15
163404 28
163916 71
164432 127
164940 184
165460 199
165968 184
166488 127
166996 63
167512 15
168024 24
168540 63
169052 124
169568 176
170080 199
170596 192
171108 142
171624 71
172136 24
172652 19
173164 56
173680 113
174192 167
174708 199
175216 192
175736 152
176244 88
176764 28
177272 15
177788 48
178300 103
178816 159
179328 195
179844 195
180356 159
180872 96
181384 31
181900 15
182412 39
182928 96
183440 156
183956 192
184468 195
184984 163
185492 103
186012 39
186520 14
187040 35
187548 88
188068 147
188576 192
189092 199
189604 167
190120 112
190632 48
191148 14
191660 31
192176 79
192688 135
193204 188
193716 199
194232 177
194744 124
195260 60
195772 15
196288 28
196800 71
197316 127
197824 179
198344 199
198852 184
199372 127
199880 63
200396 15
200908 24
201424 63
201936 124
202452 176
202964 199
203480 192
203992 142
204508 71
205020 19
205536 19
206048 56
206564 113
207076 167
207592 199
208100 192
208620 152
209128 88
209644 28
210156 15
210672 48
211180 103
211700 159
212216 195
212728 195
213244 159
213752 96
214272 31
214780 15
215300 39
215808 96
216324 156
216836 192
217352 199
217864 163
218380 103
218892 39
219408 14
219920 35
220436 88
220948 143
221464 192
221976 199
222492 172
223004 113
223520 49
224028 14
224548 31
225056 79
225576 135
226084 184
226604 199
227112 177
227628 124
228140 60
228656 15
229168 28
229684 71
230196 127
230712 179
231224 199
231740 184
232252 127
232768 63
233280 15
233796 24
234308 63
234824 120
235336 176
235852 199
236360 192
236880 143
237388 79
237908 24
238416 17
238932 56
239444 112
239960 167
240472 195
240988 192
241500 152
242016 88
242528 28
243044 15
243556 48
244072 103
244584 159
245100 195
245612 195
246128 159
246636 96
247156 35
247664 15
248184 39
248692 96
249208 152
249720 192
250236 199
250748 167
251264 103
251776 44
252292 15
252804 31
253320 88
253832 143
254348 192
254860 199
255376 176
255888 120
256404 51
256912 14
257432 30
257940 78
258460 135
258968 184
259488 199
259996 179
260512 127
261024 62
261540 15
262052 25
262568 67
263080 127
263600 195
264116 193
264628 156
265144 92
265656 31
266172 15
266684 44
267200 99
267708 156
268224 193
268732 199
269248 163
269756 103
270272 39
270780 15
271296 35
271808 88
272324 145
272832 192
273352 199
273868 167
274380 113
274896 48
275404 14
275924 31
276432 79
276952 135
277460 184
277976 199
278488 176
279004 124
279516 56
280032 15
280544 28
281060 71
281572 127
282088 184
282600 199
283116 184
283628 127
284144 63
284656 15
285172 24
285684 63
286200 124
286708 176
287228 199
287736 192
288256 142
288764 78
289280 24
289792 19
290308 56
290820 113
291336 167
291848 199
292364 192
292876 152
293392 88
293904 28
294420 15
294932 48
295448 103
295960 159
296476 195
296988 195
297504 158
298012 96
298532 31
299040 15
299560 39
300068 96
300584 156
301096 192
301612 195
302124 163
302640 103
303152 39
303668 14
304180 35
304696 88
305208 145
305724 192
306236 199
306752 172
307264 113
307780 49
308288 15
308808 31
309316 79
309836 135
310344 184
310860 199
311372 179
311888 126
312400 60
312916 15
313428 28
313944 71
314456 127
314972 179
315484 199
316000 184
316512 127
317028 63
317540 15
318056 24
318564 63
319084 121
319592 176
320112 199
320620 192
321140 142
321648 78
322164 24
322676 17
323192 56
323704 112
324220 167
324732 199
325248 192
325760 152
326276 88
326788 30
327304 15
327816 48
328332 103
328844 159
329360 195
329872 195
330388 159
330896 97
331416 35
331924 15
332444 39
332952 96
333468 152
333980 192
334496 199
335008 167
335524 103
336036 39
336552 14
337064 31
337580 88
338092 143
338608 192
339120 199
339636 176
340148 120
340664 51
341172 14
341692 31
342200 78
342720 135
343228 184
343744 199
344256 179
344772 127
345284 62
345800 15
346312 24
346828 67
347340 127
347856 177
348368 199
348884 185
349396 135
349912 71
350424 15
350940 24
351448 62
351968 120
352476 172
352996 199
353504 192
354024 143
354532 79
355048 24
355560 17
356076 56
356588 112
357104 167
357616 195
358132 192
358644 152
359160 88
359672 30
360188 15
360700 48
361216 99
361728 159
362244 195
362756 195
363272 159
363780 99
364300 35
364808 15
365328 39
365836 94
366352 152
366864 192
367380 199
367892 167
368408 110
368920 48
369436 14
369948 31
370464 83
370976 143
371492 192
372004 199
372520 176
373032 120
373548 56
374056 14
374576 30
375084 71
375604 127
376112 184
376628 199
377140 184
377656 127
378168 63
378684 15
379196 24
379712 63
380224 126
380740 176
381252 199
381768 188
382280 135
382796 71
383308 19
383824 19
384332 60
384852 120
385360 167
385880 199
386388 192
386908 143
387416 81
387932 24
388444 15
388960 51
389472 108
389988 163
390500 195
391016 193
391528 156
392044 94
392556 31
393072 15
393584 44
394100 99
394612 158
395132 71
395648 127
396160 179
396676 199
397184 184
397704 127
398212 63
398732 15
399240 24
399756 63
400268 124
400784 176
401296 199
401812 192
402324 143
402840 78
403352 24
403868 17
404380 56
404896 112
405408 167
405924 199
406436 192
406952 152
407460 88
407980 28
408488 15
409008 48
409516 103
410032 159
410544 195
411060 195
411572 159
412088 96
412600 31
413116 15
413628 39
414144 96
414656 156
415172 193
415684 199
416200 167
416712 103
417228 39
417736 14
418256 35
418764 88
419284 143
419792 192
420312 199
420820 176
421340 115
421848 49
422364 14
422876 31
423392 79
423904 135
424420 184
424932 199
425448 177
425960 126
426476 60
426988 15
427504 28
428016 71
428532 127
429044 179
429560 199
430068 184
430588 127
431096 63
431616 15
432124 24
432640 63
433152 120
433668 176
434180 199
434696 192
435208 143
435724 79
436236 24
436752 19
437264 56
437780 112
438292 167
438808 199
439320 192
439836 152
440344 88
440864 28
441372 15
441892 48
442400 103
442916 159
443428 193
443944 195
444456 159
444972 96
445484 35
446000 15
446512 39
447028 96
447540 152
448056 192
448568 199
449084 167
449596 103
450112 39
450620 15
451140 35
451648 88
452168 143
452676 192
453196 199
453704 176
454220 120
454732 51
455248 14
455760 30
456276 78
456788 135
457304 184
457816 199
458332 179
458844 127
459360 62
459872 15
460388 24
460900 63
461416 127
461928 177
462444 199
462952 184
463472 135
463980 71
464500 15
465008 24
465524 62
466036 120
466552 174
467064 199
467580 192
468092 143
468608 79
469120 24
469636 17
470148 56
470664 112
471176 163
471692 195
472204 192
472720 152
473228 92
473748 30
474256 15
474776 48
475284 99
475800 159
476312 193
476828 195
477340 159
477856 99
478368 35
478884 15
479396 39
479912 96
480424 152
480940 192
481452 199
481968 167
482480 112
482996 46
483504 14
484024 31
484532 83
485052 143
485560 192
486080 199
486588 176
487104 120
487616 56
488132 14
488644 30
489160 76
489672 135
490188 184
490700 199
491216 184
491728 127
492244 63
492756 15
493272 24
493784 63
494300 127
494812 176
495328 199
495836 188
496356 135
496864 71
497380 19
497888 19
498404 60
498912 115
499428 167
499936 199
500452 192
500964 147
501480 83
501988 24
502508 15
503024 49
503536 103
504052 159
504560 195
505080 193
505588 156
506108 94
506616 31
507132 15
507644 44
508160 97
508672 156
509188 193
509700 195
510216 159
510728 103
511244 39
511756 15
512272 39
512784 92
513300 152
513812 192
514328 199
514836 167
515356 112
515864 48
516384 14
516892 31
517412 79
517920 142
518436 188
518948 199
519464 176
519976 124
520492 56
521004 14
521520 28
522032 71
522548 127
523060 184
523576 199
524088 184
524604 127
525116 63
525632 15
526144 24
526664 63
527180 126
527692 176
528208 199
528720 192
529236 135
529748 71
530264 19
530776 19
531292 56
531804 115
532320 167
532828 199
533348 192
533856 152
534376 83
534884 28
535400 15
535912 49
536428 103
536940 159
537456 195
537968 193
538484 156
538996 96
539512 31
540024 15
540540 39
541052 97
541568 156
542080 192
542596 195
543104 159
543624 103
544132 39
544652 14
545160 35
545680 89
546188 147
546704 192
547216 199
547732 167
548244 112
548760 48
549272 15
549788 31
550300 79
550816 135
551328 188
551844 199
552356 177
552872 124
553384 56
553900 15
554412 28
554928 71
555436 127
555956 184
556464 199
556984 184
557492 127
558008 63
558520 15
559036 24
559548 63
560064 124
560576 176
561092 199
561604 192
562120 135
562632 71
563148 19
563660 19
564176 56
564688 113
565204 167
565712 199
566232 192
566740 152
567260 88
567768 28
568284 15
568796 48
569312 103
569824 159
570340 195
570852 195
571368 158
571880 96
572396 31
572908 15
573424 39
573936 96
574452 156
574964 192
575480 199
575988 163
576508 103
577016 39
577536 14
578044 35
578564 88
579072 145
579588 192
580100 199
580616 167
581128 113
581644 48
582156 14
582672 31
583184 79
583700 135
584212 184
584728 199
585240 177
585756 124
586268 60
586784 15
587296 28
587812 71
588320 127
588840 179
589348 199
589868 184
590376 127
590892 63
591404 15
591920 24
592432 63
592948 120
593460 176
593976 199
594484 192
595004 143
595520 78
596028 24
596548 17
597056 56
597576 112
598084 167
598604 199
599112 192
599628 152
600140 88
600656 28
601168 15
601684 48
602196 103
602712 159
603224 195
603740 195
604252 159
604768 96
605280 31
605796 15
606308 39
606824 96
607336 152
607852 192
608360 199
608880 167
609388 103
609908 39
610416 14
610932 35
611444 88
611960 143
612472 192
612988 199
613500 176
614016 115
614528 51
615044 15
615556 31
616072 79
616584 135
617100 184
617612 199
618128 177
618636 126
619156 60
619664 15
620184 25
620692 67
621208 127
621720 177
622236 199
622748 184
623264 127
623776 67
624292 15
624804 24
625320 63
625832 120
626348 176
626860 199
627376 192
627888 143
628404 79
628912 24
629432 17
629940 56
630460 112
630968 167
631488 199
631996 193
632512 152
633024 88
633540 28
634052 15
634568 48
635080 103
635596 159
636108 195
636624 195
637136 159
637652 96
638164 35
638680 15
639192 39
639708 96
640220 152
640736 192
641244 199
641764 167
642272 103
642792 39
643300 14
643816 35
644328 88
644844 143
645356 192
645872 199
646384 176
646900 120
647412 51
647928 14
648440 30
648956 78
649468 135
649984 184
650496 199
651012 179
651520 127
652040 62
652548 15
653068 24
653576 67
654092 127
654604 177
655120 199
655632 184
656148 127
656660 67
657176 15
657688 24
658208 177
658720 199
659236 184
659748 135
660264 67
660776 15
661292 24
661800 62
662320 120
662828 174
663348 199
663856 192
664372 143
664884 79
665400 24
665912 17
666428 56
666940 112
667456 167
667968 199
668484 193
668996 152
669512 88
670024 30
670540 15
671052 48
671568 103
672076 159
672596 195
673104 195
673624 159
674132 97
674648 35
675160 15
675676 39
676188 96
676704 152
677216 192
677732 199
678244 167
678760 103
679272 44
679788 14
680300 31
680816 88
681328 143
681844 192
682352 199
682872 176
683380 120
683900 51
684408 14
684928 31
685436 78
685952 135
686464 184
686980 199
687492 184
688008 127
688520 62
689036 15
689548 24
690064 67
690576 127
691092 177
691604 199
692120 188
692628 135
693144 71
693652 17
694168 24
694676 60
695192 120
695704 167
696220 199
696728 192
697248 143
697764 79
698276 24
698792 15
699300 56
699820 112
700328 163
700848 195
701356 193
701872 152
702384 92
702900 31
703412 15
703928 48
704440 99
704956 159
705468 193
705984 195
706496 159
707012 97
707524 35
708040 15
708552 39
709068 96
709576 152
710096 192
710604 199
711124 167
711632 112
712152 48
712660 14
713176 31
713688 83
714204 143
714716 192
715232 199
715744 176
716260 120
716772 56
717288 14
717800 30
718316 71
718828 135
719344 184
719856 199
720372 184
720884 127
721400 63
721908 15
722428 24
722936 63
723456 127
723964 176
724480 199
724992 188
725508 135
726020 71
726536 19
727048 24
727564 60
728076 120
728592 167
729104 199
729620 192
730132 143
730648 79
731160 24
731676 17
732184 51
732704 110
733212 163
733732 195
734240 193
734756 156
735268 92
735784 31
736296 15
736812 46
737324 99
737840 158
738352 193
738868 195
739380 159
739896 99
740408 39
740924 15
741436 35
741952 92
742460 152
742980 192
743488 199
744008 167
744516 112
745036 48
745544 15
746060 31
746572 79
747088 143
747600 188
748116 199
748628 176
749144 120
749656 56
750172 15
750684 28
751200 71
751712 127
752228 184
752740 199
753256 184
753768 127
754284 63
754792 15
755312 24
755820 63
756340 126
756848 176
757364 199
757876 192
758392 135
758904 71
759420 19
759932 19
760448 60
760960 115
761476 167
761988 199
762504 192
763016 147
763532 81
764044 24
764560 15
765072 49
765588 103
766096 159
766616 195
767124 193
767640 156
768152 96
768668 31
769180 15
769696 44
770208 97
770724 158
771236 193
771752 199
772264 163
772780 103
773292 39
773808 14
774320 35
774836 88
775344 147
775864 192
776372 199
776892 167
777400 112
777920 48
778428 14
778944 31
779456 79
779972 142
780484 188
781000 199
781512 176
782028 120
782540 56
783056 14
783568 28
784084 71
784596 127
785112 184
785624 199
786140 184
786652 127
787168 63
787676 15
788196 24
788704 63
789224 124
789736 99
790244 158
790764 193
791272 195
791788 159
792300 99
792816 39
793328 15
793844 39
794356 92
794872 152
795384 192
795900 199
796412 167
796928 112
797440 48
797956 14
798468 31
798984 81
799492 142
800012 192
800520 199
801040 176
801548 120
802068 56
802576 15
803092 28
803604 71
804120 127
804632 184
805148 199
805660 184
806176 127
806688 63
807204 15
807716 24
808232 63
808744 126
809260 176
809772 199
810288 192
810800 135
811316 71
811824 19
812344 19
812852 60
813372 120
813880 167
814396 199
814908 192
815424 143
815936 81
816452 24
816964 15
817480 51
817992 103
818508 163
819016 195
819532 193
820040 156
820556 96
821064 31
821580 15
822092 39
822608 97
823116 156
823636 193
824152 199
824664 163
825180 103
825688 39
826208 15
826716 35
827236 88
827744 147
828260 192
828772 199
829288 167
829800 112
830316 48
830828 14
831344 31
831856 79
832372 142
832884 188
833400 199
833912 176
834428 120
834940 56
835456 15
835964 28
836484 71
836992 127
837512 184
838020 199
838540 184
839048 127
839564 63
840076 15
840592 24
841104 63
841620 124
842132 176
842648 199
843160 192
843676 142
844188 71
844704 19
845216 19
845732 56
846244 113
846760 167
847272 199
847788 192
848296 152
848816 88
849324 28
849844 15
850352 49
850868 103
851380 159
851896 195
852408 193
852924 156
853436 96
853952 31
854464 15
854980 44
855492 97
856008 156
856520 193
857036 195
857548 163
858064 103
858572 39
859092 15
859600 35
860120 89
860628 147
861144 192
861656 199
862172 167
862684 112
863200 48
863712 15
864228 31
864740 79
865256 135
865768 185
866284 199
866796 177
867312 124
867824 56
868340 15
868848 28
869368 71
869876 127
870396 184
870904 199
871424 184
871932 127
872448 63
872960 15
873476 24
873988 63
874504 124
875016 176
875532 199
876044 192
876560 135
877072 71
877588 24
878100 19
878616 56
879128 113
879644 167
880156 199
880672 192
881180 152
881700 88
882208 28
882728 15
883236 48
883752 103
884264 159
884780 195
885292 195
885808 158
886320 96
886836 31
887348 15
887864 39
888376 96
888892 156
889404 192
889920 199
890432 163
890948 103
891456 39
891976 14
892484 35
893004 88
893512 143
894028 192
894540 199
895056 167
895568 113
896084 48
896596 14
897112 31
897624 79
898140 135
898652 184
899168 199
899680 177
900196 124
900708 60
901224 15
901732 28
902252 71
902760 127
903280 179
903788 199
904308 184
904816 127
905332 63
905844 15
906360 24
906872 63
907388 121
907900 176
908416 199
908928 192
909444 142
909956 78
910472 24
910984 17
911500 56
912012 112
912528 167
913040 199
913556 192
914064 152
914584 88
915092 28
915612 15
916120 48
916636 103
917148 159
917664 195
918176 195
918692 159
919204 96
919720 31
920232 15
920748 39
921268 167
921784 199
922292 193
922812 152
923320 88
923836 30
924348 15
924864 48
925376 103
925892 159
926404 195
926920 195
927432 159
927948 97
928460 35
928976 14
929488 39
930004 96
930516 152
931032 192
931540 199
932060 167
932568 103
933088 39
933596 14
934116 31
934624 88
935140 143
935652 192
936168 199
936680 176
937196 120
937708 51
938224 14
938736 30
939252 78
939764 135
940280 184
940792 199
941308 179
941820 127
942336 62
942848 15
943364 24
943872 63
944392 127
944900 177
945420 199
945928 188
946444 135
946956 71
947472 15
947984 24
948500 62
949012 120
949528 174
950040 199
950556 192
951068 143
951584 79
952096 24
952612 17
953124 56
953640 112
954148 167
954668 199
955176 192
955692 152
956204 88
956720 30
957228 15
957748 48
958264 103
958776 159
959292 195
959800 195
960320 159
960828 97
961348 35
961856 15
962372 39
962884 96
963400 152
963912 192
964428 199
964940 167
965456 108
965968 44
966484 15
966996 31
967512 88
968024 143
968540 192
969052 199
969568 176
970076 120
970596 51
971104 14
971624 31
972132 78
972652 135
973160 184
973676 199
974188 179
974704 126
975216 60
975732 15
976244 28
976760 67
977272 127
977788 177
978300 199
978816 184
979328 135
979844 67
980356 17
980872 24
981384 62
981900 120
982408 174
982928 199
983436 192
983956 143
984464 79
984980 24
985492 17
986008 56
986520 112
987036 167
987548 199
988064 192
988576 152
989092 88
989604 30
990120 15
990632 48
991148 103
991660 159
992176 195
992684 195
993204 159
993712 97
994232 35
994740 15
995256 39
995768 96
996284 152
996796 192
997312 199
997824 167
998340 103
998852 44
999368 14
999880 33
1000396 88
1000908 143
1001424 192
1001936 199
1002452 176
1002960 120
1003480 51
1003988 14
1004508 30
1005016 78
1005536 135
1006044 184
1006560 199
1007072 179
1007588 127
1008100 62
1008616 15
1009128 24
1009644 67
1010156 127
1010672 177
1011184 199
1011700 184
1012212 135
1012728 67
1013240 15
1013756 24
1014268 62
1014784 120
1015292 174
1015812 199
1016320 192
1016840 143
1017348 79
1017864 24
1018376 17
1018892 56
1019404 112
1019920 167
1020432 199
1020948 192
1021460 152
1021976 88
1022488 30
1023004 15
1023516 48
1024032 103
1024544 159
1025060 195
1025568 195
1026088 159
1026596 99
1027116 35
1027624 15
1028140 39
1028652 96
1029168 152
1029680 192
1030196 199
1030708 167
1031224 103
1031736 44
1032252 14
1032764 31
1033280 88
1033792 143
1034308 192
1034820 199
1035336 176
1035844 120
1036364 51
1036872 14
1037392 30
1037900 78
1038420 135
1038928 184
1039444 199
1039956 179
1040472 127
1040984 62
1041500 15
1042012 24
1042528 67
1043040 127
1043556 177
1044068 199
1044584 188
1045096 135
1045612 71
1046124 17
1046640 24
1047152 60
1047668 120
1048176 167
1048696 199
1049204 192
1049724 143
1050232 79
1050748 24
1051260 17
1051776 56
1052288 112
