112 7
224 7
340 7
452 7
568 7
680 14
792 15
904 24
1016 31
1128 39
1240 51
1360 63
1472 71
1584 88
1696 99
1808 113
1920 127
2032 143
2144 158
2256 167
2376 184
2488 199
2600 207
2712 224
2824 231
2936 248
3048 255
3160 255
3272 271
3392 280
3504 281
3616 286
3728 287
3840 287
3952 287
4064 287
4176 286
4288 280
4408 271
4520 255
4632 255
4744 248
4856 231
4968 224
5080 207
5196 195
5308 184
5424 163
5536 152
5648 127
5760 115
5876 97
5988 81
6100 63
6212 49
6324 35
6440 24
6556 7
6668 7
6780 3
6892 7
7004 7
7116 14
7228 15
7340 24
7460 31
7572 39
7684 48
7796 62
7908 71
8020 88
8132 97
8244 112
8356 126
8476 142
8588 156
8700 167
8812 184
8924 193
9036 207
9148 220
9260 231
9372 240
9492 252
9604 255
9716 255
9828 271
9940 280
10052 284
10164 286
10276 286
10392 287
10508 284
10620 280
10732 280
10844 271
10956 255
11072 255
11184 248
11296 231
11408 224
11524 207
11636 193
11752 179
11864 163
11976 147
12088 127
12200 113
12312 97
12424 79
12544 63
12656 48
12768 31
12880 19
12992 7
13104 3
13216 3
13328 7
13440 7
13552 14
13672 17
13784 24
13896 31
14008 39
14120 49
14232 62
14344 71
14456 88
14568 97
14688 112
14800 127
14912 142
15024 156
15136 167
15248 184
15360 195
15472 207
15588 224
15704 231
15816 241
15928 252
16040 255
16152 255
16268 271
16380 280
16492 284
16604 286
16720 287
16832 287
16948 286
17060 284
17172 280
17284 271
17396 255
17508 255
17620 248
17740 231
17852 224
17964 207
18076 195
18188 184
18300 167
18412 152
18524 127
18636 120
18756 99
18868 83
18980 63
19092 51
19204 39
19316 24
19428 14
19540 7
19652 3
19772 7
19884 7
19996 14
20108 15
20220 24
20332 30
20444 35
20556 48
20668 60
20788 71
20900 81
21012 96
21124 112
21236 124
21348 135
21464 152
21576 167
21688 179
21804 193
21916 207
22028 217
22144 227
22256 240
22368 248
22480 255
22592 255
22704 271
22820 280
22936 284
23048 287
23160 287
23272 287
23384 287
23496 286
23608 284
23720 280
23840 270
23952 255
24064 252
24176 240
24288 227
24400 216
24512 199
24624 192
24736 167
24856 156
24968 135
25080 120
25192 103
25304 88
25416 71
25528 56
25640 39
25752 24
25872 14
25984 7
26096 3
26208 7
26320 7
26432 12
26544 15
26660 24
26772 30
26888 35
27000 48
27112 56
27224 67
27340 79
27452 96
27564 110
27676 124
27788 135
27904 152
28020 163
28132 177
28244 192
28356 206
28468 216
28580 227
28692 240
28804 248
28916 255
29032 24
29148 31
29260 39
29372 49
29484 63
29596 71
29708 88
29820 99
29936 113
30052 127
30164 143
30276 158
30388 167
30500 184
30612 195
30724 207
30836 224
30956 231
31068 243
31180 254
31292 255
31404 255
31516 275
31628 280
31740 286
31852 287
31972 287
32084 287
32196 287
32308 284
32420 280
32532 271
32644 255
32756 255
32868 248
32988 231
33100 224
33212 207
33324 193
33436 177
33548 159
33660 143
33772 127
33884 112
34004 96
34116 78
34228 62
34340 46
34452 31
34564 15
34680 7
34792 3
34904 7
35020 7
35132 7
35244 15
35360 19
35472 28
35584 31
35696 39
35808 51
35920 63
36032 76
36152 89
36264 103
36376 120
36488 127
36600 143
36712 159
36824 174
36936 188
37048 199
37168 211
37280 224
37392 231
37504 248
37616 254
37728 255
37840 255
37952 271
38064 280
38184 284
38296 286
38408 287
38520 287
38632 284
38744 280
38856 275
38968 255
39080 255
39200 252
39312 241
39424 231
39536 220
39648 206
39760 192
39876 176
39988 159
40100 143
40216 127
40328 110
40440 96
40556 78
40668 62
40780 46
40892 31
41004 15
41116 7
41232 7
41348 7
41460 7
41572 7
41684 15
41796 19
41908 28
42020 31
42132 39
42252 56
42364 63
42476 78
42588 92
42700 103
42812 120
42924 127
43036 143
43148 159
43268 176
43380 192
43492 199
43604 216
43716 225
43828 238
43940 248
44052 255
44164 255
44284 271
44396 280
44508 284
44620 287
44732 287
44844 287
44956 287
45072 287
45184 284
45300 280
45412 271
45524 255
45636 255
45752 248
45864 231
45976 224
46088 207
46200 193
46316 177
46432 159
46544 143
46656 127
46768 112
46880 96
46992 79
47104 63
47216 48
47336 31
47448 19
47560 7
47672 3
47784 3
47896 7
48008 7
48120 15
48232 17
48352 24
48464 31
48576 39
48688 51
48800 63
48912 71
49024 88
49136 99
49248 113
49368 127
49480 143
49592 158
49704 167
49816 184
49928 195
50040 207
50152 224
50268 231
50384 248
50496 255
50608 255
50720 271
50832 275
50948 280
51060 286
51172 287
51284 287
51400 287
51512 287
51628 284
51740 280
51852 271
51964 255
52076 255
52188 248
52300 236
52412 224
52528 207
52640 193
52752 179
52864 163
52976 147
53088 127
53200 113
53312 96
53424 79
53544 63
53656 48
53768 31
53880 17
53992 7
54104 3
54216 3
54328 7
54440 7
54560 15
54672 17
54784 24
54896 31
55008 39
55120 51
55232 63
55348 71
55460 88
55576 103
55688 115
55800 127
55912 143
56028 158
56140 167
56252 184
56364 195
56476 207
56592 224
56708 231
56820 243
56932 255
57044 255
57156 255
57268 271
57380 280
57492 284
57612 286
57724 287
57836 287
57952 192
58064 199
58176 216
58288 224
58400 236
58512 248
58632 255
58744 255
58856 271
58968 280
59080 281
59192 284
59308 287
59420 287
59532 286
59648 284
59760 280
59872 271
59984 255
60096 255
60208 252
60320 240
60432 227
60544 216
60664 199
60776 192
60888 172
61000 158
61112 142
61224 124
61336 103
61448 92
61560 71
61680 56
61792 39
61904 28
62016 15
62128 7
62240 3
62352 7
62468 7
62580 7
62696 15
62808 24
62920 28
63032 35
63148 46
63260 56
63372 63
63484 79
63596 94
63712 103
63828 120
63940 135
64052 152
64164 159
64276 176
64388 192
64500 199
64612 216
64732 225
64844 240
64956 248
65068 255
65180 255
65292 271
65404 280
65516 280
65628 284
65748 287
65860 287
65972 287
66084 284
66196 280
66308 280
66420 271
66532 255
66644 254
66764 240
66876 231
66988 216
67100 199
67212 192
67324 176
67436 159
67548 143
67660 126
67780 108
67892 92
68004 71
68116 60
68228 46
68340 31
68456 15
68568 7
68680 7
68796 7
68908 7
69020 7
69136 15
69248 19
69360 28
69472 31
69584 39
69696 56
69812 63
69928 79
70040 92
70152 103
70264 120
70376 127
70488 143
70600 159
70712 176
70832 192
70944 199
71056 216
71168 224
71280 238
71392 248
71504 255
71616 255
71728 271
71848 280
71960 284
72072 287
72184 287
72296 287
72408 287
72520 287
72632 284
72744 280
72864 271
72976 255
73088 255
73200 248
73312 231
73424 224
73536 207
73652 193
73764 177
73880 159
73992 143
74104 127
74216 112
74332 96
74444 79
74556 63
74668 48
74780 31
74892 17
75008 7
75120 7
75232 7
75344 7
75456 7
75568 14
75680 17
75792 24
75904 31
76024 39
76136 51
76248 63
76360 71
76472 88
76584 99
76696 115
76812 127
76924 143
77040 159
77152 174
77264 188
77376 199
77492 207
77604 224
77716 231
77828 243
77940 254
78056 255
78172 255
78284 275
78396 280
78508 284
78620 287
78732 287
78844 287
78956 286
79076 280
79188 275
79300 271
79412 255
79524 254
79636 243
79748 231
79860 220
79972 206
80092 192
80204 176
80316 159
80428 143
80540 127
80652 112
80764 96
80876 78
80988 62
81108 46
81220 31
81332 15
81444 7
81556 3
81668 7
81780 7
81892 7
82008 15
82124 19
82236 28
82348 31
82460 39
82572 56
82688 63
82800 78
82912 89
83024 103
83140 120
83252 127
83368 143
83480 159
83592 176
83704 192
83816 199
83928 211
84040 224
84160 231
84272 248
84384 255
84496 255
84608 271
84720 275
84832 280
84944 284
85056 287
85176 287
85288 287
85400 284
85512 280
85624 280
85736 271
85848 255
85960 254
86072 241
86192 231
86304 220
86416 206
86528 192
86640 176
86752 159
86868 159
86984 172
87096 184
87208 199
87320 207
87432 224
87544 231
87656 243
87768 254
87888 255
88000 255
88112 271
88224 280
88336 284
88448 286
88560 286
88672 286
88784 284
88904 280
89016 275
89128 255
89240 255
89352 254
89464 241
89576 231
89688 220
89800 206
89920 192
90032 176
90144 159
90256 143
90368 127
90480 112
90592 94
90704 76
90820 60
90936 44
91048 30
91160 15
91272 7
91384 7
91500 7
91612 7
91724 7
91836 15
91952 19
92064 28
92180 31
92292 44
92404 56
92516 63
92628 79
92740 92
92852 103
92972 120
93084 127
93196 147
93308 159
93420 176
93532 192
93644 199
93756 216
93868 224
93988 240
94100 248
94212 255
94324 255
94436 271
94548 280
94660 284
94772 287
94884 287
95004 287
95116 287
95228 287
95340 284
95452 280
95564 271
95676 255
95788 255
95900 248
96020 231
96132 224
96244 207
96356 192
96468 177
96580 159
96696 143
96808 127
96920 112
97036 96
97148 79
97260 63
97376 48
97488 31
97600 19
97712 7
97824 3
97936 7
98052 7
98168 7
98280 15
98392 17
98504 24
98616 31
98728 39
98840 51
98952 63
99072 71
99184 88
99296 99
99408 115
99520 127
99632 143
99744 158
99856 167
99968 184
100088 199
100200 211
100312 224
100424 231
100536 248
100648 255
100760 255
100872 271
100984 280
101104 284
101216 287
101328 287
101440 287
101552 287
101664 287
101776 286
101892 280
102004 271
102120 255
102232 255
102344 248
102456 231
102572 224
102684 207
102796 192
102908 177
103020 159
103132 143
103248 127
103360 112
103472 96
103584 79
103696 63
103808 48
103920 31
104032 17
104144 7
104264 3
104376 7
104488 7
104600 7
104712 15
104824 17
104936 24
105052 31
105164 39
105280 51
105392 63
105504 76
105616 88
105732 103
105844 115
105956 127
106068 143
106180 159
106296 174
106412 188
106524 199
106636 211
106748 224
106860 231
106972 248
107084 254
107196 255
107316 255
107428 273
107540 280
107652 284
107764 286
107876 287
107988 286
108100 284
108212 280
108332 271
108444 255
108556 255
108668 252
108780 241
108892 231
109004 220
109116 206
109228 192
109348 176
109460 159
109572 143
109684 127
109796 112
109908 96
110020 78
110132 62
110248 46
110364 31
110476 15
110588 7
110700 3
110812 7
110928 7
111040 7
111152 15
111264 19
111380 28
111492 31
111608 39
111720 56
111832 63
111944 78
112056 88
112168 103
112280 120
112400 127
112512 143
112624 159
112736 176
112848 192
112960 199
113072 216
113184 224
113296 231
113416 248
113528 255
113640 255
113752 271
113864 280
113976 281
114088 286
114200 287
114312 287
114432 287
114544 287
114656 284
114768 280
114880 271
114992 255
115104 255
115216 248
115328 231
115448 224
115560 207
115672 193
115780 163
115892 177
116004 192
116116 199
116228 216
116340 227
116456 240
116568 248
116684 255
116796 255
116908 271
117020 280
117132 284
117248 286
117360 287
117472 287
117584 287
117700 284
117812 280
117928 271
118040 255
118152 255
118264 252
118376 240
118488 225
118600 216
118720 199
118832 184
118944 167
119056 152
119168 135
119280 120
119392 103
119504 88
119616 71
119736 56
119848 35
119960 24
120072 12
120184 7
120296 3
120408 7
120520 7
120632 12
120752 15
120864 24
120976 30
121088 39
121200 48
121312 60
121424 67
121536 81
121648 96
121768 112
121880 124
121992 135
122104 152
122216 167
122328 179
122444 192
122556 206
122668 216
122784 227
122896 240
123008 249
123124 255
123236 255
123348 271
123460 280
123572 284
123684 286
123800 287
123916 287
124028 286
124140 284
124252 280
124364 271
124476 255
124588 255
124700 248
124820 240
124932 225
125044 216
125156 199
125268 184
125380 167
125492 152
125604 135
125716 120
125828 103
125948 88
126060 71
126172 56
126284 39
126396 28
126508 15
126620 7
126732 3
126844 7
126964 7
127076 12
127188 15
127300 24
127412 30
127524 35
127636 48
127748 56
127860 63
127980 79
128092 96
128204 110
128316 124
128428 135
128540 152
128652 163
128764 177
128880 192
128996 206
129108 220
129220 227
129332 240
129444 252
129556 255
129672 255
129784 271
129896 280
130012 284
130124 287
130236 287
130352 287
130464 287
130576 287
130688 284
130800 280
130912 271
131028 255
131144 252
131256 240
131368 227
131480 216
131592 199
131704 192
131816 174
131928 158
132048 140
132160 124
132272 103
132384 92
132496 71
132608 60
132720 39
132832 30
132944 15
133064 7
133176 3
133288 7
133400 7
133512 12
133624 15
133736 19
133848 28
133960 33
134080 46
134192 56
134304 63
134416 79
134528 92
134640 103
134752 120
134868 127
134980 147
135096 159
135208 176
135320 192
135432 199
135548 216
135660 225
135772 240
135884 248
135996 255
136112 255
136228 271
136340 280
136452 284
136564 286
136676 287
136788 287
136900 287
137012 284
137132 280
137244 275
137356 255
137468 255
137580 252
137692 240
137804 227
137916 216
138028 199
138148 192
138260 167
138372 156
138484 135
138596 124
138708 103
138820 88
138932 71
139044 56
139164 39
139276 24
139388 14
139500 7
139612 3
139724 7
139836 7
139948 7
140064 15
140180 24
140292 28
140404 35
140516 48
140628 56
140744 63
140856 79
140968 96
141080 103
141196 124
141308 135
141424 152
141536 163
141648 177
141760 192
141872 199
141984 216
142096 227
142208 240
142324 248
142436 255
142548 255
142660 271
142772 280
142884 280
142996 286
143108 287
143220 287
143340 286
143452 284
143564 280
143676 271
143788 255
143900 255
144012 252
144124 240
144236 227
144356 216
144468 199
144580 188
144692 287
144804 287
144916 287
145028 286
145140 280
145252 275
145372 255
145484 255
145596 252
145708 240
145820 227
145932 216
146044 199
146156 192
146272 174
146388 156
146500 135
146612 124
146724 103
146836 92
146952 71
147064 60
147176 39
147288 30
147404 15
147516 7
147632 3
147744 7
147856 7
147968 7
148080 15
148192 19
148304 28
148424 35
148536 46
148648 56
148760 63
148872 79
148984 94
149096 103
149208 120
149320 127
149440 152
149552 163
149664 176
149776 192
149888 199
150000 216
150112 227
150224 240
150336 248
150456 255
150568 255
150680 271
150792 280
150904 284
151016 286
151128 287
151240 287
151352 287
151472 286
151584 284
151696 280
151808 271
151920 255
152032 255
152144 243
152260 231
152372 220
152488 206
152600 192
152712 176
152824 159
152940 142
153052 126
153164 103
153276 92
153388 71
153504 56
153620 39
153732 28
153844 15
153956 7
154068 3
154180 7
154292 7
154404 12
154524 15
154636 19
154748 28
154860 35
154972 46
155084 56
155196 63
155308 79
155420 92
155532 103
155652 120
155764 127
155876 147
155988 159
156100 176
156212 192
156324 199
156436 216
156548 225
156668 240
156780 248
156892 255
157004 255
157116 271
157228 280
157340 280
157456 286
157568 287
157684 287
157796 286
157908 284
158020 280
158136 271
158248 255
158360 255
158472 252
158584 240
158700 227
158816 216
158928 199
159040 188
159152 167
159264 156
159376 135
159488 124
159600 103
159720 88
159832 71
159944 56
160056 39
160168 28
160280 14
160392 7
160504 3
160616 7
160736 7
160848 12
160960 15
161072 24
161184 30
161296 35
161408 48
161520 56
161632 67
161752 79
161864 96
161976 103
162088 124
162200 135
162312 152
162424 163
162536 177
162652 192
162768 199
162880 216
162992 227
163104 240
163216 248
163332 255
163444 255
163556 271
163668 280
163784 284
163896 286
164012 287
164124 287
164236 287
164348 286
164460 280
164572 275
164684 255
164804 255
164916 252
165028 240
165140 227
165252 216
165364 199
165476 192
165588 174
165700 158
165820 135
165932 124
166044 103
166156 92
166268 71
166380 60
166492 39
166604 30
166716 15
166836 7
166948 3
167060 7
167172 7
167284 7
167396 15
167508 19
167620 28
167732 35
167852 44
167964 56
168076 63
168188 79
168300 92
168412 103
168528 120
168640 127
168752 147
168868 159
168980 176
169092 192
169208 199
169320 216
169432 227
169544 240
169656 248
169768 255
169884 255
170000 271
170112 280
170224 284
170336 287
170448 287
170560 287
170672 287
170784 287
170896 284
171016 280
171128 271
171240 255
171352 255
171464 248
171576 231
171688 220
171800 207
171912 192
172032 176
172144 159
172256 143
172368 127
172480 110
172592 94
172704 71
172816 60
172928 46
173048 30
173160 15
173272 7
173384 3
173496 7
173604 56
173716 63
173828 78
173944 92
174060 103
174172 120
174284 127
174396 143
174508 159
174620 176
174736 192
174848 199
174960 216
175076 225
175188 240
175300 248
175416 255
175528 255
175640 271
175752 280
175864 284
175976 287
176092 287
176208 287
176320 287
176432 287
176544 284
176656 280
176768 271
176880 255
176992 255
177112 248
177224 231
177336 224
177448 207
177560 192
177672 176
177784 159
177896 143
178008 127
178128 112
178240 96
178352 78
178464 60
178576 44
178688 31
178800 15
178912 7
179024 3
179144 7
179256 7
179368 7
179480 15
179592 19
179704 28
179816 33
179932 39
180044 56
180160 63
180272 78
180384 92
180496 103
180612 120
180724 127
180836 143
180948 159
181060 176
181176 192
181292 199
181404 216
181516 224
181628 236
181740 248
181852 255
181964 255
182076 270
182196 275
182308 280
182420 284
182532 287
182644 287
182756 286
182868 284
182980 280
183092 275
183212 255
183324 255
183436 252
183548 240
183660 227
183772 216
183884 199
183996 192
184108 174
184228 158
184340 140
184452 124
184564 103
184676 92
184788 71
184900 60
185012 39
185128 30
185244 15
185356 7
185468 3
185580 7
185692 7
185808 12
185920 15
186032 19
186144 28
186260 35
186372 46
186488 56
186600 63
186712 79
186824 92
186936 103
187048 120
187160 127
187280 152
187392 159
187504 176
187616 192
187728 199
187840 216
187952 225
188064 240
188176 248
188296 255
188408 255
188520 271
188632 280
188744 284
188856 286
188968 287
189080 287
189192 287
189304 287
189424 284
189536 280
189648 271
189760 255
189872 254
189984 243
190096 231
190208 220
190324 206
190440 192
190552 176
190664 159
190776 143
190888 127
191000 112
191112 96
191224 78
191336 62
191456 48
191568 31
191680 17
191792 7
191904 7
192016 7
192128 7
192244 7
192356 15
192472 19
192584 25
192696 31
192808 39
192924 56
193036 63
193148 78
193260 88
193372 103
193488 120
193604 127
193716 143
193828 159
193940 176
194052 192
194164 199
194276 216
194388 224
194508 240
194620 248
194732 255
194844 255
194956 271
195068 280
195180 284
195292 287
195404 287
195524 287
195636 287
195748 287
195860 284
195972 280
196084 271
196196 255
196308 255
196420 248
196540 231
196652 224
196764 207
196876 192
196988 177
197100 159
197212 143
197324 127
197440 112
197556 96
197668 78
197780 62
197892 48
198004 31
198120 15
198232 7
198344 3
198456 7
198572 7
198684 7
198796 15
198912 19
199024 28
199136 31
199248 39
199360 51
199472 63
199588 78
199704 92
199816 103
199928 120
200040 127
200152 143
200264 159
200376 174
200488 188
200608 199
200720 211
200832 224
200944 231
201056 248
201168 255
201280 255
201392 271
201504 275
201624 280
201736 284
201848 286
201960 287
202072 286
202184 284
202296 280
202408 275
202524 280
202640 284
202752 287
202864 287
202976 287
203088 287
203200 287
203316 284
203432 280
203544 271
203656 255
203768 255
203880 248
203992 231
204104 224
204216 207
204336 192
204448 176
204560 159
204672 143
204784 127
204896 112
205008 96
205120 78
205232 62
205352 46
205464 31
205576 15
205688 7
205800 3
205912 7
206024 7
206136 7
206248 15
206368 19
206480 28
206592 31
206704 39
206816 56
206928 63
207040 78
207152 92
207268 103
207384 120
207496 127
207608 145
207720 159
207832 176
207948 192
208060 199
208172 216
208284 224
208400 238
208512 248
208628 255
208740 255
208852 271
208964 280
209076 284
209188 286
209300 287
209420 287
209532 287
209644 284
209756 280
209868 275
209980 255
210092 255
210204 252
210316 240
210428 227
210548 216
210660 199
210772 192
210884 174
210996 158
211108 140
211220 124
211332 103
211444 92
211564 71
211676 56
211788 39
211900 28
212012 15
212124 7
212236 3
212348 7
212460 7
212580 12
212692 15
212804 24
212916 28
213028 35
213140 46
213252 56
213364 63
213480 79
213596 96
213708 103
213820 121
213932 135
214044 152
214156 159
214268 177
214384 192
214496 199
214612 216
214724 227
214836 240
214948 248
215060 255
215176 255
215288 271
215400 280
215512 281
215628 286
215740 287
215856 287
215968 287
216080 284
216192 280
216304 273
216416 255
216528 255
216648 252
216760 240
216872 227
216984 216
217096 199
217208 192
217320 174
217432 159
217544 142
217664 124
217776 103
217888 92
218000 71
218112 60
218224 39
218336 30
218448 15
218560 7
218680 7
218792 7
218904 7
219016 12
219128 15
219240 24
219352 28
219464 35
219576 46
219696 56
219808 63
219920 79
220032 94
220144 103
220256 120
220372 127
220484 152
220596 159
220712 176
220824 192
220936 199
221052 216
221164 227
221276 240
221388 248
221500 255
221612 255
221728 271
221844 280
221956 286
222068 287
222180 287
222292 287
222404 287
222516 287
222628 284
222748 280
222860 271
222972 255
223084 255
223196 248
223308 231
223420 224
223532 207
223644 192
223764 176
223876 159
223988 143
224100 127
224212 110
224324 92
224436 71
224548 60
224660 44
224780 30
224892 15
225004 7
225116 3
225228 7
225340 7
225452 7
225568 15
225680 19
225796 28
225908 33
226020 46
226132 56
226248 63
226360 79
226472 92
226584 103
226696 120
226808 127
226924 147
227036 159
227148 176
227260 192
227372 199
227484 216
227596 225
227708 238
227820 248
227940 255
228052 255
228164 271
228276 280
228388 281
228500 286
228612 287
228728 287
228840 287
228956 286
229068 280
229180 275
229292 255
229408 255
229520 252
229632 240
229744 227
229856 216
229972 199
230088 192
230200 167
230312 156
230424 135
230536 124
230648 103
230760 88
230872 71
230992 56
231104 39
231216 25
231328 14
