112 159
228 167
340 176
452 176
564 176
676 177
788 176
900 167
1012 167
1124 159
1244 152
1356 143
1468 127
1580 120
1692 112
1804 96
1920 83
2032 71
2144 60
2260 48
2372 35
2484 30
2596 24
2712 15
2824 14
2936 15
3048 15
3160 17
3276 24
3392 30
3504 39
3616 48
3728 60
3840 63
3952 78
4064 92
4176 103
4296 113
4408 126
4520 135
4632 143
4744 153
4856 159
4968 167
5080 167
5192 176
5312 176
5424 177
5536 176
5648 176
5760 167
5872 159
5984 156
6096 143
6208 127
6328 124
6440 112
6552 99
6664 88
6776 71
6888 63
7000 49
7112 39
7228 31
7344 24
7456 15
7568 14
7680 14
7792 15
7908 17
8020 24
8132 30
8244 35
8360 46
8472 56
8588 63
8700 76
8812 88
8924 97
9036 112
9148 124
9260 127
9380 143
9492 152
9604 159
9716 167
9828 167
9940 176
10052 177
10164 177
10276 177
10396 176
10508 167
10620 163
10732 159
10844 152
10956 135
11068 127
11180 120
11292 103
11412 94
11524 79
11636 63
11748 56
11860 48
11972 31
12084 28
12196 19
12308 15
12428 15
12540 15
12652 15
12764 24
12876 28
12988 31
13104 39
13216 49
13328 60
13444 71
13556 83
13668 96
13784 103
13896 120
14008 127
14120 135
14232 152
14344 158
14460 163
14576 167
14688 176
14800 177
14912 179
15024 177
15136 176
15248 176
15360 167
15472 159
15588 152
15700 143
15812 127
15924 124
16036 112
16148 97
16260 88
16372 71
16484 62
16604 48
16716 39
16828 28
16940 19
17052 15
17164 15
17276 14
17388 15
17504 19
17620 24
17732 31
17844 39
17956 48
18068 56
18184 63
18296 79
18408 92
18520 103
18636 113
18748 127
18864 135
18976 143
19088 156
19200 159
19312 167
19424 174
19536 176
19656 177
19768 177
19880 176
19992 176
20104 167
20216 159
20328 156
20440 143
20552 135
20672 124
20784 112
20896 99
21008 88
21120 71
21232 63
21344 49
21456 39
21568 31
21688 24
21800 15
21912 15
22024 14
22136 15
22248 17
22360 24
22472 30
22584 35
22704 48
22816 56
22928 63
23040 78
23152 88
23264 99
23380 112
23492 124
23604 127
23720 143
23832 152
23944 159
24060 167
24172 167
24284 176
24396 176
24508 177
24620 176
24736 176
24852 167
24964 159
25076 156
25188 143
25300 135
25412 124
25524 113
25636 103
25756 88
25868 78
25980 63
26092 56
26204 39
26316 31
26428 24
26540 15
26652 15
26772 14
26884 15
26996 15
27108 24
27220 28
27332 35
27444 46
27556 56
27668 63
27788 71
27900 88
28012 96
28124 112
28236 120
28348 127
28460 143
28576 152
28688 159
28804 163
28916 167
29032 159
29148 152
29260 142
29372 127
29484 120
29596 103
29708 96
29820 79
29940 63
30052 56
30164 48
30276 35
30388 28
30500 19
30612 15
30724 14
30836 15
30956 15
31068 17
31180 24
31292 31
31404 39
31516 48
31628 60
31740 71
31852 79
31972 96
32084 103
32196 115
32308 127
32420 135
32532 143
32644 156
32756 159
32868 167
32988 174
33100 176
33212 176
33324 177
33436 176
33548 167
33664 167
33776 159
33888 152
34004 143
34116 127
34228 120
34344 112
34456 97
34568 88
34680 71
34792 60
34904 48
35020 39
35136 31
35248 24
35360 15
35472 15
35584 15
35696 15
35808 17
35920 24
36040 31
36152 39
36264 48
36376 56
36488 63
36600 79
36712 92
36824 99
36936 112
37056 126
37168 127
37280 143
37392 153
37504 159
37616 167
37728 174
37840 176
37952 177
38072 177
38184 176
38296 176
38408 167
38520 163
38632 156
38744 147
38860 135
38972 127
39084 113
39200 103
39312 92
39424 78
39540 63
39652 56
39764 39
39876 31
39988 24
40100 17
40216 15
40332 14
40444 15
40556 15
40668 24
40780 28
40892 33
41004 39
41116 56
41236 63
41348 71
41460 88
41572 97
41684 112
41796 120
41908 127
42020 142
42132 152
42252 159
42364 167
42476 167
42588 176
42700 177
42812 177
42924 177
43036 176
43148 172
43268 167
43380 159
43492 152
43604 142
43716 127
43828 120
43940 103
44056 96
44168 79
44284 67
44396 56
44508 44
44620 31
44736 28
44848 19
44960 15
45072 14
45184 15
45300 15
45416 24
45528 28
45640 31
45752 39
45864 48
45976 60
46088 71
46200 79
46320 96
46432 103
46544 120
46656 127
46768 135
46880 145
46992 156
47104 159
47216 167
47336 176
47448 176
47560 177
47672 177
47784 176
47896 174
48008 167
48120 159
48232 152
48352 143
48464 127
48576 120
48688 110
48800 96
48912 83
49024 71
49136 60
49252 48
49368 35
49480 30
49592 24
49704 15
49816 14
49932 14
50044 15
50156 19
50268 24
50384 31
50496 39
50612 48
50724 60
50836 63
50948 79
51060 92
51172 103
51284 113
51404 126
51516 135
51628 143
51740 152
51852 159
51964 167
52076 167
52188 174
52300 176
52420 176
52532 176
52644 176
52756 167
52868 159
52980 156
53092 143
53204 127
53316 124
53436 112
53548 97
53660 88
53772 71
53884 62
53996 49
54108 39
54220 31
54332 24
54448 15
54564 14
54676 14
54788 15
54900 17
55012 24
55128 31
55240 35
55352 48
55464 56
55580 63
55692 79
55804 88
55916 99
56028 112
56140 124
56252 127
56364 143
56476 156
56596 159
56708 163
56820 167
56932 176
57044 177
57156 177
57268 176
57380 176
57496 167
57612 163
57724 158
57836 152
57952 63
58064 56
58176 39
58288 31
58400 28
58512 17
58624 15
58736 15
58856 15
58968 15
59080 24
59192 28
59304 31
59416 39
59528 51
59640 62
59752 71
59872 88
59984 96
60096 108
60208 120
60320 127
60432 142
60544 152
60656 159
60768 163
60888 167
61000 176
61112 177
61224 177
61336 177
61448 176
61560 176
61672 167
61788 159
61904 152
62016 143
62128 127
62240 120
62352 110
62468 96
62580 83
62692 71
62804 60
62920 48
63032 35
63148 28
63260 19
63372 15
63484 15
63596 15
63708 15
63820 17
63940 24
64052 31
64164 39
64276 48
64388 60
64500 71
64612 79
64724 94
64836 103
64956 120
65068 127
65180 135
65292 143
65404 156
65516 159
65628 167
65740 176
65852 176
65972 177
66084 177
66196 176
66308 176
66420 167
66532 159
66644 156
66756 143
66868 127
66988 124
67100 112
67212 97
67324 88
67436 71
67548 62
67664 49
67776 39
67888 28
68004 24
68116 15
68228 15
68344 14
68456 15
68568 17
68680 24
68792 30
68904 35
69016 48
69132 56
69244 63
69356 79
69468 89
69580 99
69692 112
69804 124
69916 127
70028 143
70148 152
70260 159
70372 167
70484 167
70596 176
70708 176
70824 176
70936 176
71048 174
71164 167
71276 159
71388 156
71504 143
71616 135
71728 126
71840 112
71952 99
72064 88
72180 71
72296 63
72408 51
72520 39
72632 31
72744 24
72856 15
72968 15
73080 14
73200 15
73312 15
73424 24
73536 30
73648 35
73760 46
73872 56
73984 63
74096 71
74216 88
74328 97
74440 112
74552 124
74664 127
74776 143
74888 152
75000 159
75112 163
75232 167
75344 176
75456 176
75568 177
75680 176
75792 176
75904 167
76020 163
76132 159
76248 152
76360 135
76472 127
76584 120
76700 103
76812 96
76924 79
77036 67
77148 56
77264 48
77380 35
77492 28
77604 19
77716 15
77828 15
77940 15
78052 15
78164 24
78284 28
78396 31
78508 39
78620 49
78732 60
78844 71
78956 79
79068 96
79180 103
79300 120
79412 127
79524 135
79636 152
79748 158
79860 159
79972 167
80084 176
80196 176
80316 177
80428 177
80540 176
80652 176
80764 167
80876 159
80988 156
81100 143
81216 127
81332 124
81444 112
81556 97
81668 88
81780 71
81896 63
82008 49
82120 39
82232 31
82348 24
82460 15
82576 15
82688 15
82800 14
82912 17
83024 24
83136 31
83248 35
83368 48
83480 56
83592 63
83704 79
83816 92
83928 99
84040 112
84152 126
84264 135
84376 143
84496 156
84608 159
84720 167
84832 174
84944 176
85056 177
85168 177
85280 176
85392 176
85512 167
85624 159
85736 156
85848 147
85960 135
86072 127
86184 112
86296 99
86412 88
86528 71
86640 63
86752 51
86872 56
86984 63
87096 78
87208 88
87320 97
87432 112
87548 124
87660 127
87776 143
87888 152
88000 159
88112 167
88224 172
88336 176
88448 176
88568 177
88680 176
88792 176
88904 167
89016 159
89128 158
89240 152
89352 135
89464 127
89584 113
89696 103
89808 92
89920 79
90032 63
90144 56
90256 39
90368 31
90480 24
90592 17
90712 15
90824 15
90936 15
91048 15
91160 24
91272 28
91384 31
91496 39
91608 49
91728 62
91840 71
91952 83
92064 97
92176 103
92288 120
92400 127
92512 135
92624 147
92744 158
92856 163
92968 167
93080 176
93192 176
93304 177
93416 177
93528 176
93644 176
93760 167
93872 159
93984 152
94096 143
94208 127
94324 124
94436 112
94548 96
94660 88
94776 71
94888 60
95000 48
95116 39
95228 30
95340 24
95452 15
95564 14
95676 15
95792 15
95908 19
96020 24
96132 31
96244 39
96356 48
96468 56
96580 63
96692 79
96812 92
96924 103
97036 113
97148 124
97260 135
97372 143
97484 156
97596 159
97708 167
97828 176
97940 176
98052 177
98164 176
98276 176
98388 176
98500 167
98612 159
98724 156
98844 143
98956 135
99068 126
99180 112
99292 99
99404 88
99516 78
99632 63
99744 51
99860 39
99972 31
100084 24
100196 15
100312 14
100424 15
100536 15
100648 17
100760 24
100876 30
100992 35
101104 39
101216 56
101328 63
101440 71
101552 88
101664 97
101776 112
101896 124
102008 127
102120 143
102232 152
102344 159
102456 163
102568 167
102680 176
102792 176
102912 177
103024 176
103136 176
103248 167
103360 163
103472 158
103584 152
103696 135
103808 127
103928 115
104040 103
104152 92
104264 79
104376 63
104488 56
104600 44
104712 31
104828 24
104944 17
105056 14
105168 15
105280 15
105392 15
105508 24
105620 28
105732 31
105844 39
105960 51
106072 63
106188 71
106300 83
106412 96
106524 103
106636 120
106748 127
106860 135
106972 152
107088 159
107200 159
107312 167
107424 174
107536 176
107648 176
107760 176
107872 176
107984 167
108104 167
108216 159
108328 152
108440 142
108552 127
108664 120
108776 103
108888 96
109000 83
109120 71
109232 60
109344 48
109456 35
109568 28
109680 24
109792 15
109908 15
110020 15
110136 15
110248 19
110360 24
110472 31
110588 39
110700 48
110812 60
110924 67
111036 79
111152 94
111268 103
111380 115
111492 127
111604 135
111716 147
111828 156
111940 159
112052 167
112172 176
112284 176
112396 177
112508 177
112620 176
112732 176
112844 167
112956 159
113068 156
113188 143
113300 135
113412 124
113524 112
113636 99
113748 88
113860 71
113972 63
114084 51
114204 39
114316 31
114428 24
114540 15
114652 15
114764 14
114876 15
114988 17
115104 24
115220 30
115332 35
115444 46
115556 56
115668 63
115784 96
115904 103
116016 120
116128 127
116240 135
116352 145
116464 156
116576 159
116688 167
116800 176
116920 177
117032 177
117144 177
117256 176
117368 176
117480 167
117592 159
117708 156
117820 143
117936 127
118048 124
118160 112
118272 97
118388 88
118500 71
118612 62
118724 49
118836 39
118952 30
119068 24
119180 15
119292 15
119404 14
119516 15
119628 17
119740 24
119852 30
119972 35
120084 48
120196 56
120308 63
120420 78
120532 92
120644 99
120756 112
120868 124
120988 127
121100 143
121212 156
121324 159
121436 163
121548 167
121660 176
121772 176
121884 176
122004 176
122116 174
122228 167
122340 159
122452 156
122564 143
122676 135
122788 126
122904 113
123020 99
123132 88
123244 71
123356 63
123468 51
123584 39
123696 31
123808 24
123920 15
124036 15
124148 15
124264 15
124376 15
124488 24
124600 30
124712 35
124824 39
124936 56
125056 63
125168 71
125280 88
125392 97
125504 112
125616 120
125728 127
125840 143
125952 152
126072 159
126184 167
126296 172
126408 176
126520 176
126632 176
126744 176
126856 176
126968 167
127088 163
127200 158
127312 152
127424 135
127536 127
127648 120
127760 103
127872 94
127984 79
128104 63
128216 56
128328 46
128440 31
128552 28
128664 19
128780 15
128892 15
129004 15
129116 15
129232 24
129344 28
129460 31
129572 39
129684 49
129796 62
129908 71
130020 81
130132 96
130252 103
130364 120
130476 127
130588 135
130700 152
130812 158
130924 163
131036 167
131148 176
131268 176
131380 177
131492 177
131604 176
131716 176
131828 167
131940 159
132052 152
132164 143
132284 127
132396 120
132508 112
132620 96
132732 88
132844 71
132956 62
133068 49
133180 39
133300 30
133412 24
133524 15
133636 15
133748 15
133860 15
133972 17
134088 24
134200 31
134316 35
134428 48
134540 56
134652 63
134768 79
134880 88
134992 99
135104 112
135216 126
135332 135
135448 143
135560 156
135672 159
135784 167
135896 172
136008 176
136120 176
136232 177
136352 176
136464 176
136576 167
136688 159
136800 158
136912 143
137024 135
137136 127
137248 113
137368 99
137480 89
137592 78
137704 63
137816 56
137928 39
138040 31
138152 24
138264 15
138384 15
138496 14
138608 15
138720 17
138832 24
138944 28
139056 35
139168 39
139284 56
139400 63
139512 71
139624 88
139736 97
139848 110
139964 120
140076 127
140188 135
140300 152
140416 158
140528 163
140644 167
140756 176
140868 177
140980 177
141092 176
141204 176
141316 167
141436 163
141548 158
141660 152
141772 135
141884 127
141996 120
142108 103
142220 92
142332 79
142452 63
142564 56
142676 39
142788 31
142900 24
143012 15
143124 15
143236 14
143348 15
143468 15
143580 24
143692 28
143804 31
143916 39
144028 49
144140 62
144252 71
144364 83
144480 96
144596 103
144716 159
144828 152
144940 142
145056 127
145172 120
145284 103
145396 94
145508 79
145620 63
145732 56
145844 46
145956 31
146076 28
146188 17
146300 15
146412 14
146524 15
146636 15
146748 24
146860 28
146972 31
147092 39
147204 49
147316 62
147428 71
147540 83
147652 96
147764 103
147876 120
147988 127
148108 135
148220 147
148332 158
148444 163
148556 167
148668 176
148780 177
148892 177
149004 177
149124 176
149236 172
149348 167
149460 159
149572 152
149684 142
149800 127
149912 120
150024 110
150140 96
150252 81
150364 71
150480 60
150592 48
150704 35
150816 28
150928 19
151040 15
151152 14
151268 15
151380 15
151492 19
151604 24
151716 31
151828 39
151940 48
152052 60
152164 63
152284 79
152396 94
152508 103
152620 113
152732 126
152844 135
152960 143
153072 156
153184 159
153300 167
153412 174
153524 176
153640 177
153752 176
153864 176
153976 174
154088 167
154200 159
154316 152
154432 143
154544 127
154656 124
154768 112
154880 97
154992 88
155104 71
155216 63
155336 49
155448 39
155560 31
155672 24
155784 15
155896 15
156008 14
156120 15
156232 17
156352 24
156464 30
156576 35
156688 48
156800 56
156912 63
157024 76
157136 88
157248 99
157368 112
157480 124
157592 127
157704 143
157816 152
157928 159
158040 167
158156 174
158268 176
158384 177
158496 177
158608 176
158720 176
158836 167
158948 163
159060 158
159172 152
159284 135
159400 127
159516 113
159628 103
159740 92
159852 79
159964 63
160076 56
160188 39
160300 31
160420 24
160532 17
160644 15
160756 15
160868 15
160980 15
161092 24
161204 24
161316 31
161436 39
161548 56
161660 63
161772 71
161884 88
161996 96
162108 108
162220 120
162332 127
162452 142
162564 152
162676 159
162788 163
162900 167
163012 176
163124 177
163236 177
163352 177
163468 176
163580 174
163692 167
163804 159
163916 152
164032 143
164144 127
164256 120
164368 112
164484 96
164596 81
164712 71
164824 60
164936 48
165048 35
165160 28
165272 24
165384 15
165504 15
165616 15
165728 15
165840 19
165952 24
166064 31
166176 39
166288 48
166400 60
166512 71
166632 79
166744 96
166856 103
166968 120
167080 127
167192 135
167304 143
167416 156
167528 159
167648 167
167760 176
167872 176
167984 177
168096 177
168208 176
168320 176
168432 167
168548 159
168664 153
168776 143
168888 127
169000 124
169112 112
169228 99
169340 88
169452 71
169564 62
169680 48
169792 39
169908 30
170020 24
170132 15
170244 14
170356 15
170468 15
170580 19
170700 24
170812 31
170924 35
171036 48
171148 56
171260 63
171372 79
171484 88
171596 103
171716 112
171828 126
171940 127
172052 143
172164 152
172276 159
172388 167
172500 167
172612 176
172732 176
172844 177
172956 176
173068 176
173180 167
173292 159
173404 156
173516 143
173628 31
173740 24
173852 15
173972 15
174084 15
174196 15
174308 17
174420 24
174532 30
174644 35
174756 44
174872 56
174988 63
175100 71
175212 88
175324 99
175436 112
175552 124
175664 127
175776 143
175888 152
176004 159
176116 167
176232 174
176344 176
176456 176
176568 177
176680 176
176792 176
176904 167
177024 163
177136 159
177248 152
177360 135
177472 127
177584 120
177696 103
177808 96
177920 79
178040 63
178152 56
178264 48
178376 35
178488 28
178600 19
178712 15
178824 15
178936 15
179056 15
179168 24
179280 28
179392 31
179504 39
179616 49
179728 62
179840 71
179952 81
180072 96
180184 103
180296 120
180408 127
180520 135
180632 152
180748 156
180860 159
180972 167
181088 176
181200 177
181312 179
181428 177
181540 176
181652 174
181764 167
181876 159
181988 156
182100 143
182220 127
182332 124
182444 112
182556 96
182668 83
182780 71
182892 60
183004 48
183116 35
183236 30
183348 24
183460 15
183572 15
183684 15
183796 15
183908 17
184020 24
184132 31
184252 39
184364 48
184476 60
184588 63
184700 79
184812 92
184924 103
185036 113
185148 126
185268 135
185380 143
185492 152
185604 159
185716 167
185828 167
185944 176
186056 177
186168 177
186284 176
186396 176
186508 167
186624 159
186736 156
186848 143
186960 135
187072 124
187184 112
187300 99
187416 88
187528 71
187640 63
187752 49
187864 39
187976 31
188088 24
188200 15
188320 14
188432 14
188544 15
188656 15
188768 24
188880 30
188992 35
189104 46
189216 56
189336 63
189448 78
189560 88
189672 99
189784 112
189896 124
190008 127
190120 143
190232 152
190352 159
190464 163
190576 167
190688 176
190800 176
190912 176
191024 176
191140 176
191252 167
191368 159
191480 158
191592 147
191704 135
191820 127
191932 113
192044 103
192156 92
192268 79
192384 63
192500 56
192612 46
192724 31
192836 24
192948 17
193060 15
193172 15
193284 15
193404 15
193516 24
193628 28
193740 31
193852 39
193964 51
194076 63
194188 71
194300 88
194420 96
194532 110
194644 120
194756 127
194868 142
194980 152
195092 158
195204 163
195316 167
195436 176
195548 176
195660 177
195772 177
195884 176
195996 174
196108 167
196220 159
196336 152
196452 142
196564 127
196676 120
196788 103
196900 96
197016 83
197128 71
197240 60
197352 48
197468 35
197580 30
197696 24
197808 15
197920 14
198032 15
198144 15
198256 19
198368 24
198480 31
198596 39
198708 48
198820 60
198932 67
199044 79
199156 92
199268 103
199380 112
199492 127
199612 135
199724 143
199836 156
199948 159
200060 167
200172 172
200284 176
200396 176
200508 177
200628 176
200740 176
200852 167
200964 159
201076 156
201188 145
201300 135
201416 126
201528 112
201644 99
201756 88
201868 71
201980 63
202096 49
202208 39
202320 31
202432 24
202544 176
202660 176
202772 167
202884 163
203000 158
203112 152
203224 135
203336 127
203448 120
203560 103
203676 96
203792 79
203904 67
204016 56
204128 48
204240 35
204352 28
204464 17
204576 15
204696 15
204808 15
204920 15
205032 24
205144 28
205256 31
205368 39
205480 49
205592 60
205712 71
205824 79
205936 96
206048 103
206160 120
206272 127
206384 135
206496 147
206608 156
206728 159
206840 167
206952 176
207064 176
207176 177
207288 177
207400 176
207516 176
207628 167
207744 159
207856 153
207968 143
208080 127
208196 124
208308 112
208420 97
208532 88
208644 71
208760 62
208876 49
208988 39
209100 31
209212 24
209324 15
209436 15
209548 15
209660 15
209780 17
209892 24
210004 31
210116 35
210228 48
210340 56
210452 63
210564 79
210676 92
210796 103
210908 112
211020 124
211132 135
211244 143
211356 152
211468 159
211580 167
211692 174
211804 176
211924 177
212036 177
212148 176
212260 176
212372 167
212484 163
212596 158
212712 147
212824 135
212940 127
213052 113
213164 103
213276 92
213392 78
213504 63
213616 56
213728 39
213840 31
213956 24
214072 17
214184 15
214296 15
214408 15
214520 15
214632 24
214744 28
214856 35
214976 39
215088 56
215200 63
215312 71
215424 88
215536 96
215648 110
215760 120
215872 127
215992 142
216104 152
216216 158
216328 163
216440 167
216552 176
216664 176
216776 177
216888 177
217008 176
217120 167
217232 163
217344 159
217456 152
217568 135
217680 127
217792 120
217904 103
218024 92
218136 79
218248 63
218360 56
218472 46
218584 31
218700 28
218812 17
218924 15
219040 14
219152 15
219264 15
219380 24
219492 28
219604 31
219716 39
219828 49
219940 62
220056 71
220172 81
220284 96
220396 103
220508 120
220620 127
220732 135
220844 147
220956 156
221076 159
221188 167
221300 176
221412 176
221524 176
221636 176
221748 176
221860 167
221972 167
222092 159
222204 152
222316 143
222428 127
222540 120
222652 110
222764 96
222876 83
222988 71
223108 60
223220 48
223332 35
223444 30
223556 24
223668 15
223780 15
223896 15
224008 15
224124 19
224236 24
224348 31
224460 35
224576 48
224688 60
224800 67
224912 79
225024 92
225140 103
225256 115
225368 127
225480 135
225592 143
225704 156
225816 159
225928 167
226040 176
226160 176
226272 177
226384 177
226496 176
226608 176
226720 167
226832 159
226944 156
227056 147
227168 135
227288 126
227400 112
227512 99
227624 88
227736 78
227848 63
227960 56
228072 39
228184 31
228304 24
228416 15
228528 15
228640 15
228752 15
228864 17
228976 24
229088 30
229200 35
229320 46
229432 56
229544 63
229656 71
229768 88
229880 97
229992 112
230104 124
230220 127
230336 143
230448 152
230560 159
230672 167
230784 167
230896 176
231012 176
231124 177
231236 179
231352 176
