112 19
224 24
336 31
448 39
560 48
680 57
792 63
904 79
1016 92
1128 103
1240 115
1352 127
1464 142
1576 152
1696 163
1808 176
1920 192
2032 199
2144 207
2256 224
2368 227
2480 240
2592 248
2704 252
2824 255
2936 255
3048 255
3160 255
3272 255
3384 255
3496 255
3608 255
3724 254
3840 248
3952 240
4064 227
4176 220
4288 207
4400 195
4512 184
4624 167
4736 156
4856 135
4968 124
5080 103
5192 92
5304 71
5416 56
5528 39
5644 24
5756 14
5872 7
5984 7
6096 7
6208 7
6324 14
6436 15
6548 24
6660 28
6772 31
6888 39
7004 49
7116 63
7228 71
7340 88
7452 96
7564 110
7676 120
7788 127
7908 143
8020 159
8132 167
8244 184
8356 192
8468 199
8580 216
8692 224
8804 231
8924 240
9036 248
9148 252
9260 255
9372 255
9484 255
9596 255
9708 255
9820 255
9940 255
10052 252
10164 248
10276 240
10388 227
10500 224
10612 207
10724 199
10840 188
10956 172
11068 159
11180 143
11292 127
11404 112
11520 96
11632 79
11744 63
11856 48
11972 31
12084 15
12200 7
12312 7
12424 7
12536 7
12648 12
12760 15
12872 19
12992 28
13104 31
13216 39
13328 48
13440 60
13552 63
13664 79
13776 92
13888 103
14008 113
14120 127
14232 143
14344 156
14456 167
14568 177
14680 192
14792 199
14904 207
15024 224
15136 227
15248 236
15360 241
15472 252
15584 255
15696 255
15808 255
15920 255
16040 255
16152 255
16264 255
16376 255
16488 249
16600 241
16716 240
16828 227
16940 220
17056 207
17168 195
17280 184
17396 167
17508 152
17620 135
17732 120
17844 103
17956 92
18072 71
18188 56
18300 39
18412 28
18524 15
18636 7
18748 7
18860 7
18972 7
19084 14
19200 15
19312 24
19424 28
19536 31
19648 39
19760 49
19872 63
19984 71
20096 83
20216 96
20328 108
20440 120
20552 127
20664 143
20776 159
20888 167
21000 184
21116 192
21232 199
21344 216
21456 224
21568 231
21680 240
21796 248
21908 254
22020 255
22132 255
22248 255
22360 255
22476 255
22588 255
22700 255
22812 255
22924 252
23036 243
23148 231
23268 225
23380 216
23492 206
23604 192
23716 177
23828 163
23940 152
24052 127
24164 120
24284 99
24396 83
24508 63
24620 49
24732 33
24844 19
24956 7
25068 7
25180 7
25300 7
25412 7
25524 15
25636 15
25748 24
25860 31
25972 35
26084 48
26196 56
26316 63
26428 78
26540 88
26652 99
26764 113
26876 126
26988 135
27104 152
27216 159
27332 176
27444 188
27556 195
27668 207
27784 216
27896 225
28008 231
28120 240
28232 248
28348 254
28464 255
28576 255
28688 255
28800 255
28912 255
29032 224
29152 227
29264 240
29376 248
29488 252
29600 255
29712 255
29824 255
29936 255
30048 255
30168 255
30280 255
30392 255
30504 252
30616 248
30728 240
30840 231
30952 220
31064 207
31184 195
31296 184
31408 167
31520 156
31632 135
31744 124
31856 103
31968 92
32080 71
32200 60
32312 39
32424 28
32536 15
32648 7
32760 3
32876 7
32988 7
33100 14
33212 15
33328 24
33440 28
33552 31
33668 39
33780 51
33892 62
34004 71
34116 83
34228 96
34344 110
34460 120
34572 127
34684 145
34796 159
34908 167
35020 184
35132 192
35244 199
35364 216
35476 224
35588 231
35700 240
35812 248
35924 252
36036 255
36148 255
36260 255
36380 255
36492 255
36604 255
36716 255
36828 255
36940 248
37052 240
37164 231
37276 224
37396 216
37508 199
37620 192
37732 176
37844 159
37956 143
38068 127
38184 113
38296 97
38412 79
38524 63
38636 48
38748 31
38864 15
38976 7
39088 7
39200 7
39312 7
39428 12
39544 15
39656 19
39768 24
39880 31
39992 39
40104 48
40216 56
40328 63
40448 79
40560 92
40672 103
40784 115
40896 127
41008 142
41120 152
41232 163
41344 176
41464 192
41576 199
41688 207
41800 220
41912 225
42024 231
42136 240
42248 248
42360 252
42480 255
42592 255
42704 255
42816 255
42928 255
43040 255
43152 254
43264 248
43380 241
43496 231
43608 224
43720 216
43832 206
43944 192
44060 179
44172 163
44284 152
44396 135
44512 120
44624 103
44740 88
44852 71
44964 56
45076 39
45188 24
45300 14
45412 7
45532 7
45644 7
45756 7
45868 14
45980 17
46092 24
46204 28
46316 31
46428 39
46548 56
46660 63
46772 71
46884 88
46996 97
47108 112
47220 124
47332 135
47444 145
47564 159
47676 174
47788 184
47900 193
48012 206
48124 216
48236 224
48348 231
48460 240
48576 248
48692 254
48804 255
48916 255
49028 255
49140 255
49256 255
49368 255
49480 255
49592 255
49708 248
49820 241
49932 231
50044 224
50156 216
50268 199
50380 192
50492 176
50604 159
50724 147
50836 127
50948 120
51060 99
51172 88
51284 63
51396 51
51508 35
51624 24
51740 7
51852 7
51964 7
52076 7
52188 7
52300 15
52416 17
52528 24
52640 31
52756 39
52868 48
52980 56
53096 63
53208 71
53320 92
53432 103
53544 113
53656 127
53772 135
53888 152
54000 159
54112 176
54224 188
54336 195
54448 207
54560 216
54672 225
54792 231
54904 241
55016 248
55128 254
55240 255
55352 255
55464 255
55576 255
55688 255
55808 255
55920 255
56032 252
56144 248
56256 240
56368 227
56480 224
56592 207
56704 195
56824 184
56936 167
57048 156
57160 135
57272 126
57384 108
57496 92
57612 71
57724 60
57840 39
57960 7
58072 7
58184 7
58296 15
58408 19
58520 24
58632 30
58748 35
58864 48
58976 56
59088 63
59200 76
59312 88
59424 99
59536 112
59648 124
59768 135
59880 152
59992 159
60104 174
60216 184
60328 193
60440 206
60552 216
60664 224
60784 231
60896 240
61008 248
61120 254
61232 255
61344 255
61456 255
61568 255
61680 255
61800 255
61912 255
62024 252
62136 248
62248 240
62360 231
62472 224
62584 207
62696 199
62816 184
62928 167
63040 158
63152 143
63264 127
63376 112
63492 96
63604 79
63716 63
63832 48
63944 31
64056 15
64172 7
64284 7
64396 7
64508 7
64620 12
64732 15
64848 19
64964 28
65076 31
65188 39
65300 48
65412 60
65524 71
65636 79
65748 92
65860 103
65980 120
66092 127
66204 143
66316 156
66428 167
66540 177
66652 192
66764 199
66876 211
66996 224
67108 231
67220 240
67332 241
67444 252
67556 255
67668 255
67780 255
67892 255
68012 255
68124 255
68236 255
68348 255
68460 254
68572 248
68688 240
68800 227
68912 220
69028 207
69140 195
69252 184
69368 167
69480 152
69592 135
69704 120
69816 103
69928 88
70044 71
70160 56
70272 39
70384 24
70496 12
70608 7
70720 7
70832 7
70944 7
71064 14
71176 15
71288 24
71400 30
71512 35
71624 46
71736 56
71848 63
71960 71
72080 88
72192 97
72304 112
72416 124
72528 135
72640 147
72752 159
72864 167
72976 184
73096 193
73208 207
73320 216
73432 224
73544 231
73656 240
73768 248
73884 252
73996 255
74112 255
74224 255
74336 255
74448 255
74564 255
74676 255
74788 252
74900 248
75012 240
75128 231
75244 224
75356 207
75468 199
75580 184
75692 167
75804 159
75916 143
76028 127
76148 112
76260 96
76372 76
76484 62
76596 46
76708 30
76820 15
76932 7
77044 7
77164 7
77276 7
77388 14
77500 15
77612 24
77724 28
77836 31
77948 39
78060 48
78180 60
78292 71
78404 79
78516 96
78628 103
78740 120
78852 127
78964 143
79076 156
79196 167
79308 179
79420 192
79532 199
79644 207
79756 220
79872 227
79984 231
80096 241
80212 248
80324 255
80436 255
80552 255
80664 255
80776 255
80888 255
81000 255
81112 254
81228 248
81344 240
81456 231
81568 224
81680 216
81792 199
81904 192
82016 179
82128 163
82240 152
82356 127
82468 120
82580 103
82692 88
82804 71
82916 56
83028 39
83140 24
83252 14
83372 7
83484 7
83596 7
83708 7
83820 15
83932 17
84044 24
84156 28
84272 33
84388 44
84500 56
84612 63
84724 71
84836 88
84952 96
85064 112
85176 120
85288 135
85404 147
85516 159
85632 174
85744 184
85856 195
85968 207
86080 216
86192 224
86304 231
86424 240
86536 248
86648 254
86760 255
86880 17
86992 30
87104 35
87220 44
87332 56
87444 63
87560 71
87672 88
87784 97
87896 112
88008 124
88120 127
88236 147
88352 159
88464 174
88576 184
88688 195
88800 207
88912 216
89024 224
89136 231
89256 240
89368 248
89480 252
89592 255
89704 255
89816 255
89928 255
90040 255
90152 255
90272 255
90384 254
90496 248
90608 240
90720 231
90832 224
90944 216
91056 199
91168 192
91280 176
91400 159
91512 143
91624 127
91736 112
91848 96
91960 79
92076 63
92188 48
92300 31
92416 15
92528 7
92640 7
92756 3
92868 7
92980 12
93092 15
93204 19
93316 25
93432 31
93548 39
93660 48
93772 60
93884 67
93996 79
94108 92
94220 103
94332 120
94452 127
94564 143
94676 156
94788 167
94900 177
95012 192
95124 199
95236 207
95348 220
95468 227
95580 236
95692 241
95804 248
95916 255
96028 255
96140 255
96252 255
96364 255
96484 255
96596 255
96708 254
96820 248
96932 240
97044 231
97156 224
97272 216
97384 199
97500 192
97612 176
97724 159
97836 152
97952 127
98064 120
98176 99
98288 83
98400 63
98516 51
98632 35
98744 24
98856 7
98968 3
99080 7
99192 7
99304 12
99416 15
99536 17
99648 24
99760 31
99872 39
99984 48
100096 56
100208 63
100320 78
100432 88
100552 99
100664 112
100776 127
100888 135
101000 152
101112 159
101224 176
101336 184
101448 195
101568 207
101680 216
101792 224
101904 231
102016 241
102128 248
102240 254
102352 255
102468 255
102584 255
102696 255
102808 255
102920 255
103032 255
103148 252
103260 248
103372 240
103484 231
103600 224
103712 207
103824 199
103940 192
104052 176
104164 159
104276 143
104388 127
104500 112
104616 96
104732 79
104844 63
104956 48
105068 31
105180 15
105292 7
105404 3
105516 7
105636 7
105748 14
105860 15
105972 19
106084 25
106196 31
106308 39
106420 48
106532 60
106644 71
106764 79
106876 96
106988 103
107100 120
107212 127
107324 143
107436 156
107548 167
107660 177
107780 192
107892 199
108004 216
108116 224
108228 231
108340 238
108452 248
108564 252
108676 255
108796 255
108908 255
109020 255
109132 255
109244 255
109356 255
109468 255
109580 252
109696 248
109812 240
109924 227
110036 220
110148 207
110260 193
110376 184
110488 167
110600 152
110712 135
110828 124
110940 103
111056 88
111168 71
111280 56
111392 39
111504 24
111616 14
111728 7
111848 7
111960 7
112072 7
112184 14
112296 15
112408 24
112520 30
112632 35
112744 44
112864 56
112976 63
113088 71
113200 88
113312 96
113424 112
113536 120
113648 127
113760 145
113880 159
113992 174
114104 184
114216 193
114328 206
114440 216
114552 224
114664 231
114776 240
114896 248
115008 252
115120 255
115232 255
115344 255
115456 255
115572 255
115684 255
115800 255
115912 255
116028 255
116140 255
116256 252
116368 248
116480 240
116592 227
116708 220
116820 207
116932 195
117044 184
117156 167
117272 156
117388 142
117500 126
117612 112
117724 96
117836 79
117948 63
118060 48
118172 31
118292 15
118404 7
118516 7
118628 7
118740 7
118852 14
118964 15
119076 19
119188 28
119308 31
119420 39
119532 48
119644 60
119756 67
119868 79
119980 92
120092 103
120204 120
120324 127
120436 143
120548 156
120660 167
120772 177
120884 192
120996 199
121108 207
121220 224
121340 227
121452 240
121564 248
121676 252
121788 255
121900 255
122016 255
122128 255
122240 255
122356 255
122468 255
122580 255
122696 252
122808 248
122920 238
123032 227
123144 220
123256 207
123372 192
123488 184
123600 167
123712 152
123824 135
123936 124
124048 103
124160 89
124272 71
124392 56
124504 39
124616 28
124728 14
124840 7
124952 7
125064 7
125176 7
125288 14
125408 15
125520 24
125632 28
125744 35
125856 39
125968 51
126080 63
126192 71
126304 88
126424 96
126536 112
126648 124
126760 135
126872 147
126984 159
127096 174
127212 184
127324 193
127440 206
127552 216
127664 224
127776 231
127892 240
128004 248
128116 252
128228 255
128340 255
128456 255
128572 255
128684 255
128796 255
128908 255
129020 255
129132 252
129244 241
129356 231
129468 224
129588 216
129700 199
129812 192
129924 176
130036 159
130148 143
130260 127
130372 115
130484 97
130604 79
130716 63
130828 49
130940 31
131052 15
131164 7
131276 7
131388 7
131500 7
131620 7
131732 15
131844 17
131956 24
132068 31
132180 39
132292 48
132408 56
132520 63
132636 79
132748 92
132860 103
132972 113
133088 127
133200 135
133312 152
133424 163
133536 176
133652 192
133768 199
133880 207
133992 220
134104 225
134216 231
134328 241
134440 248
134552 254
134672 255
134784 255
134896 255
135008 255
135120 255
135232 255
135344 254
135456 248
135568 241
135688 231
135800 224
135912 216
136024 204
136136 192
136248 179
136360 163
136472 152
136584 135
136704 120
136816 103
136928 88
137040 67
137152 56
137264 39
137376 24
137488 12
137604 7
137720 7
137832 7
137944 7
138056 15
138168 15
138284 24
138396 30
138508 35
138620 44
138736 56
138848 63
138964 78
139076 88
139188 96
139300 112
139412 124
139524 127
139636 143
139756 159
139868 167
139980 184
140092 193
140204 206
140316 216
140428 224
140540 231
140652 240
140772 248
140884 252
140996 255
141108 255
141220 255
141332 255
141444 255
141556 255
141668 255
141788 254
141900 248
142012 240
142124 231
142236 224
142348 211
142460 199
142572 192
142684 176
142804 159
142916 143
143028 127
143140 113
143252 96
143364 79
143480 63
143592 49
143704 31
143820 19
143932 7
144044 7
144160 7
144272 7
144384 7
144496 15
144608 17
144720 49
144832 60
144944 71
145056 79
145176 96
145288 103
145400 120
145512 127
145624 143
145736 156
145848 167
145960 177
146072 192
146184 199
146300 209
146412 224
146524 227
146636 240
146748 248
146860 252
146972 255
147084 255
147196 255
147316 255
147428 255
147540 255
147652 255
147764 255
147876 252
147988 241
148100 231
148216 225
148332 216
148444 199
148556 192
148668 177
148780 163
148892 152
149008 127
149120 120
149232 99
149348 88
149460 63
149572 51
149688 35
149800 19
149912 7
150024 7
150136 7
150248 7
150364 7
150480 15
150592 15
150704 24
150816 31
150928 35
151040 46
151152 56
151264 63
151384 71
151496 88
151608 99
151720 112
151832 126
151944 135
152056 152
152168 159
152280 176
152400 188
152512 195
152624 207
152736 216
152848 224
152960 231
153072 240
153184 248
153296 252
153416 255
153528 255
153640 255
153752 255
153864 255
153976 255
154088 255
154204 248
154316 241
154432 231
154544 225
154656 216
154768 207
154884 195
154996 184
155108 167
155220 156
155332 135
155448 124
155564 103
155676 92
155788 71
155900 60
156012 39
156124 30
156236 15
156348 7
156468 7
156580 7
156692 7
156804 14
156916 15
157028 24
157140 28
157252 31
157364 39
157484 51
157596 63
157708 71
157820 83
157932 96
158044 103
158156 120
158268 127
158380 143
158500 158
158612 167
158724 184
158836 192
158948 199
159060 216
159172 224
159284 231
159400 240
159516 248
159628 252
159740 255
159852 255
159964 255
160080 255
160192 255
160304 255
160416 255
160532 255
160644 248
160760 243
160872 231
160984 225
161096 216
161208 206
161320 192
161432 179
161544 163
161660 152
161772 127
161884 120
161996 103
162108 88
162220 71
162332 56
162444 39
162556 24
162676 12
162788 7
162900 7
163012 7
163124 7
163236 14
163348 15
163460 24
163572 28
163692 35
163804 44
163916 56
164028 63
164140 71
164252 88
164364 97
164480 112
164592 124
164708 135
164820 152
164932 159
165044 174
165160 184
165272 195
165384 207
165496 216
165608 225
165724 231
165836 241
165952 248
166064 255
166176 255
166288 255
166400 255
166512 255
166624 255
166744 255
166856 255
166968 254
167080 248
167192 240
167304 231
167416 224
167528 211
167640 199
167760 192
167872 176
167984 159
168096 143
168208 127
168320 112
168432 96
168544 79
168656 63
168776 48
168888 31
169000 15
169112 7
169224 7
169336 7
169448 7
169560 12
169672 15
169792 19
169904 28
170016 31
170128 39
170240 48
170352 60
170468 67
170580 79
170692 94
170808 103
170920 120
171032 127
171148 143
171260 156
171372 167
171484 177
171596 192
171708 199
171824 207
171940 224
172052 227
172164 236
172276 241
172388 248
172500 254
172612 255
172724 255
172844 255
172956 255
173068 255
173180 255
173292 252
173404 248
173516 240
173624 48
173744 60
173856 71
173968 79
174080 96
174192 103
174304 120
174416 127
174532 143
174644 156
174756 167
174872 177
174984 192
175096 199
175212 211
175324 220
175436 227
175548 240
175660 248
175772 252
175888 255
176004 255
176116 255
176228 255
176340 255
176452 255
176564 255
176676 255
176788 252
176908 248
177020 240
177132 227
177244 220
177356 207
177468 195
177580 184
177692 167
177804 156
177924 135
178036 124
178148 103
178260 92
178372 71
178484 56
178596 39
178708 28
178820 15
178940 7
179052 7
179164 7
179276 7
179388 14
179500 15
179612 24
179728 28
179840 31
179956 39
180068 51
180180 63
180292 71
180408 83
180520 96
180632 110
180744 120
180856 127
180972 143
181088 159
181200 167
181312 184
181424 193
181536 206
181648 216
181760 224
181872 231
181992 240
182104 248
182216 254
182328 255
182440 255
182552 255
182664 255
182776 255
182888 255
183008 255
183120 255
183232 248
183344 240
183456 231
183568 224
183680 216
183792 199
183904 192
184024 176
184136 159
184248 143
184360 127
184472 113
184584 96
184696 79
184808 63
184924 48
185040 31
185152 15
185264 7
185376 7
185488 7
185604 7
185716 12
185828 15
185940 19
186056 24
186168 31
186284 39
186396 48
186508 60
186620 63
186732 79
186844 92
186956 103
187076 115
187188 127
187300 142
187412 152
187524 163
187636 176
187748 192
187860 199
187972 207
188092 220
188204 225
188316 231
188428 241
188540 248
188652 254
188764 255
188876 255
188988 255
189108 255
189220 255
189332 255
189444 254
189556 248
189668 241
189780 231
189892 224
190004 216
190120 199
190236 192
190348 177
190460 163
190572 152
190684 127
190800 120
190912 103
191024 88
191136 71
191252 56
191364 39
191476 24
191588 7
191700 3
191812 7
191924 7
192036 7
192148 14
192268 15
192380 24
192492 28
192604 35
192716 44
192828 56
192940 63
193052 71
193168 88
193284 97
193396 112
193508 124
193620 135
193732 147
193844 159
193960 167
194072 184
194184 193
194300 206
194412 216
194524 224
194640 231
194752 240
194864 248
194976 252
195088 255
195200 255
195316 255
195432 255
195544 255
195656 255
195768 255
195880 255
195992 249
196104 241
196216 231
196336 224
196448 216
196560 199
196672 192
196784 176
196896 159
197008 147
197120 127
197232 115
197352 97
197464 79
197576 63
197688 49
197800 33
197912 19
198024 7
198136 7
198248 7
198368 7
198480 12
198592 15
198704 17
198816 24
198928 31
199040 35
199156 48
199268 56
199384 63
199496 79
199608 92
199720 103
199836 113
199948 127
200060 135
200172 152
200284 159
200400 176
200516 192
200628 199
200740 207
200852 220
200964 227
201076 236
201188 241
201300 249
201420 255
201532 255
201644 255
201756 255
201868 255
201980 255
202092 255
202204 255
202316 254
202436 248
202556 184
202668 167
202780 152
202892 135
203004 124
203120 103
203236 88
203348 71
203460 56
203572 39
203684 28
203796 14
203908 7
204020 3
204140 7
204252 7
204364 15
204476 15
204588 24
204700 28
204812 33
204924 39
205036 51
205156 63
205268 71
205380 88
205492 96
205604 110
205716 124
205828 127
205940 147
206052 159
206172 172
206284 184
206396 193
206508 206
206620 216
206732 224
206844 231
206956 240
207068 248
207188 252
207300 255
207412 255
207524 255
207636 255
207748 255
207864 255
207976 255
208088 255
208204 248
208316 240
208428 231
208544 224
208656 216
208768 199
208880 192
208992 176
209104 159
209220 143
209336 127
209448 115
209560 97
209672 79
209784 63
209896 48
210008 31
210120 19
210232 7
210348 7
210460 7
210572 7
210684 7
210796 15
210908 19
211020 24
211132 31
211244 39
211364 48
211476 56
211588 63
211700 79
211812 92
211924 99
212036 113
212148 127
212264 135
212380 152
212492 163
212604 176
212716 192
212828 199
212944 207
213056 217
213168 225
213280 231
213396 240
213508 248
213624 254
213736 255
213848 255
213960 255
214072 255
214184 255
214296 255
214416 254
214528 248
214640 241
214752 231
214864 225
214976 216
215088 206
215200 192
215312 177
215432 163
215544 152
215656 135
215768 120
215880 103
215992 88
216104 71
216216 56
216328 39
216448 24
216560 7
216672 3
216784 7
216896 7
217008 7
217120 14
217232 15
217344 24
217464 30
217576 33
217688 39
217800 56
217912 63
218024 71
218140 88
218252 97
218364 112
218480 124
218592 135
218704 147
218820 159
218932 167
219044 184
219156 193
219268 206
219380 216
219496 224
219612 231
219724 240
219836 248
219948 252
220060 255
220172 255
220284 255
220396 255
220516 255
220628 255
220740 255
220852 254
220964 248
221076 240
221188 231
221300 224
221412 216
221532 199
221644 192
221756 176
221868 159
221980 143
222092 127
222204 115
222316 99
222428 83
222548 63
222660 49
222772 35
222884 19
222996 7
223108 7
223220 7
223336 7
223448 7
223564 15
223676 17
223788 24
223900 31
224016 35
224128 48
224240 56
224352 63
224464 79
224580 92
224696 103
224808 113
224920 127
225032 135
225144 152
225256 163
225368 176
225480 192
225592 199
225708 207
225820 220
225932 225
226044 231
226156 241
226268 248
226380 255
226492 255
226604 255
226724 255
226836 255
226948 255
227060 255
227172 255
227284 254
227396 248
227508 240
227624 231
227740 224
227852 207
227964 195
228076 188
228188 167
228300 158
228416 142
228528 127
228640 112
228756 94
228868 78
228980 60
229096 39
229208 30
229320 15
229432 7
229544 7
229656 7
229772 7
229888 14
230000 15
230112 24
230224 28
230336 31
230448 39
230560 48
230672 60
230792 71
230904 83
231016 96
231128 103
231240 120
231352 127
