220 1023
432 864
644 1023
856 1023
1068 1023
1284 1023
1496 1023
1704 1023
1916 1023
2128 1023
2344 1023
2556 1023
2764 1023
2976 1023
3192 1023
3404 1016
3616 864
3828 704
4040 540
4256 384
4468 199
4680 63
4888 48
5100 63
5316 112
5528 159
5740 240
5952 334
6164 448
6380 575
6592 704
6804 831
7012 960
7224 1023
7440 1023
7652 1023
7864 1023
8076 1023
8292 1023
8504 1023
8716 1023
8924 1023
9136 1023
9356 1023
9564 1023
9776 1023
9988 975
10200 828
10416 664
10628 504
10840 327
11048 167
11260 56
11480 56
11688 71
11900 120
12112 192
12324 255
12540 384
12752 480
12964 608
13172 768
13384 864
13604 992
13812 1023
14024 1023
14236 1023
14452 1023
14664 1023
14876 1023
15088 1023
15296 1023
15516 1023
15728 1023
15936 1023
16148 1023
16360 1023
16576 960
16788 799
17000 639
17212 480
17420 312
17640 142
17852 48
18060 56
18272 71
18484 124
18700 192
18912 271
19124 384
19336 496
19552 632
19764 768
19972 896
20184 1008
20396 1023
20612 1023
20824 1023
21036 1023
21248 1023
21460 1023
21676 1023
21888 1023
22096 1023
22308 1023
22520 1023
22736 1023
22948 1023
23160 927
23372 771
23584 608
23800 448
24012 270
24220 120
24432 48
24644 60
24860 96
25072 127
25284 199
25496 287
25712 399
25924 519
26136 639
26344 775
26556 903
26776 1023
26984 1023
27196 1023
27408 1023
27620 1023
27836 1023
28048 1023
28260 1023
28468 1023
28680 1023
28900 1023
29108 1023
29320 1023
29532 1023
29744 896
29960 768
30172 572
30384 399
30592 240
30804 96
31024 48
31232 62
31444 96
31656 143
31872 224
32084 318
32296 423
32508 543
32716 671
32936 807
33148 931
33356 1023
33568 1023
33780 1023
33996 1023
34208 1023
34420 1023
34632 1023
34840 1023
35060 1023
35272 1023
35480 1023
35692 1023
35904 1023
36120 1016
36332 864
36544 705
36756 543
36972 384
37184 224
37396 63
37604 48
37816 63
38036 112
38244 158
38456 240
38668 327
38880 448
39096 574
39308 704
39520 830
39728 960
39940 1023
40160 1023
40368 1023
40580 1023
40792 1023
41004 1023
41220 1023
41432 1023
41644 1023
41852 1023
42064 1023
42280 1023
42492 1023
42700 992
42912 839
43128 675
43340 511
43552 352
43764 192
43976 56
44192 56
44404 67
44612 112
44824 166
45036 252
45252 352
45464 480
45676 591
45888 736
46100 847
46316 975
46528 1023
46736 1023
46948 1023
47160 1023
47376 1023
47588 1023
47800 1023
48012 1023
48228 1023
48440 1023
48652 1023
48860 1023
49072 1023
49292 960
49500 799
49712 639
49924 480
50136 312
50352 135
50564 48
50776 56
50984 76
51196 124
51416 192
51624 271
51836 384
52048 496
52260 624
52476 768
52688 896
52900 1008
53108 1023
53320 1023
53540 1023
53748 1023
53960 1023
54172 1023
54388 1023
54604 60
54816 96
55028 127
55240 199
55456 295
55668 401
55880 524
56088 647
56300 780
56516 911
56728 1023
56940 1023
57152 1023
57364 1023
57580 1023
57792 1023
58004 1023
58212 1023
58432 1023
58640 1023
58852 1023
59064 1023
59276 1023
59492 1023
59704 896
59916 736
60124 568
60336 391
60556 224
60764 76
60976 48
61188 63
61400 96
61616 145
61828 224
62040 319
62248 448
62460 547
62680 704
62888 816
63100 944
63312 1023
63524 1023
63740 1023
63952 1023
64164 1023
64372 1023
64592 1023
64804 1023
65012 1023
65224 1023
65436 1023
65652 1023
65864 1023
66076 1016
66288 864
66496 704
66716 529
66928 384
67136 199
67348 63
67560 48
67776 63
67988 112
68200 159
68412 240
68620 335
68840 449
69052 575
69260 704
69472 831
69684 960
69900 1023
70112 1023
70324 1023
70536 1023
70752 1023
70964 1023
71172 1023
71384 1023
71596 1023
71812 1023
72024 1023
72236 1023
72448 1023
72660 992
72876 830
73088 668
73296 504
73508 327
73720 167
73936 56
74148 56
74360 71
74572 120
74784 192
75000 255
75212 384
75420 480
75632 608
75852 768
76060 864
76272 992
76484 1023
76696 1023
76912 1023
77124 1023
77336 1023
77544 1023
77756 1023
77976 1023
78184 1023
78396 1023
78608 1023
78820 1023
79036 1023
79248 944
79460 783
79668 632
79880 455
80100 287
80308 127
80520 48
80732 56
80944 79
81160 126
81372 192
81580 280
81792 384
82012 508
82220 636
82432 768
82644 896
82856 1016
83072 1023
83284 1023
83496 1023
83704 1023
83916 1023
84136 1023
84344 1023
84556 1023
84768 1023
84980 1023
85196 1023
85408 1023
85620 1023
85828 920
86040 768
86260 608
86468 448
86680 255
86892 112
87108 48
87320 60
87532 96
87744 127
87952 199
88172 295
88380 408
88592 526
88804 654
89016 783
89232 911
89444 1023
89656 1023
89868 1023
90076 1023
90296 1023
90504 1023
90716 1023
90928 1023
91140 1023
91356 1023
91568 1023
91780 1023
91992 1023
92200 1023
92420 896
92628 768
92840 568
93052 396
93268 224
93480 71
93692 48
93904 63
94116 96
94332 147
94544 224
94752 319
94964 448
95176 551
95392 704
95604 816
95816 944
96028 1023
96240 1023
96456 1023
96668 1023
96876 1023
97088 1023
97300 1023
97516 1023
97728 1023
97940 1023
98152 1023
98368 1023
98580 1023
98792 995
99000 864
99212 704
99428 515
99640 352
99852 192
100064 60
100276 48
100492 63
100704 112
100916 159
101124 248
101336 352
101552 460
101764 583
101976 711
102188 839
102400 967
102616 1023
102828 1023
103040 1023
103248 1023
103460 1023
103680 1023
103888 1023
104100 1023
104312 1023
104528 1023
104740 1023
104952 1023
105164 1023
105372 974
105592 824
105800 655
106012 496
106224 319
106436 159
106652 56
106864 56
107076 71
107288 120
107496 192
107716 255
107924 384
108136 480
108348 608
108560 768
108776 880
108996 248
109212 352
109424 455
109632 575
109844 710
110056 839
110272 967
110484 1023
110696 1023
110908 1023
111120 1023
111336 1023
111548 1023
111756 1023
111968 1023
112180 1023
112396 1023
112608 1023
112820 1023
113032 1023
113248 966
113460 824
113672 655
113880 496
114092 319
114312 159
114520 56
114732 56
114944 71
115156 120
115372 192
115584 255
115796 384
116008 480
116216 608
116436 768
116644 880
116856 992
117068 1023
117280 1023
117496 1023
117708 1023
117920 1023
118132 1023
118348 1023
118560 1023
118768 1023
118980 1023
119192 1023
119408 1023
119620 1023
119832 960
120044 796
120256 636
120472 455
120684 287
120892 127
121104 48
121316 56
121532 79
121744 126
121956 192
122168 280
122380 384
122596 508
122808 636
123016 768
123228 896
123440 1016
123656 1023
123868 1023
124080 1023
124292 1023
124508 1023
124720 1023
124932 1023
125140 1023
125352 1023
125568 1023
125780 1023
125992 1023
126204 1023
126416 911
126632 768
126844 583
127056 415
127264 254
127476 96
127692 48
127904 60
128116 96
128328 135
128540 224
128756 312
128968 414
129180 536
129388 659
129600 796
129816 924
130028 1023
130240 1023
130452 1023
130668 1023
130880 1023
131092 1023
131304 1023
131512 1023
131732 1023
131940 1023
132152 1023
132364 1023
132576 1023
132792 1022
133004 896
133216 736
133428 560
133636 385
133856 224
134064 71
134276 48
134488 63
134700 96
134916 152
135128 224
135340 319
135552 448
135768 568
135980 704
136188 824
136400 960
136612 1023
136828 1023
137040 1023
137252 1023
137464 1023
137672 1023
137892 1023
138104 1023
138312 1023
138524 1023
138736 1023
138952 1023
139164 1023
139376 1008
139588 864
139796 704
140016 526
140228 384
140436 192
140648 62
140860 48
141076 63
141288 112
141496 159
141708 248
141924 352
142136 455
142348 575
142560 707
142772 838
142988 967
143200 1023
143412 1023
143620 1023
143832 1023
144048 1023
144260 1023
144472 1023
144684 1023
144896 1023
145112 1023
145324 1023
145536 1023
145744 1023
145956 969
146172 824
146384 654
146596 496
146808 319
147024 156
147236 48
147448 56
147660 71
147868 120
148088 192
148296 255
148508 384
148720 481
148932 608
149148 768
149360 896
149572 992
149784 1023
149992 1023
150212 1023
150420 1023
150632 1023
150844 1023
151056 1023
151272 1023
151484 1023
151696 1023
151908 1023
152116 1023
152336 1023
152544 935
152756 783
152968 624
153184 448
153396 284
153608 127
153820 48
154028 56
154248 96
154460 127
154668 192
154880 284
155092 385
155308 510
155520 638
155732 768
155944 896
156152 1020
156372 1023
156584 1023
156792 1023
157004 1023
157216 1023
157432 1023
157644 1023
157856 1023
158068 1023
158284 1023
158496 1023
158708 1023
158916 1023
159128 913
159348 768
159556 608
159768 432
159980 255
160192 112
160408 48
160620 60
160832 96
161040 135
161252 206
161472 304
161680 412
161892 527
162104 655
162316 783
162532 920
162744 1023
162956 1023
163164 1023
163380 1023
163592 1023
163804 1023
164012 1023
164224 1023
164440 1023
164652 1023
164864 1023
165076 1023
165288 1023
165504 1023
165716 1023
165928 992
166136 839
166348 679
166564 511
166776 352
166988 192
167200 60
167412 48
167628 67
167840 112
168052 167
168260 252
168480 352
168688 480
168900 591
169112 736
169324 864
169540 992
169752 1023
169964 1023
170172 1023
170384 1023
170604 1023
170812 1023
171024 1023
171236 1023
171448 1023
171664 1023
171876 1023
172088 1023
172296 1023
172508 961
172728 807
172936 639
173148 480
173360 316
173572 143
173788 48
174000 56
174212 79
174420 124
174640 192
174852 270
175060 384
175272 496
175484 624
175700 768
175912 896
176124 1008
176336 1023
176544 1023
176764 1023
176976 1023
177184 1023
177396 1023
177608 1023
177824 1023
178036 1023
178248 1023
178460 1023
178668 1023
178888 1023
179100 924
179308 768
179520 608
179736 448
179948 255
180160 112
180372 48
180584 60
180800 96
181012 127
181220 199
181432 287
181644 399
181860 519
182072 647
182284 780
182496 903
182708 1023
182924 1023
183136 1023
183344 1023
183556 1023
183768 1023
183984 1023
184196 1023
184408 1023
184620 1023
184832 1023
185048 1023
185260 1023
185468 1023
185680 896
185900 768
186108 574
186320 403
186532 248
186744 96
186960 48
187172 62
187384 96
187596 143
187804 224
188024 316
188232 423
188444 543
188656 671
188868 799
189084 934
189296 1023
189508 1023
189720 1023
189928 1023
190148 1023
190356 1023
190568 1023
190780 1023
190996 1023
191208 1023
191420 1023
191632 1023
191844 1023
192060 1016
192272 865
192480 704
192692 542
192904 384
193120 199
193332 63
193544 48
193756 63
193968 112
194184 159
194396 240
194604 334
194816 448
195028 574
195244 704
195456 831
195668 960
195880 1023
196092 1023
196308 1023
196520 1023
196728 1023
196940 1023
197160 1023
197368 1023
197580 1023
197792 1023
198004 1023
198220 1023
198432 1023
198644 975
198852 828
199064 664
199280 496
199492 319
199704 159
199916 56
200128 56
200344 71
200556 120
200768 192
200976 255
201188 384
201404 480
201616 608
201828 768
202040 864
202256 992
202468 1023
202680 1023
202892 1023
203100 1023
203320 1023
203528 1023
203740 1023
203952 1023
204164 1023
204380 1023
204592 1023
204804 1023
205016 1023
205224 960
205444 798
205652 636
205864 480
206076 304
206288 135
206504 48
206716 56
206928 78
207140 124
207348 192
207568 271
207776 384
207988 504
208200 632
208416 768
208628 896
208840 1016
209052 1023
209260 1023
209480 1023
209692 1023
209900 1023
210112 1023
210324 1023
210540 1023
210752 1023
210964 1023
211176 1023
211384 1023
211604 1023
211816 924
212024 768
212236 608
212448 448
212664 255
212876 112
213088 48
213300 60
213508 96
213728 127
213940 204
214148 295
214360 399
214576 527
214788 654
215000 783
215212 910
215424 1023
215640 1023
215852 1023
216064 1023
216272 1023
216484 1023
216700 1023
216912 1023
217124 1023
217336 1023
217548 1023
217768 655
217980 783
218192 911
218408 1023
218620 1023
218832 1023
219040 1023
219252 1023
219468 1023
219680 1023
219892 1023
220104 1023
220316 1023
220532 1023
220744 1023
220956 1023
221164 1023
221376 896
221592 736
221804 560
222016 387
222228 224
222444 71
222656 48
222868 63
223076 96
223288 147
223508 225
223716 319
223928 448
224140 560
224352 704
224568 824
224780 960
224992 1023
225200 1023
225412 1023
225632 1023
225840 1023
226052 1023
226264 1023
226476 1023
226692 1023
226904 1023
227116 1023
227324 1023
227536 1023
227756 992
227964 844
228176 704
228388 519
228604 352
228816 192
229028 60
229240 48
229448 63
229668 112
229880 159
230088 248
230300 352
230512 455
230728 583
230940 711
231152 839
231364 967
231572 1023
231792 1023
232004 1023
232212 1023
232424 1023
232636 1023
232852 1023
233064 1023
233276 1023
233488 1023
233704 1023
233916 1023
234124 1023
234336 972
234548 828
234764 655
234976 496
235188 319
235400 159
235612 56
235828 56
236040 71
236248 120
236460 192
236672 255
236888 384
237100 480
237312 608
237524 768
237736 864
237952 992
238164 1023
238372 1023
238584 1023
238796 1023
239012 1023
239224 1023
239436 1023
239648 1023
239864 1023
240076 1023
240288 1023
240496 1023
240708 1023
240928 896
241136 783
241348 632
241560 454
241772 287
241988 124
242200 48
242412 56
242620 96
242832 127
243052 192
243260 286
243472 387
243684 510
243896 636
244112 768
244324 896
244536 1020
244744 1023
244964 1023
245172 1023
245384 1023
245596 1023
245808 1023
246024 1023
246236 1023
246448 1023
246660 1023
246868 1023
247088 1023
247296 1023
247508 899
247720 768
247932 583
248148 414
248360 252
248572 96
248784 48
248992 60
249212 96
249420 135
249632 224
249844 312
250056 415
250272 540
250484 668
250696 798
250908 924
251124 1023
251336 1023
251544 1023
251756 1023
251968 1023
252184 1023
252396 1023
252608 1023
252820 1023
253032 1023
253248 1023
253460 1023
253668 1023
253880 1023
254092 896
254308 736
254520 560
254732 385
254944 224
255156 71
255372 48
255584 63
255792 96
256004 152
256216 225
256432 319
256644 448
256856 560
257068 704
257284 824
257496 960
257708 1023
257916 1023
258128 1023
258344 1023
258556 1023
258768 1023
258980 1023
259192 1023
259408 1023
259620 1023
259832 1023
260040 1023
260252 1023
260468 993
260680 847
260892 704
261104 519
261316 352
261532 192
261744 60
261956 48
262164 63
262384 112
262592 163
262804 252
263016 352
263228 455
263444 588
263656 716
263868 846
264080 967
264288 1023
264508 1023
264716 1023
264928 1023
265140 1023
265352 1023
265568 1023
265780 1023
265992 1023
266204 1023
266412 1023
266632 1023
266840 1023
267052 960
267264 807
267476 639
267692 480
267904 316
268112 152
268324 48
268540 56
268752 71
268964 120
269176 192
269388 255
269604 384
269816 496
270028 624
270236 768
270448 896
270664 1008
270876 1023
271088 1023
271300 1023
271512 1023
271728 1023
271940 1023
272156 1023
272376 1023
272588 1023
272796 1023
273008 1023
273220 1023
273436 1023
273648 1023
273860 1022
274072 896
274280 715
274500 543
274712 384
274920 224
275132 67
275344 48
275560 63
275772 96
275984 156
276196 240
276412 327
276624 448
276832 568
277044 704
277256 828
277472 960
277684 1023
277896 1023
278108 1023
278320 1023
278536 1023
278748 1023
278956 1023
279168 1023
279380 1023
279596 1023
279808 1023
280020 1023
280232 1023
280444 992
280660 831
280872 671
281080 510
281292 352
281512 192
281720 56
281932 56
282144 67
282356 112
282572 192
282784 254
282996 352
283204 480
283416 591
283636 736
283848 864
284056 992
284268 1023
284480 1023
284696 1023
284908 1023
285120 1023
285332 1023
285540 1023
285760 1023
285972 1023
286180 1023
286392 1023
286604 1023
286820 1023
287032 960
287240 799
287452 639
287668 480
287880 304
288092 142
288304 48
288516 56
288732 78
288944 124
289152 192
289364 271
289576 384
289792 504
290004 624
290216 768
290428 896
290640 1008
290856 1023
291068 1023
291276 1023
291488 1023
291700 1023
291916 1023
292128 1023
292340 1023
292552 1023
292768 1023
292980 1023
293192 1023
293400 1023
293612 931
293832 775
294040 609
294252 448
294464 280
294676 124
294892 48
295104 60
295316 96
295524 127
295736 195
295956 287
296164 391
296376 513
296588 639
296800 771
297016 903
297228 1023
297440 1023
297648 1023
297860 1023
298080 1023
298288 1023
298500 1023
298712 1023
298928 1023
299140 1023
299352 1023
299564 1023
299772 1023
299992 1023
300204 896
300412 768
300624 575
300836 403
301052 240
301264 96
301476 48
301688 62
301896 96
302116 143
302328 224
302536 316
302748 422
302960 543
303176 671
303388 803
303600 927
303812 1023
304028 1023
304240 1023
304452 1023
304660 1023
304872 1023
305088 1023
305300 1023
305512 1023
305724 1023
305936 1023
306152 1023
306364 1023
306576 1008
306784 864
306996 704
307212 527
307424 384
307636 199
307848 63
308060 48
308276 63
308488 112
308700 159
308908 240
309120 334
309336 449
309548 575
309760 704
309972 831
310188 960
310400 1023
310612 1023
310820 1023
311032 1023
311252 1023
311460 1023
311672 1023
311884 1023
312096 1023
312312 1023
312524 1023
312736 1023
312944 1023
313156 992
313376 831
313584 671
313796 508
314008 352
314220 192
314436 56
314648 56
314860 71
315068 112
315280 192
315500 255
315708 384
315920 480
316132 608
316348 768
316560 864
316772 992
316984 1023
317192 1023
317412 1023
317624 1023
317832 1023
318044 1023
318256 1023
318472 1023
318684 1023
318896 1023
319108 1023
319316 1023
319536 1023
319748 960
319956 799
320168 639
320380 480
320596 295
320808 131
321020 48
321232 56
321448 79
321660 126
321868 192
322080 271
322292 384
322508 504
322720 632
322932 768
323144 896
323356 1008
323572 1023
323784 1023
323992 1023
324204 1023
324416 1023
324632 1023
324844 1023
325056 1023
325268 1023
325480 1023
325696 1023
325908 1023
326116 1023
326328 911
326548 1023
326760 992
326972 839
327188 675
327400 512
327612 352
327820 192
328032 60
328248 48
328460 67
328672 112
328884 163
329096 252
329312 352
329524 463
329736 583
329944 716
330164 864
330372 972
330584 1023
330796 1023
331008 1023
331224 1023
331436 1023
331648 1023
331856 1023
332068 1023
332288 1023
332496 1023
332708 1023
332920 1023
333132 1023
333348 967
333560 824
333772 655
333980 496
334192 319
334412 158
334620 56
334832 56
335044 71
335260 120
335472 192
335684 255
335896 384
336104 480
336324 624
336536 768
336744 896
336956 992
337168 1023
337384 1023
337596 1023
337808 1023
338020 1023
338228 1023
338448 1023
338660 1023
338868 1023
339080 1023
339292 1023
339508 1023
339720 1023
339932 944
340144 783
340352 624
340568 448
340780 286
340988 126
341200 48
341416 56
341628 96
341840 127
342052 192
342264 284
342480 391
342692 511
342900 639
343112 768
343324 896
343540 1022
343752 1023
343964 1023
344176 1023
344388 1023
344604 1023
344816 1023
345024 1023
345236 1023
345448 1023
345664 1023
345876 1023
346088 1023
346300 1023
346516 897
346728 768
346940 575
347148 414
347360 252
347580 96
347788 48
348000 62
348212 96
348424 135
348640 224
348852 312
349064 415
349272 540
349484 668
349704 799
349912 927
350124 1023
350336 1023
350548 1023
350764 1023
350976 1023
351188 1023
351396 1023
351608 1023
351828 1023
352036 1023
352248 1023
352460 1023
352676 1023
352888 1023
353100 896
353312 736
353520 560
353740 384
353952 224
354160 71
354372 48
354584 63
354800 96
355012 152
355224 224
355436 319
355644 448
355864 568
356076 704
356284 824
356496 960
356708 1023
356924 1023
357136 1023
357348 1023
357560 1023
357776 1023
357988 1023
358200 1023
358408 1023
358620 1023
358836 1023
359048 1023
359260 1023
359472 993
359684 846
359900 679
360112 512
360324 352
360532 192
360744 56
360960 48
361172 67
361384 112
361596 166
361808 252
362024 352
362236 480
362448 591
362656 736
362868 847
363084 975
363296 1023
363508 1023
363720 1023
363936 1023
364148 1023
364360 1023
364568 1023
364780 1023
365000 1023
365208 1023
365420 1023
365632 1023
365844 1023
366060 960
366272 799
366484 639
366692 480
366904 312
367124 140
367332 48
367544 56
367756 71
367968 124
368184 192
368396 271
368608 384
368816 496
369028 632
369248 768
369456 896
369668 1008
369880 1023
370096 1023
370308 1023
370520 1023
370732 1023
370940 1023
371160 1023
371372 1023
371580 1023
371792 1023
372004 1023
372220 1023
372432 1023
372644 927
372856 775
373064 624
373284 448
373496 271
373704 120
373916 48
374128 60
374344 96
374556 127
374768 195
374980 287
375196 398
375408 515
375616 639
375828 775
376040 903
376256 1023
376468 1023
376680 1023
376892 1023
377104 1023
377320 1023
377532 1023
377740 1023
377952 1023
378164 1023
378380 1023
378592 1023
378804 1023
379016 1023
379228 899
379444 768
379656 575
379864 403
380076 240
380288 96
380504 48
380716 62
380928 1023
381140 1023
381352 1023
381564 1023
381772 1023
381992 1023
382204 1023
382412 960
382624 799
382836 639
383052 480
383264 304
383476 142
383688 48
383896 56
384116 78
384328 124
384536 192
384748 271
384960 384
385176 504
385388 624
385600 768
385812 896
386028 1008
386240 1023
386452 1023
386660 1023
386872 1023
387092 1023
387300 1023
387512 1023
387724 1023
387936 1023
388152 1023
388364 1023
388576 1023
388784 1023
388996 931
389216 771
389424 609
389636 448
389848 280
390060 124
390276 48
390488 60
390700 96
390908 127
391128 195
391340 287
391548 396
391760 513
391972 639
392188 775
392400 903
392612 1023
392824 1023
393032 1023
393252 1023
393464 1023
393672 1023
393884 1023
394096 1023
394312 1023
394524 1023
394736 1023
394948 1023
395156 1023
395376 1023
395588 896
395796 768
396008 575
396220 408
396436 240
396648 96
396860 48
397072 62
397288 96
397500 143
397708 224
397920 316
398132 419
398348 543
398560 671
398772 799
398984 927
399196 1023
399412 1023
399624 1023
399832 1023
400044 1023
400256 1023
400472 1023
400684 1023
400896 1023
401108 1023
401320 1023
401536 1023
401748 1023
401956 1008
402168 864
402388 704
402596 527
402808 384
403020 195
403232 63
403448 48
403660 63
403872 112
404080 159
404292 240
404512 352
404720 451
404932 575
405144 704
405356 831
405572 961
405784 1023
405996 1023
406204 1023
406416 1023
406636 1023
406844 1023
407056 1023
407268 1023
407480 1023
407696 1023
407908 1023
408120 1023
408328 1023
408548 992
408760 831
408968 670
409180 508
409392 335
409608 167
409820 56
410032 56
410244 71
410452 112
410672 192
410884 255
411092 384
411304 480
411516 608
411732 768
411944 864
412156 992
412368 1023
412576 1023
412796 1023
413008 1023
413216 1023
413428 1023
413640 1023
413856 1023
414068 1023
414280 1023
414492 1023
414708 1023
414920 1023
415132 960
415340 799
415552 639
415768 480
415980 295
416192 127
416404 48
416616 56
416832 79
417044 126
417256 192
417464 271
417676 384
417892 508
418104 632
418316 768
418528 896
418740 1016
418956 1023
419168 1023
419380 1023
419588 1023
419808 1023
420016 1023
420228 1023
420440 1023
420652 1023
420868 1023
421080 1023
421292 1023
421500 1023
421712 911
421932 768
422140 583
422352 415
422564 255
422776 96
422992 48
423204 60
423416 96
423624 135
423836 224
424056 304
424264 414
424476 529
424688 657
424900 792
425116 924
425328 1023
425536 1023
425748 1023
425968 1023
426176 1023
426388 1023
426600 1023
426812 1023
427028 1023
427240 1023
427452 1023
427660 1023
427872 1023
428092 1023
428300 896
428512 992
428724 568
428936 391
429152 224
429364 78
429576 48
429784 63
429996 96
430216 143
430424 224
430636 319
430848 448
431064 560
431276 704
431488 824
431700 960
431908 1023
432128 1023
432340 1023
432548 1023
432760 1023
432972 1023
433188 1023
433400 1023
433612 1023
433824 1023
434032 1023
434252 1023
434464 1023
434672 1008
434884 864
435096 704
435316 864
435532 992
435744 1023
435956 1023
436164 1023
436376 1023
436596 1023
436804 1023
437016 1023
437228 1023
437440 1023
437656 1023
437868 1023
438080 1023
438288 1023
438500 960
438720 792
438928 632
439140 462
439352 295
439568 127
439780 48
439992 56
440204 79
440412 126
440632 192
440844 280
441052 384
441264 504
441476 632
441692 768
441904 896
442116 1016
442328 1023
442536 1023
442756 1023
442968 1023
443176 1023
443388 1023
443600 1023
443816 1023
444028 1023
444240 1023
444452 1023
444660 1023
444880 1023
445088 924
445300 768
445512 608
445728 448
445940 255
446152 112
446364 48
446576 60
446792 96
447004 127
447212 206
447424 295
447636 408
447852 527
448064 655
448276 783
448488 911
448700 1023
448916 1023
449128 1023
449336 1023
449548 1023
449760 1023
449976 1023
450188 1023
450400 1023
450612 1023
450828 1023
451040 1023
451252 1023
451460 1023
451672 896
451892 736
452100 551
452312 384
452524 224
452736 71
452952 48
453164 63
453376 96
453584 152
453796 224
454016 319
454224 448
454436 568
454648 704
454860 824
455076 960
455288 1023
455500 1023
455708 1023
455920 1023
456136 1023
456348 1023
456556 1023
456768 1023
456984 1023
457196 1023
457408 1023
457620 1023
457832 1023
458048 1008
458260 864
458472 704
458680 524
458892 384
459108 192
459320 60
459532 48
459744 63
459956 112
460172 159
460384 248
460596 352
460804 455
461016 575
461232 711
461444 844
461656 967
461868 1023
462084 1023
462296 1023
462508 1023
462716 1023
462928 1023
463148 1023
463356 1023
463568 1023
463780 1023
463992 1023
464208 1023
464420 1023
464632 975
464840 828
465052 664
465272 496
465480 319
465692 159
465904 56
466116 56
466332 71
466544 120
466756 192
466964 255
467176 384
467396 480
467604 608
467816 768
468028 864
468244 992
468456 1023
468668 1023
468880 1023
469088 1023
469308 1023
469520 1023
469728 1023
469940 1023
470152 1023
470368 1023
470580 1023
470792 1023
471004 1023
471212 944
471432 780
471644 624
471852 448
472064 284
472276 124
472492 48
472704 60
472916 96
473128 127
473344 195
473556 287
473764 391
473976 512
474188 639
474404 771
474616 899
474828 1023
475040 1023
475252 1023
475468 1023
475680 1023
475888 1023
476100 1023
476312 1023
476528 1023
476740 1023
476952 1023
477164 1023
477376 1023
477592 1023
477804 903
478012 768
478224 583
478436 415
478652 252
478864 96
479076 48
479288 60
479504 96
479716 135
479928 224
480136 312
480348 415
480568 540
480776 668
480988 798
481200 926
481412 1023
481628 1023
481840 1023
482052 1023
482260 1023
482472 1023
482692 1023
482900 1023
483112 1023
483324 1023
483536 1023
483752 1023
483964 1023
484176 1023
484384 896
484596 736
484816 560
485024 384
485236 224
485448 71
485664 48
485876 63
486088 96
486300 152
486508 224
486728 319
486940 448
487148 568
487360 704
487572 824
487788 960
488000 1023
488212 1023
488424 1023
488632 1023
488852 1023
489064 1023
489272 1023
489484 1023
489704 1023
489920 1023
490132 1023
490344 1023
490556 1023
490764 1023
490984 1023
491192 1023
491404 1023
491616 1023
491828 1023
492044 1023
492256 1023
492468 960
492680 799
492888 639
493108 480
493316 304
493528 135
493740 48
493952 56
494168 78
494380 124
494592 192
494804 271
495012 384
495232 504
495440 632
495652 768
495864 896
496080 1016
496292 1023
496504 1023
496716 1023
496928 1023
497144 1023
497356 1023
497564 1023
497776 1023
497988 1023
498204 1023
498416 1023
498628 1023
498840 1023
499052 927
499268 768
499480 608
499688 448
499900 271
500112 120
500328 48
500540 60
500752 96
500964 127
501180 199
501392 287
501604 399
501812 515
502024 639
502240 775
502452 903
502664 1023
502876 1023
503088 1023
503304 1023
503516 1023
503728 1023
503936 1023
504148 1023
504364 1023
504576 1023
504788 1023
505000 1023
505212 1023
505428 1023
505640 896
505852 768
506060 574
506272 399
506488 240
506700 96
506912 48
507124 62
507340 96
507552 143
507764 224
507976 316
508184 423
508404 547
508612 675
508824 807
509036 931
509248 1023
509464 1023
509676 1023
509888 1023
510100 1023
510308 1023
510528 1023
510736 1023
510948 1023
511160 1023
511372 1023
511588 1023
511800 1023
512012 1008
512224 864
512432 704
512652 526
512860 384
513072 193
513284 62
513500 48
513712 63
513924 112
514136 159
514344 240
514564 352
514776 451
514984 575
515196 705
515408 831
515624 963
515836 1023
516048 1023
516260 1023
516468 1023
516688 1023
516900 1023
517108 1023
517320 1023
517532 1023
517748 1023
517960 1023
518172 1023
518384 1023
518600 992
518812 831
519024 670
519232 508
519444 335
519660 167
519872 56
520084 56
520296 71
520508 112
520724 192
520936 255
521148 384
521356 480
521568 608
521784 768
521996 864
522208 992
522420 1023
522632 1023
522848 1023
523060 1023
523272 1023
523480 1023
523692 1023
523908 1023
524120 1023
524328 1023
524540 1023
524756 1023
524968 1023
525180 960
525392 799
525604 638
525820 462
526032 291
526244 127
526452 48
526664 56
526880 79
527092 126
527304 192
527516 275
527728 384
527944 508
528156 632
528368 768
528576 896
528788 1016
529004 1023
529216 1023
529428 1023
529640 1023
529856 1023
530068 1023
530280 1023
530492 1023
530700 1023
530920 1023
531128 1023
531340 1023
531552 1023
531764 911
531980 768
532192 588
532404 419
532616 255
532824 112
533044 48
533252 60
533464 96
533676 135
533888 224
534104 304
534316 414
534528 529
534740 655
534948 792
535168 920
535376 1023
535588 1023
535800 1023
536016 1023
536228 1023
536440 1023
536652 1023
536860 1023
537080 1023
537292 1023
537500 1023
537712 1023
537924 1023
538140 1023
538352 896
538564 736
538776 568
538984 391
539204 224
539416 71
539624 48
539836 63
540048 96
540264 152
540476 224
540688 319
540900 448
541116 560
541328 704
541540 824
541748 960
541960 1023
542176 1023
542388 1023
542600 1023
542812 1023
543024 1023
543240 1023
543452 1023
543664 1023
543872 1023
544088 636
544308 768
544516 896
544728 1016
544940 1023
545152 1023
545368 1023
545580 1023
545792 1023
546004 1023
546212 1023
546432 1023
546640 1023
546852 1023
547064 1023
547280 1023
547492 1023
547704 911
547916 768
548128 591
548344 415
548556 254
548764 96
548976 48
549188 60
549404 96
549616 135
549828 224
550040 304
550252 414
550468 536
550680 664
550888 796
551100 920
551312 1023
551528 1023
551740 1023
551952 1023
552164 1023
552376 1023
552592 1023
552804 1023
553012 1023
553224 1023
553444 1023
553652 1023
553864 1023
554076 1022
554288 896
554504 711
554716 543
554928 384
555136 224
555348 67
555564 48
555776 63
555988 96
556200 152
556412 240
556628 326
556840 448
557052 568
557260 704
557472 824
557688 960
557900 1023
558112 1023
558324 1023
558540 1023
558752 1023
558964 1023
559176 1023
559384 1023
559604 1023
559812 1023
560024 1023
560236 1023
560448 1023
560664 993
560876 846
561088 704
561300 519
561508 352
561728 192
561936 60
562148 48
562360 63
562572 112
562788 163
563000 252
563212 352
563424 457
563632 583
563852 711
564060 847
564272 967
564484 1023
564700 1023
564912 1023
565124 1023
565336 1023
565544 1023
565764 1023
565976 1023
566184 1023
566396 1023
566608 1023
566824 1023
567036 1023
567248 966
567460 824
567668 652
567888 480
568100 316
568308 147
568520 48
568732 56
568948 71
569160 124
569372 192
569584 263
569792 384
570012 496
570224 624
570432 768
570644 896
570860 1008
571072 1023
571284 1023
571496 1023
571708 1023
571924 1023
572136 1023
572348 1023
572556 1023
572768 1023
572984 1023
573196 1023
573408 1023
573620 1023
573832 927
574048 768
574260 608
574472 448
574680 271
574892 120
575108 48
575320 60
575532 96
575744 127
575960 199
576172 287
576384 398
576592 515
576804 639
577024 775
577232 903
577444 1023
577656 1023
577868 1023
578084 1023
578296 1023
578508 1023
578716 1023
578928 1023
579148 1023
579356 1023
579568 1023
579780 1023
579992 1023
580208 1023
580420 899
580632 768
580840 575
581052 415
581268 252
581480 96
581688 48
581900 62
582116 96
582328 135
582540 224
582752 312
582964 415
583180 542
583392 670
583604 799
583812 927
584024 1023
584240 1023
584452 1023
584664 1023
584876 1023
585088 1023
585304 1023
585516 1023
585728 1023
585936 1023
586148 1023
586364 1023
586576 1023
586788 1022
587000 896
587216 707
587428 543
587640 384
587852 224
588060 63
588280 48
588488 63
588700 112
588912 158
589124 240
589340 327
589552 448
589764 572
589976 704
590184 830
590404 960
590612 1023
590824 1023
591036 1023
591248 1023
591464 1023
591676 1023
591888 1023
592100 1023
592308 1023
592528 1023
592736 1023
592948 1023
593160 1023
593376 992
593588 830
593800 670
594012 508
594220 335
594440 167
594652 56
594860 56
595072 71
595284 112
595500 192
595712 255
595924 384
596136 480
596344 608
596564 768
596776 864
596984 992
597196 1023
597408 1023
597624 1023
597836 1023
598048 1023
598260 1023
598476 1023
598688 1023
598900 1023
599112 1023
599324 1023
599540 896
599752 711
599960 543
600172 384
600384 224
600600 63
600812 48
601024 63
601236 97
601448 156
601664 240
601876 327
602084 448
602296 572
602508 704
602724 830
602936 960
603148 1023
603360 1023
603572 1023
603788 1023
604000 1023
604208 1023
604420 1023
604640 1023
604848 1023
605060 1023
605272 1023
605484 1023
605700 1023
605912 992
606124 830
606332 670
606544 508
606764 327
606972 167
607184 56
607396 56
607608 70
607824 120
608036 192
608248 255
608456 384
608668 480
608888 608
609096 768
609308 864
609520 992
609736 1023
609948 1023
610160 1023
610372 1023
610580 1023
610800 1023
611008 1023
611220 1023
611432 1023
611644 1023
611860 1023
612072 1023
612284 1023
612496 960
612704 803
612924 639
613132 480
613344 312
613556 143
613768 48
613984 56
614196 76
614408 124
614620 192
614828 270
615048 384
615256 504
615468 624
615680 768
615896 896
616108 1016
616320 1023
616532 1023
616744 1023
616960 1023
617172 1023
617380 1023
617592 1023
617804 1023
618020 1023
618232 1023
618444 1023
618656 1023
618868 1023
619084 927
619296 768
619504 608
619716 448
619928 268
620144 112
620356 48
620568 60
620780 96
620996 127
621208 199
621420 291
621628 399
621840 519
622056 652
622268 783
622480 910
622692 1023
622904 1023
623120 1023
623332 1023
623544 1023
623752 1023
623964 1023
624180 1023
624392 1023
624604 1023
624816 1023
625028 1023
625244 1023
625456 1023
625668 896
625876 736
626088 568
626304 387
626516 224
626728 71
626940 48
627156 63
627368 96
627580 147
627792 224
628000 319
628220 448
628428 560
628640 704
628852 816
629064 944
629280 1023
629492 1023
629704 1023
629916 1023
630124 1023
630344 1023
630552 1023
630764 1023
630976 1023
631188 1023
631404 1023
631616 1023
631828 1023
632040 1008
632248 864
632468 704
632676 527
632888 384
633100 199
633316 62
633528 48
633740 63
633952 112
634160 159
634380 248
634592 352
634800 451
635012 575
635224 705
635440 839
635652 963
635864 1023
636076 1023
636284 1023
636504 1023
636716 1023
636924 1023
637136 1023
637348 1023
637564 1023
637776 1023
637988 1023
638200 1023
638416 1023
638628 992
638840 830
639048 668
639260 504
639476 319
639688 159
639900 56
640112 56
640324 71
640540 120
640752 192
640964 255
641172 384
641384 480
641600 608
641812 768
642024 864
642236 992
642448 1023
642664 1023
642876 1023
643088 1023
643296 1023
643508 1023
643724 1023
643936 1023
644144 1023
644356 1023
644572 1023
644784 1023
644996 1023
645208 935
645420 783
645636 624
645848 448
646060 284
646268 124
646480 48
646696 60
646908 96
647120 127
647332 193
647544 286
647760 391
647972 511
648184 639
648392 768
648604 896
648820 1022
649032 1023
649244 1023
649456 1023
649672 1023
649884 1023
650096 1023
650308 1023
650516 1023
650736 1023
650944 1023
651156 1023
651368 1023
651580 1023
651796 908
652008 768
652220 590
652432 419
652640 255
652860 496
653068 624
653280 768
653492 896
653708 1008
653920 1023
654132 1023
654344 1023
654552 1023
654772 1023
654980 1023
655192 1023
655404 1023
655616 1023
655832 1023
656044 1023
656256 1023
656468 1023
656676 944
656896 783
657104 624
657316 448
657528 286
657740 126
657956 48
658168 60
658376 96
658588 127
658808 195
659016 287
659228 391
659440 511
659652 639
659868 769
660080 897
660292 1022
660500 1023
660712 1023
660932 1023
661140 1023
661352 1023
661564 1023
661776 1023
661992 1023
662204 1023
662416 1023
662624 1023
662836 1023
663056 1023
663264 896
663476 768
663688 575
663904 399
664116 240
664328 96
664540 48
664748 62
664968 96
665176 143
665388 224
665600 316
665812 415
666028 543
666240 671
666452 799
666664 927
666872 1023
667092 1023
667300 1023
667512 1023
667724 1023
667936 1023
668152 1023
668364 1023
668576 1023
668788 1023
668996 1023
669216 1023
669424 1023
669636 1020
669848 768
670064 704
670276 543
670488 384
670700 224
670912 63
671128 48
671340 63
671548 97
671760 156
671972 240
672188 327
672400 448
672612 572
672824 704
673036 830
673252 960
673464 1023
673672 1023
673884 1023
674096 1023
674312 1023
674524 1023
674736 1023
674948 1023
675164 1023
675376 1023
675588 1023
675796 1023
676008 1023
676224 992
676436 839
676648 679
676860 512
677072 352
677288 192
677500 56
677712 48
677920 67
678132 112
678348 167
678560 252
678772 352
678984 480
679196 590
679412 736
679624 864
679836 975
680044 1023
680256 1023
680472 1023
680684 1023
680896 1023
681108 1023
681324 1023
681536 1023
681748 1023
681960 1023
682168 1023
682388 1023
682596 1023
682808 960
683020 799
683232 639
683448 480
683660 304
683872 135
684084 48
684292 56
684512 79
684720 124
684932 192
685144 271
685356 384
685572 504
685784 632
685996 768
686208 896
686416 1016
686636 1023
686844 1023
687056 1023
687268 1023
687484 1023
687696 1023
687908 1023
688120 1023
688328 1023
688548 1023
688760 1023
688968 1023
689180 1023
689392 926
689608 768
689820 608
690032 448
690244 268
690452 120
690672 48
690884 60
691092 96
691304 127
691516 199
691732 291
691944 399
692156 519
692368 639
692584 783
692796 911
693008 1023
693216 1023
693428 1023
693644 1023
693856 1023
694068 1023
694280 1023
694492 1023
694708 1023
694920 1023
695132 1023
695340 1023
695552 1023
695768 1023
695980 896
696192 768
696404 575
696616 412
696832 240
697044 96
697256 48
697464 62
697676 96
697892 143
698104 224
698312 316
698524 415
698740 543
698952 671
699164 799
699376 927
699588 1023
699804 1023
700016 1023
700228 1023
700436 1023
700648 1023
700864 1023
701076 1023
701288 1023
701500 1023
701712 1023
701928 1023
702140 1023
702352 1016
702560 864
702772 704
702988 527
703200 384
703412 195
703624 62
703840 48
704052 63
704264 112
704476 159
704684 240
704904 352
705112 449
705324 575
705536 704
705748 831
705964 960
706176 1023
706388 1023
706600 1023
706808 1023
707028 1023
707244 624
707456 768
707668 896
707884 1008
708096 1023
708308 1023
708520 1023
708736 1023
708948 1023
709160 1023
709368 1023
709580 1023
709796 1023
710008 1023
710220 1023
710432 1023
710644 1023
710860 924
711072 768
711284 608
711492 448
711704 271
711920 112
712132 48
712344 60
712556 96
712768 127
712984 199
713196 287
713408 396
713616 515
713828 639
714044 775
714256 903
714468 1023
714680 1023
714896 1023
715108 1023
715320 1023
715528 1023
715740 1023
715960 1023
716168 1023
716380 1023
716592 1023
716804 1023
717020 1023
717232 1023
717444 897
717652 768
717864 575
718084 408
718292 248
718504 96
718716 48
718928 62
719144 96
719356 142
719568 224
719776 312
719996 419
720208 543
720416 671
720628 799
720840 927
721056 1023
721268 1023
721480 1023
721692 1023
721900 1023
722120 1023
722332 1023
722540 1023
722752 1023
722964 1023
723180 1023
723392 1023
723604 1023
723816 1020
724024 880
724244 704
724456 540
724664 384
724876 199
725088 63
725304 48
725516 63
725728 112
725940 158
726156 240
726368 335
726576 448
726788 574
727000 704
727216 831
727428 960
727640 1023
727852 1023
728064 1023
728280 1023
728492 1023
728700 1023
728912 1023
729124 1023
729340 1023
729552 1023
729764 1023
729976 1023
730188 1023
730404 972
730616 828
730824 664
731036 504
731248 319
731464 159
731676 56
731888 56
732100 71
732316 120
732528 192
732740 255
732948 384
733160 480
733380 608
733588 768
733800 864
734012 992
734224 1023
734440 1023
734652 1023
734864 1023
735072 1023
735284 1023
735504 1023
735712 1023
735924 1023
736136 1023
736348 1023
736564 1023
736776 1023
736988 960
737196 799
737416 636
737628 480
737836 304
738048 135
738260 48
738476 56
738688 79
738900 126
739112 192
739320 271
739540 384
739752 504
739960 632
740172 768
740384 896
740600 1016
740812 1023
741024 1023
741236 1023
741444 1023
741664 1023
741876 1023
742084 1023
742296 1023
742508 1023
742724 1023
742936 1023
743144 1023
743356 1023
743572 920
743784 768
743996 608
744208 448
744420 255
744636 112
744848 48
745056 60
745268 96
745480 127
745696 224
745908 304
746120 408
746332 527
746544 655
746760 785
746972 911
747180 1023
747392 1023
747604 1023
747820 1023
748032 1023
748244 1023
748456 1023
748672 1023
748884 1023
749096 1023
749304 1023
749516 1023
749736 1023
749944 1023
750156 896
750368 736
750580 560
750796 384
751008 224
751220 71
751428 48
751640 63
751860 96
752068 152
752280 224
752492 319
752704 448
752920 568
753132 704
753344 824
753552 960
753764 1023
753984 1023
754192 1023
754404 1023
754616 1023
754832 1023
755044 1023
755256 1023
755468 1023
755676 1023
755896 1023
756108 1023
756316 1023
756528 1008
756740 864
756956 704
757168 524
757380 384
757592 192
757800 62
758020 48
758232 63
758440 112
758652 159
758864 248
759080 352
759292 455
759504 575
759716 711
759932 846
760144 967
760356 1023
760564 1023
760776 1023
760992 1023
761204 1023
761416 1023
761632 284
761840 126
762052 48
762264 56
762476 96
762692 127
762904 193
763116 286
763324 387
763536 510
763752 639
763964 768
764176 896
764388 1022
764600 1023
764816 1023
765028 1023
765240 1023
765448 1023
765660 1023
765876 1023
766088 1023
766300 1023
766512 1023
766728 1023
766940 1023
767152 1023
767364 911
767572 768
767792 583
768000 415
768212 254
768424 97
768636 48
768852 60
769064 96
769276 135
769488 224
769696 304
769916 415
770124 536
770336 664
770548 796
770760 920
770976 1023
771188 1023
771400 1023
771612 1023
771820 1023
772040 1023
772248 1023
772460 1023
772672 1023
772888 1023
773100 1023
773312 1023
773524 1023
773732 1023
773952 896
774164 711
774372 543
774584 384
774796 224
775012 63
775224 48
775436 63
775648 97
775856 156
776076 240
776288 327
776496 448
776708 568
776920 704
777136 828
777348 960
777560 1023
777772 1023
777980 1023
778200 1023
778412 1023
778620 1023
778832 1023
779048 1023
779260 1023
779472 1023
779684 1023
779896 1023
780112 1023
780324 992
780536 831
780744 678
780956 512
781172 352
781384 192
781596 56
781808 48
782020 63
782236 112
782448 167
782660 252
782868 352
783080 480
783296 591
783508 736
783720 864
783932 975
784148 1023
784360 1023
784572 1023
784780 1023
784992 1023
785212 1023
785420 1023
785632 1023
785844 1023
786056 1023
786272 1023
786484 1023
786696 1023
786904 967
787116 824
787336 647
787544 496
787756 318
787968 156
788180 56
788396 56
788608 71
788820 120
789028 192
789240 255
789456 384
789668 496
789876 609
790088 768
790304 896
790516 995
790728 1023
790940 1023
791152 1023
791368 1023
791580 1023
791792 1023
792000 1023
792212 1023
792428 1023
792640 1023
792852 1023
793064 1023
793276 1023
793492 927
793704 775
793916 624
794124 448
794336 271
794552 120
794764 48
794976 60
795188 96
795404 127
795616 199
795828 287
796040 391
796248 513
796468 639
796676 775
796888 902
797100 1023
797312 1023
797528 1023
797740 1023
797952 1023
798164 1023
798372 1023
798592 1023
798800 1023
799012 1023
799224 1023
799436 1023
799652 1023
799864 1023
800076 896
800288 768
800496 575
800716 408
800924 248
801136 96
801348 48
801564 62
801776 96
801988 140
802200 224
802408 312
802628 415
802840 542
803048 671
803260 799
803472 927
803688 1023
803900 1023
804112 1023
804324 1023
804532 1023
804752 1023
804964 1023
805172 1023
805384 1023
805596 1023
805812 1023
806024 1023
806236 1023
806448 1023
806664 896
806876 711
807088 547
807296 384
807508 224
807724 63
807936 48
808148 63
808360 96
808572 152
808788 240
809000 327
809212 448
809420 568
809632 704
809848 828
810060 960
810272 1023
810484 1023
810696 1023
810912 1023
811124 1023
811336 1023
811544 1023
811756 1023
811972 1023
812184 1023
812396 1023
812608 1023
812824 1023
813036 992
813248 835
813456 671
813668 511
813888 352
814096 192
814308 56
814520 56
814732 67
814948 112
815160 176
815372 254
815580 352
815792 480
816008 783
816220 632
816432 455
816648 286
816860 126
817072 48
817284 56
817492 96
817712 127
817924 192
818132 286
818344 387
818556 510
818772 639
818984 768
819196 896
819408 1020
819620 1023
819836 1023
820048 1023
820256 1023
820468 1023
820680 1023
820896 1023
821108 1023
821320 1023
821532 1023
821748 1023
821960 1023
822172 1023
822380 899
822592 768
822812 575
823020 408
823232 248
823444 96
823656 48
823872 62
824084 96
824296 142
824504 224
824716 312
824936 419
825144 543
825356 671
825568 799
825780 927
825996 1023
826208 1023
826420 1023
826628 1023
826840 1023
827060 1023
827268 1023
827480 1023
827692 1023
827908 1023
828120 1023
828332 1023
828544 1023
828752 1020
828972 880
829184 707
829392 543
829604 384
829816 224
830032 63
830244 48
830456 63
830668 97
830876 156
831096 240
831308 327
831516 448
831728 568
831940 704
832156 830
832368 960
832580 1023
832792 1023
833000 1023
833220 1023
833432 1023
833640 1023
833852 1023
834068 1023
834280 1023
834492 1023
834704 1023
834916 1023
835132 1023
835344 992
835556 839
835764 704
835976 513
836192 352
836404 192
836616 56
836828 48
837040 67
837256 112
837468 167
837680 252
837888 352
838100 480
838316 591
838528 736
838740 864
838952 992
839168 1023
839380 1023
839592 1023
839800 1023
840012 1023
840232 1023
840440 1023
840652 1023
840864 1023
841076 1023
841292 1023
841504 1023
841716 1023
841924 960
842136 799
842356 638
842564 480
842776 304
842988 135
843200 48
843416 56
843628 79
843840 124
844048 192
844260 271
844476 384
844688 504
844896 632
845108 768
845324 896
845536 1008
845748 1023
845960 1023
846172 1023
846388 1023
846600 1023
846808 1023
847020 1023
847232 1023
847448 1023
847660 1023
847872 1023
848084 1023
848296 1023
848512 926
848724 768
848932 608
849144 448
849356 271
849572 120
849784 48
849996 60
850208 96
850424 127
850636 199
850848 287
851056 399
851268 515
851488 647
851696 780
851908 908
852120 1023
852332 1023
852548 1023
852760 1023
852972 1023
853180 1023
853392 1023
853612 1023
853820 1023
854032 1023
854244 1023
854456 1023
854672 1023
854884 1023
855096 899
855304 768
855516 575
855736 408
855944 248
856156 96
856368 48
856584 62
856796 96
857008 143
857220 224
857428 316
857648 419
857860 543
858068 671
858280 799
858492 927
858708 1023
858920 1023
859132 1023
859344 1023
859552 1023
859772 1023
859984 1023
860192 1023
860404 1023
860616 1023
860832 1023
861044 1023
861256 1023
861468 1016
861684 864
861896 704
862108 529
862316 384
862528 195
862744 62
862956 48
863168 63
863380 112
863592 159
863808 248
864020 352
864232 449
864440 575
864652 704
864868 831
865080 960
865292 1023
865504 1023
865716 1023
865932 1023
866144 1023
866356 1023
866564 1023
866776 1023
866992 1023
867204 1023
867416 1023
867628 1023
867844 1023
868056 992
868268 830
868476 670
868688 508
868908 327
869116 167
869328 56
869540 56
869752 67
869968 120
870180 192
870400 967
870616 1023
870828 1023
871036 1023
871248 1023
871460 1023
871676 1023
871888 1023
872100 1023
872312 1023
872520 1023
872740 1023
872952 1023
873160 1023
873372 960
873588 799
873800 639
874012 480
874224 312
874436 143
874652 48
874864 56
875076 76
875284 124
875496 192
875712 271
875924 384
876136 496
876348 624
876560 768
876776 896
876988 1008
877200 1023
877408 1023
877620 1023
877836 1023
878048 1023
878260 1023
878472 1023
878688 1023
878900 1023
879112 1023
879320 1023
879532 1023
879752 1023
879960 927
880172 775
880384 624
880596 448
880812 275
881024 124
881236 48
881444 60
881656 96
881876 127
882084 195
882296 287
882508 391
882720 512
882936 639
883148 774
883360 902
883568 1023
883780 1023
883996 1023
884208 1023
884416 1023
884628 1023
884844 1023
885056 1023
885268 1023
885480 1023
885692 1023
885908 1023
886120 1023
886332 1023
886540 903
886752 768
886968 575
887180 414
887392 248
887604 96
887816 48
888032 62
888244 96
888456 140
888664 224
888876 312
889092 415
889304 542
889516 671
889728 799
889944 927
890156 1023
890368 1023
890580 1023
890788 1023
891008 1023
891216 1023
891428 1023
891640 1023
891852 1023
892068 1023
892280 1023
892492 1023
892704 1023
892912 1016
893132 864
893340 704
893552 536
893764 384
893976 199
894192 63
894404 48
894616 63
894828 112
895036 158
895256 240
895464 335
895676 448
895888 574
896104 704
896316 831
896528 960
896740 1023
896948 1023
897168 1023
897380 1023
897588 1023
897800 1023
898012 1023
898228 1023
898440 1023
898652 1023
898864 1023
899072 1023
899292 1023
899504 992
899712 831
899924 671
900136 510
900352 335
900564 192
900776 56
900988 56
901204 71
901416 112
901628 192
901836 254
902048 352
902264 480
902476 608
902688 768
902900 864
903112 992
903328 1023
903540 1023
903752 1023
903960 1023
904172 1023
904388 1023
904600 1023
904812 1023
905024 1023
905236 1023
905452 1023
905664 1023
905876 1023
906084 960
906296 807
906512 639
906724 480
906936 304
907148 140
907364 48
907576 56
907788 78
907996 124
908208 192
908428 271
908636 384
908848 504
909060 632
909272 768
909488 896
909700 1008
909912 1023
910120 1023
910332 1023
910552 1023
910760 1023
910972 1023
911184 1023
911396 1023
911612 1023
911824 1023
912036 1023
912244 1023
912456 1023
912676 911
912884 768
913096 608
913308 448
913524 255
913736 97
913948 48
914160 60
914372 96
914588 135
914800 224
915008 304
915220 412
915432 527
915648 657
915860 792
916072 920
916284 1023
916496 1023
916712 1023
916924 1023
917132 1023
917344 1023
917556 1023
917772 1023
917984 1023
918196 1023
918408 1023
918624 1023
918836 1023
919048 1023
919256 896
919468 768
919688 568
919896 391
920108 240
920320 79
920532 48
920748 63
920960 96
921172 143
921380 224
921592 318
921812 448
922020 560
922232 688
922444 816
922656 944
922872 1023
923084 1023
923296 1023
923504 1023
923716 1023
923932 1023
924144 1023
924352 1023
924564 1023
924784 124
924996 192
925212 271
925424 384
925636 504
925844 632
926064 768
926272 896
926484 1016
926696 1023
926908 1023
927124 1023
927336 1023
927548 1023
927760 1023
927968 1023
928188 1023
928396 1023
928608 1023
928820 1023
929032 1023
929248 1023
929460 927
929672 771
929884 608
930092 448
930312 263
930520 112
930732 48
930944 60
931156 96
931372 127
931584 199
931796 291
932008 399
932224 524
932436 652
932644 783
932856 910
933068 1023
933284 1023
933496 1023
933708 1023
933920 1023
934132 1023
934348 1023
934560 1023
934768 1023
934980 1023
935192 1023
935408 1023
935620 1023
935832 1023
936044 896
936256 736
936472 560
936684 385
936892 224
937104 71
937316 48
937532 63
937744 96
937956 152
938168 224
938384 319
938596 448
938808 560
939016 704
939228 824
939444 960
939656 1023
939868 1023
940080 1023
940292 1023
940508 1023
940720 1023
940932 1023
941140 1023
941352 1023
941568 1023
941780 1023
941992 1023
942204 1023
942416 1008
942632 864
942844 704
943056 527
943264 384
943484 192
943692 62
943904 48
944116 63
944328 112
944544 159
944756 248
944968 352
945180 455
945388 575
945608 711
945816 839
946028 967
946240 1023
946452 1023
946668 1023
946880 1023
947092 1023
947304 1023
947512 1023
947732 1023
947940 1023
948152 1023
948364 1023
948576 1023
948792 1023
949004 975
949212 828
949424 664
949640 496
949852 319
950064 159
950276 56
950488 56
950704 71
950916 120
951128 192
951336 255
951548 384
951764 481
951976 608
952188 768
952400 865
952612 992
952828 1023
953040 1023
953252 1023
953460 1023
953672 1023
953888 1023
954100 1023
954312 1023
954524 1023
954740 1023
954952 1023
955164 1023
955376 1023
955584 935
955804 775
956012 624
956224 448
956436 280
956648 124
956864 48
957076 60
957288 96
957500 127
957708 195
957928 287
958136 391
958348 512
958560 639
958772 769
958988 903
959200 1023
959412 1023
959624 1023
959832 1023
960052 1023
960260 1023
960472 1023
960684 1023
960900 1023
961112 1023
961324 1023
961536 1023
961744 1023
961964 1023
962176 899
962384 768
962596 575
962808 415
963024 248
963236 96
963448 48
963660 62
963868 96
964088 140
964300 224
964508 312
964720 415
964932 540
965148 671
965360 799
965572 927
965784 1023
966000 1023
966212 1023
966424 1023
966632 1023
966844 1023
967060 1023
967272 1023
967484 1023
967696 1023
967908 1023
968124 1023
968336 1023
968548 1023
968756 896
968968 736
969184 543
969396 384
969608 224
969820 63
970032 48
970248 63
970460 97
970672 156
970880 240
971092 327
971308 448
971520 572
971732 704
971944 828
972160 960
972372 1023
972584 1023
972792 1023
973004 1023
973224 1023
973432 1023
973644 1023
973856 1023
974068 1023
974284 1023
974496 1023
974708 1023
974916 1023
975128 992
975348 831
975556 671
975768 508
975980 334
976192 176
976408 56
976620 56
976832 71
977040 112
977252 192
977472 255
977680 384
977892 480
978104 608
978320 768
978532 864
978744 992
978956 1023
979176 448
979388 255
979604 112
979816 48
980028 60
980240 96
980448 127
980668 224
980880 295
981088 408
981300 526
981512 654
981728 783
981940 911
982152 1023
982364 1023
982572 1023
982792 1023
983004 1023
983212 1023
983424 1023
983636 1023
983852 1023
984064 1023
984276 1023
984488 1023
984696 1023
984916 1023
985128 896
985336 768
985548 572
985764 396
985976 240
986188 96
986400 48
986612 62
986828 96
987040 143
987252 224
987460 318
987672 432
987888 547
988100 675
988312 807
988524 931
988736 1023
988952 1023
989164 1023
989376 1023
989584 1023
989796 1023
990012 1023
990224 1023
990436 1023
990648 1023
990860 1023
991076 1023
991288 1023
991496 1008
991708 864
991928 704
992136 519
992348 384
992560 192
992772 60
992988 48
993200 63
993412 112
993620 159
993832 248
994052 352
994260 455
994472 575
994684 707
994896 831
995112 963
995324 1023
995536 1023
995744 1023
995956 1023
996176 1023
996384 1023
996596 1023
996808 1023
997024 1023
997236 1023
997448 1023
997660 1023
997868 1023
998088 967
998300 824
998508 659
998720 496
998932 327
999148 159
999360 56
999572 56
999784 71
999992 120
1000212 192
1000424 255
1000632 384
1000844 480
1001056 608
1001272 768
1001484 864
1001696 992
1001908 1023
1002116 1023
1002336 1023
1002548 1023
1002756 1023
1002968 1023
1003184 1023
1003396 1023
1003608 1023
1003820 1023
1004032 1023
1004248 1023
1004460 1023
1004668 960
1004880 799
1005092 639
1005308 480
1005520 304
1005732 135
1005944 48
1006156 56
1006372 79
1006584 124
1006792 192
1007004 271
1007216 384
1007432 504
1007644 632
1007856 768
1008068 896
1008284 1016
1008496 1023
1008708 1023
1008916 1023
1009128 1023
1009348 1023
1009556 1023
1009768 1023
1009980 1023
1010192 1023
1010408 1023
1010620 1023
1010832 1023
1011044 1023
1011252 915
1011472 768
1011680 608
1011892 423
1012104 255
1012316 112
1012532 48
1012744 60
1012956 96
1013168 134
1013376 204
1013596 304
1013804 408
1014016 527
1014228 654
1014444 783
1014656 911
1014868 1023
1015080 1023
1015292 1023
1015508 1023
1015720 1023
1015928 1023
1016140 1023
1016352 1023
1016568 1023
1016780 1023
1016992 1023
1017204 1023
1017416 1023
1017632 1023
1017844 896
1018052 768
1018264 568
1018476 398
1018692 240
1018904 96
1019116 48
1019328 62
1019544 96
1019756 143
1019968 224
1020176 318
1020388 432
1020604 550
1020816 679
1021028 807
1021240 935
1021452 1023
1021668 1023
1021880 1023
1022092 1023
1022300 1023
1022512 1023
1022728 1023
1022940 1023
1023152 1023
1023364 1023
1023576 1023
1023792 1023
1024004 1023
1024216 1016
1024424 864
1024636 704
1024852 536
1025064 384
1025276 199
1025488 63
1025704 48
1025916 63
1026128 112
1026340 158
1026548 240
1026768 335
1026976 448
1027188 574
1027400 704
1027612 831
1027828 960
1028040 1023
1028252 1023
1028464 1023
1028672 1023
1028892 1023
1029100 1023
1029312 1023
1029524 1023
1029736 1023
1029952 1023
1030164 1023
1030376 1023
1030588 1023
1030796 992
1031016 828
1031224 668
1031436 504
1031648 327
1031864 159
1032076 56
1032288 56
1032500 71
1032708 120
1032928 192
1033140 255
1033348 384
1033564 864
1033780 992
1033992 1023
1034200 1023
1034412 1023
1034624 1023
1034840 1023
1035052 1023
1035264 1023
1035476 1023
1035692 1023
1035904 1023
1036116 1023
1036328 1023
1036536 1023
1036756 960
1036964 798
1037176 636
1037388 480
1037600 304
1037816 131
1038028 48
1038240 56
1038452 78
1038660 124
1038880 192
1039088 271
1039300 384
1039512 504
1039724 632
1039940 768
1040152 896
1040364 1016
1040576 1023
1040784 1023
1041004 1023
1041212 1023
1041424 1023
1041636 1023
1041852 1023
1042064 1023
1042276 1023
1042488 1023
1042696 1023
1042916 1023
1043128 1023
1043336 927
1043548 769
1043760 608
1043976 448
1044188 263
1044400 120
1044612 48
1044820 60
1045040 96
1045252 127
1045460 199
1045672 287
1045884 399
1046100 519
1046312 647
1046524 780
1046736 908
1046944 1023
1047164 1023
1047376 1023
1047584 1023
1047796 1023
1048012 1023
1048224 1023
1048436 1023
1048648 1023
1048860 1023
1049076 1023
1049288 1023
1049500 1023
1049708 1023
1049920 896
1050136 768
1050348 572
1050560 399
1050772 240
1050984 96
1051200 48
1051412 62
1051624 96
1051832 143
1052044 224
1052260 318
1052472 448
1052684 543
1052896 675
1053112 816
1053324 935
1053536 1023
1053744 1023
1053956 1023
1054176 1023
1054384 1023
1054596 1023
1054808 1023
1055020 1023
1055236 1023
1055448 1023
1055660 1023
1055868 1023
1056080 1023
1056300 1008
1056508 864
1056720 704
1056932 527
1057144 384
1057360 192
1057572 60
1057784 48
1057992 63
1058204 112
1058420 159
1058632 248
1058840 352
1059052 451
1059268 575
1059480 707
1059692 838
1059904 961
1060116 1023
1060332 1023
1060544 1023
1060756 1023
1060964 1023
1061176 1023
1061392 1023
1061604 1023
1061816 1023
1062028 1023
1062240 1023
1062456 1023
1062668 1023
1062880 992
1063088 830
1063300 670
1063516 504
1063728 327
1063940 166
1064152 56
1064368 56
1064580 71
1064792 120
1065004 192
1065212 255
1065432 384
1065640 480
1065852 608
1066064 768
1066276 864
1066492 992
1066704 1023
1066916 1023
1067128 1023
1067336 1023
1067556 1023
1067764 1023
1067976 1023
1068188 1023
1068400 1023
1068616 1023
1068828 1023
1069040 1023
1069252 1023
1069460 960
1069680 798
1069888 636
1070100 480
1070312 295
1070528 127
1070740 48
1070952 56
1071164 79
1071372 126
1071592 192
1071804 280
1072012 384
1072224 504
1072436 632
1072652 768
1072864 896
1073076 1016
1073288 1023
1073496 1023
1073716 1023
1073928 1023
1074136 1023
1074348 1023
1074560 1023
1074776 1023
1074988 1023
1075200 1023
1075412 1023
1075628 1023
1075840 1023
1076052 908
1076260 768
1076472 588
1076688 415
1076900 254
1077112 96
1077324 48
1077536 60
1077752 96
1077964 135
1078176 224
1078384 304
1078596 414
1078816 540
1079024 664
1079236 796
1079448 924
1079660 1023
1079876 1023
1080088 1023
1080300 1023
1080508 1023
1080720 1023
1080940 1023
1081148 1023
1081360 1023
1081572 1023
1081788 1023
1082000 1023
1082212 1023
1082424 1023
1082632 896
1082852 736
1083064 560
1083272 387
1083484 224
1083696 76
1083912 48
1084124 63
1084336 96
1084548 145
1084756 224
1084976 319
1085188 448
1085396 560
1085608 704
1085820 816
1086036 960
1086248 1023
1086460 1023
1086672 1023
1086880 1023
1087100 1023
1087308 1023
1087520 1023
1087732 1023
