520 319
1032 12
1548 39
2060 92
2576 158
3088 224
3604 271
4116 304
4632 304
5144 280
5660 220
6172 142
6688 56
7196 7
7716 28
8224 67
8744 127
9252 199
9768 255
10280 295
10796 312
11308 291
11824 248
12336 174
12852 88
13364 7
13880 15
14392 49
14908 103
15420 176
15936 240
16448 284
16964 305
17472 304
17992 255
18500 199
19020 120
19528 31
20048 7
20556 33
21072 88
21580 152
22096 216
22608 255
23124 304
23632 305
24152 280
24668 225
25180 152
25696 62
26204 7
26724 24
27232 63
27752 127
28260 192
28776 252
29288 287
29804 312
30316 295
30832 252
31344 184
31860 96
32372 15
32888 15
33400 46
33916 99
34428 167
34944 231
35456 280
35972 305
36480 304
37000 270
37508 207
38028 127
38536 39
39056 7
39564 31
40080 79
40592 143
41108 207
41620 255
42136 295
42648 305
43164 286
43676 231
44192 156
44704 71
45220 7
45732 19
46248 60
46760 120
47276 188
47788 248
48304 287
48812 312
49332 295
49840 255
50360 192
50868 103
51384 19
51896 14
52412 39
52924 96
53440 159
53952 224
54468 275
54980 304
55496 304
56008 271
56524 216
57036 135
57552 48
58064 7
58580 28
59088 71
59608 135
60116 199
60636 255
61144 295
61660 307
62172 287
62688 240
63200 163
63716 79
64228 7
64744 17
65256 56
65772 112
66284 179
66800 240
67312 287
67828 307
68340 300
68856 255
69364 193
69884 112
70392 28
70912 12
71420 35
71940 88
72448 156
72964 224
73476 271
73992 304
74504 305
75020 280
75532 224
76048 143
76560 56
77076 7
77588 24
78104 63
78616 127
79132 199
79644 255
80160 295
80672 312
81188 287
81696 248
82216 172
82724 88
83244 7
83752 15
84268 49
84780 103
85296 176
85808 236
86324 284
86836 305
87352 304
87864 255
88380 199
88892 120
89408 31
89920 7
90436 31
90948 81
91464 152
91972 216
92492 255
93000 304
93520 307
94028 284
94544 227
95056 152
95572 63
96084 7
96600 24
97112 63
97628 126
98140 192
98656 252
99168 287
99684 307
100196 295
100712 252
101224 179
101740 96
102248 14
102768 15
103276 48
103796 99
104304 167
104824 231
105332 280
105848 305
106360 304
106876 271
107388 207
107904 127
108416 39
108932 7
109444 31
109960 79
110472 143
110988 207
111500 255
112016 300
112528 312
113044 287
113556 231
114072 159
114580 71
115100 7
115608 19
116128 60
116636 120
117152 188
117664 248
118180 287
118692 307
119208 295
119720 255
120236 192
120748 103
121264 15
121776 14
122292 39
122804 96
123320 159
123832 225
124348 275
124856 304
125376 304
125884 271
126404 216
126912 135
127428 48
127940 7
128456 28
128968 71
129484 135
129996 199
130512 255
131024 295
131540 312
132060 304
132572 305
133088 280
133600 224
134116 142
134628 56
135144 7
135656 24
136172 67
136684 127
137200 199
137712 255
138228 295
138740 312
139256 287
139768 248
140284 167
140792 88
141312 7
141820 15
142340 49
142848 103
143364 176
143876 240
144392 286
144904 307
145420 304
145932 255
146448 199
146960 120
147476 31
147988 7
148504 31
149016 88
149532 152
150044 216
150560 270
151068 304
151588 305
152096 284
152616 225
153124 147
153640 60
154152 7
154668 24
155180 63
155696 127
156208 193
156724 254
157236 291
157752 312
158264 291
158780 248
159292 176
159808 92
160320 12
160836 15
161344 48
161864 103
162372 167
162892 231
163400 284
163920 305
164428 304
164944 255
165456 207
165972 124
166484 39
167000 7
167512 31
168028 79
168540 143
169056 211
169568 255
170084 304
170596 312
171112 286
171624 231
172140 152
172652 63
173168 7
173676 24
174196 62
174704 124
175224 192
175732 248
176248 287
176760 307
177276 295
177788 252
178304 184
178816 96
179332 15
179844 15
180360 46
180872 99
181388 167
181900 231
182416 280
182928 305
183444 304
183952 271
184472 207
184980 127
185500 39
186008 7
186524 31
187036 78
187552 142
188064 207
188580 255
189092 300
189608 312
190120 287
190636 231
191148 159
191664 71
192176 7
192692 19
193204 60
193720 120
194228 184
194748 248
195256 287
195776 312
196284 295
196804 255
197312 192
197828 99
198340 17
198856 15
199368 39
199884 96
200396 159
200912 225
201424 280
201940 304
202452 304
202968 271
203480 216
203996 127
204508 48
205024 7
205536 28
206052 71
206560 135
207080 206
207588 255
208108 295
208616 312
209132 287
209644 240
210160 163
210672 79
211188 7
211700 17
212216 56
212728 113
213244 184
213756 241
214272 287
214784 307
215300 295
215812 255
216328 192
216836 103
217356 24
217864 14
218384 39
218892 92
219408 159
219920 224
220436 271
220948 304
221464 305
221976 280
222492 220
223004 135
223520 51
224032 7
224548 28
225060 71
225576 127
226088 199
226604 255
227112 295
227632 312
228140 287
228660 243
229168 167
229688 81
230196 7
230712 15
231224 51
231740 112
232252 176
232768 240
233280 286
233796 307
234308 302
234824 255
235336 195
235852 112
236364 28
236880 7
237392 35
237908 88
238420 156
238936 224
239444 271
239964 304
240472 305
240992 280
241500 224
242016 143
242528 56
243044 7
243556 24
244072 63
244584 127
245100 195
245612 255
246128 295
246640 312
247156 295
247668 248
248184 176
248696 88
249212 7
249720 15
250240 48
250748 103
251268 176
251776 231
252292 284
252804 305
253320 304
253832 255
254348 199
254860 120
255376 31
255888 7
256404 31
256916 83
257432 152
257944 216
258460 255
258972 304
259488 305
259996 284
260516 225
261024 152
261544 63
262052 7
262572 24
263080 63
263592 307
264100 284
264620 227
265128 152
265644 63
266156 7
266672 24
267184 62
267700 124
268212 192
268728 252
269240 287
269756 312
270268 295
270784 254
271296 184
271812 97
272324 15
272840 15
273348 44
273868 99
274376 163
274892 227
275404 280
275920 305
276428 304
276948 271
277464 207
277976 127
278492 39
279000 7
279520 31
280028 79
280548 143
281056 207
281572 255
282084 295
282600 307
283112 287
283628 231
284140 159
284656 71
285168 7
285684 19
286196 60
286712 120
287224 188
287740 248
288252 287
288768 312
289276 295
289796 255
290304 192
290824 103
291332 19
291852 14
292360 39
292876 96
293388 159
293904 225
294416 275
294932 304
295444 304
295960 271
296472 216
296988 127
297500 48
298016 7
298528 30
299044 71
299556 135
300072 206
300584 255
301100 295
301608 312
302128 287
302636 240
303156 159
303664 78
304180 7
304692 17
305208 56
305720 113
306236 184
306748 243
307264 287
307776 312
308292 300
308804 255
309320 192
309832 112
310348 24
310860 12
311376 39
311884 92
312404 158
312912 224
313432 271
313940 304
314456 305
314968 280
315484 220
315996 135
316512 51
317024 7
317540 28
318052 71
318568 127
319080 199
319596 255
320108 295
320624 312
321136 287
321652 240
322160 167
322680 79
323188 7
323708 15
324216 56
324736 112
325244 177
325760 240
326272 287
326788 312
327300 304
327816 255
328328 195
328844 112
329356 28
329872 12
330384 35
330900 88
331412 156
331928 220
332440 271
332956 304
333468 307
333984 280
334492 224
335012 143
335520 56
336040 7
336548 24
337064 63
337576 127
338092 195
338604 255
339120 295
339632 305
340148 287
340660 248
341176 167
341688 88
342204 7
342716 15
343232 49
343744 103
344260 176
344768 240
345288 286
345796 307
346316 304
346824 255
347340 199
347852 120
348368 31
348880 7
349396 33
349908 88
350424 152
350936 216
351452 271
351964 304
352480 312
352992 284
353508 225
354020 152
354536 62
355044 7
355564 24
356072 63
356592 127
357100 193
357620 254
358128 291
358644 312
359156 295
359672 248
360184 176
360700 92
361212 7
361728 15
362240 48
362756 103
363268 167
363784 231
364296 284
364812 305
365324 304
365840 255
366352 204
366868 120
367376 35
367896 7
368404 31
368924 79
369432 145
369948 216
370460 255
370976 304
371488 312
372004 286
372516 231
373032 152
373544 63
374060 7
374572 24
375088 63
375600 124
376116 192
376628 252
377144 287
377652 312
378172 295
378680 252
379200 184
379708 96
380224 14
380736 15
381252 48
381764 99
382280 167
382792 231
383308 280
383820 305
384336 304
384848 271
385364 207
385876 127
386392 39
386904 7
387420 31
387928 79
388448 143
388956 207
389476 255
389984 302
390504 312
391012 287
391528 231
392040 159
392556 71
393068 7
393584 24
394096 60
394612 120
395132 302
395644 255
396160 195
396672 113
397188 28
397700 7
398216 35
398728 88
399244 152
399752 220
400272 271
400780 304
401300 307
401808 284
402324 224
402836 145
403352 60
403864 7
404380 24
404892 63
405408 127
405920 193
406436 255
406948 295
407464 312
407976 291
408492 248
409004 176
409520 88
410028 7
410548 15
411056 48
411576 103
412084 174
412600 236
413112 284
413628 305
414140 304
414656 255
415168 199
415684 120
416196 31
416712 7
417224 31
417740 83
418252 155
418768 216
419280 255
419796 304
420304 312
420824 284
421332 227
421852 152
422360 63
422880 7
423388 24
423904 63
424416 124
424932 192
425444 252
425960 287
426472 312
426988 295
427500 252
428016 179
428528 96
429044 14
429556 15
430072 48
430580 99
431096 167
431604 231
432120 280
432628 304
433144 304
433656 270
434172 207
434680 127
435200 39
435716 7
436228 31
436744 79
437252 143
437772 207
438280 255
438800 300
439308 312
439824 287
440336 231
440852 158
441364 71
441880 7
442392 19
442908 60
443420 120
443936 192
444448 248
444964 287
445476 312
445992 295
446504 255
447020 188
447528 99
448048 15
448556 14
449076 39
449584 96
450104 159
450612 225
451128 280
451640 304
452156 304
452668 271
453184 209
453696 127
454212 44
454724 7
455240 30
455752 76
456268 140
456780 207
457296 255
457808 295
458324 312
458836 287
459352 240
459860 159
460380 71
460888 7
461408 17
461916 56
462432 115
462944 184
463460 248
463972 287
464488 312
465000 300
465516 255
466028 192
466544 103
467056 24
467572 14
468084 39
468600 96
469112 159
469628 224
470136 271
470656 304
471164 305
471684 271
472192 216
472708 135
473220 48
473736 7
474248 28
474764 71
475276 135
475792 199
476304 255
476820 295
477332 312
477848 287
478360 240
478876 167
479388 79
479904 7
480412 17
480932 56
481440 112
481960 179
482468 240
482988 287
483496 312
484012 304
484524 255
485040 193
485552 112
486068 24
486580 7
487096 39
487608 92
488124 156
488636 224
489152 271
489664 304
490180 305
490692 280
491208 220
491720 140
492236 51
492744 7
493264 28
493772 67
494292 127
494800 199
495316 255
495828 295
496344 312
496856 287
497372 241
497884 167
498400 83
498912 7
499428 15
499940 49
500456 112
500968 176
501484 240
501996 286
502512 312
503020 304
503540 255
504048 199
504568 115
505076 30
505592 7
506104 35
506620 88
507132 152
507648 220
508160 271
508676 304
509188 305
509704 280
510216 224
510732 143
511244 60
511760 7
512272 24
512788 63
513296 127
513816 195
514324 255
514844 295
515352 312
515872 291
516380 248
516896 176
517408 89
517924 7
518436 15
518952 48
519464 103
519980 176
520492 231
521008 284
521520 307
522036 304
522548 255
523064 199
523576 121
524092 31
524604 7
525120 31
525628 81
526148 147
526668 33
527184 88
527696 152
528212 220
528724 271
529240 304
529748 305
530268 280
530776 224
531296 143
531804 60
532324 7
532832 24
533348 63
533860 127
534376 195
534888 255
535404 295
535916 312
536432 287
536944 248
537460 176
537972 88
538488 7
539000 15
539516 48
540028 103
540544 176
541056 231
541572 284
542080 305
542600 304
543108 255
543628 199
544136 120
544652 31
545164 7
545680 31
546192 81
546708 152
547220 216
547736 255
548248 304
548764 312
549276 284
549792 227
550304 152
550820 63
551332 7
551848 24
552356 63
552876 126
553384 192
553904 252
554412 287
554928 312
555440 295
555956 248
556468 177
556984 96
557496 14
558012 15
558524 48
559040 103
559552 167
560068 231
560580 280
561096 305
561608 304
562124 270
562632 207
563152 127
563660 39
564180 7
564688 31
565208 79
565716 143
566232 211
566744 255
567260 302
567772 312
568288 287
568800 231
569316 156
569828 63
570344 7
570856 24
571372 62
571884 120
572400 192
572912 248
573428 287
573940 312
574456 295
574964 254
575484 184
575992 97
576512 15
577020 15
577536 46
578048 97
578564 167
579076 227
579592 280
580104 305
580620 304
581132 271
581648 207
582160 127
582676 39
583188 7
583704 31
584216 78
584732 143
585240 207
585760 255
586268 300
586788 312
587296 287
587812 231
588324 159
588840 71
589352 7
589868 24
590380 60
590896 120
591408 184
591924 248
592436 287
592952 312
593464 295
593980 255
594492 188
595008 99
595516 15
596036 14
596544 39
597064 96
597572 159
598092 227
598600 280
599116 304
599628 305
600144 271
600656 216
601172 127
601684 48
602200 7
602712 30
603228 71
603740 135
604256 206
604768 255
605284 295
605796 312
606312 287
606824 240
607340 163
607848 78
608368 7
608876 17
609396 56
609904 113
610420 184
610932 243
611448 287
611956 307
612476 295
612992 255
613504 192
614020 103
614528 24
615048 14
615556 39
616076 96
616584 159
617100 224
617612 271
618128 304
618640 305
619156 275
619668 216
620184 135
620696 49
621212 7
621724 28
622240 71
622752 135
623268 199
623780 255
624296 295
624804 312
625324 287
625832 241
626352 167
626860 79
627380 7
627888 15
628404 56
628916 112
629432 177
629944 240
630460 287
630972 307
631488 300
632000 255
632516 193
633028 112
633544 24
634056 7
634572 39
635084 92
635600 156
636112 224
636628 271
637136 304
637656 305
638164 280
638684 224
639192 142
639708 56
640220 7
640736 28
641248 67
641764 127
642276 199
642792 255
643304 295
643820 312
644332 291
644848 248
645360 176
645876 88
646388 7
646904 15
647412 49
647932 108
648440 176
648960 240
649468 284
649984 307
650496 304
651012 255
651524 199
652040 115
652552 30
653068 7
653580 35
654096 88
654608 152
655124 216
655636 271
656152 304
656664 305
657180 280
657688 224
658208 7
658724 24
659236 63
659752 127
660264 195
660780 255
661292 295
661808 312
662320 287
662836 248
663348 176
663864 88
664372 7
664892 15
665400 48
665920 103
666428 176
666944 238
667456 284
667972 307
668484 304
669000 255
669512 199
670028 120
670540 31
671056 7
671568 31
672084 83
672596 152
673112 216
673624 255
674140 304
674648 307
675168 284
675676 227
676196 152
676704 63
677220 7
677732 24
678248 63
678760 127
679276 192
679788 252
680304 291
680816 312
681332 295
681844 248
682360 176
682872 92
683388 12
683900 15
684416 48
684924 103
685444 167
685952 231
686472 284
686980 305
687500 304
688008 255
688524 207
689036 124
689552 35
690064 7
690580 31
691092 79
691608 143
692120 211
692636 255
693148 304
693664 312
694176 286
694692 231
695204 156
695720 63
696232 7
696748 24
697256 62
697776 124
698284 192
698804 248
699312 287
699828 312
700340 295
700856 252
701368 184
701884 96
702396 15
702912 15
703424 46
703940 99
704452 167
704968 231
705480 280
705996 305
706508 304
707024 271
707532 207
708052 127
708560 39
709080 7
709588 31
710104 79
710616 143
711132 207
711644 255
712160 302
712672 312
713188 287
713700 231
714216 159
714728 71
715244 7
715756 19
716272 60
716784 120
717300 188
717808 248
718328 287
718836 312
719356 295
719864 255
720384 184
720892 99
721408 15
721920 14
722436 39
722948 96
723464 163
723976 227
724492 280
725004 305
725520 304
726032 271
726548 211
727060 127
727576 46
728088 7
728604 30
729116 71
729632 135
730140 207
730660 255
731168 295
731688 312
732196 287
732712 240
733224 159
733740 71
734252 7
734768 19
735280 56
735796 115
736308 184
736824 243
737336 287
737852 312
738364 295
738880 255
739392 192
739908 103
740416 19
740936 14
741444 39
741964 96
742472 159
742988 224
743500 275
744016 304
744528 304
745044 271
745556 216
746072 135
746584 49
747100 7
747612 28
748128 71
748640 135
749156 199
749668 255
750184 295
750692 312
751212 287
751720 241
752240 167
752748 79
753268 7
753776 17
754292 56
754804 112
755320 179
755832 240
756348 287
756860 307
757376 300
757888 255
758404 193
758916 112
759432 24
759944 12
760460 39
760972 92
761488 158
762000 224
762516 271
763024 304
763544 304
764052 280
764572 220
765080 142
765596 56
766108 7
766624 28
767136 67
767652 127
768164 199
768680 255
769192 295
769708 312
770220 291
770736 248
771248 172
771764 88
772276 7
772792 15
773300 49
773820 110
774328 176
774848 240
775356 286
775872 307
776384 304
776900 255
777412 199
777928 113
778440 30
778956 12
779468 35
779984 88
780496 152
781012 220
781520 271
782040 304
782556 305
783068 280
783584 224
784092 143
784612 56
785120 7
785640 24
786148 63
786664 127
787176 195
787692 255
788204 295
788720 312
789232 295
789748 295
790268 252
790776 179
791292 96
791804 14
792320 15
792832 48
793348 103
793860 167
794376 231
794888 280
795404 305
795916 304
796432 255
796944 206
797460 124
797972 35
798488 7
798996 31
799516 79
800024 143
800544 216
801052 255
801568 304
802080 312
802596 286
803108 231
803624 156
804136 63
804652 7
805164 24
805680 62
806192 121
806708 192
807220 248
807736 287
808248 312
808764 295
809272 255
809792 184
810300 97
810820 15
811328 15
811848 46
812356 97
812872 167
813384 227
813900 280
814412 304
814928 304
815440 271
815956 207
816468 127
816984 39
817496 7
818012 31
818524 79
819040 143
819552 207
820068 255
820580 300
821096 312
821604 287
822124 231
822640 158
823152 71
823668 7
824176 19
824696 60
825204 120
825724 192
826232 248
826748 287
827260 312
827776 295
828288 255
828804 192
829316 103
829832 15
830344 14
830860 39
831372 96
831888 159
832400 227
832916 280
833428 304
833944 304
834452 271
834972 211
835480 127
836000 39
836508 7
837028 30
837536 78
838052 142
838564 207
839080 255
839592 295
840108 312
840620 287
841136 236
841648 159
842164 71
842676 7
843192 19
843704 56
844220 120
844732 184
845248 248
845760 287
846276 312
846784 302
847304 255
847812 192
848332 103
848840 24
849356 14
849868 39
850384 96
850896 159
851412 224
851924 273
852440 304
852952 304
853468 271
853980 216
854496 135
855008 48
855524 7
856036 28
856552 71
857060 135
857580 199
858088 255
858608 295
859116 312
859632 287
860144 240
860660 163
861172 79
861688 7
862200 17
862716 56
863228 112
863744 184
864256 241
864772 287
865284 312
865800 302
866312 255
866828 193
867336 112
867856 24
868364 12
868884 39
869392 92
869912 158
870420 224
870936 271
871448 304
871964 305
872476 280
872992 220
873504 140
874020 51
874532 7
875048 28
875560 71
876076 127
876588 199
877104 255
877616 295
878132 312
878644 287
879160 241
879668 167
880188 79
880696 7
881216 15
881724 51
882240 112
882752 176
883268 240
883780 286
884296 312
884808 304
885324 255
885836 199
886352 115
886864 31
887380 7
887892 35
888408 88
888920 152
889436 220
889944 271
890464 304
890972 307
891492 280
892000 224
892516 143
893028 60
893544 7
894056 24
894572 63
895084 127
895600 195
896112 255
896628 295
897140 312
897656 287
898168 248
898684 176
899196 88
899712 7
900220 15
900740 48
901248 103
901768 176
902276 236
902796 284
903304 307
903820 304
904332 255
904848 199
905360 120
905876 31
906388 7
906904 31
907416 83
907932 152
908444 216
908960 255
909472 304
909988 307
910500 284
911016 227
911528 152
912044 63
912552 7
913072 24
913580 63
914100 126
914608 192
915124 252
915636 291
916152 312
916664 295
917180 248
917692 177
918208 92
918720 12
919236 15
919748 48
920264 103
920776 167
921304 15
921820 49
922332 103
922848 176
923356 238
923876 284
924384 307
924904 304
925412 255
925928 199
926440 120
926956 31
927468 7
927984 31
928496 83
929012 152
929524 216
930040 270
930552 304
931068 312
931580 284
932096 227
932608 152
933124 63
933632 7
934152 24
934660 63
935180 127
935688 192
936208 252
936716 291
937232 312
937744 295
938260 248
938772 176
939288 92
939800 7
940316 15
940828 48
941344 103
941856 167
942372 231
942884 284
943400 307
943912 304
944428 255
944940 206
945456 124
945964 35
946484 7
946992 31
947512 79
948020 143
948536 216
949048 255
949564 304
950076 312
950592 286
951104 231
951620 153
952132 63
952648 7
953160 24
953676 63
954188 124
954704 192
955216 249
955732 287
956240 312
956760 295
957268 252
957788 184
958296 96
958812 14
959324 15
959840 48
960352 99
960868 167
961380 231
961896 280
962408 305
962924 304
963436 271
963952 207
964464 127
964980 39
965492 7
966008 31
966516 79
967036 143
967544 207
968064 255
968572 302
969092 312
969600 287
970116 231
970628 159
971144 71
971656 7
972172 24
972684 60
973200 120
973712 188
974228 248
974740 287
975256 312
975768 295
976284 255
976796 188
977312 99
977824 15
978340 15
978848 39
979368 96
979876 163
980396 227
980904 280
981420 304
981932 304
982448 271
982960 211
983476 127
983988 46
984504 7
985016 31
985532 76
986044 140
986560 207
987072 255
987588 295
988100 312
988616 287
989124 240
989644 159
990152 76
990672 7
991180 19
991696 56
992208 115
992724 184
993236 243
993752 287
994264 312
994780 295
995292 255
995808 192
996320 103
996836 19
997348 14
997864 39
998376 96
998892 159
999400 224
999920 275
1000428 304
1000948 304
1001456 271
1001976 216
1002484 135
1003000 48
1003512 7
1004028 28
1004540 71
1005056 135
1005568 199
1006084 255
1006596 295
1007112 312
1007624 287
1008140 240
1008652 167
1009168 79
1009680 7
1010196 17
1010708 56
1011224 112
1011732 177
1012248 240
1012756 287
1013272 312
1013784 304
1014300 255
1014808 193
1015328 112
1015844 24
1016356 12
1016872 39
1017380 92
1017900 156
1018408 224
1018928 271
1019436 304
1019952 304
1020464 280
1020980 220
1021492 140
1022008 56
1022520 7
1023036 28
1023548 67
1024064 127
1024576 199
1025092 255
1025604 295
1026120 312
1026632 287
1027148 243
1027656 167
1028176 88
1028684 7
1029204 15
1029712 49
1030232 110
1030740 176
1031256 240
1031768 286
1032284 312
1032796 304
1033312 255
1033824 199
1034340 113
1034852 30
1035368 7
1035880 35
1036396 88
1036908 152
1037424 220
1037936 271
1038452 304
1038964 305
1039480 280
1039988 224
1040508 143
1041016 56
1041536 7
1042044 24
1042560 63
1043072 127
1043588 195
1044100 255
1044616 295
1045128 312
1045644 291
1046156 248
1046672 176
1047184 88
1047700 7
1048212 15
1048728 48
1049240 103
1049756 176
1050264 236
1050784 284
1051292 307
1051812 304
1052320 255
