212 67
424 60
640 51
856 49
1068 56
1280 60
1492 67
1708 79
1924 96
2136 112
2348 126
2560 135
2776 152
2988 156
3204 159
3416 159
3632 152
3844 143
4056 127
4268 120
4484 103
4700 88
4912 71
5124 63
5336 56
5548 51
5768 51
5980 56
6192 63
6404 78
6616 92
6836 103
7048 120
7260 127
7472 143
7684 152
7904 159
8116 159
8328 156
8540 152
8760 135
8972 126
9184 112
9396 96
9608 79
9828 67
10040 60
10252 56
10464 51
10676 56
10896 62
11108 71
11320 83
11532 97
11744 113
11964 127
12176 140
12388 152
12600 156
12812 159
13032 158
13244 152
13456 143
13668 127
13884 120
14100 103
14312 88
14524 71
14736 63
14952 56
15168 51
15380 51
15592 56
15804 63
16020 78
16232 92
16448 103
16660 120
16872 127
17088 143
17300 152
17512 158
17728 158
17940 156
18156 143
18368 135
18580 124
18792 110
19012 96
19224 79
19436 63
19648 57
19860 51
20080 49
20292 56
20504 62
20716 71
20928 83
21148 97
21360 113
21572 127
21784 135
21996 152
22216 156
22428 159
22640 158
22852 152
23064 142
23284 127
23496 115
23708 99
23920 88
24140 71
24352 63
24564 56
24776 51
24988 56
25208 60
25420 63
25632 79
25844 96
26056 103
26276 124
26488 135
26700 143
26912 156
27124 159
27344 159
27556 156
27768 145
27980 135
28192 124
28408 108
28624 96
28836 79
29048 63
29264 60
29476 56
29688 51
29904 56
30116 63
30332 71
30544 88
30756 99
30968 115
31184 127
31400 142
31612 152
31824 158
32036 159
32248 158
32468 152
32680 142
32892 127
33104 115
33316 99
33536 88
33748 71
33960 63
34172 56
34392 51
34604 56
34816 60
35028 63
35240 79
35460 96
35672 110
35884 124
36096 135
36308 143
36528 156
36740 158
36952 158
37164 152
37376 143
37596 127
37808 120
38020 103
38232 92
38452 78
38664 63
38876 60
39088 56
39300 56
39520 56
39732 63
39944 71
40156 88
40368 103
40584 120
40800 127
41012 142
41224 152
41436 156
41652 158
41868 156
42080 152
42292 135
42504 127
42720 112
42932 97
43148 83
43360 71
43576 62
43788 56
44000 56
44212 56
44428 62
44644 71
44856 79
45068 96
45280 112
45492 126
45712 135
45924 147
46136 156
46348 158
46560 158
46780 152
46992 143
47204 127
47416 120
47628 103
47848 92
48060 78
48272 63
48484 60
48704 56
48916 56
49128 57
49340 63
49552 79
49772 92
49984 103
50196 120
50408 127
50620 143
50840 152
51052 158
51264 158
51476 156
51688 152
51908 135
52120 127
52332 112
52544 96
52756 83
52976 71
53188 62
53400 56
53612 56
53828 56
54044 63
54256 71
54468 83
54680 97
54896 127
55108 143
55324 152
55536 158
55748 159
55964 156
56176 147
56388 135
56604 127
56816 112
57032 96
57244 79
57456 67
57668 60
57884 56
58100 49
58312 56
58524 60
58736 71
58948 81
59168 97
59380 112
59592 127
59804 135
60024 147
60236 156
60448 158
60660 158
60872 152
61092 143
61304 127
61516 120
61728 103
61940 88
62160 71
62372 63
62584 56
62796 51
63008 56
63228 60
63440 63
63652 78
63864 92
64076 103
64292 120
64504 127
64716 143
64928 152
65148 159
65360 159
65572 156
65784 147
65996 135
66216 126
66428 112
66640 96
66852 79
67064 67
67280 60
67496 56
67708 56
67920 56
68132 63
68348 71
68564 88
68776 99
68988 113
69200 127
69416 142
69628 152
69844 156
70056 159
70272 158
70484 152
70696 143
70908 127
71124 120
71340 99
71552 88
71764 71
71976 63
72188 56
72408 56
72620 56
72832 60
73044 63
73256 79
73476 96
73688 103
73900 121
74112 127
74332 143
74544 152
74756 158
74968 158
75180 152
75400 143
75612 135
75824 124
76036 108
76248 96
76468 79
76680 63
76892 60
77104 56
77316 56
77536 56
77748 63
77960 71
78172 88
78384 99
78604 113
78816 127
79028 142
79240 152
79460 156
79672 158
79884 156
80096 152
80308 140
80524 127
80740 113
80952 99
81164 88
81376 71
81592 63
81808 56
82020 51
82232 56
82444 60
82660 67
82872 79
83088 96
83300 110
83512 124
83728 135
83940 143
84152 153
84368 158
84584 158
84796 152
85008 143
85220 127
85432 120
85652 103
85864 92
86076 79
86288 63
86500 60
86720 56
86932 56
87144 56
87356 63
87568 76
87788 88
88000 103
88212 120
88424 127
88636 143
88856 152
89068 156
89280 158
89492 156
89712 152
89924 135
90136 127
90348 113
90560 97
90780 83
90992 71
91204 63
91416 56
91628 56
91848 56
92060 62
92272 71
92484 81
92696 96
92916 112
93128 126
93340 135
93552 143
93764 152
93984 156
94196 156
94408 152
94620 143
94836 127
95052 120
95264 103
95476 88
95688 76
95904 63
96116 56
96332 51
96544 51
96756 56
96972 63
97184 76
97396 92
97612 103
97824 120
98040 127
98252 143
98464 152
98676 156
98892 158
99108 153
99320 145
99532 135
99744 126
99964 112
100176 96
100388 79
100600 67
100812 60
101032 56
101244 51
101456 56
101668 62
101880 71
102100 83
102312 97
102524 112
102736 127
102948 135
103168 147
103380 156
103592 158
103804 156
104016 152
104232 143
104448 127
104660 120
104872 103
105088 88
105300 71
105512 63
105728 56
105940 56
106156 56
106368 60
106580 63
106792 79
107008 94
107224 103
107436 120
107648 127
107860 143
108072 152
108292 158
108504 158
108716 156
108928 145
109148 135
109360 124
109580 103
109792 96
110004 79
110220 63
110436 60
110648 56
110860 56
111072 56
111288 63
111500 71
111716 88
111928 99
112140 113
112356 127
112568 142
112780 152
112996 156
113212 158
113424 156
113636 152
113848 135
114060 127
114280 112
114492 99
114704 83
114916 71
115128 63
115348 56
115560 56
115772 56
115984 60
116196 67
116416 79
116628 96
116840 112
117052 124
117264 135
117484 143
117696 152
117908 158
118120 158
118340 152
118552 143
118764 127
118976 120
119188 103
119408 92
119620 79
119832 63
120044 60
120256 56
120476 56
120688 57
120900 63
121112 78
121324 88
121544 103
121756 120
121968 127
122180 143
122392 152
122612 156
122824 158
123036 156
123248 152
123464 135
123680 127
123892 112
124104 97
124316 83
124532 71
124744 62
124960 56
125172 56
125384 56
125600 63
125812 71
126024 83
126240 96
126452 112
126668 126
126880 135
127092 147
127304 156
127520 158
127736 156
127948 152
128160 143
128372 127
128592 120
128804 103
129016 88
129228 71
129440 63
129660 60
129872 56
130084 56
130296 60
130508 63
130728 79
130940 92
131152 103
131364 120
131576 127
131796 143
132008 152
132220 156
132432 158
132644 152
132864 143
133076 135
133288 124
133500 110
133720 96
133932 79
134144 67
134356 60
134568 56
134788 56
135000 56
135212 63
135424 71
135636 88
135856 99
136068 112
136280 127
136492 135
136704 152
136920 156
137136 158
137348 156
137560 152
137772 142
137988 127
138200 115
138412 99
138624 88
138844 71
139056 63
139268 56
139480 56
139692 56
139912 60
140124 67
140336 79
140548 96
140760 108
140980 124
141192 135
141404 143
141616 152
141828 158
142044 158
142260 152
142472 143
142684 135
142896 124
143112 110
143328 96
143540 79
143752 67
143968 60
144180 56
144392 56
144608 60
144820 63
145036 71
145248 88
145460 103
145672 120
145888 127
146104 142
146316 152
146528 156
146740 158
146952 156
147172 152
147384 140
147596 127
147808 113
148028 99
148240 88
148452 71
148664 63
148876 56
149096 56
149308 56
149520 62
149732 71
149944 79
150164 96
150376 112
150588 124
150800 135
151012 143
151232 152
151444 156
151656 156
151868 152
152080 143
152300 127
152512 120
152724 103
152936 92
153156 78
153368 63
153580 60
153792 56
154004 56
154220 57
154436 63
154648 71
154860 88
155072 103
155288 120
155504 127
155716 142
155928 152
156140 156
156356 156
156568 152
156784 143
156996 135
157208 126
157424 112
157636 96
157848 83
158064 71
158280 63
158492 56
158704 56
158916 56
159128 62
159348 71
159560 83
159772 96
159984 112
160196 126
160416 135
160628 145
160840 153
161052 158
161264 156
161484 152
161696 143
161908 127
162120 120
162332 103
162552 92
162764 78
162976 63
163188 60
163408 56
163620 56
163832 60
164044 63
164256 92
164468 103
164680 115
164900 127
165112 135
165324 143
165536 152
165748 152
165968 152
166180 143
166392 135
166604 124
166824 112
167036 97
167248 88
167460 71
167672 63
167888 62
168104 60
168316 60
168528 63
168740 71
168956 88
169172 96
169384 112
169596 124
169808 127
170024 143
170236 152
170452 152
170664 152
170876 147
171092 135
171304 127
171516 120
171732 103
171948 92
172160 79
172372 71
172584 63
172796 60
173016 60
173228 63
173440 71
173652 79
173864 96
174084 103
174296 120
174508 127
174720 135
174932 143
175152 152
175364 152
175576 152
175788 143
176000 127
176220 124
176432 112
176644 96
176856 88
177076 71
177288 63
177500 62
177712 60
177924 62
178144 63
178356 76
178568 88
178780 99
178992 112
179212 126
179424 135
179636 143
179848 152
180060 152
180280 152
180492 143
180704 135
180916 127
181128 113
181344 99
181556 88
181768 78
181980 67
182200 62
182412 60
182624 60
182836 63
183048 71
183268 79
183480 96
183692 103
183904 120
184116 127
184336 140
184548 145
184760 152
184972 152
185184 143
185404 140
185616 127
185828 120
186040 103
186252 96
186472 79
186684 71
186896 63
187108 60
187324 60
187536 63
187752 63
187964 78
188176 88
188392 103
188604 113
188816 127
189032 135
189244 143
189460 152
189672 152
189884 152
190096 143
190312 135
190528 127
190740 113
190952 99
191164 88
191384 78
191596 63
191808 63
192020 60
192232 62
192452 63
192664 71
192876 88
193088 96
193300 112
193520 124
193732 127
193944 143
194156 152
194368 152
194588 152
194800 147
195012 142
195224 127
195436 120
195656 103
195868 96
196080 79
196292 71
196512 63
196724 60
196936 60
197148 63
197360 67
197580 79
197792 92
198004 103
198216 115
198428 127
198648 135
198860 143
199072 152
199284 152
199496 152
199712 143
199928 127
200140 124
200352 112
200564 97
200780 88
200996 71
201208 63
201420 62
201636 60
201848 60
202060 63
202276 71
202488 88
202704 97
202916 112
203128 124
203340 127
203556 143
203772 152
203984 152
204196 152
204408 143
204620 135
204840 127
205052 115
205264 103
205476 92
205688 79
205908 67
206120 63
206332 60
206544 60
206764 63
206976 71
207188 79
207400 92
207612 103
207832 120
208044 127
208256 135
208468 147
208680 152
208900 152
209112 147
209324 143
209536 127
209748 124
209968 110
210180 96
210392 83
210604 71
210816 63
211036 62
211248 60
211460 63
211672 63
211892 78
212104 88
212316 99
212528 113
212740 127
212956 135
213172 143
213384 152
213596 152
213808 152
214024 143
214240 135
214452 127
214664 113
214876 99
215092 88
215304 78
215520 67
215732 63
215944 60
216160 62
216372 63
216584 71
216796 83
217016 96
217228 103
217440 120
217652 127
217864 140
218084 147
218296 152
218508 152
218720 147
218940 143
219152 135
219364 124
219576 112
219788 96
220008 81
220220 71
220432 63
220644 56
220856 56
221072 60
221288 63
221500 71
221712 88
221924 99
222140 112
222356 127
222568 135
222780 147
222996 153
223208 156
223420 156
223636 152
223848 142
224064 127
224276 115
224488 103
224700 88
224916 76
225132 63
225344 60
225556 56
225768 56
225980 62
226200 67
226412 79
226624 96
226836 103
227056 120
227268 127
227480 143
227692 152
227904 156
228124 156
228336 152
228548 143
228760 127
228972 120
229192 103
229404 96
229616 79
229828 67
230040 62
230260 56
230472 56
230684 60
230896 63
231108 71
231328 88
231540 99
231752 113
231964 127
232184 135
232396 145
232608 152
232820 156
233032 152
233252 143
233464 135
233676 127
233888 112
234100 99
234316 88
234532 71
234744 63
234956 57
235168 56
235384 56
235600 63
235812 71
236024 79
236236 96
236452 112
236664 124
236880 135
237092 143
237308 152
237520 156
237732 156
237944 152
238156 143
238376 127
238588 120
238800 103
239012 92
239224 79
239444 67
239656 62
239868 56
240080 56
240292 60
240512 63
240724 79
240936 92
241148 103
241360 120
241580 127
241792 142
242004 152
242216 156
242436 156
242648 152
242860 143
243072 135
243284 126
243504 112
243716 97
243928 83
244140 71
244352 63
244572 56
244784 56
244996 60
245208 63
245420 71
245640 88
245852 97
246064 112
246276 126
246488 135
246708 143
246920 152
247132 156
247344 152
247560 152
247776 140
247988 127
248200 120
248412 103
248628 88
248840 78
249056 63
249268 60
249480 56
249696 56
249908 60
250120 67
250336 79
250548 92
250764 103
250976 120
251188 127
251400 142
251616 147
251832 153
252044 152
252256 152
252468 143
252688 127
252900 124
253112 108
253324 96
253536 79
253756 67
253968 63
254180 56
254392 56
254604 60
254824 63
255036 71
255248 88
255460 99
255672 113
255892 127
256104 135
256316 145
256528 152
256740 156
256960 152
257172 147
257384 135
257596 127
257812 113
258024 99
258240 88
258452 71
258664 63
258880 60
259092 56
259304 60
259520 63
259732 71
259948 79
260160 96
260372 110
260584 124
260800 127
261016 143
261228 152
261440 156
261652 156
261872 152
262084 143
262296 127
262508 120
262720 103
262940 96
263152 79
263364 67
263576 63
263788 57
264008 56
264220 60
264432 63
264644 78
264856 88
265076 103
265288 120
265500 127
265712 135
265924 145
266144 152
266356 152
266568 152
266780 143
267000 135
267212 126
267424 112
267636 97
267848 83
268068 71
268280 63
268492 56
268704 56
268916 56
269136 63
269348 71
269560 83
269772 96
269984 112
270200 124
270416 135
270628 143
270840 152
271052 152
271268 152
271484 147
271696 142
271908 127
272124 120
272336 103
272548 92
272764 78
272976 63
273192 60
273404 56
273628 60
273840 62
274052 63
274264 76
274480 88
274696 99
274908 113
275120 127
275332 135
275544 143
275764 152
275976 152
276188 152
276400 143
276612 135
276832 127
277044 115
277256 103
277468 88
277680 79
277900 63
278112 62
278324 60
278536 60
278756 63
278968 71
279180 81
279392 96
279604 108
279824 120
280036 127
280248 143
280460 152
280672 152
280892 152
281104 152
281316 143
281528 127
281740 120
281960 103
282172 96
282384 79
282596 71
282808 63
283028 60
283240 60
283452 62
283664 63
283880 79
284096 92
284308 103
284520 115
284732 127
284948 135
285160 143
285372 152
285588 152
285800 152
286016 143
286228 135
286440 126
286652 112
286868 97
287084 88
287296 71
287508 63
287720 60
287932 57
288152 60
288364 63
288576 71
288788 83
289008 96
289220 112
289432 124
289644 127
289856 143
290076 152
290288 152
290500 152
290712 147
290924 135
291144 127
291356 120
291568 103
291780 92
291992 79
292212 67
292424 63
292636 60
292848 60
293060 63
293280 67
293492 79
293704 92
293916 103
294136 120
294348 127
294560 140
294772 147
294984 152
295204 152
295416 152
295628 143
295840 135
296052 124
296268 112
296484 96
296696 88
296908 71
297120 63
297336 60
297552 60
297764 62
297976 63
298188 71
298404 88
298616 99
298832 112
299044 126
299260 135
299472 143
299684 152
299896 152
300112 152
300328 145
300540 135
300752 127
300964 115
301176 103
301396 92
301608 79
301820 67
302032 63
302244 60
302464 60
302676 63
302888 71
303100 79
303312 96
303532 103
303744 120
303956 127
304168 142
304388 147
304600 152
304812 152
305024 152
305236 143
305456 127
305668 120
305880 108
306092 96
306304 81
306524 71
306736 63
306948 60
307160 60
307372 62
307592 63
307804 76
308016 88
308228 99
308448 113
308660 127
308872 135
309084 143
309296 152
309512 152
309728 152
309940 143
310152 135
310364 127
310580 112
310796 99
311008 88
311220 71
311432 63
311648 60
311860 57
312076 60
312288 63
312500 71
312716 83
312928 96
313140 112
313356 124
313572 127
313784 143
313996 152
314208 152
314420 152
314640 147
314852 142
315064 127
315276 120
315488 103
315708 96
315920 79
316132 71
316344 63
316556 60
316776 60
316988 63
317200 71
317412 79
317624 92
317844 103
318056 120
318268 127
318480 135
318700 147
318912 152
319124 152
319336 152
319548 143
319768 135
319980 126
320192 112
320404 97
320616 88
320836 71
321048 63
321260 62
321472 60
321684 62
321904 63
322116 71
322328 88
322540 97
322752 112
322972 124
323184 135
323396 143
323608 152
323824 152
324040 152
324252 145
324464 135
324676 127
324892 120
325104 103
325320 92
325532 79
325744 67
325960 62
326172 60
326384 60
326600 63
326812 67
327028 79
327240 92
327452 103
327664 120
327880 127
328096 135
328316 142
328528 147
328740 152
328952 152
329168 147
329384 142
329596 127
329808 120
330024 103
330236 96
330452 79
330664 71
330876 63
331092 60
331304 60
331516 63
331732 63
331944 78
332160 88
332372 99
332584 113
332796 127
333012 135
333228 143
333440 152
333652 152
333864 152
334076 143
334296 135
334508 126
334720 112
334932 99
335152 88
335364 76
335576 63
335788 62
336000 60
336220 60
336432 63
336644 71
336856 83
337068 96
337288 112
337500 124
337712 127
337924 143
338136 152
338356 152
338568 152
338780 147
338992 142
339204 127
339424 120
339636 103
339848 96
340060 79
340280 71
340492 63
340704 60
340916 62
341128 63
341348 71
341560 79
341772 92
341984 103
342196 120
342412 127
342628 135
342840 145
343052 152
343264 152
343480 152
343696 143
343908 135
344120 124
344332 112
344548 97
344760 88
344976 71
345188 63
345404 62
345616 60
345828 62
346040 63
346256 71
346472 88
346684 99
346896 112
347108 124
347320 127
347540 143
347752 152
347964 152
348176 152
348388 143
348608 135
348820 127
349032 115
349244 103
349456 92
349676 78
349888 63
350100 62
350312 60
350532 60
350744 63
350956 71
351168 79
351380 94
351600 103
351812 120
352024 127
352236 135
352448 143
352664 152
352880 152
353092 147
353304 143
353516 127
353732 120
353944 110
354160 96
354372 83
354584 71
354800 63
355012 62
355224 60
355440 63
355656 63
355868 78
356080 88
356292 99
356504 112
356724 126
356936 135
357148 143
357360 152
357572 152
357792 152
358004 143
358216 135
358428 127
358640 115
358860 103
359072 89
359284 79
359496 67
359716 63
359928 60
360140 62
360352 63
360564 71
360784 83
360996 96
361208 110
361420 120
361632 127
361852 142
362064 145
362276 152
362488 152
362700 147
362920 142
363132 127
363344 120
363556 103
363768 96
363988 79
364200 71
364412 63
364624 60
364840 60
365056 63
365268 67
365480 79
365692 88
365908 103
366120 115
366336 127
366548 135
366760 143
366976 152
367188 152
367400 152
367616 143
367828 135
368044 126
368256 112
368468 99
368680 88
368896 71
369112 63
369324 60
369536 60
369748 60
369968 63
370180 71
370392 83
370604 96
370816 110
371036 121
371248 127
371460 143
371672 147
371884 152
372104 152
372316 143
372528 135
372740 127
372952 120
373172 103
373384 92
373596 79
373808 71
374020 63
374240 60
374452 60
374664 63
374876 71
375096 79
375308 92
375520 103
375732 120
375944 127
376164 135
376376 143
376588 152
376800 152
377012 152
377232 143
377444 127
377656 124
377868 112
378080 97
378296 88
378512 71
378724 63
378936 62
379148 60
379364 62
379580 63
379792 76
380004 88
380220 99
380432 112
380644 126
380860 135
381072 143
381288 152
381500 152
381712 152
381924 143
382140 135
382356 127
382568 115
382780 103
382996 83
383208 71
383420 63
383632 62
383848 60
384064 63
384276 67
384488 78
384700 88
384920 99
385132 113
385344 126
385556 135
385768 143
385988 152
386200 152
386412 152
386624 143
386836 135
387056 127
387268 113
387480 103
387692 89
387904 79
388124 67
388336 63
388548 60
388760 62
388972 63
389192 71
389404 81
389616 96
389828 103
390044 120
390256 127
390472 135
390684 143
390896 152
391112 152
391324 143
391536 135
391752 127
391964 120
392180 103
392392 96
392604 81
392816 71
393032 63
393248 60
393460 60
393672 63
393884 67
394104 79
394316 88
394528 103
394740 113
394952 127
395172 135
395384 143
395596 152
395808 152
396020 152
396240 143
396452 135
396664 126
396876 113
397088 99
397308 88
397520 78
397732 63
397944 63
398156 60
398376 62
398588 63
398800 71
399012 88
399232 96
399444 112
399656 124
399868 127
400080 143
400300 152
400512 152
400724 152
400936 147
401148 140
401368 127
401580 120
401792 103
402004 96
402216 79
402432 71
402648 63
402860 62
403072 62
403284 63
403500 71
403716 79
403928 94
404140 103
404356 120
404568 127
404780 135
404996 143
405208 152
405424 152
405636 152
405848 143
406060 127
406276 124
406492 112
406704 97
406916 88
407128 71
407340 63
407560 63
407772 62
407984 62
408196 63
408408 71
408628 88
408840 97
409052 112
409264 124
409484 127
409696 143
409908 152
410120 152
410332 152
410552 143
410764 135
410976 127
411188 115
411400 103
411620 92
411832 79
412044 67
412256 63
412468 60
412688 60
412900 63
413112 71
413324 79
413536 96
413756 103
413968 120
414180 127
414392 135
414612 143
414824 152
415036 152
415248 147
415460 142
415676 127
415892 120
416104 108
416316 96
416528 83
416744 71
416960 63
417172 62
417384 60
417596 63
417812 67
418024 78
418240 88
418452 99
418664 113
418880 127
419092 135
419304 143
419516 152
419736 152
419948 152
420160 143
420372 135
420584 127
420804 113
421016 99
421228 88
421440 79
421652 67
421868 63
422084 62
422296 62
422508 63
422720 71
422936 88
423148 96
423364 110
423576 120
423788 127
424004 142
424216 147
424428 152
424640 152
424860 147
425072 142
425284 127
425496 120
425708 103
425928 96
426140 81
426352 71
426564 63
426776 62
426996 60
427208 63
427420 71
427632 79
427844 92
428064 103
428276 115
428488 127
428700 135
428920 143
429132 152
429344 152
429556 147
429768 143
429988 127
430200 124
430412 112
430624 97
430836 88
431056 71
431268 63
431480 62
431692 60
431904 62
432124 63
432336 71
432548 88
432760 96
432972 112
433192 121
433404 127
433616 142
433828 145
434044 152
434260 152
434472 143
434684 135
434896 127
435112 115
435324 103
435540 92
435752 79
435964 71
436180 63
436392 60
436604 60
436820 63
437032 71
437248 79
437460 96
