108 7
228 7
340 7
452 14
564 17
676 24
788 30
900 35
1012 46
1124 56
1244 63
1356 71
1468 88
1580 97
1692 112
1804 124
1920 135
2032 145
2144 159
2260 167
2372 184
2484 193
2600 206
2712 216
2824 224
2936 231
3048 240
3160 248
3276 255
3392 255
3504 255
3616 255
3728 255
3840 255
3952 255
4064 255
4176 255
4296 255
4408 255
4520 248
4632 240
4744 231
4856 224
4968 207
5080 199
5192 188
5312 172
5424 158
5536 143
5648 127
5760 112
5872 96
5984 79
6096 63
6208 49
6328 31
6440 19
6552 7
6664 7
6776 7
6888 7
7000 7
7116 15
7228 17
7344 24
7456 30
7568 39
7680 48
7796 56
7908 63
8020 71
8132 88
8244 97
8356 112
8476 126
8588 135
8700 152
8812 159
8924 176
9036 184
9148 195
9260 207
9372 216
9492 227
9604 236
9716 243
9828 252
9940 255
10052 255
10164 255
10276 270
10388 271
10508 271
10620 271
10732 271
10844 255
10956 255
11068 255
11180 254
11292 248
11404 240
11524 225
11636 216
11748 206
11860 192
11972 177
12084 163
12196 152
12312 127
12424 120
12540 99
12652 88
12764 67
12876 56
12992 39
13104 24
13216 12
13328 7
13440 7
13556 7
13672 7
13784 15
13896 15
14008 24
14120 28
14232 35
14344 39
14456 56
14576 63
14688 71
14800 88
14912 96
15024 110
15136 120
15248 127
15360 143
15472 159
15592 167
15704 184
15816 192
15928 206
16040 216
16152 224
16264 231
16376 240
16488 248
16608 255
16720 255
16832 255
16944 255
17056 271
17168 271
17280 271
17392 271
17508 255
17624 255
17736 255
17848 252
17960 241
18072 231
18188 225
18300 216
18412 199
18524 192
18640 176
18752 159
18868 145
18980 127
19092 115
19204 99
19316 81
19428 63
19540 49
19660 31
19772 19
19884 7
19996 7
20108 7
20220 7
20332 7
20444 14
20556 17
20676 24
20788 31
20900 35
21012 48
21124 56
21236 63
21348 71
21460 88
21572 97
21692 112
21804 124
21916 135
22028 147
22140 159
22252 167
22364 184
22476 193
22588 206
22708 216
22820 224
22932 231
23044 241
23156 248
23268 255
23380 255
23496 255
23608 255
23724 255
23836 270
23948 255
24060 255
24176 255
24288 255
24400 255
24512 248
24624 240
24736 231
24852 224
24964 211
25076 199
25188 184
25300 174
25412 159
25524 143
25636 127
25748 112
25868 96
25980 79
26092 63
26204 48
26316 31
26428 19
26540 7
26656 7
26768 7
26884 7
26996 12
27108 15
27220 19
27336 24
27448 30
27560 39
27672 48
27784 56
27900 63
28016 78
28128 88
28240 99
28352 112
28464 126
28576 135
28688 152
28800 159
28920 176
29036 17
29148 24
29264 31
29376 35
29488 48
29600 56
29712 63
29824 71
29940 88
30056 97
30168 112
30280 126
30392 135
30504 152
30616 159
30728 176
30840 188
30960 199
31072 207
31184 216
31296 227
31408 236
31520 241
31632 252
31744 255
31856 255
31976 255
32088 271
32200 271
32312 271
32424 271
32536 271
32648 255
32760 255
32872 255
32992 254
33104 248
33216 240
33328 225
33440 216
33552 199
33664 192
33776 177
33892 159
34008 147
34120 127
34232 120
34344 99
34456 88
34572 67
34684 56
34796 39
34908 24
35024 7
35136 3
35252 7
35364 7
35476 7
35588 14
35700 15
35812 24
35924 28
36044 35
36156 44
36268 49
36380 63
36492 71
36604 83
36716 97
36828 110
36940 124
37060 127
37172 147
37284 159
37396 167
37508 184
37620 193
37732 199
37844 216
37956 224
38076 231
38188 241
38300 248
38412 255
38524 255
38636 255
38748 255
38860 271
38972 271
39092 271
39204 271
39316 255
39428 255
39540 255
39652 254
39768 248
39880 240
39992 225
40108 216
40220 199
40332 192
40444 176
40560 159
40672 147
40784 127
40896 120
41008 99
41124 83
41240 63
41352 49
41464 35
41576 24
41688 7
41800 7
41912 7
42024 7
42144 7
42256 15
42368 17
42480 24
42592 30
42704 35
42816 46
42928 56
43040 63
43152 71
43272 88
43384 97
43496 112
43608 124
43720 135
43832 147
43944 159
44056 167
44168 184
44288 193
44400 206
44512 216
44624 224
44736 231
44848 240
44960 248
45072 255
45184 255
45304 255
45416 255
45528 255
45640 270
45752 270
45864 255
45976 255
46088 255
46204 255
46320 248
46432 240
46544 231
46656 224
46768 211
46880 199
46996 188
47108 174
47220 159
47336 143
47448 127
47560 113
47676 96
47788 79
47900 63
48012 48
48124 31
48236 19
48352 7
48468 7
48580 7
48692 7
48804 12
48916 15
49028 17
49140 24
49252 31
49372 35
49484 48
49596 56
49708 63
49820 78
49932 88
50044 99
50156 112
50268 124
50388 135
50500 152
50612 159
50724 176
50836 188
50948 195
51060 207
51172 216
51284 227
51404 238
51516 248
51628 252
51740 255
51852 255
51964 255
52076 271
52192 271
52304 271
52420 271
52532 271
52644 255
52756 255
52872 255
52984 254
53096 248
53208 240
53320 225
53436 216
53552 199
53664 192
53776 176
53888 159
54000 152
54112 127
54224 120
54336 103
54456 88
54568 67
54680 56
54792 35
54904 24
55016 12
55128 7
55240 7
55352 7
55472 7
55584 15
55696 15
55808 24
55920 30
56032 33
56144 39
56256 56
56368 63
56488 71
56600 88
56712 96
56824 110
56936 120
57048 127
57160 143
57272 159
57388 167
57504 184
57616 193
57728 206
57840 216
57956 192
58068 176
58180 159
58292 143
58404 127
58516 112
58636 96
58748 79
58860 63
58972 49
59084 33
59196 24
59312 7
59424 7
59536 7
59652 7
59764 7
59876 15
59992 19
60104 24
60216 31
60328 35
60440 48
60552 56
60668 63
60784 78
60896 88
61008 97
61120 112
61232 126
61344 135
61456 152
61568 159
61688 176
61800 188
61912 195
62024 207
62136 220
62248 227
62360 238
62472 248
62584 252
62704 255
62816 255
62928 255
63040 271
63152 271
63264 271
63376 271
63488 271
63600 255
63720 255
63832 255
63944 254
64056 248
64168 236
64280 224
64392 216
64508 199
64620 192
64736 176
64848 159
64960 143
65072 127
65188 113
65300 97
65412 79
65524 63
65636 48
65752 31
65868 19
65980 7
66092 7
66204 7
66316 7
66428 7
66540 15
66652 17
66772 24
66884 31
66996 35
67108 48
67220 56
67332 63
67444 78
67556 88
67668 99
67788 112
67900 124
68012 135
68124 152
68236 159
68348 174
68460 184
68572 195
68684 207
68804 217
68916 225
69028 231
69140 241
69252 248
69364 255
69476 255
69588 255
69704 255
69820 255
69932 271
70044 270
70156 255
70268 255
70384 255
70496 255
70608 248
70720 240
70832 231
70948 224
71064 207
71176 195
71288 184
71400 167
71512 156
71624 142
71736 126
71848 110
71968 96
72080 78
72192 62
72304 46
72416 30
72528 15
72640 7
72752 7
72864 7
72984 7
73096 14
73208 15
73320 24
73432 28
73544 31
73656 39
73768 48
73880 56
74000 67
74112 79
74224 92
74336 103
74448 113
74560 127
74672 135
74784 152
74900 163
75016 176
75128 192
75240 195
75352 207
75464 224
75580 231
75692 240
75804 248
75916 252
76032 255
76144 255
76260 255
76372 270
76484 271
76596 271
76708 271
76820 255
76932 255
77052 255
77164 255
77276 248
77388 240
77500 231
77612 224
77724 211
77836 199
77948 188
78068 174
78180 158
78292 142
78404 127
78516 112
78628 96
78740 79
78852 63
78964 48
79084 31
79196 19
79308 7
79420 7
79532 7
79644 7
79756 12
79868 15
79980 17
80100 24
80212 31
80324 39
80436 48
80548 56
80660 63
80776 78
80888 88
81000 99
81116 113
81228 127
81340 135
81456 152
81568 159
81680 176
81792 192
81904 199
82016 207
82132 220
82248 227
82360 240
82472 248
82584 252
82696 255
82808 255
82920 255
83032 270
83152 271
83264 271
83376 271
83488 271
83600 255
83712 255
83824 255
83936 254
84048 248
84168 231
84280 224
84392 216
84504 199
84616 192
84728 176
84840 159
84952 143
85064 127
85184 112
85296 96
85408 79
85520 63
85632 48
85744 31
85856 15
85972 7
86084 7
86200 7
86312 7
86424 12
86536 15
86652 19
86764 24
86880 271
86992 255
87104 255
87224 255
87336 252
87448 241
87560 231
87672 224
87784 216
87896 199
88008 192
88120 176
88240 159
88352 143
88464 127
88576 112
88688 96
88800 79
88912 63
89028 48
89140 31
89256 15
89368 7
89480 7
89592 7
89708 7
89820 12
89932 15
90044 19
90156 24
90272 31
90388 39
90500 48
90612 60
90724 63
90836 79
90948 92
91060 99
91172 112
91292 127
91404 135
91516 152
91628 159
91740 176
91852 184
91964 195
92076 207
92188 220
92308 225
92420 231
92532 248
92644 252
92756 255
92868 255
92980 255
93092 255
93204 271
93324 270
93436 270
93548 255
93660 255
93772 255
93884 255
93996 248
94108 240
94224 231
94340 220
94452 207
94564 195
94676 184
94788 167
94904 156
95016 135
95128 124
95240 103
95356 92
95468 71
95584 60
95696 39
95808 28
95920 15
96032 7
96144 7
96256 7
96376 7
96488 15
96600 15
96712 24
96824 28
96936 31
97048 39
97160 49
97272 60
97392 71
97504 79
97616 96
97728 103
97840 120
97952 127
98064 143
98176 156
98288 167
98408 177
98520 192
98632 199
98744 207
98856 224
98968 227
99080 240
99192 248
99304 252
99424 255
99536 255
99648 255
99760 270
99872 271
99984 271
100100 270
100212 255
100324 255
100440 255
100552 254
100664 248
100780 240
100892 227
101004 220
101116 207
101228 193
101340 184
101452 167
101568 156
101680 135
101792 124
101904 103
102016 92
102128 71
102240 60
102352 44
102464 30
102584 15
102696 7
102808 7
102920 7
103032 7
103144 14
103260 15
103372 19
103484 28
103600 31
103712 39
103824 49
103940 60
104052 67
104164 79
104276 92
104388 103
104500 120
104616 127
104732 143
104844 156
104956 167
105068 177
105180 192
105292 199
105404 216
105516 224
105636 231
105748 240
105860 248
105972 255
106084 255
106196 255
106308 271
106420 271
106532 271
106652 271
106764 271
106876 271
106988 255
107100 255
107212 255
107324 252
107436 243
107548 231
107668 224
107780 209
107892 199
108004 184
108116 167
108228 158
108340 142
108456 126
108568 112
108684 94
108796 76
108908 60
109020 44
109136 30
109248 15
109360 7
109472 7
109584 7
109700 7
109816 14
109928 15
110040 24
110152 28
110264 31
110376 39
110488 48
110600 60
110720 67
110832 79
110944 92
111056 103
111168 115
111280 127
111392 142
111504 152
111616 163
111736 176
111848 192
111960 199
112072 209
112184 224
112296 227
112408 240
112520 248
112632 252
112752 255
112864 255
112976 255
113088 255
113200 271
113312 271
113424 270
113536 255
113652 255
113768 255
113880 254
113992 248
114104 240
114216 227
114332 216
114444 207
114556 193
114668 184
114784 167
114896 152
115012 135
115124 120
115236 103
115348 88
115460 71
115572 56
115684 39
115804 177
115916 192
116032 199
116144 211
116256 224
116368 231
116480 240
116596 248
116708 255
116820 255
116932 255
117048 255
117160 271
117272 271
117388 271
117500 271
117612 271
117724 255
117836 255
117948 255
118064 252
118180 241
118292 231
118404 224
118516 209
118628 199
118740 184
118852 167
118964 158
119076 142
119192 127
119304 112
119416 96
119528 78
119640 62
119752 48
119864 31
119976 15
120088 7
120208 7
120320 7
120432 7
120544 14
120656 15
120768 24
120880 24
120992 31
121108 39
121224 48
121336 60
121448 63
121560 79
121672 92
121788 103
121900 113
122012 127
122124 135
122240 152
122352 163
122468 176
122580 192
122692 199
122804 207
122916 224
123028 227
123140 240
123260 248
123372 254
123484 255
123596 255
123708 255
123820 270
123932 271
124044 271
124156 271
124276 255
124388 255
124500 255
124612 255
124724 248
124836 240
124948 231
125060 220
125172 207
125292 193
125404 184
125516 167
125628 152
125740 135
125852 124
125964 103
126076 92
126188 71
126308 56
126420 39
126532 24
126644 14
126756 7
126868 7
126984 7
127096 7
127208 14
127324 15
127436 19
127548 28
127664 31
127776 39
127888 49
128000 60
128112 71
128224 79
128340 96
128456 103
128568 120
128680 127
128792 143
128904 156
129016 167
129128 176
129240 192
129360 199
129472 211
129584 224
129696 227
129808 240
129920 248
130032 252
130144 255
130256 255
130376 255
130488 255
130600 270
130712 270
130824 255
130936 255
131048 255
131160 255
131272 252
131392 248
131504 231
131616 225
131728 216
131840 206
131952 192
132064 177
132180 163
132292 152
132408 127
132520 120
132632 103
132744 88
132860 71
132972 56
133084 39
133196 28
133308 14
133424 7
133540 7
133652 7
133764 7
133876 14
133988 15
134100 24
134212 28
134324 31
134436 39
134552 49
134664 62
134776 71
134888 79
135000 96
135112 103
135224 120
135336 127
135448 143
135568 158
135680 167
135792 184
135904 192
136016 199
136128 216
136240 224
136352 231
136468 240
136584 248
136696 255
136808 255
136920 255
137032 255
137144 271
137260 271
137372 271
137484 271
137600 271
137712 255
137824 255
137940 255
138052 248
138164 240
138276 231
138388 224
138500 207
138616 195
138732 184
138844 167
138956 156
139068 142
139180 126
139292 110
139404 96
139516 78
139636 60
139748 44
139860 30
139972 15
140084 7
140196 7
140308 7
140420 7
140532 14
140652 15
140764 24
140876 28
140988 31
141100 39
141212 48
141324 60
141436 67
141548 79
141668 94
141780 103
141892 120
142004 127
142116 143
142228 152
142340 167
142452 177
142568 192
142684 199
142796 211
142908 224
143020 231
143132 240
143248 248
143360 252
143472 255
143584 255
143700 255
143812 270
143928 271
144040 271
144152 271
144264 255
144376 255
144488 255
144600 255
144720 255
144836 255
144948 255
145060 255
145172 270
145288 255
145400 255
145512 255
145624 255
145736 252
145852 241
145964 236
146076 225
146188 216
146300 207
146412 192
146524 179
146636 163
146748 152
146868 135
146980 120
147092 103
147204 88
147316 71
147428 56
147540 39
147652 28
147768 15
147884 7
147996 7
148108 7
148220 7
148332 14
148448 15
148560 24
148672 28
148784 31
148900 39
149012 49
149128 63
149240 71
149352 79
149464 94
149576 103
149688 120
149800 127
149920 143
150032 156
150144 167
150256 184
150368 192
150480 199
150592 216
150704 224
150816 227
150936 240
151048 248
151160 255
151272 255
151384 255
151496 255
151608 271
151720 271
151832 271
151952 271
152064 270
152176 255
152288 255
152400 255
152512 248
152624 240
152736 231
152848 224
152968 207
153080 195
153192 184
153304 167
153416 156
153528 142
153644 126
153756 112
153868 96
153984 78
154096 62
154208 46
154324 31
154436 15
154548 7
154660 7
154772 7
154884 7
155000 12
155116 15
155228 19
155340 28
155452 31
155564 39
155676 48
155788 60
155900 67
156020 79
156132 92
156244 103
156356 120
156468 127
156580 142
156692 152
156804 163
156916 176
157036 192
157148 199
157260 207
157372 224
157484 227
157596 240
157708 248
157820 254
157932 255
158052 255
158164 255
158276 270
158388 271
158500 271
158612 271
158724 270
158840 255
158952 255
159068 255
159180 252
159292 240
159404 231
159520 224
159632 207
159744 195
159856 184
159968 167
160084 156
160200 135
160312 124
160424 103
160536 92
160648 71
160760 60
160872 39
160984 28
161096 15
161212 7
161324 7
161436 7
161548 7
161660 14
161772 15
161884 24
161996 28
162108 31
162228 39
162340 49
162452 60
162564 67
162676 79
162788 92
162900 103
163012 120
163128 127
163244 142
163356 156
163468 163
163580 177
163692 192
163804 199
163920 207
164032 224
164144 227
164260 240
164372 248
164484 252
164600 255
164712 255
164824 255
164936 255
165048 255
165160 255
165276 255
165392 255
165504 255
165616 255
165728 252
165840 248
165952 236
166064 225
166176 216
166296 199
166408 192
166520 177
166632 163
166744 152
166856 127
166968 120
167080 103
167192 88
167312 71
167424 56
167536 39
167648 28
167760 14
167872 7
167984 7
168096 7
168208 7
168328 14
168440 15
168552 24
168664 28
168776 31
168888 39
169000 51
169112 62
169228 71
169344 83
169456 96
169568 103
169680 120
169792 127
169908 143
170020 156
170132 167
170244 179
170360 192
170472 199
170588 216
170700 224
170812 231
170924 240
171036 248
171148 255
171260 255
171380 255
171492 255
171604 271
171716 271
171828 271
171940 271
172052 270
172164 255
172276 255
172396 255
172508 248
172620 240
172732 231
172844 220
172956 207
173068 195
173180 184
173292 167
173412 156
173524 135
173636 63
173748 48
173860 31
173972 19
174084 7
174204 7
174316 7
174428 7
174540 7
174652 15
174764 19
174876 24
174988 31
175100 35
175212 48
175332 56
175444 63
175556 78
175668 88
175780 99
175892 112
176004 126
176120 135
176232 152
176348 159
176460 176
176572 188
176684 195
176800 207
176912 220
177024 225
177136 236
177248 243
177364 252
177480 255
177592 255
177704 255
177816 270
177928 271
178040 271
178152 271
178264 271
178384 255
178496 255
178608 255
178720 254
178832 248
178944 240
179056 225
179168 216
179280 199
179400 192
179512 176
179624 159
179736 147
179848 127
179960 120
180072 99
180184 88
180296 67
180416 56
180528 35
180640 24
180752 7
180864 7
180976 7
181088 7
181200 7
181316 15
181432 17
181544 24
181656 30
181768 35
181880 44
181996 51
182108 63
182220 71
182332 88
182448 96
182560 112
182676 121
182788 127
182900 143
183012 159
183124 167
183236 184
183348 193
183468 206
183580 216
183692 224
183804 231
183916 241
184028 248
184140 255
184252 255
184364 255
184484 270
184596 271
184708 271
184820 271
184932 271
185044 255
185156 255
185268 255
185380 254
185500 248
185612 238
185724 225
185836 216
185948 199
186060 192
186172 176
186284 159
186396 152
186516 127
186628 115
186740 99
186852 81
186964 63
187076 49
187192 33
187304 19
187416 7
187532 7
187644 7
187756 7
187872 7
187984 15
188096 17
188208 24
188320 31
188432 35
188548 46
188664 56
188776 63
188888 71
189000 88
189112 97
189224 112
189336 124
189448 127
189568 152
189680 159
189792 167
189904 184
190016 193
190128 206
190240 216
190352 224
190464 231
190576 240
190696 248
190808 255
190920 255
191032 255
191144 255
191256 255
191368 255
191480 255
191592 255
191712 255
191824 255
191936 255
192048 248
192160 240
192272 231
192384 224
192496 207
192608 199
192728 184
192840 167
192952 158
193064 143
193176 127
193288 112
193400 96
193512 79
193628 63
193744 48
193856 31
193968 17
194080 7
194192 7
194308 7
194420 7
194532 7
194644 15
194760 17
194872 24
194988 31
195100 39
195212 48
195324 56
195436 63
195548 76
195660 88
195780 99
195892 112
196004 126
196116 135
196228 152
196340 159
196452 176
196564 188
196676 195
196796 207
196908 220
197020 227
197132 231
197244 248
197356 252
197468 255
197580 255
197692 255
197812 270
197924 271
198036 271
198148 271
198260 271
198372 255
198484 255
198596 255
198708 254
198828 248
198940 231
199052 224
199164 216
199276 199
199388 192
199504 176
199616 159
199728 152
199844 127
199956 120
200068 99
200184 88
200296 63
200408 56
200520 35
200632 24
200744 12
200860 7
200976 7
201088 7
201200 7
201312 15
201424 17
201536 24
201648 30
201760 35
201880 39
201992 56
202104 63
202216 71
202328 88
202440 96
202556 255
202668 255
202780 255
202896 255
203012 255
203124 255
203236 255
203348 255
203460 255
203576 248
203688 240
203800 231
203912 224
204028 207
204140 195
204256 188
204368 167
204480 158
204592 143
204704 127
204816 112
204928 96
205048 79
205160 63
205272 48
205384 31
205496 17
205608 7
205720 7
205832 7
205944 7
206064 7
206176 14
206288 19
206400 24
206512 31
206624 35
206736 48
206848 56
206960 63
207080 79
207192 88
207304 99
207416 112
207528 126
207640 135
207752 152
207864 159
207976 176
208096 188
208208 195
208320 207
208432 220
208544 225
208656 238
208768 243
208884 252
208996 255
209112 255
209224 255
209336 271
209448 271
209564 271
209676 271
209788 271
209900 255
210012 255
210128 255
210244 252
210356 248
210468 238
210580 225
210692 216
210804 199
210916 192
211028 177
211148 159
211260 147
211372 127
211484 120
211596 99
211708 88
211820 67
211932 56
212044 39
212164 24
212276 7
212388 7
212500 7
212612 7
212724 7
212836 15
212948 15
213060 24
213180 30
213292 35
213404 39
213516 56
213628 63
213740 71
213852 88
213964 96
214080 108
214196 120
214308 127
214420 143
214532 159
214644 167
214760 184
214872 193
214984 206
215096 216
215212 224
215324 231
215440 241
215552 252
215664 255
215776 255
215888 255
216000 255
216112 271
216224 271
216340 271
216452 271
216564 255
216676 255
216788 255
216900 254
217012 248
217124 238
217236 225
217356 216
217468 199
217580 192
217692 176
217804 159
217916 147
218028 127
218140 115
218252 99
218372 79
218484 63
218596 51
218708 31
218820 19
218932 7
219044 7
219160 7
219272 7
219388 7
219500 15
219612 17
219724 24
219840 30
219952 35
220064 46
220176 56
220288 63
220404 71
220520 88
220632 97
220744 112
220856 124
220968 127
221080 145
221192 159
221304 167
221424 184
221536 193
221648 206
221760 216
221872 224
221984 231
222096 240
222208 248
222320 254
222440 255
222552 255
222664 255
222776 255
222888 255
223000 255
223112 255
223224 255
223336 255
223456 255
223568 248
223680 240
223792 231
223904 224
224016 207
224128 199
224240 188
224356 174
224472 159
224584 143
224696 127
224808 112
224920 96
225036 79
225148 63
225260 48
225372 31
225488 17
225600 7
225716 7
225828 7
225940 7
226052 7
226164 15
226276 19
226388 24
226508 31
226620 39
226732 48
226844 56
226956 63
227068 78
227180 88
227292 99
227404 112
227524 126
227636 135
227748 152
227860 159
227972 176
228084 184
228196 195
228308 207
228420 216
228540 225
228652 231
228764 243
228876 252
228988 255
229100 255
229212 255
229324 271
229436 271
229556 271
229668 271
229780 271
229892 255
230004 255
230116 255
230232 254
230344 248
230456 231
230572 224
230684 216
230796 199
230912 192
231024 176
231136 159
231248 152
231360 127
