520 319
1032 15
1548 49
2060 108
2576 177
3088 248
3604 307
4116 352
4632 376
5144 376
5660 348
6172 291
6688 220
7196 127
7716 48
8224 7
8744 28
9252 71
9768 135
10280 207
10796 275
11308 327
11824 364
12336 384
12852 368
13364 327
13880 255
14392 192
14908 99
15420 15
15936 15
16448 39
16964 96
17472 163
17992 231
18500 295
19020 344
19528 376
20048 384
20556 353
21072 305
21580 240
22096 152
22608 63
23124 7
23632 24
24152 63
24668 124
25180 193
25696 255
26204 319
26724 355
27232 384
27752 368
28260 335
28776 280
29288 199
29804 113
30316 30
30832 7
31344 35
31860 88
32372 152
32888 224
33400 287
33916 335
34428 368
34944 384
35456 359
35972 319
36480 254
37000 167
37508 79
38028 7
38536 15
39056 51
39564 110
40080 179
40592 248
41108 312
41620 352
42136 376
42648 376
43164 348
43676 287
44192 220
44704 127
45220 44
45732 7
46248 30
46760 71
47276 135
47788 207
48304 280
48812 327
49332 364
49840 384
50360 368
50868 327
51384 255
51896 184
52412 96
52924 15
53440 15
53952 44
54468 97
54980 167
55496 240
56008 300
56524 348
57036 376
57552 384
58064 353
58580 304
59088 236
59608 152
60116 62
60636 7
61144 24
61660 63
62172 126
62688 195
63200 255
63716 319
64228 359
64744 384
65256 368
65772 335
66284 280
66800 199
67312 112
67828 24
68340 12
68856 35
69364 88
69884 156
70392 225
70912 287
71420 339
71940 369
72448 384
72964 359
73476 316
73992 248
74504 163
75020 78
75532 7
76048 17
76560 56
77076 112
77588 184
78104 254
78616 312
79132 353
79644 384
80160 376
80672 344
81188 287
81696 216
82216 127
82724 39
83244 7
83752 31
84268 78
84780 143
85296 216
85808 280
86324 327
86836 366
87352 384
87864 359
88380 319
88892 255
89408 177
89920 92
90436 12
90948 15
91464 48
91972 99
92492 172
93000 240
93520 304
94028 352
94544 376
95056 384
95572 352
96084 304
96600 231
97112 143
97628 60
98140 7
98656 24
99168 63
99684 127
100196 199
100712 255
101224 319
101740 359
102248 384
102768 368
103276 334
103796 271
104304 195
104824 103
105332 24
105848 14
106360 39
106876 92
107388 159
107904 227
108416 287
108932 344
109444 369
109960 384
110472 355
110988 312
111500 248
112016 159
112528 71
113044 7
113556 19
114072 56
114580 115
115100 192
115608 255
116128 316
116636 355
117152 384
117664 376
118180 344
118692 287
119208 216
119720 127
120236 39
120748 7
121264 31
121776 79
122292 143
122804 216
123320 280
123832 334
124348 368
124856 384
125376 359
125884 319
126404 255
126912 176
127428 88
127940 7
128456 15
128968 48
129484 103
129996 176
130512 248
131024 304
131540 352
132060 7
132572 31
133088 79
133596 147
134116 224
134624 286
135144 335
135652 368
136172 384
136680 359
137196 319
137708 255
138224 167
138736 81
139252 7
139764 15
140280 51
140792 112
141308 179
141820 248
142336 312
142848 352
143364 384
143876 376
144392 348
144904 291
145420 220
145928 127
146448 48
146956 7
147476 28
147984 71
148500 135
149012 207
149528 280
150040 327
150556 368
151068 384
151584 368
152096 327
152612 255
153124 192
153640 97
154152 15
154668 15
155180 39
155696 97
156208 167
156724 240
157232 295
157752 348
158260 376
158776 384
159288 352
159804 304
160316 231
160832 147
161344 60
161860 7
162372 24
162888 63
163400 127
163916 199
164428 255
164944 319
165456 359
165972 384
166480 369
167000 335
167508 280
168028 199
168536 112
169056 24
169564 12
170080 35
170592 88
171108 156
171620 225
172136 287
172648 344
173164 369
173676 384
174192 359
174704 316
175220 248
175732 163
176248 71
176760 7
177276 19
177788 56
178304 115
178812 188
179332 255
179840 313
180360 355
180868 384
181384 376
181896 344
182412 287
182924 211
183440 126
183952 35
184468 7
184980 31
185496 79
186008 143
186524 220
187036 284
187552 335
188064 368
188580 384
189088 364
189608 319
190116 255
190636 176
191144 88
191660 7
192172 15
192688 48
193200 103
193716 176
194228 248
194744 305
195256 352
195772 384
196284 384
196800 352
197312 295
197828 225
198340 135
198856 49
199368 7
199884 28
200392 71
200912 127
201420 206
201940 271
202448 319
202964 359
203476 384
203992 368
204500 327
205016 270
205524 192
206040 103
206548 17
207064 15
207576 39
208092 96
208600 159
209120 231
209636 295
210148 344
210664 376
211172 384
211692 355
212200 312
212720 240
213228 159
213744 63
214256 7
214772 24
215284 60
215800 120
216312 192
216828 255
217340 318
217856 355
218368 384
218884 371
219396 339
219912 284
220424 207
220940 120
221448 31
221968 7
222476 31
222996 83
223504 152
224024 224
224532 287
225048 335
225560 368
226076 384
226588 359
227104 319
227616 254
228132 167
228644 81
229160 7
229672 15
230188 51
230700 112
231216 184
231728 252
232244 312
232756 352
233272 384
233780 384
234300 352
234808 295
235328 224
235836 135
236352 48
236864 7
237380 30
237892 71
238408 135
238920 207
239436 280
239948 327
240464 366
240976 384
241492 366
242004 319
242520 255
243032 184
243548 96
244056 14
244576 15
245084 46
245604 99
246112 167
246628 240
247140 304
247656 352
248168 376
248684 384
249196 352
249712 304
250224 231
250740 147
251252 62
251768 7
252280 24
252796 63
253308 127
253824 199
254332 255
254852 319
255360 359
255880 384
256388 369
256908 335
257416 280
257932 199
258444 112
258960 24
259472 12
259988 39
260500 89
261016 159
261528 227
262044 287
262556 344
263072 369
263592 255
264108 319
264620 359
265136 384
265648 368
266164 335
266676 280
267192 199
267700 112
268220 28
268728 12
269248 35
269756 88
270276 156
270784 225
271300 287
271812 339
272328 369
272840 384
273356 359
273868 316
274384 248
274896 167
275412 79
275924 7
276440 17
276952 56
277468 112
277976 184
278492 254
279000 312
279516 352
280024 384
280540 376
281052 344
281568 287
282076 216
282596 127
283112 39
283624 7
284140 31
284648 78
285168 143
285676 216
286196 280
286704 327
287220 368
287732 384
288248 364
288760 319
289276 255
289788 184
290304 92
290816 12
291332 15
291844 48
292360 99
292872 167
293388 241
293900 304
294416 352
294924 376
295444 384
295952 352
296472 304
296980 231
297500 143
298008 60
298524 7
299036 24
299552 63
300064 127
300580 199
301092 255
301608 319
302120 359
302636 384
303148 368
303664 334
304176 271
304692 193
305204 103
305720 24
306232 14
306748 39
307256 92
307776 159
308284 231
308804 291
309312 344
309828 369
310340 384
310856 355
311368 312
311884 243
312396 159
312912 71
313424 7
313940 19
314452 56
314968 120
315480 192
315996 255
316508 316
317024 355
317532 384
318052 376
318560 344
319080 287
319588 209
320104 124
320616 35
321132 7
321644 31
322160 79
322672 143
323188 220
323700 284
324216 335
324728 368
325244 384
325756 359
326272 319
326784 255
327300 174
327808 88
328328 7
328836 15
329356 49
329864 103
330384 177
330892 248
331408 307
331920 352
332436 384
332948 384
333464 352
333976 295
334492 224
335004 135
335520 49
336032 7
336548 28
337060 71
337576 127
338088 207
338604 271
339116 327
339632 364
340140 384
340660 368
341168 327
341688 255
342196 192
342712 99
343224 15
343740 14
344252 39
344768 96
345280 163
345796 236
346308 295
346824 344
347336 371
347852 384
348364 352
348880 304
349392 236
349908 152
350416 63
350936 7
351444 24
351964 63
352472 124
352988 195
353500 255
354016 319
354528 359
355044 384
355556 376
356072 335
356584 284
357100 206
357612 120
358128 30
358640 12
359156 33
359668 88
360184 152
360692 224
361212 287
361720 335
362240 368
362748 384
363268 359
363776 316
364292 248
364804 167
365320 78
365832 7
366348 17
366860 56
367376 112
367888 184
368404 254
368916 312
369432 353
369944 384
370460 376
370972 344
371488 287
372000 216
372516 127
373024 39
373544 7
374052 30
374572 71
375080 142
375596 216
376108 280
376624 327
377136 368
377652 384
378164 368
378680 319
379192 255
379708 184
380220 96
380736 12
381248 15
381764 48
382276 99
382792 167
383300 240
383820 304
384328 348
384848 376
385356 384
385872 352
386384 302
386900 227
387412 143
387928 56
388440 7
388956 25
389468 63
389984 127
390496 199
391012 271
391524 319
392040 359
392552 384
393068 368
393576 335
394096 271
394604 195
395120 271
395632 193
396148 103
396660 19
397176 14
397688 39
398204 96
398716 159
399232 231
399744 295
400260 344
400772 371
401288 384
401796 355
402316 312
402824 243
403344 159
403852 71
404372 7
404880 19
405396 60
405908 120
406424 192
406936 255
407452 316
407964 355
408480 384
408992 371
409508 344
410020 286
410536 207
411048 120
411564 31
412076 7
412592 31
413104 81
413620 152
414128 224
414648 286
415156 335
415676 368
416184 384
416700 359
417212 319
417728 254
418240 174
418756 83
419268 7
419784 15
420296 49
420812 110
421324 177
421840 248
422352 312
422868 352
423380 384
423896 384
424404 352
424924 295
425432 224
425952 135
426460 48
426976 7
427488 28
428004 71
428516 135
429032 207
429544 271
430060 327
430572 364
431088 384
431600 368
432116 327
432628 255
433144 184
433656 96
434172 14
434680 15
435200 44
435708 97
436228 167
436736 240
437256 302
437764 348
438280 376
438792 384
439308 352
439820 304
440336 231
440848 152
441364 62
441876 7
442392 24
442904 63
443420 127
443932 195
444448 255
444960 319
445476 359
445988 384
446504 369
447012 335
447532 280
448040 199
448560 112
449068 24
449584 12
450096 35
450612 88
451124 156
451640 227
452152 287
452668 339
453180 368
453696 384
454208 355
454724 312
455236 248
455752 159
456264 71
456780 7
457288 19
457808 56
458316 115
458836 192
459344 255
459860 316
460372 355
460888 384
461400 376
461916 344
462428 287
462944 216
463456 127
463972 39
464484 7
465000 31
465512 78
466028 143
466540 216
467056 280
467564 334
468084 368
468592 384
469112 359
469620 319
470140 255
470648 176
471164 88
471676 7
472192 15
472704 48
473220 103
473732 176
474248 248
474760 304
475276 352
475788 376
476304 376
476816 352
477332 295
477844 225
478360 140
478872 56
479388 7
479896 28
480416 67
480924 127
481444 206
481952 271
482468 319
482980 359
483496 384
484008 368
484524 334
485036 271
485552 192
486064 103
486580 19
487092 14
487608 39
488120 96
488636 159
489148 231
489664 295
490172 344
490692 369
491200 384
491716 353
492228 307
492744 240
493252 156
493772 63
494288 7
494800 24
495316 62
495824 124
496344 193
496852 255
497372 319
497880 359
498396 384
498908 371
499424 337
499936 284
500452 206
500964 120
501480 31
501992 7
502508 31
503020 81
503536 152
504048 224
504564 287
505076 335
505592 368
506100 384
506620 359
507128 319
507648 254
508156 167
508676 79
509184 7
509700 15
510212 51
510728 112
511240 179
511756 252
512268 312
512784 352
513296 384
513812 376
514324 344
514840 287
515352 220
515868 127
516380 39
516896 7
517408 30
517924 71
518432 140
518952 211
519460 280
519980 327
520488 368
521004 384
521516 368
522032 327
522544 255
523060 184
523572 96
524088 14
524600 15
525116 46
525628 97
526144 167
526664 28
527180 71
527692 135
528208 207
528720 271
529236 327
529748 364
530264 384
530772 368
531292 327
531800 255
532320 184
532828 96
533344 14
533856 15
534372 46
534884 99
535400 167
535912 240
536428 302
536940 348
537456 376
537968 384
538484 352
538996 304
539512 231
540024 147
540540 60
541048 7
541568 24
542076 63
542596 127
543104 199
543620 255
544132 319
544648 359
545160 384
545676 369
546188 335
546704 280
547216 199
547732 112
548244 25
548760 12
549272 35
549788 88
550300 156
550816 225
551324 287
551844 339
552352 368
552872 384
553380 355
553900 312
554408 248
554924 159
555436 71
555952 7
556464 19
556980 56
557492 120
558008 192
558520 255
559036 316
559548 355
560064 384
560576 376
561092 344
561604 287
562120 211
562632 127
563148 39
563656 7
564176 31
564684 79
565204 143
565712 216
566228 284
566740 335
567256 368
567768 384
568284 364
568796 319
569312 255
569824 176
570340 88
570852 7
571368 15
571880 48
572396 103
572908 176
573424 248
573932 305
574452 352
574960 376
575480 376
575988 348
576504 295
577016 224
577532 135
578044 49
578560 7
579072 28
579588 71
580100 135
580616 207
581128 271
581644 327
582156 364
582672 384
583184 368
583700 327
584208 271
584728 192
585236 103
585756 15
586264 14
586784 39
587292 96
587808 159
588320 231
588836 295
589348 344
589864 376
590376 384
590892 353
591404 307
591920 240
592432 152
592948 63
593456 7
593976 24
594492 63
595000 124
595520 195
596028 255
596548 319
597056 359
597576 384
598084 369
598600 335
599112 280
599628 199
600140 115
600656 30
601168 7
601684 35
602196 88
602712 152
603224 224
603740 287
604252 335
604768 369
605280 384
605796 359
606308 319
606824 252
607332 167
607852 79
608360 7
608880 17
609388 56
609904 112
610416 184
610932 252
611444 312
611960 353
612472 384
612988 376
613500 344
614016 287
614528 216
615044 127
615556 39
616072 7
616584 31
617100 78
617608 143
618128 216
618636 280
619156 332
619664 368
620180 384
620692 366
621208 319
621720 255
622236 184
622748 96
623264 12
623776 15
624292 48
624804 103
625320 167
625832 241
626348 304
626860 352
627376 384
627884 384
628404 352
628912 304
629432 227
629940 143
630460 56
630968 7
631488 28
631996 63
632512 127
633024 199
633540 270
634052 319
634568 359
635080 384
635596 368
636108 327
636624 271
637136 192
637652 103
638164 19
638680 14
639192 39
639708 96
640216 159
640736 231
641244 295
641764 344
642272 376
642788 384
643300 355
643816 312
644328 241
644844 159
645356 71
645872 7
646384 24
646900 60
647412 120
647928 192
648440 255
648956 316
649468 355
649984 384
650492 371
651012 339
651520 286
652040 207
652548 120
653064 31
653576 7
654092 31
654604 81
655120 152
655632 224
656148 286
656660 335
657176 368
657688 384
658208 376
658724 344
659236 287
659752 207
660260 124
660780 35
661288 7
661808 31
662316 79
662832 145
663344 220
663860 284
664372 335
664888 368
665400 384
665916 359
666428 319
666944 255
667456 176
667972 88
668484 7
669000 15
669512 48
670028 103
670536 176
671056 248
671564 305
672084 352
672592 384
673108 384
673620 352
674136 295
674648 225
675164 135
675676 49
676192 7
676704 28
677220 71
677732 135
678248 207
678760 271
679276 327
679788 359
680304 384
680812 368
681332 327
681840 255
682360 192
682868 97
683388 15
683896 15
684412 39
684920 96
685436 163
685948 240
686464 295
686972 348
687492 376
688008 384
688520 355
689036 307
689544 240
690064 152
690572 63
691092 7
691600 24
692116 62
692628 124
693144 193
693656 255
694172 319
694684 359
695200 384
695712 369
696228 335
696740 280
697256 199
697768 113
698284 28
698796 12
699312 35
699820 88
700340 156
700848 224
701368 287
701876 335
702396 369
702904 384
703420 359
703932 316
704448 248
704960 163
705476 78
705988 7
706504 17
707016 56
707532 113
708044 184
708560 255
709072 312
709588 353
710100 384
710616 256
711128 348
711644 287
712152 216
712672 127
713180 39
713700 7
714208 31
714724 78
715236 142
715752 216
716264 280
716780 327
717292 368
717808 384
718320 364
718836 319
719348 255
719864 177
720376 92
720892 7
721404 15
721920 48
722428 103
722948 176
723456 243
723976 304
724484 352
725000 376
725512 384
726028 352
726540 300
727056 227
727568 143
728084 56
728596 7
729112 28
729624 63
730140 127
730652 199
731168 271
731680 319
732196 359
732704 384
733224 368
733732 335
734252 271
734760 193
735280 103
735788 19
736304 14
736816 39
737332 96
737844 159
738360 231
738872 295
739388 344
739900 369
740416 384
740928 355
741444 312
741956 240
742472 156
742984 63
743500 7
744012 24
744528 62
745036 124
745556 192
746064 255
746584 319
747092 359
747608 384
748120 376
748636 339
749148 284
749664 207
750176 120
750692 31
751204 7
751720 31
752232 81
752748 152
753260 224
753776 287
754288 335
754804 368
755312 384
755832 359
756340 319
756860 254
757368 167
757884 79
758396 7
758912 15
759424 51
759940 112
760452 184
760968 252
761480 312
761996 352
762508 384
763024 376
763536 344
764052 287
764564 220
765080 127
765588 46
766108 7
766616 30
767136 71
767644 135
768164 211
768672 280
769188 327
769700 368
770216 384
770728 368
771244 327
771756 255
772272 184
772784 96
773300 15
773812 15
774328 44
774840 97
775356 167
775868 240
776384 302
776896 348
777412 376
777920 384
778440 352
778948 304
779468 231
779976 143
780492 56
781004 7
781520 24
782032 63
782548 127
783060 199
783576 255
784088 319
784604 359
785116 384
785632 368
786144 335
786660 275
787172 199
787688 112
788196 24
788716 12
789224 39
789736 159
790248 231
790764 291
791272 344
791792 369
792300 384
792820 355
793328 312
793844 241
794356 159
794872 67
795384 7
795900 24
796412 60
796928 120
797440 192
797956 255
798468 316
798984 355
799496 384
800012 369
800524 339
801040 284
801548 207
802068 120
802576 31
803096 7
803604 31
804124 81
804632 147
805148 224
805660 286
806176 335
806688 368
807204 384
807716 359
808232 319
808744 255
809260 176
809772 88
810288 7
810796 15
811316 48
811832 103
812340 176
812860 248
813368 305
813888 352
814396 384
814916 376
815424 348
815944 295
816452 224
816968 135
817480 48
817996 7
818508 28
819024 71
819536 135
820052 207
820564 273
821080 327
821592 364
822108 384
822620 368
823136 327
823648 255
824164 192
824672 97
825192 15
825700 15
826220 39
826728 96
827244 167
827756 240
828272 295
828784 348
829300 376
829812 384
830328 353
830840 307
831356 238
831868 152
832384 62
832896 7
833412 24
833924 63
834440 126
834948 195
835468 255
835976 319
836496 359
837004 384
837520 368
838032 335
838548 280
839060 199
839576 112
840088 24
840604 14
841116 35
841632 88
842144 156
842660 227
843172 287
843688 344
844200 369
844716 384
845224 359
845744 316
846252 248
846772 163
847280 78
847800 7
848308 17
848824 56
849336 113
849852 184
850364 255
850880 312
851392 353
851908 384
852420 376
852936 344
853448 287
853964 216
854476 127
854992 39
855504 7
856020 31
856532 79
857048 143
857556 216
858076 280
858584 332
859104 368
859612 384
860128 359
860640 319
861156 255
861668 176
862184 88
862696 7
863212 15
863724 48
864240 103
864752 176
865268 248
865780 304
866296 352
866808 384
867324 384
867832 352
868352 302
868860 227
869380 143
869888 56
870404 7
870916 24
871432 63
871944 127
872460 199
872972 270
873488 319
874000 359
874516 384
875028 368
875544 327
876056 271
876572 192
877084 103
877600 15
878108 14
878628 39
879136 96
879656 159
880164 231
880684 295
881192 344
881708 376
882220 384
882736 355
883248 312
883764 240
884276 156
884792 63
885304 7
885820 24
886332 60
886848 120
887360 192
887876 255
888388 319
888904 359
889416 384
889932 376
890440 344
890960 284
891468 207
891988 120
892496 31
893012 7
893524 31
894040 83
894552 152
895068 224
895580 287
896096 335
896608 368
897124 384
897636 359
898152 318
898664 252
899180 167
899692 79
900208 7
900716 17
901236 56
901744 112
902264 184
902772 252
903288 312
903800 352
904316 384
904828 376
905344 348
905856 291
906372 220
906884 127
907400 46
907912 7
908428 30
908940 71
909456 135
909968 207
910484 280
910992 327
911512 368
912020 384
912540 368
913048 327
913568 255
914076 184
914592 96
915104 14
915620 15
916132 46
916648 99
917160 167
917676 240
918188 304
918704 348
919216 376
919732 384
920244 352
920760 304
921284 159
921796 71
922312 7
922824 19
923340 60
923852 120
924368 192
924880 255
925396 316
925908 355
926424 384
926936 376
927452 344
927960 287
928480 207
928988 124
929508 35
930016 7
930532 31
931044 79
931560 143
932068 220
932588 284
933104 335
933612 368
934132 384
934640 364
935160 319
935668 255
936188 176
936696 88
937212 7
937724 15
938240 49
938752 103
939268 176
939780 248
940296 305
940808 352
941324 376
941836 376
942352 348
942864 295
943380 224
943892 135
944408 48
944920 7
945436 28
945944 71
946464 135
946972 207
947492 271
948000 327
948516 366
949028 384
949544 368
950056 327
950572 255
951084 192
951600 99
952112 15
952628 15
953140 39
953656 96
954168 163
954684 231
955196 295
955712 344
956220 376
956740 384
957248 353
957768 305
958276 238
958792 152
959304 63
959820 7
960332 24
960848 63
961360 126
961876 195
962388 255
962904 319
963416 359
963932 384
964444 368
964960 335
965472 280
965988 199
966496 113
967016 28
967524 12
968044 35
968552 88
969072 156
969580 224
970096 287
970608 337
971124 369
971636 384
972152 359
972664 318
973180 252
973692 167
974208 79
974720 7
975236 17
975748 56
976264 112
976776 184
977292 252
977804 312
978320 352
978828 384
979348 376
979856 344
980376 287
980884 216
981400 127
981912 39
982428 7
982940 31
983456 78
983968 143
984484 216
984996 280
985512 334
986024 368
986540 384
987052 364
987568 319
988080 255
988596 179
989104 94
989624 12
990132 15
990652 48
991160 103
991676 172
992188 241
992704 304
993216 352
993732 384
994244 384
994760 352
995272 304
995788 227
996300 143
996816 56
997328 7
997844 24
998356 63
998872 127
999380 199
999900 270
1000408 319
1000928 359
1001436 384
1001956 368
1002464 327
1002980 271
1003492 192
1004008 103
1004520 19
1005036 14
1005548 39
1006064 96
1006576 159
1007092 231
1007604 295
1008120 344
1008632 371
1009148 384
1009660 355
1010176 312
1010688 241
1011204 158
1011712 67
1012232 7
1012740 24
1013260 60
1013768 120
1014284 192
1014796 255
1015312 318
1015824 355
1016340 384
1016852 376
1017368 344
1017880 286
1018396 207
1018908 120
1019424 31
1019936 7
1020452 31
1020964 81
1021480 152
1021988 224
1022508 286
1023016 335
1023536 368
1024044 384
1024560 359
1025072 319
1025588 252
1026100 167
1026616 79
1027128 7
1027644 15
1028156 51
1028672 112
1029184 179
1029700 252
1030212 312
1030728 352
1031240 384
1031756 384
1032264 352
1032784 295
1033292 224
1033812 135
1034320 48
1034840 7
1035348 28
1035864 71
1036376 135
1036892 207
1037404 271
1037920 327
1038432 364
1038948 384
1039460 368
1039976 327
1040488 255
1041004 184
1041516 96
1042032 14
1042544 15
1043060 46
1043572 97
1044088 167
1044596 240
1045116 304
1045624 348
1046144 376
1046652 384
1047168 352
1047680 304
1048196 231
1048708 152
1049224 60
1049736 7
1050252 24
1050764 63
1051280 127
1051792 199
1052308 255
