520 1023
1032 639
1552 846
2060 911
2580 799
3088 547
3608 255
4120 71
4636 140
5148 352
5664 632
6176 831
6692 911
7204 816
7720 568
8232 268
8748 71
9260 127
9780 352
10288 609
10808 831
11316 910
11836 824
12348 575
12864 280
13376 78
13892 127
14404 327
14920 608
15432 828
15948 911
16460 828
16976 583
17488 287
18004 96
18516 126
19032 319
19544 588
20060 816
20576 911
21088 831
21604 608
22116 312
22636 96
23144 120
23664 312
24172 575
24692 807
25204 911
25720 839
26232 624
26748 319
27260 96
27776 112
28288 291
28804 568
29316 799
29832 908
30344 847
30864 632
31372 327
31892 96
32400 112
32920 287
33432 550
33948 792
34460 903
34976 864
35488 639
36004 352
36516 112
37032 112
37544 271
38060 542
38572 780
39092 903
39600 864
40120 652
40628 384
41148 120
41660 96
42176 255
42688 524
43204 769
43716 903
44232 896
44744 671
45260 384
45772 124
46288 96
46800 254
47320 512
47828 768
48348 899
48856 896
49376 671
49888 385
50404 127
50916 96
51432 248
51944 504
52460 768
52972 896
53488 896
54000 704
54516 396
55028 131
55548 96
56056 240
56576 496
57084 768
57604 896
58116 896
58632 704
59144 415
59660 143
60172 96
60688 224
61200 480
61716 768
62228 896
62744 896
63256 711
63776 448
64284 158
64804 96
65312 224
65832 480
66344 736
66860 896
67372 896
67888 736
68400 448
68916 159
69428 78
69944 204
70456 449
70972 711
71484 896
72004 896
72512 768
73032 448
73540 192
74060 71
74572 195
75088 448
75600 704
76116 896
76628 896
77144 768
77656 480
78172 192
78684 71
79200 192
79712 448
80232 704
80740 896
81260 899
81768 768
82288 480
82800 192
83316 71
83828 192
84344 415
84856 704
85372 896
85884 903
86400 768
86912 496
87428 199
87940 71
88460 192
88968 408
89488 671
89996 864
90516 903
91028 768
91544 504
92056 224
92572 71
93084 163
93600 398
94112 668
94628 864
95140 903
95656 775
96168 512
96688 224
97196 71
97716 159
98224 384
98744 655
99256 864
99772 908
100284 787
100800 527
101312 240
101828 71
102340 152
102856 384
103368 639
103884 864
104396 911
104916 799
105424 543
105944 252
106452 71
106972 143
107484 384
108000 636
108512 839
109028 910
109540 799
110056 550
110568 255
111084 71
111596 135
112112 352
112624 624
113144 831
113652 910
114172 807
114680 568
115200 263
115712 71
116228 127
116740 352
117256 609
117768 830
118284 911
118796 824
119312 575
119824 286
120340 96
120852 127
121372 326
121880 608
122400 828
122908 911
123428 831
123940 608
124456 304
124968 96
125484 124
125996 316
126512 583
127024 816
127540 911
128052 831
128568 608
129080 316
129600 96
130108 120
130628 312
131136 574
131656 799
132176 639
132688 384
133204 112
133716 96
134232 255
134744 527
135260 771
135772 903
136288 864
136800 664
137320 384
137828 124
138348 96
138860 254
139376 513
139888 768
140404 899
140916 896
141432 671
141944 384
142460 127
142972 96
143488 248
144000 508
144516 768
145028 896
145548 896
146056 704
146576 391
147088 127
147604 96
148116 240
148632 496
149144 768
149660 896
150172 896
150688 704
151200 412
151716 142
152228 96
152744 224
153256 480
153776 768
154284 896
154804 896
155316 707
155832 419
156344 156
156860 96
157372 224
157888 480
158400 736
158916 896
159432 896
159944 736
160460 448
160972 159
161488 79
162000 199
162520 451
163028 711
163548 896
164060 896
164576 768
165088 449
165604 192
166116 71
166632 195
167144 448
167660 704
168172 896
168688 896
169200 768
169716 457
170228 192
170748 71
171256 192
171776 448
172288 704
172804 896
173316 897
173832 768
174344 480
174860 192
175372 71
175888 192
176400 415
176916 704
177428 896
177944 903
178456 768
178976 496
179484 199
180004 67
180516 192
181032 412
181544 671
182060 865
182572 903
183088 768
183600 508
184116 224
184628 71
185144 163
185656 391
186176 668
186684 864
187204 903
187716 775
188232 511
188744 224
189260 71
189772 159
190288 387
190800 655
191316 864
191828 903
192344 783
192856 524
193372 240
193884 71
194404 156
194912 384
195432 639
195944 864
196460 911
196972 798
197488 540
198000 252
198516 71
199028 143
199544 384
200056 636
200572 844
201084 911
201600 799
202112 551
202632 255
203140 71
203660 135
204172 352
204688 632
205200 831
205716 911
206228 816
206744 568
207256 255
207772 71
208284 127
208800 352
209312 624
209828 831
210340 910
210860 816
211368 574
211888 275
212400 79
212916 127
213428 327
213944 608
214456 828
214972 911
215484 830
216000 583
216512 287
217028 96
217540 124
218056 319
218568 588
219088 824
219596 911
220116 831
220628 608
221144 312
221656 96
222172 120
222684 312
223200 575
223712 807
224228 911
224740 839
225256 609
225768 318
226284 96
226796 120
227316 304
227824 572
228344 799
228856 908
229372 839
229884 624
230400 319
230912 96
231428 112
231940 287
232456 568
232968 798
233484 908
233996 864
234512 636
235024 352
235544 97
236052 112
236572 284
237084 543
237600 787
238112 908
238628 864
239140 639
239656 352
240168 112
240684 97
241196 263
241712 536
242224 775
242740 903
243252 864
243772 655
244280 384
244800 120
245312 96
245828 255
246340 519
246856 769
247368 899
247884 865
248396 668
248912 384
249424 120
249940 96
250452 254
250968 513
251480 768
252000 899
252508 896
253028 671
253540 384
254056 127
254568 96
255084 248
255596 508
256112 768
256624 897
257140 896
257652 704
258168 398
258680 135
259196 96
259708 240
260228 496
260736 768
261256 896
261768 896
262284 704
262796 414
263312 140
263832 352
264344 608
264860 831
265372 911
265888 824
266400 575
266916 284
267428 79
267944 127
268456 327
268972 608
269484 828
270000 911
270512 828
271032 583
271540 287
272060 79
272568 124
273088 319
273600 590
274116 824
274628 910
275144 831
275656 608
276172 304
276684 96
277200 124
277712 312
278228 575
278740 807
279260 911
279768 839
280288 624
280796 319
281316 96
281828 120
282344 304
282856 572
283372 799
283884 911
284400 847
284912 632
285428 327
285940 96
286456 112
286968 287
287488 560
287996 796
288516 908
289024 864
289544 636
290056 352
290572 96
291084 112
291600 284
292112 543
292628 783
293140 903
293656 864
294168 639
294684 352
295196 112
295716 112
296224 271
296744 542
297252 780
297772 903
298284 864
298800 652
299316 384
299828 120
300344 96
300856 255
301372 527
301884 771
302404 903
302912 880
303432 664
303944 384
304460 124
304972 96
305488 255
306000 512
306516 768
307028 899
307544 896
308056 671
308572 384
309084 126
309600 96
310112 248
310632 508
311144 768
311660 897
312172 896
312688 688
313200 391
313716 127
314228 96
314744 240
315256 504
315772 768
316284 896
316800 896
317312 704
317832 403
318340 140
318860 96
319372 225
319888 496
320400 768
320916 896
321428 896
321944 704
322456 415
322972 145
323484 96
324000 224
324512 480
325028 768
325540 896
326060 896
326568 716
327088 448
327600 159
328116 79
328628 224
329144 462
329656 736
330172 896
330684 896
331200 736
331712 448
332228 159
332740 78
333256 199
333768 448
334288 711
334796 896
335316 896
335828 768
336344 451
336856 192
337372 71
337884 192
338400 448
338912 704
339428 896
339940 897
340456 768
340968 480
341484 192
341996 71
342516 192
343024 423
343544 704
344056 896
344572 902
345084 768
345600 481
346112 199
346628 71
347140 192
347656 415
348168 679
348684 880
349196 903
349712 768
350224 496
350744 206
351252 71
351772 192
352284 399
352800 671
353312 864
353828 903
354340 769
354856 508
355368 224
355884 71
356396 159
356912 391
357424 659
357940 864
358452 903
358972 780
359480 519
360000 240
360512 71
361028 158
361540 384
362056 647
362568 864
363084 910
363596 796
364112 536
364624 248
365140 71
365652 143
366168 384
366680 638
367200 846
367708 911
368228 799
368740 547
369256 254
369768 71
370284 142
370796 384
371312 632
371824 831
372340 910
372852 803
373368 560
373880 255
374396 71
374908 135
375428 352
375936 624
376456 831
376968 911
377484 816
377996 572
378512 271
379024 78
379540 127
380052 335
380568 608
381080 830
381596 911
382108 828
382624 575
383136 287
383656 96
384164 126
384684 319
385196 608
385712 824
386224 911
386740 831
387252 608
387768 304
388280 96
388796 124
389308 316
389824 583
390336 816
390852 910
391364 831
391884 608
392392 312
392912 96
393424 120
393940 312
394452 574
394968 803
395492 536
396008 782
396520 903
397036 864
397548 655
398064 384
398576 112
399092 96
399604 255
400124 527
400632 769
401152 903
401664 865
402180 664
402692 384
403208 120
403720 96
404236 255
404748 513
405264 768
405776 897
406292 880
406804 671
407320 384
407832 126
408352 96
408860 252
409380 510
409892 768
410408 897
410920 896
411436 704
411948 391
412464 127
412976 96
413492 240
414004 496
414520 768
415032 896
415548 896
416064 704
416576 412
417092 142
417604 96
418124 225
418632 480
419152 768
419660 896
420180 896
420692 705
421208 415
421720 147
422236 96
422748 224
423264 480
423776 768
424292 896
424804 896
425320 711
425832 448
426352 158
426860 79
427380 224
427888 462
428408 736
428920 896
429436 896
429948 736
430464 448
430976 166
431492 78
432004 199
432520 449
433032 711
433548 896
434060 896
434580 768
435088 455
435608 192
436116 71
436636 192
437148 448
437664 704
438176 896
438692 897
439204 768
439720 480
440232 192
440748 71
441260 192
441776 448
442288 704
442808 896
443316 897
443836 768
444344 480
444864 192
445376 71
445892 192
446404 415
446920 704
447432 896
447948 902
448460 768
448976 496
449488 204
450004 71
450516 192
451036 412
451544 671
452064 864
452572 903
453092 768
453604 508
454120 224
454632 71
455148 163
455660 391
456176 668
456688 864
457204 908
457716 780
458232 513
458744 224
459264 71
459772 159
460292 384
460800 652
461320 864
461832 903
462348 783
462860 527
463376 240
463888 71
464404 156
464916 384
465432 639
465944 847
466460 908
466972 796
467492 540
468000 252
468520 71
469028 143
469548 384
470060 636
470576 839
471088 911
471604 799
472116 551
472632 255
473144 71
473660 135
474172 352
474688 624
475200 831
475720 911
476228 816
476748 572
477256 271
477776 71
478288 127
478804 352
479316 608
479832 831
480344 911
480860 824
481372 575
481888 280
482400 71
482916 127
483428 327
483948 608
484456 824
484976 910
485484 828
486004 583
486516 287
487032 96
487544 126
488060 319
488572 590
489088 824
489600 911
490116 831
490628 608
491144 312
491656 96
492176 120
492684 312
493204 575
493712 803
494232 911
494744 839
495260 624
495772 319
496288 96
496800 120
497316 295
497828 568
498344 799
498856 910
499372 847
499884 632
500404 327
500912 96
501432 112
501940 287
502460 560
502972 792
503488 903
504000 864
504516 638
505028 352
505544 97
506056 112
506572 280
507084 543
507600 783
508112 903
508632 864
509140 639
509660 352
510168 112
510688 97
511200 263
511716 536
512228 775
512744 903
513256 865
513772 655
514284 384
514800 120
515312 96
515828 255
516340 519
516860 768
517368 903
517888 896
518396 671
518916 384
519428 124
519944 96
520456 252
520972 511
521484 768
522000 897
522512 896
523028 675
523540 385
524056 127
524568 96
525088 248
525596 504
526116 768
526624 896
527140 903
527652 864
528172 636
528680 352
529200 97
529708 112
530228 284
530740 543
531256 783
531768 903
532284 864
532796 639
533312 352
533824 112
534340 97
534852 263
535368 536
535880 775
536396 903
536908 864
537428 655
537936 384
538456 120
538968 96
539484 255
539996 519
540512 768
541024 903
541540 880
542052 670
542568 384
543080 124
543596 96
544108 254
544624 512
545136 768
545656 897
546164 896
546684 671
547196 384
547712 126
548224 96
548740 248
549252 508
549768 768
550280 896
550796 896
551308 704
551824 398
552336 135
552852 96
553364 240
553884 496
554392 768
554912 896
555424 896
555940 704
556452 415
556968 143
557480 96
557996 224
558508 480
559024 768
559536 896
560052 896
560564 710
561084 419
561592 152
562112 96
562620 224
563140 480
563652 736
564168 896
564680 896
565196 711
565708 448
566224 158
566736 79
567252 224
567764 455
568280 736
568792 896
569308 896
569820 736
570340 448
570848 167
571368 78
571880 199
572396 448
572908 707
573424 896
573936 896
574452 768
574964 455
575480 192
575992 71
576508 192
577020 448
577536 704
578048 896
578568 899
579076 768
579596 480
580108 192
580624 71
581136 192
581652 448
582164 704
582680 896
583192 897
583708 768
584220 480
584736 192
585248 71
585764 192
586276 415
586796 704
587304 865
587824 899
588336 768
588852 496
589364 206
589880 71
590392 192
590908 408
591420 671
591936 864
592448 903
592964 769
593476 510
593992 224
594504 71
595024 159
595532 391
596052 664
596564 864
597080 910
597592 783
598108 515
598620 240
599136 71
599648 158
600164 384
600676 647
601192 864
601704 910
602220 783
602732 527
603252 240
603760 71
604280 156
604792 384
605308 639
605820 847
606336 908
606848 796
607364 536
607876 248
608392 71
608904 143
609420 384
609932 636
610448 839
610960 911
611480 799
611988 551
612508 255
613020 71
613536 135
614048 352
614564 632
615076 831
615592 911
616104 816
616620 568
617132 271
617648 71
618160 127
618676 352
619188 608
619708 831
620216 911
620736 824
621248 575
621764 280
622276 78
622792 127
623304 327
623820 608
624332 828
624848 911
625360 828
625876 583
626388 287
626904 79
627416 126
627936 319
628444 608
628964 824
629476 911
629992 831
630504 608
631020 304
631532 96
632048 124
632560 316
633076 583
633588 816
634104 911
634616 835
635132 608
635644 316
636164 96
636672 120
637192 312
637704 574
638220 803
638732 911
639248 844
639760 624
640276 319
640792 96
641304 112
641820 295
642332 568
642848 799
643360 910
643880 847
644388 632
644908 327
645420 96
645936 112
646448 287
646964 560
647476 792
647992 903
648504 864
649020 638
649532 352
650048 112
650560 112
651076 280
651588 543
652108 783
652616 903
653136 864
653648 647
654164 352
654676 112
655192 97
655704 263
656220 531
656732 775
657248 903
657760 865
658276 655
658792 608
659308 830
659820 911
660336 828
660848 583
661364 287
661876 96
662396 127
662904 319
663424 608
663936 824
664452 911
664964 831
665480 608
665992 304
666508 96
667020 124
667536 316
668048 575
668564 816
669076 911
669592 831
670104 608
670624 312
671132 96
671652 120
672164 312
672680 575
673192 799
673708 910
674220 839
674736 624
675248 319
675764 96
676276 112
676792 295
677304 568
677820 799
678332 908
678852 847
679360 636
679880 327
680392 96
680908 112
681420 286
681936 547
682448 792
682964 908
683476 864
683992 639
684504 352
685020 112
685532 112
686052 271
686560 540
687080 782
687592 903
688108 864
688620 655
689136 384
689648 112
690164 96
690676 255
691192 527
691704 769
692220 899
692732 864
693248 664
693760 384
694280 120
694788 96
695308 255
695820 515
696336 768
696848 899
697364 896
697876 671
698392 384
698904 127
699420 96
699932 248
700448 510
700960 768
701476 899
701988 896
702508 704
703016 396
703536 127
704048 96
704564 240
705076 496
705592 768
706104 896
706620 896
707132 704
707648 408
708160 135
708676 96
709188 224
709704 481
710216 768
710736 896
711244 896
711764 704
712276 415
712792 143
713304 96
713820 224
714332 480
714848 768
715360 896
715876 896
716388 711
716904 448
717416 158
717932 79
718444 224
718964 462
719472 736
719992 896
720504 896
721020 736
721532 448
722048 163
722560 78
723076 199
723588 448
724104 711
724616 896
725132 896
725644 768
726160 455
726672 192
727188 71
727700 192
728216 448
728732 704
729244 896
729760 896
730272 768
730788 480
731300 192
731820 71
732328 192
732848 448
733360 704
733876 896
734388 897
734904 768
735416 480
735932 192
736444 71
736960 192
737472 415
737988 704
738500 896
739016 899
739528 768
740048 496
740556 199
741076 71
741588 192
742104 408
742616 671
743132 865
743644 903
744160 769
744672 508
745188 224
745700 71
746216 163
746728 391
747244 668
747756 864
748276 908
748784 780
749304 513
749816 224
750332 71
750844 159
751360 384
751872 652
752388 864
752900 908
753416 783
753928 526
754444 240
754956 71
755472 156
755984 384
756504 639
757012 864
757532 910
758044 796
758560 536
759072 248
759588 71
760100 143
760616 384
761128 638
761644 846
762156 911
762672 799
763184 547
763700 255
764212 71
764732 140
765240 352
765760 632
766272 831
766788 911
767300 816
767816 568
768328 255
768844 71
769356 131
769872 352
770384 624
770900 831
771412 911
771928 816
772440 574
772960 271
773468 71
773988 127
774500 335
775016 608
775528 828
776044 910
776556 824
777072 575
777584 287
778100 78
778612 126
779128 319
779640 608
780156 824
780668 911
781188 831
781696 608
782216 304
782728 96
783244 124
783756 318
784272 583
784784 816
785300 911
785812 835
786328 608
786840 312
787356 96
787868 120
788384 312
788896 575
789416 807
789924 911
790444 865
790960 903
791472 768
791988 496
792500 224
793016 71
793528 192
794048 403
794556 671
795076 864
795588 903
796104 769
796616 510
797132 224
797644 71
798160 159
798672 391
799188 664
799700 864
800216 910
800728 783
801244 519
801760 240
802272 71
802788 158
803300 384
803820 647
804328 864
804848 911
805356 792
805876 527
806388 240
806904 71
807416 152
807932 384
808444 639
808960 847
809472 910
809988 796
810500 542
811016 248
811528 71
812048 143
812556 384
813076 638
813584 839
814104 911
814616 799
815132 543
815644 255
816160 71
816672 135
817188 353
817700 632
818216 838
818728 911
819244 816
819756 568
820276 263
820784 71
821304 127
821812 352
822332 624
822844 831
823360 911
823872 824
824388 575
824900 280
825416 76
825928 127
826444 334
826956 608
827472 828
827984 911
828504 828
829012 579
829532 286
830040 79
830560 126
831072 319
831588 608
832100 824
832616 910
833128 831
833644 591
834156 304
834672 96
835184 124
835700 318
836212 579
836732 816
837240 911
837760 831
838272 608
838788 316
839300 96
839816 120
840328 304
840844 575
841356 803
841872 911
842384 847
842900 624
843412 319
843932 96
844440 112
844960 291
845468 568
845988 799
846500 908
847016 847
847528 632
848044 327
848556 96
849072 112
849584 286
850100 551
850612 792
851128 903
851640 864
852160 638
852668 352
853188 112
853696 112
854216 275
854728 542
855244 783
855756 903
856272 864
856784 647
857300 384
857812 112
858328 96
858840 255
859356 527
859868 771
860388 903
860896 880
861416 668
861924 384
862444 124
862956 96
863472 255
863984 513
864500 768
865012 899
865528 896
866040 671
866556 384
867068 126
867584 96
868096 248
868616 510
869124 768
869644 896
870152 896
870672 679
871184 391
871700 127
872212 96
872728 248
873240 504
873756 768
874268 896
874784 896
875296 704
875812 399
876324 135
876844 96
877352 240
877872 496
878380 768
878900 896
879412 896
879928 704
880440 415
880956 145
881468 96
881984 224
882496 480
883012 768
883524 896
884040 896
884552 711
885072 448
885580 159
886100 79
886608 224
887128 462
887640 736
888156 896
888668 896
889184 736
889696 448
890212 159
890724 78
891240 206
891752 449
892268 711
892780 896
893300 896
893808 768
894328 449
894836 192
895356 76
895868 193
896384 448
896896 704
897412 896
897924 897
898440 768
898952 480
899468 192
899980 71
900496 192
901008 448
901528 704
902036 896
902556 899
903064 768
903584 480
904096 192
904612 71
905124 192
905640 415
906152 704
906668 896
907180 899
907696 768
908208 496
908724 199
909236 71
909756 192
910264 412
910784 671
911292 864
911812 902
912324 768
912840 504
913352 224
913868 67
914380 163
914896 399
915408 668
915924 864
916436 903
916952 775
917464 512
917980 224
918496 71
919008 159
919524 384
920036 655
920552 864
921064 910
921584 783
922096 71
922616 143
923124 384
923644 632
924156 839
924672 911
925184 816
925700 560
926212 255
926728 71
927240 135
927756 352
928268 624
928784 831
929296 911
929812 824
930324 574
930844 271
931352 71
931872 127
932384 335
932900 608
933412 830
933928 911
934440 824
934956 575
935468 284
935984 78
936496 127
937012 327
937524 608
938040 828
938552 911
939072 828
939580 588
940100 287
940612 96
941128 124
941640 319
942156 591
942668 824
943184 911
943696 831
944212 608
944724 312
945240 96
945752 120
946268 316
946780 575
947300 816
947808 911
948328 839
948840 624
949356 318
949868 96
950384 120
950896 304
951412 572
951924 799
952440 910
952952 844
953468 624
953980 319
954496 96
955008 112
955528 291
956036 568
956556 798
957068 903
957584 847
958096 636
958612 334
959124 96
959640 112
960152 284
960668 547
961180 792
961696 908
962208 864
962724 639
963236 352
963756 112
964264 112
964784 271
965296 540
965812 783
966324 903
966840 864
967352 655
967868 384
968380 112
968896 96
969408 255
969924 527
970436 769
970952 903
971464 865
971984 664
972492 384
973012 120
973524 96
974040 255
974556 519
975068 768
975584 899
976096 865
976612 670
977124 384
977644 124
978152 96
978672 252
979180 510
979700 768
980212 897
980728 896
981240 640
981756 390
982268 127
982784 96
983296 240
983812 504
984324 768
984840 896
985352 896
985872 704
986380 412
986900 135
987408 96
987928 240
988440 480
988956 768
989468 896
989984 896
990496 704
991012 415
991524 143
992040 96
992552 224
993072 480
993580 768
994100 896
994608 896
995128 707
995640 432
996156 156
996668 79
997184 224
997696 480
998212 736
998724 896
999240 896
999752 736
1000268 448
1000780 163
1001300 79
1001808 199
1002328 451
1002836 711
1003356 896
1003868 896
1004384 768
1004896 451
1005412 192
1005924 71
1006440 195
1006952 448
1007468 704
1007980 896
1008496 897
1009008 768
1009528 480
1010036 192
1010556 71
1011064 192
1011584 448
1012096 704
1012612 896
1013124 897
1013640 768
1014152 480
1014668 192
1015180 71
1015696 192
1016208 415
1016724 704
1017236 896
1017756 899
1018264 768
1018784 496
1019292 199
1019812 71
1020324 192
1020840 412
1021352 671
1021868 864
1022380 903
1022896 768
1023408 508
1023924 224
1024436 71
1024952 163
1025464 391
1025984 668
1026492 864
1027012 908
1027520 780
1028040 512
1028552 224
1029068 71
1029580 159
1030096 384
1030608 654
1031124 864
1031636 908
1032152 783
1032664 524
1033180 240
1033692 71
1034212 156
1034720 384
1035240 639
1035748 847
1036268 908
1036780 792
1037296 536
1037808 248
1038324 71
1038836 143
1039352 384
1039864 638
1040380 844
1040892 910
1041408 799
1041920 547
1042440 255
1042948 71
1043468 135
1043976 352
1044496 632
1045008 831
1045524 911
1046036 816
1046552 568
1047064 270
1047580 71
1048092 127
1048608 352
1049120 624
1049636 831
1050148 911
1050668 824
1051176 575
1051696 280
1052204 78
1052724 127
1053236 327
1053756 319
1054272 96
1054784 112
1055300 295
1055812 568
1056328 799
1056840 908
1057356 847
1057868 632
1058384 327
1058896 96
1059416 112
1059924 287
1060444 560
1060956 792
1061472 903
1061984 864
1062500 638
1063012 352
1063528 112
1064040 112
1064556 271
1065068 542
1065584 783
1066096 903
1066612 864
1067124 652
1067644 384
1068152 120
1068672 96
1069184 255
1069700 527
1070212 771
1070728 903
1071240 880
1071756 668
1072268 384
1072784 120
1073296 96
1073812 255
1074324 513
1074840 768
1075352 899
1075872 896
1076380 671
1076900 384
1077412 126
1077928 96
1078440 248
1078956 510
1079468 768
1079984 897
1080496 896
1081012 679
1081524 387
1082040 127
1082552 96
1083068 248
1083580 504
1084100 768
1084608 896
1085128 896
1085640 704
1086156 403
1086668 135
1087184 96
1087696 225
1088212 496
1088724 768
1089240 896
1089752 896
1090268 704
1090780 415
1091296 145
1091808 96
1092328 224
1092836 480
1093356 768
1093868 896
1094384 896
1094896 716
1095412 448
1095924 158
1096440 79
1096952 224
1097468 480
1097980 736
1098496 896
1099008 896
1099524 736
1100036 448
1100556 159
1101064 78
1101584 204
1102096 451
1102612 716
1103124 896
1103640 896
1104152 768
1104668 448
1105184 176
1105696 76
1106212 199
1106724 448
1107240 707
1107752 896
1108272 896
1108780 768
1109300 460
1109812 192
1110328 71
1110840 192
1111356 448
1111868 704
1112384 896
1112896 899
1113412 768
1113924 480
1114440 192
1114952 71
1115468 192
1115980 415
1116500 704
1117008 896
1117528 899
1118040 768
1118556 480
1119068 195
1119584 71
1120096 192
1120612 415
1121124 675
1121640 865
1122152 899
1122668 768
1123180 504
1123696 224
1124208 71
1124728 192
1125236 399
1125756 671
1126268 864
1126784 903
1127296 775
1127812 510
1128324 224
1128840 71
1129352 159
1129868 391
1130380 655
1130896 864
1131408 910
1131924 783
1132436 519
1132956 240
1133464 71
1133984 158
1134496 384
1135012 647
1135524 864
1136040 908
1136552 792
1137068 527
1137580 240
1138096 71
1138608 152
1139124 384
1139636 639
1140152 847
1140664 908
1141184 798
1141692 542
1142212 252
1142724 71
1143240 143
1143752 384
1144268 636
1144780 839
1145296 911
1145808 803
1146324 551
1146836 255
1147352 71
1147864 135
1148380 352
1148892 624
1149412 831
1149920 911
1150440 816
1150952 572
1151468 271
1151980 76
1152496 127
1153008 352
1153524 609
1154036 830
1154552 911
1155064 828
1155580 575
1156092 284
1156608 78
1157120 127
1157640 327
1158148 608
1158668 828
1159180 910
1159696 828
1160208 583
1160724 287
1161236 79
1161752 126
1162264 319
1162780 591
1163292 824
1163808 911
1164320 831
1164836 608
1165348 304
1165868 96
1166376 124
1166896 316
1167408 575
1167924 816
1168436 911
1168952 839
1169464 609
1169980 316
1170492 96
1171008 120
1171520 304
1172036 572
1172548 799
1173064 911
1173576 846
1174096 624
1174604 319
1175124 96
1175636 112
1176152 287
1176664 568
1177180 799
1177692 908
1178208 864
1178720 632
1179236 327
1179748 96
1180264 112
1180776 286
1181292 551
1181804 792
1182324 908
1182832 864
1183352 639
1183864 352
1184380 112
1184892 112
1185412 624
1185928 831
1186440 911
1186956 816
1187468 572
1187988 263
1188496 71
1189016 127
1189524 352
1190044 624
1190556 831
1191072 911
1191584 824
1192100 575
1192612 280
1193128 76
1193640 127
1194156 332
1194668 608
1195184 828
1195696 910
1196216 828
1196724 583
1197244 287
1197752 96
1198272 126
1198784 319
1199300 591
1199812 824
1200328 911
1200840 831
1201356 608
1201868 312
1202384 96
1202896 120
1203412 316
1203924 575
1204444 816
1204952 911
1205472 839
1205980 624
1206500 318
1207012 96
1207528 120
1208040 304
1208556 572
1209068 799
1209584 911
1210096 844
1210612 624
1211124 319
1211640 96
1212152 112
1212672 287
1213180 560
1213700 798
1214208 903
1214728 847
1215240 632
1215756 327
1216268 96
1216784 112
1217296 286
1217812 551
1218324 792
1218840 908
1219352 864
1219872 639
1220380 352
1220900 112
1221408 112
1221928 271
1222440 540
1222956 783
1223468 903
1223984 864
1224496 655
1225012 384
1225524 112
1226040 96
1226552 255
1227068 527
1227580 771
1228100 903
1228608 865
1229128 664
1229636 384
1230156 120
1230668 96
1231184 255
1231696 515
1232212 768
1232724 899
1233240 880
1233752 671
1234268 384
1234780 124
1235296 96
1235808 254
1236324 511
1236840 768
1237352 897
1237868 896
1238380 679
1238896 385
1239408 127
1239928 96
1240436 248
1240956 504
1241468 768
1241984 897
1242496 896
1243012 704
1243524 399
1244040 135
1244552 96
1245068 240
1245580 496
1246096 768
1246608 896
1247124 896
1247636 704
1248156 414
1248664 143
1249184 96
1249696 224
1250212 480
1250724 768
1251240 896
1251752 896
1252268 705
1252780 423
1253296 152
1253808 79
1254324 224
1254836 480
1255352 768
1255864 896
1256384 896
1256892 718
1257412 448
1257924 159
1258440 79
1258952 224
1259468 455
1259980 718
1260496 896
1261008 896
1261524 768
1262036 448
1262552 176
1263064 76
1263584 199
1264092 448
1264612 707
1265124 896
1265640 897
1266152 768
1266668 460
1267180 192
1267696 71
1268208 192
1268724 448
1269236 704
1269752 896
1270264 897
1270780 768
1271292 480
1271812 192
1272320 71
1272840 192
1273352 432
1273868 704
1274380 896
1274896 897
1275408 768
1275924 480
1276436 193
1276952 71
1277464 192
1277980 415
1278492 704
1279008 896
1279520 903
1280040 768
1280548 496
1281068 224
1281580 71
1282096 192
1282608 401
1283124 671
1283636 864
1284152 903
1284664 774
1285180 508
1285692 224
1286208 67
1286720 159
1287236 391
1287748 664
1288268 864
1288776 908
1289296 775
1289808 513
1290324 224
1290836 71
1291352 159
1291864 384
1292380 655
1292892 864
1293408 908
1293920 783
1294436 519
1294948 240
1295464 71
1295976 158
1296496 384
1297004 639
1297524 864
1298036 908
1298552 792
1299064 536
1299580 248
1300092 71
1300608 147
1301120 384
1301636 639
1302148 847
1302664 911
1303176 799
1303692 543
1304204 255
1304724 71
1305232 140
1305752 384
1306264 632
1306780 839
1307292 911
1307808 807
1308320 560
1308836 255
1309348 71
1309864 135
1310376 352
1310892 624
1311404 831
1311920 910
1312432 816
1312952 568
1313460 271
1313980 71
1314492 127
1315008 352
1315520 608
1316036 831
1316548 911
1317064 142
1317576 353
1318092 632
1318604 831
1319120 910
1319632 807
1320148 560
1320660 255
1321176 71
1321688 131
1322204 352
1322716 624
1323232 831
1323744 911
1324264 824
1324772 575
1325292 280
1325800 79
1326320 127
1326832 327
1327348 608
1327860 828
1328376 911
1328888 830
1329404 583
1329916 287
1330432 96
1330944 126
1331460 319
1331972 591
1332492 824
1333000 911
1333520 831
1334028 608
1334548 304
1335060 96
1335576 124
1336088 316
1336604 583
1337116 816
1337632 910
1338144 831
1338660 608
1339172 316
1339688 96
1340200 120
1340720 312
1341228 574
1341748 799
1342256 910
1342776 839
1343288 624
1343804 319
1344316 96
1344832 112
1345344 287
1345860 568
1346372 798
1346888 910
1347400 864
1347916 636
1348428 352
1348948 97
1349456 112
1349976 284
1350484 543
1351004 787
1351516 903
1352032 864
1352544 639
1353060 352
1353572 112
1354088 112
1354604 271
1355116 540
1355632 780
1356144 903
1356664 864
1357172 647
1357692 353
1358200 112
1358720 96
1359232 255
1359748 527
1360260 771
1360776 903
1361288 864
1361804 655
1362316 384
1362832 120
1363344 96
1363860 255
1364372 515
1364892 768
1365400 899
1365920 896
1366428 671
1366948 384
1367460 127
1367976 96
1368488 248
1369004 510
1369516 768
1370032 897
1370544 896
1371060 704
1371572 391
1372088 127
1372600 96
1373120 240
1373628 496
1374148 768
1374656 896
1375176 896
1375688 704
1376204 399
1376716 135
1377232 96
1377744 240
1378260 496
1378772 768
1379288 896
1379800 896
1380316 704
1380828 415
1381348 143
1381856 96
1382376 224
1382884 480
1383404 768
1383916 896
1384432 896
1384944 716
1385460 448
1385972 159
1386488 79
1387000 224
1387516 462
1388028 736
1388544 896
1389056 896
1389576 736
1390084 448
1390604 163
1391112 78
1391632 199
1392144 448
1392660 711
1393172 896
1393688 896
1394200 768
1394716 451
1395228 192
1395744 71
1396256 192
1396772 448
1397284 704
1397804 896
1398312 896
1398832 768
1399340 480
1399860 192
1400372 71
1400888 192
1401400 432
1401916 704
1402428 896
1402944 899
1403456 768
1403972 480
1404484 195
1405000 71
1405512 192
1406032 415
1406540 679
1407060 896
1407568 903
1408088 768
1408600 504
1409116 224
1409628 71
1410144 192
1410656 399
1411172 671
1411684 864
1412200 903
1412712 771
1413228 508
1413740 224
1414260 70
1414768 159
1415288 391
1415796 659
1416316 864
1416828 903
1417344 775
1417856 513
1418372 224
1418884 67
1419400 159
1419912 384
1420428 655
1420940 864
1421456 908
1421968 783
1422488 527
1422996 240
1423516 71
1424024 152
1424544 384
1425056 639
1425572 847
1426084 911
1426600 799
1427112 543
1427628 252
1428140 71
1428656 143
1429168 384
1429684 636
1430196 839
1430716 911
1431224 803
1431744 560
1432252 255
1432772 71
1433284 135
1433800 352
1434312 624
1434828 831
1435340 911
1435856 816
1436368 568
1436884 263
1437396 71
1437912 127
1438424 352
1438944 624
1439452 831
1439972 911
1440480 824
1441000 575
1441512 280
1442028 79
1442540 127
1443056 327
1443568 608
1444084 828
1444596 911
1445112 830
1445624 588
1446140 287
1446652 96
1447172 126
1447680 319
1448200 591
1448720 496
1449228 768
1449748 896
1450256 896
1450776 704
1451288 408
1451804 135
1452316 96
1452832 224
1453344 480
1453860 768
1454372 896
1454888 896
1455400 704
1455916 419
1456432 152
1456944 96
1457460 224
1457972 480
1458488 768
1459000 896
1459520 896
1460028 736
1460548 448
1461060 159
1461576 79
1462088 224
1462604 455
1463116 716
1463632 896
1464144 896
1464660 768
1465172 448
1465688 167
1466200 76
1466716 199
1467228 448
1467748 707
1468256 896
1468776 896
1469288 768
1469804 451
1470316 192
1470832 71
1471344 192
1471860 448
1472372 704
1472888 896
1473400 896
1473916 768
1474428 480
1474944 192
1475456 71
1475976 192
1476484 448
1477004 704
1477516 896
1478032 899
1478544 768
1479060 480
1479572 195
1480088 71
1480600 192
1481116 415
1481628 679
1482144 896
1482656 903
1483172 768
1483684 504
1484204 206
1484712 71
1485232 192
1485744 403
1486260 671
1486772 864
1487288 903
1487800 769
1488316 508
1488828 224
1489344 71
1489856 163
1490372 396
1490884 664
1491400 864
1491912 903
1492432 775
1492940 513
1493460 224
1493972 71
1494488 159
1495000 384
1495516 654
1496028 864
1496544 908
1497056 787
1497572 527
1498084 240
1498600 71
1499112 152
1499628 384
1500140 639
1500660 864
1501168 911
1501688 799
1502200 543
1502716 252
1503228 71
1503744 143
1504256 384
1504772 636
1505284 839
1505800 911
1506312 799
1506828 547
1507340 255
1507856 71
1508368 135
1508888 352
1509396 632
1509916 831
1510428 908
1510944 803
1511456 568
1511972 255
1512484 71
1513000 135
1513512 352
1514028 624
1514540 831
1515056 911
1515568 824
1516084 575
1516596 280
1517116 79
1517624 127
1518144 332
1518656 608
1519172 828
1519684 911
1520200 828
1520712 583
1521228 287
1521740 96
1522256 126
1522768 319
1523284 591
1523796 824
1524312 911
1524824 831
1525344 608
1525852 304
1526372 96
1526884 124
1527400 316
1527912 575
1528428 816
1528940 911
1529456 831
1529968 608
1530484 312
1530996 96
1531512 120
1532024 312
1532540 575
1533052 799
1533572 910
1534080 839
1534600 624
1535112 319
1535628 96
1536140 112
1536656 295
1537168 568
1537684 799
1538196 911
1538712 864
1539224 636
1539740 334
1540252 96
1540768 112
1541280 286
1541800 551
1542308 792
1542828 910
1543340 864
1543856 639
1544368 352
1544884 112
1545396 112
1545912 271
1546424 542
1546940 783
1547452 903
1547968 864
1548480 639
1548996 352
1549508 112
1550028 97
1550536 263
1551056 536
1551568 775
1552084 903
1552596 864
1553112 655
1553624 384
1554140 120
1554652 96
1555168 255
1555680 519
1556196 769
1556708 903
1557224 896
1557736 671
1558256 384
1558764 124
1559284 96
1559796 252
1560312 512
1560824 768
1561340 903
1561852 896
1562368 679
1562880 387
1563396 127
1563908 96
1564424 248
1564936 504
1565452 768
1565964 897
1566484 896
1566992 704
1567512 391
1568024 127
1568540 96
1569052 240
1569568 496
1570080 768
1570596 896
1571108 896
1571624 704
1572136 399
1572652 135
1573164 96
1573680 225
1574196 496
1574708 768
1575224 896
1575736 896
1576256 704
1576764 415
1577284 143
1577792 96
1578312 224
1578824 480
1579340 768
1579852 896
1580376 568
1580884 271
1581404 71
1581916 127
1582432 352
1582944 608
1583460 831
1583972 911
1584488 824
1585000 575
1585516 284
1586028 79
1586544 127
1587056 327
1587576 608
1588084 828
1588604 911
1589112 828
1589632 583
1590144 287
1590660 79
1591172 126
1591688 319
1592200 590
1592716 824
1593228 910
1593744 831
1594256 608
1594772 304
1595284 96
1595804 124
1596312 316
1596832 575
1597340 816
1597860 911
1598372 839
1598888 608
1599400 318
1599916 96
1600428 120
1600944 304
1601456 572
1601972 799
1602484 911
1603000 847
1603512 632
1604032 319
1604540 96
1605060 112
1605568 287
1606088 560
1606600 796
1607116 908
1607628 864
1608144 632
1608656 335
1609172 96
1609684 112
1610200 286
1610712 543
1611228 792
1611740 903
1612260 864
1612768 639
1613288 352
1613796 112
1614316 112
1614828 271
1615344 542
1615856 780
1616372 903
1616884 864
1617400 652
1617912 384
1618428 112
1618940 96
1619456 255
1619968 524
1620488 771
1620996 903
1621516 880
1622024 670
1622544 384
1623056 124
1623572 96
1624084 254
1624600 513
1625112 768
1625628 899
1626140 896
1626656 671
1627168 384
1627684 126
1628196 96
1628716 252
1629224 508
1629744 768
1630252 896
1630772 896
1631284 704
1631800 387
1632312 127
1632828 96
1633340 240
1633856 504
1634368 768
1634884 896
1635396 896
1635912 704
1636424 403
1636944 135
1637452 96
1637972 240
1638480 496
1639000 768
1639512 896
1640028 896
1640540 704
1641056 415
1641568 152
1642084 96
1642596 224
1643112 480
1643624 768
1644140 896
1644652 896
1645172 711
1645680 448
1646200 158
1646708 79
1647228 224
1647740 460
1648256 736
1648768 896
1649284 896
1649796 736
1650312 448
1650824 159
1651340 79
1651852 199
1652368 451
1652880 711
1653400 896
1653908 896
1654428 768
1654936 451
1655456 192
1655968 76
1656484 195
1656996 448
1657512 704
1658024 896
1658540 897
1659056 768
1659568 480
1660084 192
1660596 71
1661116 192
1661624 448
1662144 704
1662652 896
1663172 899
1663684 768
1664200 480
1664712 192
1665228 71
1665740 192
1666256 415
1666768 704
1667284 896
1667796 899
1668312 768
1668824 496
1669344 199
1669852 71
1670372 192
1670880 412
1671400 671
1671912 864
1672428 902
1672940 768
1673456 504
1673968 224
1674484 71
1674996 163
1675512 399
1676024 668
1676540 864
1677052 903
1677572 775
1678080 512
1678600 224
1679108 71
1679628 159
1680140 384
1680656 655
1681168 864
1681684 911
1682196 787
1682712 527
1683224 240
1683740 71
1684252 152
1684768 384
1685280 639
1685800 864
1686308 911
1686828 796
1687336 540
1687856 248
1688368 71
1688884 129
1689396 384
1689912 639
1690424 839
1690940 908
1691452 799
1691968 543
1692480 254
1692996 71
1693508 142
1694028 384
1694536 632
1695056 839
1695564 911
1696084 806
1696596 568
1697112 255
1697624 71
1698140 135
1698652 352
1699168 624
1699680 831
1700196 911
1700708 824
1701224 574
1701736 280
1702256 78
1702764 127
1703284 335
1703792 608
1704312 830
1704824 911
1705340 828
1705852 583
1706368 287
1706880 79
1707396 127
1707908 319
1708424 608
1708936 824
1709452 911
1709964 830
1710484 590
1710992 295
1711512 96
1712032 515
1712540 768
1713060 903
1713572 896
1714088 671
1714600 384
1715116 126
1715628 96
1716144 252
1716656 508
1717172 768
1717684 897
1718200 896
1718712 704
1719228 387
1719740 127
1720260 96
1720768 240
1721288 504
1721800 768
1722316 896
1722828 896
1723344 704
1723856 399
1724372 135
1724884 96
1725400 240
1725912 496
1726428 768
1726940 896
1727456 896
1727968 704
1728484 415
1729000 143
1729512 96
1730028 224
1730540 480
1731056 768
1731568 896
1732088 896
1732596 711
1733116 448
1733628 158
1734144 79
1734656 224
1735172 480
1735684 736
1736200 896
1736712 896
1737228 736
1737740 448
1738256 159
1738768 79
1739284 224
1739796 451
1740316 718
1740824 896
1741344 896
1741856 768
1742372 448
1742884 167
1743400 78
1743912 199
1744428 448
1744940 707
1745456 896
1745968 896
1746484 768
1746996 455
1747512 192
1748024 71
1748544 192
1749052 448
1749572 704
1750084 896
1750600 899
1751112 768
1751628 480
1752140 192
1752656 71
1753168 192
1753684 423
1754196 704
1754712 896
1755224 899
1755740 768
1756252 481
1756772 195
1757280 71
1757800 192
1758312 415
1758828 688
1759340 865
1759856 902
1760368 768
1760884 496
1761396 204
1761912 71
1762424 192
1762940 408
1763452 671
1763968 864
1764480 903
1765000 768
1765508 508
1766028 224
1766540 71
1767056 163
1767568 391
1768084 668
1768596 864
1769112 908
1769624 780
1770140 515
1770652 225
1771168 71
1771680 158
1772196 384
1772708 654
1773228 864
1773736 911
1774256 792
1774768 527
1775284 240
1775796 71
1776312 152
1776824 384
1777340 639
1777852 847
1778368 910
1778880 796
1779396 536
1779908 248
1780424 71
1780936 143
1781456 384
1781964 638
1782484 844
1782996 908
1783512 799
1784024 543
1784540 255
1785052 71
1785568 140
1786080 353
1786596 632
1787108 835
1787624 911
1788136 816
1788652 568
1789164 263
1789684 71
1790192 127
1790712 352
1791224 624
1791740 831
1792252 911
1792768 824
1793280 575
1793796 280
1794308 76
1794824 127
1795336 332
1795852 608
1796364 828
1796880 911
1797392 828
1797912 575
1798420 287
1798940 79
1799452 127
1799968 319
1800480 608
1800996 824
1801508 910
1802024 830
1802536 590
1803052 287
1803564 96
1804080 124
1804592 319
1805108 588
1805620 824
1806140 911
1806648 831
1807168 608
1807680 312
1808196 96
1808708 120
1809224 312
1809736 575
1810252 807
1810764 911
1811280 839
1811792 624
1812308 319
1812820 96
1813336 112
1813848 294
1814368 568
1814876 799
1815396 911
1815908 864
1816424 632
1816936 327
1817452 96
1817964 112
1818480 287
1818992 560
1819508 796
1820020 903
1820536 864
1821048 636
1821564 335
1822076 97
1822596 112
1823104 280
1823624 543
1824136 783
1824652 903
1825164 864
1825680 639
1826192 352
1826708 112
1827220 97
1827736 271
1828248 536
1828764 780
1829276 903
1829792 864
1830304 655
1830824 384
1831332 120
1831852 96
1832364 255
1832880 524
1833392 768
1833908 903
1834420 880
1834936 670
1835448 384
1835964 124
1836476 96
1836992 254
1837504 511
1838020 768
1838532 897
1839052 896
1839560 671
1840080 384
1840592 127
1841108 96
1841620 248
1842136 508
1842648 768
1843164 896
1843680 240
1844188 504
1844708 768
1845220 896
1845736 896
1846248 704
1846764 403
1847276 135
1847792 96
1848304 225
1848820 496
1849332 768
1849848 896
1850360 896
1850876 704
1851388 415
1851908 143
1852416 96
1852936 224
1853448 480
1853964 768
1854476 896
1854992 896
1855504 711
1856020 448
1856532 156
1857048 79
1857560 224
1858076 480
1858588 736
1859104 896
1859616 896
1860136 736
1860644 448
1861164 159
1861676 78
1862192 224
1862704 455
1863220 736
1863732 896
1864248 896
1864760 768
1865276 448
1865788 192
1866304 78
1866816 195
1867332 448
1867844 705
1868364 896
1868872 896
1869392 768
1869904 462
1870420 192
1870932 71
1871448 192
1871960 448
1872476 704
1872988 896
1873504 897
1874016 768
1874532 480
1875044 192
1875560 71
1876072 192
1876592 423
1877100 704
1877620 896
1878132 899
1878648 768
1879160 480
1879676 192
1880188 71
1880704 192
1881216 415
1881732 704
1882244 865
1882760 899
1883272 768
1883788 496
1884300 224
1884820 71
1885328 192
1885848 408
1886360 671
1886876 864
1887388 903
1887904 769
1888416 508
1888932 224
1889444 71
1889960 163
1890472 391
1890988 668
1891500 864
1892016 908
1892528 783
1893048 515
1893556 240
1894076 71
1894588 159
1895104 384
1895616 647
1896132 864
1896644 903
1897160 783
1897672 527
1898188 240
1898700 71
1899216 156
1899728 384
1900244 639
1900756 847
1901272 903
1901788 792
1902300 540
1902816 248
1903328 71
1903848 143
1904356 384
1904876 638
1905384 839
1905904 911
1906416 799
1906932 547
1907444 255
1907960 71
1908472 135
1908988 352
1909500 624
1910016 831
1910528 911
1911044 816
1911556 572
1912076 268
1912584 71
1913104 127
1913612 352
1914132 624
1914644 831
1915160 911
1915672 824
1916188 575
1916700 280
1917216 76
1917728 127
1918244 334
1918756 608
1919272 828
1919784 910
1920304 824
1920812 579
1921332 286
1921840 96
1922360 127
1922872 319
1923388 608
1923900 824
1924416 911
1924928 831
1925444 608
1925956 304
1926472 96
1926984 124
1927500 318
1928012 575
1928532 816
1929040 911
1929560 831
1930068 608
1930588 316
1931100 96
1931616 120
1932128 304
1932644 574
1933156 799
1933672 911
1934184 844
1934700 624
1935212 319
1935732 96
1936240 112
1936760 291
1937268 568
1937788 799
1938300 908
1938816 847
1939328 632
1939844 327
1940356 96
1940872 112
1941384 286
1941900 551
1942412 792
1942928 903
1943440 864
1943960 638
1944468 352
1944988 112
1945496 112
1946016 271
1946528 542
1947044 783
1947556 903
1948072 864
1948584 647
1949100 384
1949612 112
1950128 96
1950640 255
1951156 527
1951668 775
1952188 903
1952696 865
1953216 664
1953724 384
1954244 120
1954756 96
1955272 255
1955784 515
1956300 768
1956812 899
1957328 896
1957840 671
1958356 384
1958868 124
1959384 96
1959896 252
1960416 511
1960924 768
1961444 896
1961952 896
1962472 675
1962984 387
1963500 127
1964012 96
1964528 248
1965040 504
1965556 768
1966068 896
1966584 896
1967096 704
1967612 403
1968124 140
1968644 96
1969152 225
1969672 496
1970180 768
1970700 896
1971212 896
1971728 704
1972240 415
1972756 145
1973268 96
1973784 224
1974296 480
1974812 768
1975324 902
1975844 768
1976352 496
1976872 199
1977384 71
1977900 192
1978412 408
1978928 675
1979440 864
1979956 903
1980468 768
1980984 504
1981496 224
1982012 71
1982524 163
1983044 399
1983552 668
1984072 864
1984580 903
1985100 771
1985612 511
1986128 224
1986640 70
1987156 159
1987668 385
1988184 655
1988696 864
1989212 903
1989724 783
1990240 519
1990752 240
1991272 71
1991780 156
1992300 384
1992808 639
1993328 864
1993840 910
1994356 796
1994868 540
1995384 248
1995896 71
1996412 143
1996924 384
1997440 639
1997952 844
1998468 911
1998980 799
1999500 543
2000008 255
2000528 71
2001036 140
2001556 384
2002068 632
2002584 838
2003096 910
2003612 803
2004124 560
2004640 255
2005152 71
2005668 135
2006180 352
2006700 624
2007208 831
2007728 908
2008236 816
2008756 572
2009268 271
2009784 76
2010296 127
2010812 352
2011324 608
2011840 830
2012352 911
2012868 828
2013380 575
2013896 286
2014408 79
2014928 127
2015436 319
2015956 608
2016464 828
2016984 911
2017496 831
2018012 608
2018524 304
2019040 96
2019552 124
2020068 319
2020580 583
2021096 824
2021608 911
2022124 831
2022636 608
2023156 312
2023664 96
2024184 120
2024692 312
2025212 575
2025724 803
2026240 910
2026752 831
2027268 608
2027780 316
2028296 96
2028808 120
2029324 304
2029836 572
2030352 799
2030864 911
2031384 844
2031892 624
2032412 319
2032920 96
2033440 112
2033952 287
2034468 560
2034980 798
2035496 910
2036008 864
2036524 636
2037036 352
2037552 97
2038064 112
2038580 280
2039092 543
2039612 783
2040120 908
2040640 864
2041148 639
2041668 352
2042180 112
2042696 97
2043208 271
2043724 540
2044236 775
2044752 903
2045264 864
2045780 647
2046292 384
2046808 112
2047320 96
2047840 255
2048348 527
2048868 771
2049376 903
2049896 864
2050408 664
2050924 384
2051436 120
2051952 96
2052464 255
2052980 515
2053492 768
2054008 899
2054520 896
2055036 671
2055552 384
2056064 126
2056580 96
2057092 252
2057608 510
2058120 768
2058640 899
2059148 896
2059668 688
2060180 391
2060696 127
2061208 96
2061724 240
2062236 504
2062752 768
2063264 896
2063780 896
2064292 704
2064808 399
2065320 135
2065836 96
2066348 240
2066868 496
2067376 768
2067896 896
2068408 896
2068924 704
2069436 414
2069952 143
2070464 96
2070980 224
2071492 480
2072008 768
2072520 896
2073036 896
2073548 711
2074064 448
2074576 158
2075096 96
2075604 224
2076124 480
2076636 736
2077152 896
2077664 896
2078180 736
2078692 448
2079208 159
2079720 78
2080236 206
2080748 451
2081264 716
2081776 896
2082292 896
2082804 768
2083324 448
2083832 176
2084352 76
2084864 199
2085380 448
2085892 705
2086408 896
2086920 896
2087436 768
2087948 455
2088464 192
2088976 71
2089492 192
2090004 448
2090520 704
2091032 896
2091552 897
2092060 768
2092580 480
2093092 192
2093608 71
2094120 192
2094636 432
2095148 704
2095664 896
2096176 903
2096692 768
2097204 496
2097720 195
2098232 71
2098748 192
2099260 414
2099780 704
2100288 896
2100808 903
2101320 768
2101836 496
2102348 224
2102864 71
2103376 192
2103892 408
2104404 671
2104920 864
2105432 903
2105948 768
2106460 508
2106968 135
2107488 352
2107996 624
2108516 831
2109024 911
2109544 816
2110056 572
2110572 271
2111084 76
2111600 127
2112112 335
2112628 608
2113140 830
2113656 911
2114168 828
2114684 575
2115196 286
2115716 79
2116224 127
2116744 327
2117252 608
2117772 828
2118284 911
2118800 828
2119312 590
2119828 287
2120340 96
2120856 126
2121368 319
2121884 591
2122396 816
2122912 910
2123424 831
2123944 608
2124452 312
2124972 96
2125480 120
2126000 316
2126512 575
2127028 816
2127540 911
2128056 839
2128568 624
2129084 318
2129596 96
2130112 120
2130624 295
2131140 572
2131652 799
2132172 911
2132680 864
2133200 632
2133708 327
2134228 96
2134740 112
2135256 287
2135768 560
2136284 796
2136796 908
2137312 864
2137824 638
2138340 352
2138852 97
2139368 112
2139880 280
2140400 543
2140908 783
2141428 903
2141936 864
2142456 639
2142968 352
2143484 112
2143996 97
2144512 271
2145024 536
2145540 780
2146052 903
2146568 864
2147080 655
2147596 384
2148108 120
2148628 96
2149136 255
2149656 526
2150164 769
2150684 903
2151196 768
2151712 670
2152224 384
2152740 124
2153252 96
2153768 254
2154280 512
2154796 768
2155308 899
2155824 896
2156336 675
2156856 384
2157364 127
2157884 96
2158392 248
2158912 508
2159424 768
2159940 897
2160452 896
2160968 704
2161480 391
2161996 127
2162508 96
2163024 240
2163536 496
2164052 768
2164564 896
2165084 896
2165592 704
2166112 408
2166620 140
2167140 96
2167652 224
2168168 496
2168680 768
2169196 896
2169708 896
2170224 704
2170736 419
2171252 147
2171764 96
2172280 224
2172792 480
2173312 768
2173820 896
2174340 896
2174848 716
2175368 448
2175880 158
2176396 79
2176908 224
2177424 463
2177936 736
2178452 896
2178964 896
2179480 736
2179992 448
2180508 159
2181020 78
2181540 204
2182048 449
2182568 711
2183076 896
2183596 896
2184108 768
2184624 448
2185136 192
2185652 76
2186164 193
2186680 448
2187192 704
2187708 896
2188220 896
2188736 768
2189248 480
2189768 192
2190276 71
2190796 192
2191304 448
2191824 704
2192336 896
2192852 899
2193364 768
2193880 480
2194392 193
2194908 71
2195420 192
2195936 415
2196448 704
2196964 896
2197476 903
2197996 768
2198504 496
2199024 199
2199532 71
2200052 192
2200564 414
2201080 675
2201596 865
2202108 899
2202624 768
2203136 496
2203656 224
2204164 71
2204684 192
2205196 399
2205712 671
2206224 864
2206740 903
2207252 771
2207768 510
2208280 224
2208796 71
2209308 159
2209824 391
2210336 655
2210852 864
2211364 910
2211884 783
2212392 519
2212912 240
2213424 71
2213940 158
2214452 384
2214968 647
2215480 864
2215996 911
2216508 796
2217024 527
2217536 248
2218052 71
2218564 147
2219080 384
2219592 639
2220112 847
2220620 910
2221140 796
2221652 542
2222168 248
2222680 71
2223196 143
2223708 384
2224224 638
2224736 839
2225252 911
2225764 799
2226280 543
2226792 255
2227308 71
2227820 135
2228340 384
2228848 632
2229368 838
2229880 911
2230396 816
2230908 568
2231424 255
2231936 71
2232452 127
2232964 352
2233480 624
2233992 831
2234508 911
2235020 824
2235536 575
2236048 280
2236568 76
2237076 127
2237596 335
2238108 608
2238624 71
2239136 192
2239656 408
2240164 671
2240684 864
2241192 903
2241712 769
2242224 508
2242740 224
2243252 71
2243768 163
2244280 391
2244796 668
2245308 864
2245824 903
2246336 775
2246852 511
2247364 224
2247884 71
2248392 159
2248912 385
2249420 655
2249940 864
2250452 905
2250968 783
2251480 524
2251996 240
2252508 71
2253024 156
2253536 384
2254052 639
2254564 864
2255080 910
2255592 796
2256112 536
2256620 248
2257140 71
2257648 143
2258168 384
2258680 638
2259196 846
2259708 911
2260224 799
2260736 547
2261252 255
2261764 71
2262280 140
2262792 352
2263308 632
2263820 838
2264340 910
2264848 806
2265368 560
2265876 255
2266396 71
2266908 135
2267424 352
2267936 624
2268452 831
2268964 911
2269480 816
2269992 572
2270508 271
2271020 76
2271536 127
2272048 335
2272568 608
2273076 830
2273596 911
2274104 828
2274624 575
2275136 287
2275652 79
2276164 126
2276680 319
2277192 608
2277708 828
2278220 911
2278736 831
2279248 608
2279764 295
2280276 96
2280796 124
2281304 318
2281824 588
2282332 816
2282852 911
2283364 831
2283880 608
2284392 312
2284908 96
2285420 120
2285936 316
2286448 575
2286964 807
2287476 910
2287992 831
2288504 608
2289024 316
2289532 96
2290052 120
2290560 304
2291080 572
2291592 799
2292108 911
2292620 847
2293136 624
2293648 327
2294164 96
2294676 112
2295192 287
2295704 560
2296220 798
2296732 911
2297252 864
2297760 638
2298280 352
2298788 112
2299308 112
2299820 280
2300336 543
2300848 783
2301364 908
2301876 864
2302392 639
2302904 352
2303420 112
2303932 97
2304448 271
2304960 540
2305480 782
2305988 903
2306508 864
2307016 647
2307536 353
2308048 112
2308564 96
2309076 255
2309592 527
2310104 771
2310620 903
2311132 864
2311648 655
2312160 384
2312676 120
2313188 96
2313708 255
2314216 519
2314736 768
2315244 903
2315764 896
2316276 671
2316792 384
2317304 126
2317820 96
2318332 252
2318848 510
2319360 768
2319876 899
2320388 896
2320904 688
2321416 391
2321936 127
2322444 96
2322964 248
2323472 504
2323992 768
2324504 896
2325020 896
2325532 704
2326048 399
2326560 135
2327076 96
2327588 240
2328104 496
2328616 768
2329132 896
2329644 896
2330160 704
2330672 412
2331188 143
2331700 96
2332216 224
2332732 480
2333244 768
2333760 896
2334272 896
2334792 707
2335300 432
2335820 156
2336328 96
2336848 224
2337360 480
2337876 768
2338388 896
2338904 896
2339416 736
2339932 448
2340444 159
2340960 79
2341472 224
2341988 455
2342500 718
2343020 896
2343528 896
2344048 736
2344556 448
2345076 167
2345588 76
2346104 199
2346616 448
2347132 707
2347644 896
2348160 896
2348672 768
2349188 451
2349700 192
2350216 71
2350728 192
2351248 448
2351756 704
2352276 896
2352784 897
2353304 768
2353816 480
2354332 192
2354844 71
2355360 192
2355872 419
2356388 704
2356900 896
2357416 903
2357928 768
2358444 496
2358956 199
2359476 71
2359984 192
2360504 415
2361012 675
2361532 865
2362044 903
2362560 768
2363072 504
2363588 224
2364100 71
2364616 192
2365128 399
2365644 671
2366156 864
2366672 903
2367184 769
2367704 508
2368212 224
2368732 71
2369240 159
2369760 391
2370276 574
2370784 799
2371304 911
2371816 847
2372332 632
2372844 327
2373360 96
2373872 112
2374388 287
2374900 560
2375416 798
2375928 908
2376444 864
2376956 636
2377476 334
2377984 96
2378504 112
2379012 284
2379532 547
2380044 783
2380560 903
2381072 864
2381588 639
2382100 352
2382616 112
2383128 112
2383644 275
2384156 542
2384672 783
2385184 903
2385704 864
2386212 647
2386732 353
2387240 112
2387760 96
2388272 255
2388788 527
2389300 774
2389816 903
2390328 865
2390844 664
2391356 384
2391872 120
2392384 96
2392900 255
2393412 515
2393932 768
2394440 899
2394960 896
2395468 671
2395988 384
2396500 126
2397016 96
2397528 252
2398044 511
2398556 768
2399072 897
2399584 896
2400100 679
2400612 387
2401128 127
2401640 96
2402160 248
2402668 504
2403188 768
2403696 896
2404216 896
2404728 704
2405244 399
2405756 135
2406272 96
2406784 240
2407300 496
2407812 768
2408328 896
2408840 896
2409356 704
2409868 415
2410388 143
2410896 96
2411416 224
2411924 480
2412444 768
2412956 896
2413472 896
2413984 711
2414500 423
2415012 152
2415528 96
2416040 224
2416556 480
2417068 768
2417584 896
2418096 896
2418616 711
2419124 448
2419644 158
2420152 79
2420672 224
2421184 455
2421700 736
2422212 896
2422728 896
2423240 736
2423756 448
2424268 163
2424784 78
2425296 199
2425812 449
2426324 711
2426844 896
2427352 896
2427872 768
2428380 455
2428900 192
2429412 71
2429928 193
2430440 448
2430956 704
2431468 896
2431984 899
2432496 768
2433012 480
2433524 192
2434040 71
2434552 192
2435072 448
2435580 704
2436100 896
2436608 899
2437128 768
2437640 480
2438156 192
2438668 71
2439184 192
2439696 415
2440212 704
2440724 896
2441240 899
2441752 768
2442268 480
2442780 195
2443300 71
2443808 192
2444328 415
2444836 704
2445356 880
2445868 903
2446384 768
2446900 496
2447412 224
2447928 71
2448440 176
2448960 408
2449468 671
2449988 864
2450500 903
2451016 771
2451528 510
2452044 224
2452556 71
2453072 163
2453584 391
2454100 664
2454612 864
2455128 908
2455640 782
2456156 513
2456668 240
2457188 71
2457696 158
2458216 384
2458728 652
2459244 864
2459756 903
2460272 783
2460784 526
2461300 240
2461812 71
2462328 156
2462840 384
2463356 639
2463868 864
2464384 908
2464896 796
2465416 540
2465924 252
2466444 71
2466956 143
2467472 384
2467984 638
2468500 839
2469012 911
2469528 799
2470040 551
2470556 255
2471068 71
2471584 135
2472096 352
2472612 632
2473124 831
2473644 911
2474152 816
2474672 568
2475184 263
2475700 71
2476212 127
2476728 352
2477240 624
2477756 831
2478268 911
2478784 824
2479296 574
2479812 271
2480324 76
2480840 127
2481352 332
2481872 608
2482380 830
2482900 908
2483412 824
2483928 575
2484440 287
2484956 79
2485468 126
2485984 319
2486496 608
2487012 824
2487524 911
2488040 831
2488552 608
2489068 304
2489580 96
2490100 124
2490608 316
2491128 583
2491640 816
2492156 911
2492668 839
2493184 608
2493696 316
2494212 96
2494724 120
2495240 312
2495752 574
2496268 803
2496780 910
2497296 839
2497808 624
2498328 319
2498836 96
2499356 112
2499868 291
2500384 568
2500896 799
2501412 908
2501932 204
2502448 455
2502960 713
2503480 896
2503988 896
2504508 736
2505016 448
2505536 167
2506048 76
2506564 199
2507076 448
2507592 707
2508104 896
2508620 896
2509132 768
2509648 455
2510160 192
2510676 71
2511188 192
2511708 448
2512216 704
2512736 896
2513244 899
2513764 768
2514276 480
2514792 192
2515304 71
2515820 192
2516332 419
2516848 704
2517360 896
2517876 899
2518388 768
2518908 480
2519416 195
2519936 71
2520444 192
2520964 415
2521476 679
2521992 880
2522504 899
2523020 768
2523532 496
2524048 199
2524560 71
2525076 192
2525588 403
2526104 671
2526616 864
2527136 903
2527644 769
2528164 508
2528672 224
2529192 71
2529704 159
2530220 396
2530732 664
2531248 864
2531760 908
2532276 775
2532788 515
2533304 225
2533816 71
2534332 159
2534844 384
2535364 652
2535872 864
2536392 910
2536900 783
2537420 527
2537932 240
2538448 71
2538964 156
2539476 384
2539992 639
2540504 847
2541024 908
2541532 796
2542052 536
2542564 248
2543080 71
2543592 143
2544108 384
2544620 638
2545136 839
2545648 908
2546164 799
2546676 547
2547192 255
2547704 71
2548220 135
2548732 352
2549252 632
2549760 831
2550280 911
2550792 816
2551308 568
2551820 268
2552336 71
2552848 127
2553364 352
2553876 624
2554392 831
2554904 911
2555420 824
2555932 575
2556448 280
2556960 78
2557480 127
2557988 327
2558508 608
2559020 828
2559536 911
2560048 828
2560564 583
2561076 287
2561592 79
2562104 126
2562620 319
2563132 591
2563648 824
2564160 908
2564676 830
2565188 608
2565708 295
2566216 96
2566736 124
2567248 316
2567764 583
2568276 816
2568792 911
2569304 835
2569820 608
2570332 316
2570848 96
2571360 120
2571876 304
2572388 572
2572904 799
2573416 911
2573936 846
2574444 624
2574964 319
2575476 96
2575992 112
2576504 287
2577020 560
2577532 798
2578048 910
2578560 864
2579076 636
2579588 335
2580104 96
2580616 112
2581132 286
2581644 547
2582164 792
2582672 903
2583192 864
2583704 639
2584220 352
2584732 112
2585248 112
2585760 271
2586276 543
2586788 782
2587304 903
2587816 864
2588332 639
2588844 384
2589360 112
2589872 96
2590392 255
2590900 527
2591420 775
2591932 903
2592448 865
2592960 664
2593476 384
2593988 120
2594504 96
2595016 255
2595532 515
2596044 768
2596560 899
2597072 896
2597588 671
2598100 384
2598620 126
2599128 96
2599648 252
2600160 508
2600676 768
2601188 896
2601704 896
2602216 679
2602732 387
2603244 127
2603760 96
2604272 240
2604788 504
2605300 768
2605816 896
2606328 896
2606848 704
2607356 403
2607876 135
2608388 96
2608904 240
2609416 481
2609932 768
2610444 896
2610960 896
2611472 704
2611988 415
2612500 152
2613016 96
2613528 224
2614044 480
2614556 768
2615076 896
2615584 896
2616104 711
2616616 448
2617132 158
2617644 79
2618160 224
2618672 460
2619188 736
2619700 896
2620216 896
2620728 736
2621244 448
2621756 159
2622272 79
2622784 199
2623304 451
2623812 711
2624332 896
2624844 896
2625360 768
2625872 449
2626388 192
2626900 76
2627416 193
2627928 448
2628444 704
2628956 896
2629472 896
2629984 768
2630500 480
2631012 192
2631532 71
2632040 192
2632560 448
2633072 704
