116 174
228 158
340 135
452 124
564 103
676 89
788 71
904 56
1016 39
1132 24
1244 7
1356 7
1468 7
1584 7
1696 7
1808 14
1920 15
2032 24
2148 28
2264 31
2376 39
2488 49
2600 62
2712 71
2824 81
2936 96
3048 103
3168 120
3280 127
3392 143
3504 159
3616 167
3728 184
3840 195
3952 207
4064 224
4184 231
4296 248
4408 255
4520 255
4632 271
4744 284
4856 287
4968 295
5080 304
5200 312
5312 316
5424 318
5536 319
5648 319
5760 319
5872 319
5984 319
6100 319
6216 316
6328 312
6440 304
6552 295
6664 287
6780 280
6892 271
7004 255
7116 248
7228 231
7344 224
7460 207
7572 192
7684 177
7796 159
7908 143
8020 127
8132 112
8244 96
8364 79
8476 63
8588 48
8700 31
8812 15
8924 7
9036 7
9148 7
9260 7
9380 7
9492 15
9604 17
9716 24
9828 31
9940 35
10052 46
10164 56
10276 63
10396 78
10508 88
10620 99
10732 112
10844 127
10956 135
11068 152
11180 163
11296 177
11412 192
11524 199
11636 216
11748 227
11860 240
11976 252
12088 255
12200 271
12312 280
12428 287
12540 295
12656 304
12768 312
12880 316
12992 319
13104 319
13216 319
13328 319
13448 319
13560 319
13672 319
13784 319
13896 318
14008 312
14120 305
14232 295
14344 287
14464 284
14576 271
14688 255
14800 248
14912 231
15024 224
15136 207
15248 192
15360 176
15480 159
15592 143
15704 127
15816 110
15928 92
16040 71
16152 60
16264 39
16376 28
16496 14
16608 7
16720 7
16832 7
16944 7
17056 12
17172 15
17284 19
17396 28
17512 31
17624 39
17736 48
17852 56
17964 71
18076 79
18188 94
18300 103
18412 115
18528 127
18644 143
18756 158
18868 167
18980 184
19092 193
19204 207
19316 224
19428 231
19548 241
19660 254
19772 255
19884 271
19996 284
20108 287
20220 295
20332 304
20444 312
20564 316
20676 318
20788 319
20900 319
21012 319
21124 319
21236 319
21348 319
21460 316
21580 312
21692 304
21804 295
21916 287
22028 284
22140 271
22252 255
22368 252
22480 240
22596 224
22708 207
22820 193
22932 177
23048 159
23160 145
23272 127
23384 113
23496 96
23608 79
23724 63
23836 48
23948 31
24060 15
24172 7
24284 3
24396 7
24508 7
24620 7
24740 15
24852 19
24964 24
25076 31
25188 39
25300 48
25412 56
25524 63
25640 78
25756 88
25868 99
25980 113
26092 127
26204 140
26320 152
26432 163
26544 177
26656 192
26772 199
26884 216
27000 227
27112 240
27224 252
27336 255
27448 271
27560 280
27672 287
27792 295
27904 304
28016 307
28128 312
28240 318
28352 319
28464 319
28576 319
28688 319
28808 319
28920 319
29040 295
29152 287
29264 280
29376 255
29496 255
29608 243
29720 231
29832 217
29944 199
30056 192
30168 176
30280 158
30392 142
30512 124
30624 103
30736 92
30848 71
30960 56
31072 39
31184 24
31296 7
31408 7
31528 7
31640 7
31752 7
31864 12
31976 15
32088 24
32200 28
32312 31
32424 39
32544 49
32656 62
32768 71
32880 79
32992 96
33104 103
33220 120
33332 127
33444 143
33560 159
33672 167
33784 184
33900 195
34012 207
34124 224
34236 231
34348 243
34460 255
34576 255
34692 275
34804 286
34916 287
35028 295
35140 304
35252 312
35364 316
35476 319
35588 319
35704 319
35816 319
35928 319
36040 319
36152 319
36264 319
36376 316
36488 312
36600 304
36720 295
36832 286
36944 275
37056 255
37168 255
37280 240
37392 227
37504 216
37620 199
37736 184
37848 167
37960 152
38072 135
38184 120
38300 103
38412 88
38524 71
38636 56
38752 35
38864 24
38980 7
39092 7
39204 7
39316 7
39428 7
39540 15
39652 15
39772 24
39884 28
39996 35
40108 39
40220 51
40332 63
40444 71
40556 83
40668 96
40788 108
40900 120
41012 127
41124 147
41236 159
41348 176
41460 192
41572 199
41684 211
41804 224
41916 238
42028 248
42140 255
42252 255
42364 280
42476 286
42588 287
42700 295
42820 305
42932 312
43044 316
43156 319
43268 319
43380 319
43496 319
43608 319
43720 319
43836 319
43948 316
44060 312
44176 304
44288 295
44400 287
44512 280
44624 271
44736 255
44852 248
44968 231
45080 224
45192 207
45304 192
45416 176
45528 159
45640 143
45752 127
45872 112
45984 96
46096 71
46208 60
46320 39
46432 28
46544 12
46656 3
46768 7
46888 7
47000 7
47112 12
47224 15
47336 24
47448 28
47560 31
47672 39
47784 48
47904 60
48016 67
48128 79
48240 92
48352 103
48464 113
48576 127
48692 143
48804 158
48920 167
49032 184
49144 193
49256 207
49372 220
49484 231
49596 241
49708 254
49820 255
49936 271
50052 284
50164 287
50276 295
50388 304
50500 312
50612 312
50724 318
50836 319
50948 319
51064 319
51176 319
51288 319
51400 318
51512 316
51624 312
51736 305
51848 295
51960 287
52080 284
52192 271
52304 255
52416 252
52528 240
52640 224
52752 211
52864 195
52980 184
53096 163
53208 152
53320 127
53432 120
53544 99
53656 83
53772 63
53884 49
53996 33
54112 19
54224 7
54336 7
54452 7
54564 7
54676 7
54788 14
54900 15
55012 24
55128 30
55244 35
55356 46
55468 56
55580 63
55692 71
55804 88
55916 96
56028 112
56148 124
56260 135
56372 152
56484 159
56596 176
56708 192
56820 199
56932 216
57044 224
57164 240
57276 248
57388 255
57500 270
57612 280
57724 287
57836 295
57952 319
58072 319
58184 319
58296 319
58408 319
58520 319
58632 316
58744 312
58856 304
58968 295
59088 287
59200 280
59312 255
59424 255
59536 248
59648 231
59760 220
59872 199
59988 192
60104 176
60216 159
60328 142
60440 126
60552 103
60668 92
60780 71
60892 56
61004 39
61120 24
61232 7
61348 7
61460 7
61572 7
61684 7
61796 14
61908 15
62020 24
62140 28
62252 31
62364 39
62476 49
62588 62
62700 71
62812 79
62924 96
63036 103
63156 120
63268 127
63380 143
63492 159
63604 167
63716 184
63828 195
63940 207
64052 224
64172 231
64284 243
64396 255
64508 255
64620 271
64732 284
64844 287
64956 295
65068 304
65188 312
65300 316
65412 318
65524 319
65636 319
65748 319
65864 319
65976 319
66088 319
66204 316
66316 312
66428 304
66544 295
66656 287
66768 280
66880 271
66992 255
67104 248
67220 231
67336 224
67448 207
67560 192
67672 176
67784 159
67896 143
68008 127
68120 112
68240 96
68352 79
68464 62
68576 46
68688 30
68800 15
68912 7
69024 7
69136 7
69256 7
69368 12
69480 15
69592 17
69704 24
69816 31
69928 39
70040 48
70152 56
70264 63
70384 79
70496 88
70608 103
70720 115
70832 127
70944 135
71056 153
71172 167
71284 177
71400 192
71512 206
71624 220
71736 227
71848 240
71960 252
72072 255
72184 271
72296 280
72416 287
72528 295
72640 304
72752 312
72864 316
72976 318
73092 319
73204 319
73316 319
73432 319
73544 319
73656 319
73772 319
73884 316
73996 312
74108 304
74220 295
74332 287
74448 281
74564 271
74676 255
74788 248
74900 231
75012 220
75124 207
75236 192
75348 176
75468 159
75580 142
75692 126
75804 112
75916 92
76028 71
76140 60
76252 39
76364 28
76484 12
76596 7
76708 7
76820 7
76932 7
77044 14
77156 15
77268 15
77380 28
77500 31
77612 39
77724 48
77836 60
77948 71
78060 79
78172 96
78288 103
78400 120
78516 127
78628 143
78740 158
78852 167
78968 184
79080 195
79192 207
79304 224
79416 231
79532 248
79648 255
79760 255
79872 271
79984 284
80096 287
80208 295
80320 304
80432 312
80552 316
80664 318
80776 319
80888 319
81000 319
81112 319
81224 319
81336 319
81448 316
81568 312
81680 305
81792 295
81904 287
82016 284
82128 271
82240 255
82352 249
82464 240
82584 224
82696 207
82808 192
82920 177
83032 159
83144 143
83256 127
83368 112
83484 96
83600 79
83712 62
83824 46
83936 28
84048 15
84164 7
84276 7
84388 7
84500 7
84616 14
84728 15
84844 24
84956 24
85068 31
85180 39
85292 48
85404 56
85516 63
85636 79
85748 92
85860 103
85972 113
86084 127
86196 142
86308 156
86420 167
86532 184
86644 193
86764 206
86884 319
86996 319
87108 312
87220 312
87340 302
87452 291
87564 284
87676 271
87788 255
87900 252
88012 240
88124 224
88236 207
88356 195
88468 184
88580 163
88692 152
88804 127
88916 113
89028 97
89140 79
89252 63
89372 48
89484 31
89596 15
89708 7
89820 7
89932 7
90044 7
90156 14
90268 15
90388 19
90500 24
90612 31
90724 39
90836 48
90948 56
91060 63
91172 78
91288 88
91404 103
91516 112
91628 127
91740 135
91852 152
91968 163
92080 176
92192 192
92304 199
92420 216
92532 227
92648 240
92760 252
92872 255
92984 271
93096 280
93208 287
93320 295
93440 304
93552 312
93664 312
93776 319
93888 319
94000 319
94112 319
94224 319
94336 319
94456 319
94568 319
94680 316
94792 312
94904 304
95016 295
95128 287
95240 280
95352 270
95472 255
95584 248
95696 231
95808 216
95920 199
96032 192
96144 174
96256 159
96368 143
96488 126
96600 108
96712 92
96824 71
96936 60
97048 39
97164 28
97276 14
97388 7
97504 7
97616 7
97728 7
97844 14
97956 15
98068 24
98180 28
98292 31
98404 39
98520 49
98636 60
98748 71
98860 79
98972 92
99084 103
99196 120
99308 127
99420 143
99540 159
99652 167
99764 184
99876 193
99988 207
100100 224
100212 231
100324 248
100436 255
100556 255
100668 271
100780 284
100892 287
101004 295
101116 304
101228 312
101340 316
101452 319
101564 319
101684 319
101796 319
101908 319
102020 319
102132 319
102244 319
102360 316
102472 312
102584 304
102700 295
102812 286
102924 271
103040 255
103152 254
103264 240
103376 225
103488 216
103600 199
103716 184
103832 167
103944 152
104056 127
104168 120
104280 99
104392 81
104504 63
104616 48
104736 31
104848 15
104960 7
105072 7
105184 7
105296 7
105408 7
105520 14
105632 17
105752 24
105864 31
105976 35
106088 46
106200 56
106312 63
106424 71
106536 88
106648 97
106768 112
106880 124
106992 135
107104 152
107216 159
107328 176
107440 192
107556 199
107668 216
107784 225
107896 240
108008 248
108120 255
108236 255
108348 280
108460 286
108572 291
108684 300
108800 305
108916 312
109028 316
109140 319
109252 319
109364 319
109476 319
109588 319
109700 319
109820 316
109932 312
110044 305
110156 302
110268 291
110380 287
110492 280
110604 255
110716 255
110836 240
110948 227
111060 216
111172 199
111284 192
111396 167
111508 156
111620 135
111732 124
111852 103
111964 88
112076 71
112188 56
112300 39
112412 24
112524 7
112636 7
112752 7
112868 7
112980 7
113092 7
113204 15
113316 24
113432 24
113544 31
113656 39
113768 51
113884 62
113996 71
114112 81
114224 96
114336 108
114448 120
114560 127
114672 143
114784 159
114904 174
115016 184
115128 199
115240 211
115352 224
115464 231
115576 248
115688 255
115800 15
115912 24
116024 30
116144 31
116256 39
116368 51
116480 62
116592 71
116704 81
116816 96
116928 103
117040 120
117160 127
117272 147
117384 159
117496 174
117608 188
117720 199
117832 207
117948 224
118060 231
118176 248
118288 255
118400 255
118512 271
118628 286
118740 287
118852 295
118964 304
119076 312
119192 316
119308 319
119420 319
119532 319
119644 319
119756 319
119868 319
119980 319
120092 316
120212 312
120324 304
120436 295
120548 287
120660 280
120772 271
120884 255
120996 248
121108 231
121220 224
121340 207
121452 192
121564 176
121676 159
121788 143
121900 127
122012 112
122124 96
122236 78
122356 60
122468 39
122580 28
122692 12
122804 7
122916 7
123028 7
123140 7
123252 7
123372 15
123484 19
123596 28
123708 31
123820 39
123932 48
124044 60
124156 67
124272 79
124388 94
124500 103
124612 120
124724 127
124836 143
124948 159
125064 167
125176 184
125288 195
125404 207
125516 224
125628 231
125744 241
125856 255
125968 255
126080 271
126192 284
126304 287
126420 295
126536 304
126648 312
126760 316
126872 319
126984 319
127096 319
127208 319
127320 319
127440 319
127552 319
127664 318
127776 316
127888 312
128000 304
128112 291
128224 286
128336 275
128456 255
128568 254
128680 240
128792 227
128904 216
129016 199
129128 184
129240 167
129352 152
129472 135
129584 120
129696 103
129808 88
129920 67
130032 56
130144 35
130260 24
130372 7
130488 7
130600 7
130712 7
130824 7
130936 14
131052 15
131164 24
131276 30
131388 33
131504 39
131616 56
131732 63
131844 71
131956 88
132068 96
132180 112
132292 124
132404 135
132524 152
132636 159
132748 176
132860 192
132972 199
133084 216
133196 224
133308 236
133420 248
133540 255
133652 255
133764 280
133876 287
133988 295
134100 304
134212 307
134324 312
134436 318
134556 319
134668 319
134780 319
134892 319
135004 319
135116 319
135228 319
135340 318
135452 312
135572 305
135684 302
135796 287
135908 284
136020 271
136132 255
136248 252
136360 240
136472 224
136588 207
136700 192
136812 177
136928 159
137040 143
137152 127
137264 112
137376 96
137488 79
137600 62
137716 46
137828 28
137940 14
138052 7
138164 7
138276 7
138388 7
138500 14
138612 15
138732 24
138844 28
138956 31
139068 39
139180 48
139292 60
139408 63
139520 79
139632 92
139748 103
139860 115
139972 127
140088 143
140200 156
140312 167
140424 184
140536 192
140648 207
140764 220
140880 231
140992 240
141104 254
141216 255
141328 271
141440 280
141552 287
141664 295
141784 304
141896 307
142008 312
142120 318
142232 319
142344 319
142456 319
142568 319
142680 319
142800 319
142912 316
143024 312
143136 305
143248 295
143360 287
143472 284
143584 271
143696 255
143816 252
143928 240
144040 224
144152 207
144264 195
144376 184
144488 163
144604 152
144724 319
144836 319
144948 319
145060 319
145172 316
145284 312
145396 304
145508 295
145620 287
145740 280
145852 255
145964 255
146076 248
146188 231
146300 224
146412 206
146524 192
146636 176
146756 159
146868 142
146980 126
147092 110
147204 92
147316 71
147428 60
147540 39
147656 24
147772 12
147884 3
147996 7
148108 7
148220 7
148336 14
148448 15
148560 24
148672 28
148788 31
148900 39
149016 48
149128 60
149240 67
149352 79
149464 96
149576 103
149688 120
149808 127
149920 143
150032 156
150144 167
150256 184
150368 193
150480 207
150592 224
150704 231
150824 243
150936 254
151048 255
151160 271
151272 284
151384 287
151496 295
151608 304
151720 307
151840 312
151952 318
152064 319
152176 319
152288 319
152400 319
152512 319
152624 319
152736 316
152856 312
152968 304
153080 295
153192 287
153304 284
153416 271
153532 255
153644 254
153756 240
153872 224
153984 211
154096 195
154212 184
154324 167
154436 152
154548 135
154660 120
154772 99
154888 83
155004 63
155116 51
155228 35
155340 24
155452 7
155564 7
155676 7
155788 7
155908 7
156020 14
156132 17
156244 24
156356 30
156468 35
156580 39
156692 56
156804 63
156924 71
157036 88
157148 97
157260 112
157372 124
157484 135
157596 147
157708 159
157820 176
157940 192
158052 199
158164 216
158276 224
158388 236
158500 248
158612 255
158728 255
158840 280
158956 287
159068 295
159180 295
159292 305
159408 312
159520 318
159632 319
159744 319
159856 319
159972 319
160088 319
160200 319
160312 319
160424 318
160536 312
160648 305
160760 295
160872 287
160984 280
161104 271
161216 255
161328 248
161440 240
161552 224
161664 207
161776 192
161888 177
162000 159
162120 143
162232 127
162344 112
162456 96
162568 79
162680 62
162792 46
162904 30
163016 14
163136 7
163248 7
163360 7
163472 7
163584 12
163696 15
163808 17
163924 24
164036 31
164152 39
164264 48
164376 60
164488 63
164604 79
164716 92
164828 99
164940 113
165052 127
165168 143
165284 156
165396 167
165508 184
165620 195
165732 206
165844 217
165956 227
166068 240
166188 252
166300 255
166412 271
166524 280
166636 287
166748 295
166860 302
166972 305
167084 312
167204 316
167316 318
167428 319
167540 319
167652 319
167764 319
167876 319
167988 318
168100 312
168220 307
168332 300
168444 287
168556 284
168668 271
168780 255
168892 252
169004 240
169120 225
169236 209
169348 195
169460 184
169572 163
169684 152
169800 127
169912 120
170024 97
170136 81
170252 63
170364 48
170480 31
170592 15
170704 7
170816 3
170928 7
171040 7
171152 7
171272 14
171384 17
171496 24
171608 31
171720 35
171832 39
171944 56
172056 63
172168 71
172288 88
172400 96
172512 112
172624 124
172736 135
172848 152
172960 163
173072 176
173184 192
173304 199
173416 216
173528 225
173644 284
173756 287
173868 295
173980 304
174092 312
174212 316
174324 319
174436 319
174548 319
174660 319
174772 319
174884 319
174996 319
175112 319
175228 316
175340 312
175452 304
175564 295
175676 287
175788 280
175904 255
176016 255
176128 241
176244 225
176356 216
176468 199
176584 184
176696 167
176808 156
176920 135
177032 120
177144 103
177260 88
177376 63
177488 51
177600 35
177712 19
177824 7
177936 3
178048 7
178160 7
178280 7
178392 15
178504 15
178616 24
178728 30
178840 35
178952 46
179064 56
179176 63
179296 71
179408 88
179520 97
179632 112
179744 124
179856 135
179968 152
180080 159
180192 176
180312 192
180424 199
180536 216
180648 225
180760 238
180872 248
180984 255
181100 255
181212 280
181324 286
181440 291
181552 295
181664 305
181780 312
181892 316
182004 319
182116 319
182228 319
182340 319
182456 319
182572 319
182684 319
182796 316
182908 312
183020 304
183132 295
183244 287
183356 280
183476 255
183588 255
183700 248
183812 227
183924 220
184036 199
184148 192
184260 174
184372 158
184492 135
184604 124
184716 103
184828 89
184940 71
185052 56
185164 39
185276 24
185388 7
185508 7
185620 7
185732 7
185844 7
185956 14
186068 15
186180 24
186296 28
186408 31
186524 39
186636 48
186748 63
186860 71
186976 81
187088 96
187200 103
187312 120
187424 127
187540 143
187656 159
187768 172
187880 184
187992 195
188104 207
188216 224
188328 231
188440 248
188560 255
188672 255
188784 271
188896 284
189008 287
189120 295
189232 304
189344 312
189456 316
189576 318
189688 319
189800 319
189912 319
190024 319
190136 319
190248 319
190360 318
190472 312
190592 307
190704 304
190816 291
190928 286
191040 271
191152 255
191264 252
191376 240
191488 225
191608 211
191720 195
191832 184
191944 167
192056 152
192168 127
192284 120
192396 99
192508 88
192624 63
192736 49
192848 31
192964 17
193076 7
193188 7
193300 7
193412 7
193524 12
193640 15
193756 17
193868 24
193980 28
194092 35
194204 46
194316 56
194428 63
194540 71
194660 88
194772 97
194884 108
194996 124
195108 135
195220 152
195332 159
195444 176
195556 192
195676 199
195788 216
195900 227
196012 240
196124 252
196236 255
196348 271
196460 280
196572 287
196684 295
196804 304
196916 312
197028 312
197140 318
197252 319
197364 319
197480 319
197592 319
197704 319
197820 319
197932 319
198044 318
198156 312
198268 305
198380 295
198492 287
198604 280
198716 271
198836 255
198948 248
199060 231
199172 224
199284 207
199396 192
199508 176
199620 159
199732 143
199852 126
199964 103
200076 92
200188 71
200300 56
200412 39
200524 24
200640 12
200752 7
200868 7
200980 7
201092 7
201204 14
201320 15
201432 24
201544 28
201656 31
201768 39
201884 49
202000 60
202112 71
202224 79
202336 96
202448 103
202556 248
202668 255
202784 271
202896 280
203008 287
203120 295
203232 304
203344 305
203460 312
203572 319
203688 319
203800 319
203912 319
204024 319
204136 319
204248 319
204360 319
204480 316
204592 312
204704 304
204816 295
204928 287
205040 280
205152 270
205264 255
205376 248
205496 231
205608 220
205720 206
205832 192
205944 176
206056 159
206168 142
206280 126
206392 108
206512 92
206624 71
206736 56
206848 39
206960 24
207072 7
207184 7
207296 7
207408 7
207520 7
207640 15
207752 19
207864 24
207976 28
208088 31
208200 39
208316 49
208428 60
208540 67
208656 79
208768 96
208880 103
208992 120
209104 127
209216 143
209328 158
209440 167
209552 184
209672 195
209784 207
209896 224
210008 231
210120 243
210232 254
210344 255
210456 271
210568 280
210688 287
210800 295
210912 304
211024 312
211136 312
211248 318
211360 319
211476 319
211588 319
211704 319
211816 319
211928 319
212040 316
212156 312
212268 304
212380 295
212492 287
212604 284
212720 271
212836 255
212948 248
213060 236
213172 224
213284 207
213396 193
213508 179
213620 159
213740 143
213852 127
213964 113
214076 96
214188 79
214300 63
214412 48
214524 31
214636 15
214756 7
214868 3
214980 7
215092 7
215204 7
215316 15
215428 17
215540 24
215652 31
215772 39
215884 48
215996 56
216108 63
216220 78
216332 88
216444 99
216556 112
216672 127
216788 135
216900 152
217012 167
217124 177
217236 192
217352 206
217464 220
217576 227
217688 240
217804 254
217916 255
218032 271
218144 280
218256 287
218368 295
218480 304
218592 312
218704 316
218824 319
218936 319
219048 319
219160 319
219272 319
219384 319
219496 319
219608 319
219720 318
219840 312
219952 305
220064 295
220176 287
220288 280
220400 271
220512 255
220624 248
220736 231
220856 220
220968 206
221080 192
221192 176
221304 159
221416 143
221528 126
221640 110
221752 92
221872 71
221984 56
222096 39
222208 24
222320 7
222432 7
222548 7
222660 7
222772 7
222888 14
223000 15
223112 24
223228 28
223340 31
223452 39
223564 48
223676 62
223788 71
223900 79
224016 96
224128 103
224240 120
224352 127
224464 143
224576 158
224688 167
224800 184
224912 195
225032 207
225144 224
225256 231
225368 248
225480 255
225592 255
225708 271
225820 284
225932 287
226048 295
226160 304
226272 312
226388 312
226500 316
226612 319
226724 319
226836 319
226948 319
227064 319
227180 319
227292 318
227404 312
227516 305
227628 295
227740 287
227852 284
227964 271
228084 255
228196 248
228308 236
228420 224
228532 207
228644 192
228756 177
228868 159
228980 143
229100 127
229212 112
229324 96
229436 79
229548 62
229660 44
229772 28
229884 15
229996 7
230116 7
230228 7
230340 7
230452 14
230564 15
230676 19
230788 28
230904 31
231016 39
231132 48
231244 60
231356 67
