520 1023
1032 391
1552 96
2060 96
2580 248
3088 508
3608 775
4120 963
4636 1016
5148 896
5664 632
6176 304
6692 62
7204 120
7720 316
8232 583
8748 844
9260 1008
9780 993
10288 830
10808 527
11316 199
11836 62
12348 159
12864 391
13376 671
13892 903
14404 1016
14920 960
15432 768
15948 423
16460 120
16976 76
17488 224
18004 480
18516 768
19032 960
19544 1020
20060 910
20576 654
21088 327
21604 63
22116 112
22636 287
23144 568
23664 828
24172 992
24692 1008
25204 864
25720 568
26232 240
26748 60
27260 143
27776 384
28288 639
28804 896
29316 1016
29832 975
30344 771
30864 455
31372 143
31892 67
32400 195
32920 448
33432 736
33948 935
34460 1020
34976 927
35488 704
36004 384
36516 76
37032 96
37544 255
38060 536
38572 799
39092 992
39600 1016
40120 865
40628 590
41148 255
41660 60
42176 127
42688 352
43204 624
43716 864
44232 1008
44744 992
45260 799
45772 504
46288 192
46800 63
47320 192
47828 415
48348 704
48856 924
49376 1020
49888 960
50404 716
50916 391
51432 96
51944 96
52460 248
52972 508
53488 774
54000 961
54516 1016
55028 896
55548 624
56056 291
56576 60
57084 120
57604 318
58116 588
58632 846
59144 1008
59660 992
60172 828
60688 524
61200 199
61716 62
62228 159
62744 391
63256 671
63776 903
64284 1020
64804 960
65312 768
65832 448
66344 124
66860 71
67372 224
67888 480
68400 768
68916 960
69428 1020
69944 911
70456 655
70972 327
71484 63
72004 112
72512 287
73032 568
73540 824
74060 992
74572 1008
75088 844
75600 560
76116 240
76628 60
77144 143
77656 384
78172 639
78684 896
79200 1016
79712 972
80232 768
80740 455
81260 143
81768 67
82288 199
82800 448
83316 768
83828 944
84344 1020
84856 927
85372 704
85884 384
86400 78
86912 96
87428 255
87940 527
88460 799
88968 992
89488 1016
89996 896
90516 591
91028 255
91544 60
92056 127
92572 352
93084 624
93600 864
94112 1008
94628 992
95140 798
95656 496
96168 176
96688 63
97196 192
97716 422
98224 704
98744 926
99256 1020
99772 960
100284 711
100800 387
101312 96
101828 96
102340 248
102856 510
103368 775
103884 967
104396 1016
104916 896
105424 632
105944 291
106452 62
106972 120
107484 316
108000 590
108512 844
109028 1008
109540 993
110056 828
110568 527
111084 199
111596 62
112112 159
112624 391
113144 671
113652 902
114172 1016
114680 960
115200 768
115712 423
116228 120
116740 76
117256 224
117768 480
118284 768
118796 960
119312 1020
119824 908
120340 647
120852 319
121372 63
121880 112
122400 287
122908 568
123428 828
123940 992
124456 1008
124968 847
125484 560
125996 240
126512 60
127024 143
127540 384
128052 639
128568 896
129080 1016
129600 974
130108 771
130628 455
131136 143
131656 67
132176 992
132692 993
133204 831
133724 540
134232 224
134752 62
135260 156
135780 384
136292 655
136808 896
137320 1016
137836 963
138348 768
138864 448
139376 127
139892 71
140404 224
140920 460
141432 768
141952 960
142460 1020
142980 924
143488 671
144008 352
144520 71
145036 97
145548 271
146064 543
146576 816
147092 992
147604 1008
148120 864
148632 575
149148 248
149660 60
150180 135
150688 352
151208 636
151716 896
152236 1008
152748 975
153264 775
153776 480
154292 156
154804 63
155320 192
155832 448
156348 716
156860 927
157376 1020
157888 931
158408 704
158916 384
159436 96
159944 96
160464 255
160976 519
161492 792
162004 972
162520 1016
163032 896
163548 608
164060 280
164576 60
165088 126
165604 327
166116 608
166636 864
167144 1008
167664 992
168172 807
168692 508
169204 192
169720 63
170232 192
170748 412
171260 704
171776 911
172288 1016
172804 960
173316 736
173832 399
174344 112
174864 96
175372 240
175892 496
176400 768
176920 960
177432 1016
177948 896
178460 638
178976 312
179488 63
180004 120
180516 304
181032 575
181544 831
182060 993
182572 1008
183092 831
183600 543
184120 224
184628 60
185148 158
185660 384
186176 664
186688 896
187204 1016
187716 963
188232 768
188744 448
189260 127
189772 71
190288 224
190800 480
191320 768
191828 960
192348 1020
192856 911
193376 655
193888 335
194404 63
194916 112
195432 286
195944 551
196460 824
196972 992
197488 1008
198000 864
198516 572
199028 248
199544 60
200060 142
200572 384
201088 639
201600 896
202120 1016
202628 992
203148 775
203660 480
204176 156
204688 63
205204 192
205716 448
206232 736
206744 931
207260 1020
207772 931
208288 704
208800 384
209316 79
209828 96
210348 255
210856 524
211376 798
211888 972
212404 1008
212916 896
213432 591
213944 263
214460 60
214972 127
215488 335
216000 624
216516 864
217028 1008
217544 992
218056 799
218576 504
219084 192
219604 63
220116 192
220632 415
221144 704
221660 920
222172 1020
222688 960
223200 736
223716 399
224228 112
224744 96
225256 240
225772 504
226284 768
226804 961
227312 1016
227832 896
228344 636
228860 304
229372 62
229888 120
230400 316
230916 583
231428 839
231944 992
232456 992
232972 828
233484 527
234000 199
234512 62
235032 159
235540 387
236060 671
236572 899
237088 1016
237600 960
238116 768
238628 448
239144 124
239656 71
240172 224
240684 480
241200 768
241712 960
242228 1020
242740 911
243260 655
243768 334
244288 63
244800 112
245316 287
245828 560
246344 824
246856 992
247372 1008
247884 864
248400 568
248912 240
249428 60
249940 143
250456 384
250968 639
251488 896
251996 1016
252516 967
253028 768
253544 455
254056 143
254572 67
255084 198
255600 448
256112 736
256628 944
257140 1020
257656 927
258168 704
258684 384
259196 78
259716 96
260224 255
260744 536
261256 799
261772 992
262284 1016
262800 896
263312 608
263828 1020
264340 961
264856 768
265368 448
265888 126
266396 71
266916 224
267424 480
267944 768
268456 960
268972 1020
269484 911
270000 655
270512 332
271028 63
271540 112
272056 287
272568 560
273084 824
273596 992
274116 1008
274624 847
275144 560
275652 240
276172 60
276684 143
277200 384
277712 639
278228 896
278740 1016
279256 967
279768 769
280284 455
280796 143
281312 67
281824 195
282344 448
282852 736
283372 960
283880 1022
284400 927
284912 704
285428 384
285940 78
286456 96
286968 255
287484 536
287996 799
288512 992
289024 1016
289540 896
290052 591
290572 255
291080 60
291600 127
292108 352
292628 624
293140 865
293656 1008
294168 992
294684 792
295196 496
295712 159
296224 63
296740 192
297252 432
297768 704
298280 926
298800 1020
299308 960
299828 704
300336 384
300856 96
301368 96
301884 252
302396 511
302912 783
303424 967
303940 1016
304452 896
304968 624
305480 287
305996 60
306508 124
307028 319
307536 608
308056 864
308564 1008
309084 992
309596 824
310112 515
310624 192
311140 62
311652 163
312168 399
312680 679
313196 910
313708 1020
314224 960
314736 768
315256 414
315764 112
316284 79
316792 224
317312 496
317824 768
318340 960
318852 1020
319368 899
319880 639
320396 316
320908 63
321424 112
321936 295
322452 575
322964 831
323484 992
323992 1008
324512 835
325020 543
325540 224
326052 60
326568 152
327080 384
327596 655
328108 896
328624 1016
329136 967
329652 768
330164 448
330680 127
331192 71
331712 224
332220 455
332740 768
333248 960
333768 1020
334280 920
334796 670
335308 352
335824 67
336336 97
336852 280
337364 543
337880 816
338392 992
338908 1008
339420 864
339940 574
340448 252
340968 60
341476 135
341996 352
342508 636
343024 896
343536 1016
344052 992
344564 783
345080 480
345592 159
346108 63
346620 192
347136 448
347648 711
348168 931
348676 1020
349196 935
349704 704
350224 384
350736 96
351252 96
351764 255
352280 519
352792 792
353308 974
353820 1016
354336 896
354848 608
355364 263
355876 60
356396 127
356904 327
357424 624
357932 864
358452 1008
358964 992
359480 799
359992 504
360508 192
361020 63
361536 192
362048 414
362564 704
363076 920
363592 1020
364104 960
364624 736
365132 399
365652 112
366160 96
366680 240
367192 504
367708 769
368220 961
368736 1020
369248 896
369764 636
370276 304
370792 62
371304 120
371820 312
372332 582
372848 839
373360 992
373876 992
374388 828
374904 527
375420 199
375932 62
376448 159
376960 387
377480 671
377988 899
378508 1016
379016 960
379536 768
380048 448
380564 124
381076 71
381592 224
382104 480
382620 768
383132 960
383648 1020
384160 911
384676 655
385188 327
385708 63
386216 112
386736 287
387244 560
387764 828
388276 992
388792 1008
389304 864
389820 568
390332 240
390848 60
391360 143
391876 384
392388 639
392904 896
393416 1016
393936 967
394444 768
394964 451
395488 199
396004 455
396516 768
397032 960
397544 1020
398060 926
398572 671
399088 352
399600 71
400120 96
400628 271
401148 543
401660 807
402176 992
402688 1008
403204 864
403716 575
404232 252
404744 60
405260 135
405772 352
406288 636
406800 896
407316 1008
407828 992
408348 783
408856 480
409376 159
409888 63
410404 192
410916 448
411432 711
411948 927
412460 1020
412976 935
413488 704
414004 384
414516 96
415036 96
415544 254
416064 518
416576 783
417092 974
417604 1016
418120 896
418632 608
419148 280
419660 60
420176 126
420688 319
421204 608
421716 864
422232 1008
422744 992
423264 803
423772 508
424292 192
424804 63
425320 192
425832 412
426348 704
426860 911
427376 1016
427888 960
428404 736
428916 403
429432 112
429944 96
430460 240
430972 496
431492 768
432000 960
432520 1020
433032 899
433548 638
434060 316
434576 62
435088 120
435604 312
436116 575
436632 831
437144 993
437660 1008
438172 831
438688 540
439200 224
439720 62
440228 158
440748 384
441260 664
441776 896
442288 1016
442804 960
443316 768
443832 448
444344 126
444860 71
445372 224
445888 480
446400 768
446916 960
447428 1016
447948 911
448456 664
448976 332
449488 63
450004 112
450516 284
451032 560
451544 824
452060 992
452572 1008
453088 864
453600 572
454116 240
454628 60
455144 142
455656 384
456176 639
456684 896
457204 1016
457716 992
458232 775
458744 480
459260 152
459772 63
460288 193
460800 448
461316 736
461828 931
462344 1020
462856 927
463372 704
463884 384
464404 78
464912 96
465432 255
465944 527
466460 798
466972 974
467488 1008
468000 880
468516 591
469028 255
469544 60
470056 127
470572 335
471084 624
471600 864
472112 1008
472632 992
473140 799
473660 504
474172 192
474688 63
475200 192
475716 415
476228 704
476744 924
477256 1020
477772 960
478284 736
478800 396
479312 97
479828 96
480340 240
480860 504
481368 771
481888 961
482400 1016
482916 896
483428 632
483944 291
484456 62
484972 120
485484 316
486000 588
486512 839
487028 993
487540 992
488056 824
488568 526
489088 199
489596 62
490116 159
490628 387
491144 671
491656 899
492172 1020
492684 960
493200 768
493712 448
494228 124
494740 71
495256 224
495768 480
496284 768
496796 960
497316 1020
497824 911
498344 655
498856 327
499372 63
499884 112
500400 287
500912 568
501428 828
501940 992
502456 1008
502968 844
503484 551
503996 225
504512 60
505024 143
505544 384
506052 639
506572 896
507084 1016
507600 966
508112 768
508628 448
509140 135
509656 71
510168 199
510684 451
511196 768
511712 960
512224 1020
512740 927
513252 679
513772 352
514280 71
514800 96
515312 263
515828 540
516340 799
516856 992
517368 1016
517884 865
518396 583
518912 255
519424 60
519940 127
520452 352
520968 632
521480 880
522000 1008
522508 992
523028 792
523540 496
524056 159
524568 63
525084 192
525596 448
526112 704
526624 926
527144 448
527652 127
528172 71
528684 224
529200 480
529712 768
530228 960
530740 1020
531256 920
531768 668
532284 352
532796 67
533312 112
533824 280
534340 551
534852 816
535372 992
535880 1008
536400 864
536912 575
537428 248
537940 60
538456 135
538968 352
539484 638
539996 896
540512 1016
541024 992
541540 775
542052 480
542568 152
543080 63
543600 192
544108 448
544628 718
545140 927
545656 1020
546168 927
546684 704
547196 384
547712 96
548224 96
548740 255
549252 524
549768 796
550280 974
550796 1016
551308 896
551828 608
552336 271
552856 60
553368 127
553884 327
554396 608
554912 864
555424 1008
555940 992
556456 803
556968 508
557484 192
557996 63
558512 192
559024 414
559544 704
560052 920
560572 1020
561084 960
561600 736
562112 399
562628 96
563140 96
563656 240
564168 504
564684 769
565196 960
565712 1016
566224 896
566740 632
567252 304
567772 60
568280 120
568800 316
569312 583
569828 839
570340 993
570856 993
571368 830
571884 527
572396 224
572912 62
573424 159
573940 387
574452 670
574968 903
575480 1020
576000 961
576508 768
577028 448
577540 126
578056 71
578568 224
579084 480
579596 768
580112 960
580624 1020
581140 911
581652 655
582168 323
582680 63
583196 112
583708 287
584228 568
584736 824
585256 992
585768 1008
586284 839
586796 560
587312 240
587824 60
588340 143
588852 384
589368 639
589880 896
590396 1016
590908 972
591424 768
591936 455
592456 143
592964 67
593484 199
593996 448
594512 768
595024 944
595540 1020
596052 927
596568 704
597080 384
597596 78
598108 96
598624 255
599136 529
599652 799
600164 992
600684 1016
601192 880
601712 588
602224 255
602740 60
603252 127
603768 352
604280 624
604796 865
605308 1008
605824 992
606336 796
606852 496
607364 167
607880 63
608392 192
608912 423
609420 704
609940 926
610452 1020
610968 960
611480 710
611996 385
612508 96
613024 96
613536 248
614052 510
614564 775
615080 967
615592 1020
616108 896
616620 632
617140 287
617648 62
618168 124
618680 318
619196 608
619708 847
620224 1008
620736 992
621252 824
621764 519
622280 192
622792 62
623308 163
623820 396
624336 675
624848 908
625368 1016
625876 960
626396 768
626908 415
627424 112
627936 79
628452 240
628964 496
629480 768
629992 960
630508 1020
631020 903
631536 639
632048 319
632564 63
633076 112
633596 295
634104 572
634624 831
635136 992
635652 1008
636164 839
636680 543
637192 224
637708 60
638220 152
638736 384
639248 652
639764 896
640276 1016
640792 967
641304 768
641824 448
642332 127
642852 71
643364 224
643880 455
644392 768
644908 960
645420 1020
645936 920
646448 671
646964 352
647476 67
647992 97
648504 271
649020 543
649532 816
650052 992
650560 1008
651080 864
651592 575
652108 252
652620 60
653136 135
653648 352
654164 636
654676 896
655192 1016
655704 992
656220 783
656732 480
657248 159
657760 63
658280 192
658792 768
659300 423
659820 120
660328 71
660848 224
661360 480
661876 768
662388 960
662904 1020
663416 910
663932 652
664444 319
664960 63
665472 112
665988 287
666500 568
667020 830
667528 992
668048 1008
668556 847
669076 560
669588 240
670104 60
670616 143
671132 384
671644 639
672160 896
672672 1016
673188 967
673700 768
674216 448
674728 135
675248 71
675756 199
676276 455
676784 768
677304 960
677816 1020
678332 924
678844 671
679360 352
679872 71
680388 96
680900 270
681416 543
681928 803
682444 992
682956 1016
683476 864
683984 583
684504 255
685012 60
685532 131
686044 352
686560 632
687072 896
687588 1016
688100 992
688616 792
689132 480
689644 159
690160 63
690672 192
691192 448
691700 707
692220 927
692728 1020
693248 935
693760 704
694276 384
694788 96
695304 96
695816 254
696332 515
696844 783
697360 967
697872 1016
698388 896
698900 608
699420 280
699928 60
700448 126
700956 319
701476 608
701988 864
702504 1008
703016 992
703532 816
704044 511
704560 192
705072 63
705588 192
706100 403
706616 704
707128 911
707648 1020
708156 960
708676 768
709184 414
709704 112
710216 79
710732 240
711244 496
711760 768
712272 960
712788 1016
713300 896
713816 638
714328 312
714844 62
715356 120
715876 312
716384 575
716904 831
717412 992
717932 993
718444 831
718960 536
719472 224
719988 62
720500 158
721016 384
721528 664
722044 896
722556 1016
723072 963
723584 768
724104 448
724612 127
725132 71
725640 224
726160 480
726672 768
727188 960
727700 1020
728216 920
728728 670
729244 352
729756 63
730272 112
730784 280
731300 551
731812 816
732332 992
732840 1008
733360 864
733868 572
734388 240
734900 60
735416 142
735928 384
736444 639
736956 896
737472 1016
737984 975
738500 771
739012 480
739528 152
740040 63
740560 193
741068 448
741588 736
742096 931
742616 1020
743128 931
743644 704
744156 384
744672 96
745184 96
745700 255
746212 527
746728 799
747240 992
747756 1016
748268 896
748788 608
749296 268
749816 60
750324 127
750844 335
751356 624
751872 864
752384 1008
752900 992
753412 799
753928 496
754440 192
754956 63
755468 192
755984 415
756496 704
757016 924
757524 1016
758044 960
758552 711
759072 391
759584 96
760100 96
760612 240
761128 508
761640 771
762156 963
762668 1020
763184 896
763696 632
764212 304
764724 62
765244 120
765752 316
766272 588
766780 844
767300 1008
767812 1008
768328 828
768840 527
769356 199
769868 62
770384 159
770896 391
771412 671
771924 903
772440 1016
772952 960
773472 768
773980 422
774500 120
775008 78
775528 224
776040 480
776556 768
777068 960
777584 1016
778096 903
778612 639
779124 319
779640 63
780152 112
780668 287
781180 568
781700 830
782208 992
782728 1008
783236 846
783756 560
784268 240
784784 60
785296 143
785812 384
786324 647
786840 896
787352 1016
787868 969
788380 768
788896 449
789408 135
789924 71
790440 975
790960 1008
791468 896
791988 591
792496 255
793016 60
793528 127
794044 352
794556 624
795072 864
795584 1008
796100 992
796612 798
797128 496
797644 192
798156 63
798672 192
799184 415
799700 704
800212 926
800732 1020
801240 960
801760 711
802272 391
802788 96
803300 96
803816 248
804328 508
804844 775
805356 966
805872 1020
806384 896
806900 624
807412 287
807928 60
808440 124
808960 319
809468 591
809988 847
810500 995
811016 992
811528 824
812044 512
812556 192
813072 63
813584 163
814100 399
814612 675
815128 908
815640 1020
816156 960
816668 768
817188 415
817696 120
818216 79
818728 224
819244 481
819756 768
820272 960
820784 1020
821300 903
821812 647
822328 319
822840 63
823356 112
823868 287
824384 572
824896 830
825416 992
825924 1008
826444 839
826956 547
827472 224
827984 60
828500 152
829012 384
829528 655
830040 896
830556 1016
831068 963
831584 768
832096 448
832616 127
833124 71
833644 224
834156 455
834672 768
835184 960
835700 1020
836212 924
836728 671
837240 352
837756 71
838268 96
838784 271
839296 543
839812 816
840324 992
840844 1008
841352 864
841872 575
842384 254
842900 60
843412 135
843928 352
844440 632
844956 896
845468 1016
845984 992
846496 783
847012 480
847524 159
848040 63
848552 192
849072 448
849580 711
850100 927
850612 1020
851128 931
851640 704
852156 384
852668 96
853184 96
853696 255
854212 519
854724 792
855240 974
855752 1016
856268 896
856780 608
857300 271
857808 60
858328 127
858840 327
859356 608
859868 864
860384 1008
860896 992
861412 807
861924 510
862440 192
862952 63
863468 192
863980 412
864496 704
865008 915
865528 1020
866036 960
866556 736
867068 399
867584 97
868096 96
868612 240
869124 504
869640 768
870152 960
870668 1016
871180 896
871696 632
872208 304
872728 62
873236 120
873756 316
874264 583
874784 839
875296 993
875812 992
876324 828
876840 527
877352 206
877868 62
878380 159
878896 387
879408 670
879924 899
880436 1020
880952 960
881464 768
881984 448
882492 126
883012 71
883524 224
884040 480
884552 768
885068 960
885580 1020
886096 911
886608 655
887124 327
887636 63
888152 112
888664 287
889180 568
889692 824
890212 992
890720 1008
891240 844
891752 560
892268 240
892780 60
893296 143
893808 384
894324 639
894836 896
895352 1016
895864 972
896380 768
896892 455
897408 143
897920 67
898440 199
898948 448
899468 736
899980 944
900496 1020
901008 927
901524 704
902036 384
902552 78
903064 96
903580 255
904092 529
904608 799
905120 992
905636 1016
906148 896
906668 588
907176 255
907696 60
908208 127
908724 352
909236 624
909752 880
910264 1008
910780 992
911292 792
911808 480
912320 163
912836 63
913348 192
913864 448
914380 707
914892 927
915408 1020
915920 960
916440 704
916948 384
917468 96
917976 96
918496 252
919008 512
919524 783
920036 967
920552 1016
921064 896
921580 624
922096 352
922608 624
923124 896
923636 1008
924152 992
924664 796
925180 496
925692 167
926208 63
926720 192
927236 432
927748 704
928264 927
928776 1020
929296 960
929804 711
930324 384
930836 96
931352 96
931864 248
932380 511
932892 780
933408 967
933920 1016
934436 896
934948 624
935464 286
935976 60
936492 124
937004 319
937524 608
938032 864
938552 1008
939064 992
939580 816
940092 512
940608 192
941120 62
941636 167
942148 399
942664 679
943176 908
943692 1020
944204 960
944720 768
945232 415
945752 120
946260 78
946780 224
947292 480
947808 768
948320 960
948836 1020
949348 908
949864 639
950376 319
950892 63
951404 112
951920 295
952432 572
952948 831
953460 992
953980 1008
954488 831
955008 543
955520 224
956036 60
956548 152
957064 384
957576 655
958092 896
958604 1016
959120 961
959632 768
960148 448
960660 127
961176 71
961688 224
962208 462
962716 768
963236 960
963748 1020
964264 920
964776 671
965292 352
965804 71
966320 97
966832 271
967348 543
967860 816
968376 992
968888 1016
969404 864
969916 575
970436 252
970944 60
971464 135
971976 352
972492 636
973004 896
973520 1008
974032 992
974548 783
975060 480
975576 158
976088 63
976604 192
977116 448
977632 711
978144 927
978664 1020
979172 931
979692 704
980204 384
980720 96
981232 96
981748 255
982260 515
982776 787
983288 967
983804 1016
984316 896
984832 608
985344 280
985860 60
986372 126
986892 319
987400 608
987920 864
988432 1008
988948 992
989460 816
989976 511
990488 192
991004 63
991516 192
992032 408
992544 704
993060 911
993572 1020
994088 960
994600 768
995120 408
995628 112
996148 96
996660 240
997176 496
997688 768
998204 960
998716 1016
999232 896
999744 636
1000260 312
1000772 62
1001288 120
1001800 312
1002316 575
1002828 831
1003348 992
1003856 1008
1004376 831
1004888 542
1005404 224
1005916 60
1006432 158
1006944 384
1007460 664
1007972 896
1008488 1020
1009000 967
1009516 768
1010028 448
1010544 127
1011056 71
1011576 224
1012084 480
1012604 768
1013116 960
1013632 1020
1014144 911
1014660 664
1015176 332
1015688 63
1016204 112
1016716 284
1017236 560
1017744 824
1018264 992
1018772 1008
1019292 847
1019804 568
1020320 240
1020832 60
1021348 143
1021860 384
1022376 639
1022888 896
1023404 1016
1023916 975
1024432 774
1024944 480
1025464 152
1025972 63
1026492 193
1027000 448
1027520 736
1028032 934
1028548 1022
1029060 931
1029576 704
1030088 384
1030604 79
1031116 96
1031632 255
1032144 526
1032660 798
1033172 975
1033692 1016
1034200 896
1034720 608
1035228 263
1035748 60
1036260 127
1036776 335
1037288 624
1037804 864
1038316 1008
1038832 992
1039344 799
1039860 496
1040372 192
1040888 63
1041400 192
1041920 415
1042428 704
1042948 924
1043456 1020
1043976 960
1044488 736
1045004 391
1045516 97
1046032 96
1046544 248
1047060 504
1047572 771
1048088 963
1048600 1020
1049120 896
1049628 636
1050148 304
1050656 62
1051176 120
1051688 312
1052204 583
1052716 839
1053232 1008
1053752 896
1054264 624
1054780 287
1055292 62
1055808 124
1056320 318
1056836 608
1057348 847
1057868 1008
1058376 992
1058896 824
1059404 519
1059924 192
1060436 62
1060952 163
1061468 399
1061980 679
1062496 908
1063008 1016
1063524 960
1064036 768
1064556 414
1065064 112
1065584 79
1066096 225
1066612 496
1067124 768
1067640 960
1068152 1020
1068668 902
1069180 639
1069696 318
1070208 63
1070724 112
1071236 295
1071756 574
1072264 831
1072784 992
1073296 1008
1073812 839
1074324 543
1074840 224
1075352 60
1075868 152
1076380 384
1076896 655
1077408 896
1077924 1016
1078436 967
1078952 768
1079464 448
1079984 127
1080492 71
1081012 224
1081524 460
1082040 768
1082552 960
1083068 1020
1083580 920
1084096 668
1084608 352
1085124 67
1085636 112
1086152 280
1086664 543
1087180 816
1087692 992
1088212 1008
1088720 864
1089240 574
1089752 252
1090268 60
1090780 135
1091296 353
1091808 636
1092324 896
1092836 1016
1093352 992
1093864 783
1094380 480
1094892 159
1095408 63
1095920 192
1096440 448
1096948 711
1097468 927
1097980 1020
1098496 934
1099008 704
1099524 384
1100036 96
1100552 96
1101064 255
1101580 519
1102092 792
1102608 972
1103120 1016
1103636 896
1104148 608
1104668 268
1105176 60
1105696 127
1106208 327
1106724 609
1107236 864
1107752 1008
1108264 992
1108780 799
1109292 508
1109808 192
1110320 63
1110836 192
1111348 412
1111864 704
1112376 920
1112896 1020
1113404 960
1113924 736
1114436 403
1114952 112
1115464 96
1115980 240
1116492 504
1117008 769
1117520 961
1118036 1020
1118548 896
1119064 632
1119576 304
1120092 60
1120604 120
1121124 316
1121632 583
1122152 839
1122664 993
1123180 992
1123692 828
1124208 526
1124720 199
1125236 62
1125748 159
1126264 391
1126776 671
1127292 903
1127804 1016
1128320 960
1128832 768
1129352 432
1129860 124
1130380 76
1130892 224
1131408 480
1131920 768
1132436 960
1132948 1020
1133464 911
1133976 655
1134492 327
1135004 63
1135520 112
1136032 287
1136548 568
1137060 828
1137580 992
1138088 1008
1138608 846
1139120 560
1139636 240
1140148 60
1140664 143
1141176 384
1141692 639
1142204 896
1142720 1016
1143232 967
1143748 768
1144260 451
1144776 135
1145288 67
1145808 199
1146316 449
1146836 768
1147348 944
1147864 1020
1148376 927
1148892 679
1149404 384
1149920 71
1150432 96
1150948 263
1151460 536
1151976 799
1152488 992
1153008 1016
1153516 880
1154036 588
1154544 255
1155064 60
1155576 127
1156092 352
1156604 624
1157120 880
1157632 1008
1158148 992
1158660 798
1159176 496
1159688 163
1160204 63
1160716 192
1161232 432
1161744 704
1162264 926
1162772 1020
1163292 944
1163804 704
1164320 384
1164832 96
1165348 96
1165860 252
1166376 512
1166888 783
1167404 967
1167916 1016
1168432 896
1168944 624
1169460 286
1169972 60
1170492 124
1171000 319
1171520 608
1172032 864
1172548 1008
1173060 992
1173576 824
1174088 515
1174604 192
1175116 62
1175632 167
1176144 399
1176660 688
1177172 911
1177688 1020
1178204 960
1178716 768
1179232 412
1179744 112
1180264 96
1180772 240
1181292 496
1181800 768
1182320 960
1182832 1016
1183348 896
1183860 638
1184376 312
1184888 62
1185400 112
1185920 284
1186428 547
1186948 824
1187460 992
1187976 1008
1188488 864
1189004 574
1189516 248
1190032 60
1190544 135
1191060 384
1191572 638
1192088 896
1192600 1016
1193120 992
1193628 782
1194148 480
1194656 156
1195176 63
1195688 192
1196204 448
1196716 718
1197232 927
1197744 1020
1198260 927
1198772 704
1199288 384
1199800 79
1200316 96
1200828 255
1201348 527
1201856 798
1202376 975
1202884 1016
1203404 896
1203916 608
1204432 255
1204944 60
1205460 127
1205972 335
1206488 624
1207000 864
1207516 1008
1208028 992
1208544 799
1209056 504
1209576 192
1210084 63
1210604 192
1211112 415
1211632 704
1212144 924
1212660 1022
1213172 960
1213688 716
1214200 391
1214716 96
1215228 96
1215744 248
1216256 508
1216772 775
1217284 963
1217804 1016
1218312 896
1218832 624
1219340 287
1219860 60
1220372 124
1220888 318
1221400 591
1221916 846
1222428 993
1222944 992
1223456 824
1223972 518
1224484 199
1225004 62
1225512 159
1226032 399
1226540 671
1227060 903
1227572 1020
1228088 960
1228600 768
1229116 419
1229628 120
1230144 78
1230656 224
1231172 480
1231684 768
1232200 960
1232716 1020
1233228 910
1233744 647
1234256 319
1234772 63
1235284 112
1235804 291
1236312 572
1236832 830
1237344 992
1237860 1008
1238372 839
1238888 543
1239400 224
1239916 60
1240428 152
1240944 384
1241456 647
1241972 896
1242484 1016
1243000 963
1243512 768
1244032 448
1244540 135
1245060 71
1245572 204
1246088 455
1246600 768
1247116 960
1247628 1020
1248144 926
1248656 671
1249172 352
1249684 71
1250200 96
1250712 271
1251228 543
1251740 807
1252260 992
1252768 1016
1253288 864
1253800 575
1254316 252
1254828 60
1255344 135
1255856 352
1256372 636
1256884 896
1257400 1008
1257912 992
1258428 783
1258940 480
1259456 158
1259968 63
1260488 192
1260996 448
1261516 711
1262028 927
1262544 1020
1263056 931
1263572 704
1264084 384
1264600 96
1265112 96
1265628 255
1266140 519
1266656 792
1267168 972
1267684 1016
1268196 896
1268716 608
1269224 280
1269744 60
1270256 126
1270772 327
1271284 608
1271800 864
1272312 1008
1272828 992
1273340 816
1273856 508
1274368 192
1274884 63
1275396 192
1275912 414
1276424 704
1276944 920
1277452 1020
1277972 960
1278484 736
1279000 399
1279512 97
1280028 96
1280540 240
1281056 504
1281568 768
1282084 960
1282596 1016
1283112 896
1283624 632
1284140 304
1284652 62
1285172 120
1285680 312
1286200 583
1286712 838
1287228 993
1287740 993
1288256 830
1288768 536
1289284 224
1289796 62
1290312 159
1290824 384
1291340 670
1291852 899
1292368 1020
1292880 963
1293400 768
1293908 448
1294428 124
1294940 71
1295456 224
1295968 480
1296484 768
1296996 960
1297512 1020
1298024 911
1298540 655
1299052 327
1299568 63
1300080 112
1300596 287
1301108 568
1301628 828
1302136 992
1302656 1008
1303168 847
1303684 560
1304196 240
1304712 60
1305224 143
1305740 384
1306252 639
1306768 896
1307280 1016
1307796 974
1308308 771
1308828 455
1309336 143
1309856 67
1310364 195
1310884 448
1311396 736
1311912 944
1312424 1022
1312940 927
1313452 704
1313968 384
1314480 71
1314996 96
1315508 255
1316024 540
1316536 799
1317052 636
1317572 896
1318080 1016
1318600 992
1319108 783
1319628 480
1320140 159
1320656 63
1321168 192
1321684 448
1322196 711
1322712 927
1323224 1020
1323740 944
1324252 704
1324768 384
1325280 96
1325796 96
1326308 255
1326828 519
1327336 787
1327856 967
1328368 1016
1328884 896
1329396 608
1329912 270
1330424 60
1330940 127
1331452 327
1331968 609
1332480 864
1332996 1008
1333508 992
1334024 799
1334536 504
1335056 192
1335564 63
1336084 192
1336596 414
1337112 704
1337624 920
1338140 1020
1338652 960
1339168 736
1339680 399
1340196 112
1340708 96
1341224 240
1341736 504
1342252 769
1342764 961
1343284 1020
1343792 896
1344312 636
1344824 304
1345340 62
1345852 120
1346368 312
1346880 582
1347396 839
1347908 992
1348424 992
1348936 828
1349452 527
1349964 199
1350480 62
1350992 159
1351512 391
1352020 671
1352540 903
1353052 1016
1353568 960
1354080 768
1354596 432
1355108 124
1355624 71
1356136 224
1356652 480
1357164 768
1357680 960
1358192 1020
1358708 911
1359220 655
1359740 327
1360248 63
1360768 112
1361280 287
1361796 568
1362308 828
1362824 992
1363336 1008
1363852 847
1364364 568
1364880 240
1365392 60
1365908 143
1366420 384
1366936 639
1367448 896
1367968 1016
1368476 967
1368996 768
1369508 451
1370024 135
1370536 67
1371052 199
1371564 451
1372080 768
1372592 944
1373108 1020
1373620 926
1374136 671
1374648 352
1375164 71
1375676 96
1376196 271
1376704 542
1377224 807
1377736 992
1378252 1016
1378764 864
1379280 583
1379792 255
1380308 60
1380820 127
1381336 352
1381848 632
1382364 896
1382876 1008
1383392 992
1383904 792
1384424 480
1384932 159
1385452 63
1385964 192
1386480 448
1386992 705
1387508 927
1388020 1020
1388536 935
1389048 704
1389564 384
1390076 96
1390592 96
1391104 254
1391620 515
1392132 783
1392652 967
1393160 1016
1393680 896
1394192 608
1394708 280
1395220 60
1395736 126
1396248 319
1396764 608
1397276 864
1397792 1008
1398304 992
1398820 816
1399332 512
1399848 192
1400360 63
1400876 176
1401392 408
1401904 704
1402420 911
1402932 1020
1403452 960
1403960 768
1404480 408
1404988 112
1405508 96
1406020 240
1406536 496
1407048 768
1407564 960
1408076 1016
1408592 896
1409104 638
1409620 312
1410132 62
1410648 120
1411160 312
1411680 575
1412188 831
1412708 992
1413216 1008
1413736 830
1414248 536
1414764 224
1415276 62
1415792 159
1416304 384
1416820 668
1417332 897
1417848 1020
1418360 963
1418876 768
1419388 448
1419908 126
1420416 71
1420936 224
1421444 480
1421964 768
1422476 960
1422992 1020
1423504 913
1424020 657
1424532 334
1425048 63
1425560 112
1426076 287
1426588 560
1427108 824
1427616 992
1428136 1008
1428644 847
1429164 560
1429676 240
1430192 60
1430704 143
1431220 384
1431732 639
1432248 896
1432760 1016
1433276 972
1433788 769
1434304 455
1434816 143
1435336 67
1435844 195
1436364 448
1436872 736
1437392 944
1437904 1020
1438420 927
1438932 704
1439448 384
1439960 78
1440476 96
1440988 255
1441504 536
1442016 799
1442532 992
1443044 1016
1443564 896
1444072 591
1444592 255
1445100 60
1445620 127
1446132 352
1446648 624
1447160 865
1447676 1008
1448188 992
1448708 510
1449216 192
1449736 63
1450248 192
1450764 412
1451276 704
1451792 911
1452304 1020
1452820 960
1453332 768
1453848 408
1454360 112
1454876 96
1455388 240
1455904 496
1456416 768
1456936 960
1457444 1020
1457964 897
1458476 638
1458992 312
1459504 62
1460020 120
1460532 312
1461048 575
1461560 831
1462076 992
1462588 993
1463104 830
1463616 531
1464132 206
1464644 62
1465164 159
1465672 384
1466192 670
1466704 897
1467220 1016
1467732 960
1468248 768
1468760 448
1469276 126
1469788 71
1470304 224
1470816 480
1471332 768
1471844 960
1472360 1020
1472872 913
1473392 664
1473900 335
1474420 63
1474932 112
1475448 286
1475960 560
1476476 824
1476988 992
1477504 1008
1478016 864
1478532 568
1479044 240
1479560 60
1480072 143
1480588 384
1481100 639
1481620 896
1482128 1016
1482648 972
1483160 769
1483676 455
1484188 143
1484704 67
1485216 195
1485732 448
1486244 736
1486760 944
1487272 1020
1487788 927
1488300 704
1488816 384
1489328 78
1489848 96
1490356 255
1490876 536
1491388 799
1491904 992
1492416 1016
1492932 896
1493444 591
1493960 255
1494472 60
1494988 127
1495500 352
1496016 624
1496528 865
1497044 1008
1497556 992
1498076 798
1498584 496
1499104 167
1499616 63
1500132 192
1500644 419
1501160 704
1501672 924
1502188 1020
1502700 944
1503216 704
1503728 384
1504244 96
1504756 96
1505272 252
1505784 511
1506304 783
1506812 967
1507332 1016
1507844 896
1508360 624
1508872 287
1509388 60
1509900 124
1510416 319
1510928 608
1511444 864
1511956 1008
1512472 992
1512984 824
1513500 515
1514012 193
1514532 63
1515040 163
1515560 399
1516072 675
1516588 910
1517100 1020
1517616 960
1518128 768
1518644 415
1519156 112
1519672 79
1520184 224
1520700 496
1521212 768
1521728 960
1522240 1016
1522760 899
1523268 639
1523788 316
1524300 63
1524816 112
1525328 304
1525844 575
1526356 831
1526872 992
1527384 1008
1527900 831
1528412 543
1528928 224
1529440 60
1529956 156
1530468 384
1530988 655
1531496 896
1532016 1016
1532528 967
1533044 768
1533556 448
1534072 127
1534584 71
1535100 224
1535612 455
1536128 768
1536640 960
1537156 1020
1537668 924
1538184 671
1538700 352
1539212 67
1539728 112
1540240 275
1540760 547
1541268 816
1541788 992
1542296 1008
1542816 864
1543328 572
1543844 248
1544356 60
1544872 140
1545384 384
1545900 639
1546412 896
1546928 1016
1547440 992
1547956 775
1548468 480
1548988 152
1549496 63
1550016 192
1550524 448
1551044 736
1551556 931
1552072 1020
1552584 931
1553100 704
1553612 384
1554128 96
1554640 96
1555156 255
1555668 521
1556184 796
1556696 975
1557216 1016
1557724 896
1558244 608
1558752 271
1559272 60
1559784 127
1560300 334
1560812 609
1561328 864
1561840 1008
1562356 992
1562868 799
1563384 496
1563896 192
1564412 63
1564924 192
1565444 415
1565952 704
1566472 924
1566980 1020
1567500 960
1568012 716
1568528 391
1569040 96
1569556 96
1570068 248
1570584 508
1571096 771
1571612 963
1572124 1020
1572640 896
1573152 632
1573672 295
1574180 62
1574700 120
1575208 316
1575728 585
1576240 839
1576756 1008
1577268 993
1577784 828
1578296 527
1578812 199
1579324 62
1579840 159
1580364 638
1580876 896
1581392 1016
1581904 992
1582420 780
1582932 480
1583448 152
1583960 63
1584480 192
1584988 448
1585508 736
1586020 931
1586536 1020
1587048 927
1587564 704
1588076 384
1588592 78
1589104 96
1589620 255
1590132 527
1590648 799
1591160 992
1591680 1016
1592188 896
1592708 591
1593220 255
1593736 60
1594248 127
1594764 352
1595276 624
1595792 864
1596304 1008
1596820 992
1597332 799
1597848 496
1598360 192
1598876 63
1599388 192
1599908 415
1600416 704
1600936 924
1601448 1020
1601964 960
1602476 716
1602992 391
1603504 96
1604020 96
1604532 248
1605048 508
1605560 775
1606076 963
1606588 1016
1607104 896
1607616 624
1608136 287
1608644 60
1609164 124
1609676 319
1610192 608
1610704 847
1611220 1008
1611732 992
1612248 824
1612760 519
1613276 193
1613788 62
1614304 163
1614816 391
1615332 675
1615844 903
1616364 1020
1616872 960
1617392 768
1617904 419
1618420 120
1618932 78
1619448 224
1619960 480
1620476 768
1620988 960
1621504 1020
1622016 908
1622532 647
1623044 319
1623560 63
1624072 112
1624592 291
1625100 572
1625620 830
1626132 992
1626648 1008
1627160 831
1627676 543
1628188 224
1628704 60
1629216 152
1629732 384
1630244 655
1630760 896
1631272 1016
1631792 963
1632300 768
1632820 448
1633328 131
1633848 71
1634360 224
1634876 455
1635388 768
1635904 960
1636416 1020
1636932 926
1637444 671
1637960 352
1638472 71
1638988 96
1639500 271
1640016 543
1640528 816
1641048 992
1641556 1016
1642076 864
1642588 575
1643104 252
1643616 60
1644132 135
1644644 352
1645160 636
1645672 896
1646188 1008
1646700 992
1647216 780
1647728 480
1648244 156
1648756 63
1649276 192
1649784 448
1650304 718
1650816 927
1651332 1020
1651844 931
1652360 704
1652872 384
1653388 96
1653900 96
1654416 255
1654928 519
1655444 796
1655956 975
1656472 1016
1656984 896
1657504 608
1658012 271
1658532 60
1659044 127
1659560 327
1660072 608
1660588 864
1661100 1008
1661616 992
1662128 807
1662644 504
1663156 192
1663672 63
1664184 192
1664700 414
1665212 704
1665728 920
1666244 1020
1666756 960
1667272 716
1667784 396
1668304 96
1668812 96
1669332 248
1669840 504
1670360 771
1670872 961
1671388 1016
1671900 896
1672416 632
1672928 304
1673444 62
1673956 120
1674472 316
1674984 583
1675504 844
1676012 993
1676532 993
1677040 830
1677560 527
1678072 224
1678588 62
1679100 159
1679616 387
1680128 671
1680644 903
1681156 1020
1681672 960
1682184 768
1682700 448
1683212 124
1683732 71
1684240 224
1684760 480
1685268 768
1685788 960
1686300 1020
1686816 911
1687328 652
1687844 319
1688356 63
1688872 112
1689384 287
1689900 572
1690412 828
1690928 992
1691440 1008
1691960 839
1692468 560
1692988 224
1693496 60
1694016 145
1694528 384
1695044 647
1695556 896
1696072 1016
1696584 972
1697100 768
1697612 455
1698128 135
1698640 67
1699156 199
1699668 449
1700188 768
1700696 960
1701216 1020
1701724 927
1702244 675
1702756 352
1703272 71
1703784 96
1704300 271
1704812 542
1705328 806
1705840 992
1706356 1008
1706868 864
1707384 575
1707896 252
1708416 60
1708924 135
1709444 352
1709952 632
1710472 896
1710984 1008
1711500 992
1712020 448
1712536 707
1713048 927
1713564 1022
1714076 960
1714592 704
1715104 384
1715620 96
1716132 96
1716648 254
1717160 513
1717676 783
1718188 967
1718708 1016
1719216 896
1719736 608
1720244 275
1720764 60
1721276 126
1721792 327
1722304 608
1722820 864
1723332 1008
1723848 992
1724360 807
1724876 508
1725388 192
1725904 63
1726416 192
1726936 412
1727444 704
1727964 911
1728472 1020
1728992 960
1729504 768
1730020 408
1730532 112
1731048 96
1731560 240
1732076 496
1732588 768
1733104 960
1733616 1020
1734136 897
1734644 639
1735164 312
1735672 62
1736192 120
1736704 312
1737220 575
1737732 831
1738248 992
1738760 993
1739276 830
1739788 536
1740304 224
1740816 62
1741332 159
1741844 384
1742364 668
1742872 897
1743392 1016
1743900 960
1744420 768
1744932 448
1745448 126
1745960 71
1746476 224
1746988 480
1747504 768
1748016 960
1748532 1020
1749044 915
1749560 664
1750072 335
1750592 63
1751100 112
1751620 286
1752128 560
1752648 824
1753160 992
1753676 1008
1754188 864
1754704 568
1755216 240
1755732 60
1756244 143
1756760 384
1757272 639
1757788 896
1758300 1016
1758820 972
1759328 769
1759848 455
1760356 143
1760876 67
1761388 199
1761904 448
1762416 736
1762932 944
1763444 1020
1763960 927
1764472 704
1764988 384
1765500 78
1766016 96
1766528 255
1767048 536
1767556 799
1768076 992
1768584 1016
1769104 880
1769616 591
1770132 255
1770644 60
1771160 127
1771672 352
1772188 624
1772700 880
1773216 1008
1773728 992
1774244 798
1774756 496
1775272 167
1775788 63
1776300 192
1776816 423
1777328 704
1777848 926
1778356 1020
1778876 944
1779388 705
1779904 384
1780416 96
1780932 96
1781444 252
1781960 512
1782472 780
1782988 967
1783500 1016
1784016 896
1784528 624
1785044 286
1785556 60
1786076 124
1786584 319
1787104 608
1787616 864
1788132 1008
1788644 992
1789160 824
1789672 515
1790188 192
1790700 62
1791216 167
1791728 399
1792244 704
1792756 910
1793272 1020
1793784 960
1794304 768
1794812 415
1795332 112
1795844 79
1796360 240
1796872 496
1797388 768
1797900 960
1798416 1020
1798928 899
1799444 639
1799956 316
1800472 62
1800984 112
1801500 304
1802012 575
1802532 831
1803040 992
1803560 1008
1804072 831
1804588 542
1805100 224
1805616 62
1806128 156
1806644 384
1807156 655
1807672 896
1808184 1016
1808700 967
1809212 768
1809728 448
1810240 127
1810760 71
1811268 224
1811788 480
1812300 768
1812816 960
1813328 1022
1813844 920
1814356 671
1814872 352
1815384 67
1815900 112
1816412 280
1816928 551
1817440 816
1817960 992
1818468 1008
1818988 864
1819496 572
1820016 240
1820528 60
1821044 142
1821556 384
1822072 639
1822584 896
1823100 1016
1823612 975
1824128 775
1824640 480
1825156 152
1825668 63
1826184 193
1826696 448
1827216 736
1827724 931
1828244 1020
1828756 931
1829272 704
1829784 384
1830300 96
1830812 96
1831328 255
1831840 527
1832356 798
1832868 992
1833384 1016
1833896 896
1834412 608
1834924 263
1835444 60
1835952 127
1836472 335
1836984 624
1837500 864
1838012 1008
1838528 992
1839040 799
1839556 496
1840068 192
1840584 63
1841096 192
1841612 415
1842124 704
1842640 924
1843152 1020
1843668 63
1844184 192
1844696 415
1845212 704
1845724 924
1846240 1020
1846752 960
1847272 711
1847780 391
1848300 96
1848808 96
1849328 248
1849840 508
1850356 775
1850868 967
1851384 1020
1851896 896
1852412 632
1852924 291
1853440 60
1853952 120
1854468 318
1854980 590
1855500 847
1856008 992
1856528 992
1857036 824
1857556 518
1858068 195
1858584 62
1859096 159
1859612 398
1860124 671
1860640 903
1861152 1016
1861668 960
1862180 768
1862696 415
1863208 120
1863724 78
1864240 224
1864752 480
1865268 768
1865780 960
1866296 1020
1866808 903
1867328 639
1867836 319
1868356 63
1868868 112
1869384 291
1869896 572
1870412 831
1870924 992
1871440 1008
1871952 839
1872468 547
1872980 224
1873496 60
1874008 152
1874528 384
1875036 652
1875556 896
1876068 1016
1876584 967
1877096 768
1877612 448
1878124 127
1878640 71
1879152 224
1879668 460
1880180 768
1880696 960
1881208 1020
1881724 920
1882236 671
1882756 352
1883264 71
1883784 97
1884296 271
1884812 543
1885324 816
1885840 992
1886352 1008
1886868 864
1887380 575
1887896 252
1888408 60
1888924 135
1889436 352
1889952 636
1890464 896
1890984 1016
1891492 992
1892012 783
1892524 480
1893040 158
1893552 63
1894068 192
1894580 448
1895096 711
1895608 927
1896124 1020
1896636 931
1897152 704
1897664 384
1898180 96
1898692 96
1899212 255
1899720 519
1900240 796
1900752 972
1901268 1008
1901780 896
1902296 608
1902808 271
1903324 60
1903836 127
1904352 327
1904864 608
1905380 864
1905892 1008
1906408 992
1906920 803
1907440 504
1907948 192
1908468 63
1908980 192
1909496 414
1910008 704
1910524 920
1911036 1020
1911552 960
1912064 736
1912580 399
1913092 112
1913608 96
1914120 240
1914636 504
1915148 768
1915668 961
1916176 1020
1916696 896
1917208 632
1917724 295
1918236 62
1918752 120
1919264 316
1919780 583
1920292 839
1920808 993
1921320 992
1921836 828
1922348 527
1922864 199
1923376 62
1923896 159
1924404 387
1924924 671
1925436 903
1925952 1020
1926464 960
1926980 768
1927492 448
1928008 124
1928520 71
1929036 224
1929548 480
1930064 768
1930576 960
1931092 1022
1931604 911
1932124 655
1932632 327
1933152 63
1933664 112
1934180 287
1934692 568
1935208 828
1935720 992
1936236 1008
1936748 839
1937264 551
1937776 224
1938292 60
1938804 145
1939320 384
1939832 647
1940352 896
1940860 1016
1941380 967
1941892 768
1942408 448
1942920 135
1943436 71
1943948 199
1944464 454
1944976 768
1945492 960
1946004 1020
1946520 926
1947032 679
1947548 352
1948060 71
1948580 96
1949088 268
1949608 543
1950120 803
1950636 992
1951148 1016
1951664 864
1952176 583
1952692 255
1953204 60
1953720 131
1954232 352
1954748 632
1955260 896
1955776 1008
1956288 992
1956808 783
1957316 480
1957836 159
1958348 63
1958864 192
1959376 448
1959892 707
1960404 927
1960920 1020
1961432 935
1961948 704
1962460 384
1962976 96
1963488 96
1964004 254
1964516 513
1965036 783
1965544 967
1966064 1016
1966576 896
1967092 608
1967604 284
1968120 60
1968632 124
1969148 319
1969660 608
1970176 864
1970688 1008
1971204 992
1971716 816
1972232 511
1972744 192
1973264 63
1973772 176
1974292 408
1974804 704
1975324 831
1975840 992
1976352 1008
1976868 831
1977380 542
1977896 224
1978408 62
1978924 158
1979436 384
1979952 664
1980464 896
1980984 1020
1981492 967
1982012 768
1982524 448
1983040 127
1983552 71
1984068 224
1984580 480
1985096 768
1985608 960
1986124 1020
1986636 913
1987152 664
1987664 335
1988180 63
1988692 112
1989212 286
1989720 560
1990240 824
1990752 992
1991268 1008
1991780 847
1992296 568
1992808 240
1993324 60
1993836 143
1994352 384
1994864 639
1995380 896
1995892 1016
1996408 974
1996920 771
1997440 462
1997948 152
1998468 67
1998980 195
1999496 448
2000008 736
2000524 944
2001036 1020
2001552 931
2002064 704
2002580 384
2003092 79
2003608 96
2004120 255
2004636 527
2005148 799
2005668 992
2006176 1016
2006696 880
2007208 591
2007724 255
2008236 60
2008752 127
2009264 352
2009780 624
2010292 864
2010808 1008
2011320 992
2011836 792
2012348 496
2012868 166
2013376 63
2013896 192
2014408 419
2014924 704
2015436 926
2015952 1020
2016464 960
2016980 707
2017492 387
2018008 96
2018520 96
2019036 248
2019548 510
2020064 780
2020576 967
2021096 1020
2021604 896
2022124 624
2022636 287
2023152 60
2023664 124
2024180 319
2024692 591
2025208 847
2025720 1008
2026236 992
2026748 824
2027264 515
2027776 193
2028292 62
2028804 163
2029324 399
2029832 675
2030352 908
2030864 1016
2031380 960
2031892 768
2032408 414
2032920 112
2033436 79
2033948 225
2034464 496
2034976 768
2035492 960
2036004 1020
2036520 903
2037032 639
2037552 318
2038060 63
2038580 112
2039092 295
2039608 574
2040120 831
2040636 992
2041148 1008
2041664 839
2042176 547
2042692 224
2043204 60
2043720 156
2044232 384
2044748 655
2045260 896
2045780 1016
2046288 967
2046808 768
2047320 448
2047836 127
2048348 71
2048864 224
2049376 460
2049892 768
2050404 960
2050920 1020
2051432 920
2051948 668
2052460 352
2052976 63
2053488 112
2054008 280
2054516 547
2055036 816
2055548 992
2056064 1008
2056576 864
2057092 572
2057604 248
2058120 60
2058632 135
2059148 353
2059660 636
2060176 896
2060688 1016
2061204 992
2061716 783
2062236 480
2062744 159
2063264 63
2063776 192
2064292 448
2064804 711
2065320 931
2065832 1020
2066348 931
2066860 704
2067376 384
2067888 96
2068404 96
2068916 255
2069432 519
2069948 796
2070460 972
2070976 1008
2071488 896
2072008 608
2072516 263
2073036 60
2073544 127
2074064 335
2074576 609
2075092 864
2075604 1008
2076120 992
2076632 799
2077148 504
2077660 192
2078176 63
2078688 192
2079204 415
2079716 704
2080236 920
2080744 1020
2081264 960
2081772 736
2082292 399
2082804 112
2083320 96
2083832 240
2084348 504
2084860 769
2085376 961
2085888 1020
2086404 896
2086916 632
2087432 295
2087944 62
2088464 120
2088972 316
2089492 588
2090000 839
2090520 993
2091032 992
2091548 824
2092060 519
2092576 195
2093088 62
2093604 159
2094116 391
2094632 671
2095144 903
2095660 1020
2096172 960
2096692 768
2097200 423
2097720 120
2098228 76
2098748 224
2099260 480
2099776 768
2100288 960
2100804 1020
2101316 911
2101832 652
2102344 319
2102860 63
2103372 112
2103888 287
2104400 568
2104920 828
2105428 992
2105948 1008
2106456 846
2106976 385
2107492 671
2108004 899
2108520 1020
2109032 960
2109548 768
2110060 448
2110576 124
2111088 71
2111604 224
2112116 480
2112632 768
2113144 960
2113664 1020
2114172 911
2114692 655
2115200 327
2115720 63
2116232 112
2116748 287
2117260 560
2117776 828
2118288 992
2118804 1008
2119316 864
2119832 568
2120344 240
2120860 60
2121372 143
2121888 384
2122400 639
2122916 896
2123428 1016
2123944 967
2124460 768
2124972 451
2125488 135
2126000 67
2126520 199
2127028 449
2127548 768
2128056 944
2128576 1020
2129088 927
2129604 675
2130116 352
2130632 71
2131144 96
2131660 268
2132172 540
2132688 799
2133200 992
2133716 1016
2134228 865
2134748 583
2135256 255
2135776 60
2136284 127
2136804 352
2137316 624
2137832 896
2138344 1008
2138860 992
2139372 796
2139888 496
2140400 163
2140916 63
2141428 192
2141944 448
2142456 704
2142976 926
2143484 1020
2144004 944
2144512 704
2145032 384
2145544 96
2146060 96
2146572 252
2147088 513
2147600 783
2148116 967
2148628 1016
2149144 896
2149656 609
2150172 284
2150684 60
2151204 124
2151712 319
2152232 608
2152740 864
2153260 1008
2153772 992
2154288 816
2154800 513
2155316 192
2155828 63
2156344 176
2156856 399
2157372 704
2157884 911
2158400 1020
2158912 960
2159432 768
2159940 414
2160460 112
2160968 96
2161488 240
2162000 496
2162516 768
2163028 960
2163544 1016
2164056 896
2164572 636
2165084 312
2165600 62
2166112 120
2166628 312
2167140 575
2167660 835
2168168 992
2168688 993
2169196 831
2169716 536
2170228 224
2170744 62
2171256 158
2171772 384
2172284 664
2172800 899
2173312 1016
2173828 963
2174340 768
2174856 448
2175368 127
2175888 71
2176396 224
2176916 480
2177424 768
2177944 960
2178456 1020
2178972 913
2179484 668
2180000 334
2180512 63
2181028 112
2181540 284
2182056 560
2182568 824
2183084 992
2183596 1008
2184116 847
2184624 568
2185144 240
2185652 60
2186172 143
2186684 384
2187200 639
2187712 896
2188228 1016
2188740 974
2189256 769
2189768 462
2190284 143
2190796 67
2191312 195
2191824 448
2192344 736
2192852 935
2193372 1020
2193880 927
2194400 704
2194912 384
2195428 79
2195940 96
2196456 255
2196968 527
2197484 799
2197996 992
2198512 1016
2199024 896
2199540 591
2200052 255
2200572 60
2201080 127
2201600 352
2202108 624
2202628 864
2203140 1008
2203656 992
2204168 798
2204684 496
2205196 167
2205712 63
2206224 192
2206740 423
2207252 704
2207768 926
2208280 1020
2208800 960
2209308 707
2209828 384
2210336 96
2210856 96
2211368 248
2211884 511
2212396 775
2212912 967
2213424 1020
2213940 896
2214452 624
2214968 287
2215480 60
2215996 124
2216508 319
2217028 608
2217536 864
2218056 1008
2218564 992
2219084 824
2219596 518
2220112 192
2220624 62
2221140 167
2221652 399
2222168 688
2222680 910
2223196 1020
2223708 960
2224224 768
2224736 414
2225256 112
2225764 79
2226284 240
2226792 496
2227312 768
2227824 960
2228340 1016
2228852 899
2229368 639
2229880 316
2230396 63
2230908 112
2231424 304
2231936 575
2232452 831
2232964 992
2233484 1008
2233992 831
2234512 543
2235020 224
2235540 60
2236052 156
2236568 384
2237080 655
2237596 896
2238108 1016
2238624 568
2239144 830
2239656 992
2240172 1008
2240684 847
2241200 560
2241712 240
2242228 60
2242740 143
2243256 384
2243768 639
2244284 896
2244796 1016
2245312 967
2245824 768
2246344 448
2246852 135
2247372 71
2247884 199
2248400 455
2248912 768
2249428 960
2249940 1020
2250456 924
2250968 671
2251484 352
2251996 71
2252512 96
2253024 270
2253540 543
2254052 803
2254572 992
2255080 1016
2255600 864
2256112 583
2256628 255
2257140 60
2257656 134
2258168 352
2258684 632
2259196 896
2259712 1016
2260224 992
2260740 792
2261252 480
2261768 159
2262280 63
2262800 192
2263312 448
2263828 707
2264340 927
2264856 1020
2265368 944
2265884 704
2266396 384
2266912 96
2267424 96
2267940 255
2268452 515
2268968 792
2269480 967
2270000 1016
2270508 896
2271028 608
2271540 275
2272056 60
2272568 126
2273084 327
2273596 608
2274112 864
2274624 1008
2275140 992
2275652 816
2276168 510
2276680 192
2277196 63
2277708 192
2278228 412
2278736 704
2279256 920
2279768 1020
2280284 960
2280796 768
2281312 399
2281824 112
2282340 96
2282852 240
2283368 504
2283884 769
2284396 960
2284912 1016
2285424 896
2285940 632
2286452 304
2286972 62
2287480 120
2288000 316
2288512 583
2289028 839
2289540 992
2290056 992
2290568 828
2291084 527
2291596 206
2292112 62
2292624 159
2293140 387
2293652 670
2294168 903
2294680 1020
2295200 960
2295708 768
2296228 448
2296740 126
2297256 71
2297768 224
2298284 480
2298796 768
2299312 960
2299824 1020
2300340 911
2300852 655
2301368 327
2301880 63
2302396 112
2302908 287
2303428 568
2303936 828
2304456 992
2304968 1008
2305484 844
2305996 560
2306512 240
2307024 60
2307540 143
2308052 384
2308568 639
2309080 896
2309596 1016
2310108 967
2310628 768
2311136 455
2311656 140
2312168 67
2312684 199
2313196 448
2313712 768
2314224 944
2314740 1020
2315252 927
2315768 679
2316280 384
2316796 71
2317308 96
2317824 268
2318336 540
2318856 803
2319364 992
2319884 1016
2320396 880
2320912 583
2321424 255
2321940 60
2322452 127
2322968 352
2323480 632
2323996 896
2324508 1008
2325024 992
2325536 792
2326052 480
2326564 159
2327084 63
2327592 192
2328112 448
2328624 707
2329140 927
2329652 1020
2330168 935
2330680 704
2331196 384
2331708 96
2332224 96
2332736 254
2333252 515
2333764 783
2334280 967
2334792 1016
2335312 896
2335820 609
2336340 284
2336852 60
2337368 126
2337880 319
2338396 608
2338908 864
2339424 1008
2339936 992
2340452 816
2340964 511
2341480 192
2341992 63
2342508 192
2343020 408
2343540 704
2344048 911
2344568 1020
2345080 960
2345596 736
2346108 408
2346624 112
2347136 96
2347652 240
2348164 496
2348680 768
2349192 960
2349708 1016
2350220 896
2350736 636
2351248 312
2351768 62
2352276 120
2352796 312
2353308 575
2353824 838
2354336 993
2354852 1008
2355364 831
2355880 536
2356392 224
2356908 62
2357420 158
2357936 384
2358448 668
2358964 899
2359476 1020
2359996 963
2360504 768
2361024 448
2361536 127
2362052 71
2362564 224
2363080 480
2363592 768
2364108 960
2364620 1020
2365136 911
2365648 655
2366164 327
2366676 63
2367192 112
2367704 286
2368224 568
2368732 824
2369252 992
2369764 1008
2370284 608
2370796 263
2371312 60
2371824 127
2372340 335
2372852 624
2373368 864
2373880 1008
2374396 992
2374908 799
2375428 496
2375936 192
2376456 63
2376968 192
2377484 419
2377996 704
2378512 924
2379024 1016
2379540 960
2380052 711
2380568 385
2381080 96
2381596 96
2382108 248
2382624 510
2383136 775
2383656 967
2384164 1016
2384684 896
2385196 624
2385712 287
2386224 60
2386740 124
2387252 318
2387768 608
2388280 847
2388796 1008
2389308 993
2389824 824
2390336 521
2390852 195
2391364 62
2391884 159
2392392 391
2392912 671
2393424 903
2393940 1020
2394452 960
2394968 768
2395480 415
2395996 112
2396508 78
2397024 224
2397536 480
2398052 768
2398564 960
2399080 1016
2399592 899
2400112 639
2400620 318
2401140 63
2401652 112
2402168 304
2402680 574
2403196 831
2403708 992
2404224 1008
2404736 835
2405252 543
2405764 224
2406280 60
2406792 152
2407308 384
2407820 655
2408340 896
2408848 1016
2409368 967
2409880 768
2410396 448
2410908 135
2411424 71
2411936 224
2412452 455
2412964 768
2413480 960
2413992 1020
2414508 924
2415020 671
2415536 352
2416048 67
2416568 97
2417076 271
2417596 543
2418108 816
2418624 992
2419136 1008
2419652 864
2420164 574
2420680 248
2421192 60
2421708 135
2422220 353
2422736 638
2423248 896
2423764 1016
2424276 992
2424796 780
2425304 480
2425824 156
2426336 63
2426852 192
2427368 448
2427880 716
2428396 931
2428908 1020
2429428 931
2429936 704
2430456 384
2430964 96
2431484 96
2431996 255
2432512 524
2433024 796
2433540 975
2434052 1016
2434568 896
2435080 608
2435596 268
2436108 60
2436624 127
2437136 332
2437656 624
2438164 864
2438684 1008
2439192 992
2439712 799
2440224 504
2440740 192
2441252 63
2441768 192
2442280 415
2442796 704
2443308 920
2443824 1020
2444336 960
2444852 711
2445364 391
2445884 96
2446392 96
2446912 248
2447420 508
2447940 775
2448452 963
2448968 1020
2449480 896
2449996 632
2450508 304
2451024 62
2451536 120
2452052 316
2452564 583
2453080 844
2453592 1008
2454112 993
2454620 828
2455140 524
2455648 199
2456168 62
2456680 159
2457196 391
2457708 671
2458224 903
2458736 1016
2459252 960
2459764 768
2460280 415
2460792 120
2461308 79
2461820 224
2462340 481
2462848 768
2463368 960
2463876 1020
2464396 903
2464908 639
2465424 318
2465936 63
2466452 112
2466964 291
2467480 572
2467992 830
2468508 992
2469020 1008
2469536 839
2470048 551
2470568 224
2471076 60
2471596 152
2472104 384
2472624 652
2473136 896
2473652 1016
2474164 967
2474680 768
2475192 449
2475708 127
2476220 71
2476736 206
2477248 455
2477764 768
2478276 960
2478796 1020
2479304 924
2479824 671
2480332 352
2480852 67
2481364 96
2481880 271
2482392 543
2482908 816
2483420 992
2483936 1008
2484448 864
2484964 575
2485476 252
2485992 60
2486504 135
2487024 352
2487532 632
2488052 896
2488560 1016
2489080 992
2489592 792
2490108 480
2490620 159
2491136 63
2491648 192
2492164 448
2492676 707
2493192 927
2493704 1020
2494220 944
2494732 704
2495252 384
2495760 96
2496280 96
2496788 255
2497308 519
2497820 787
2498336 972
2498848 1016
2499364 896
2499876 608
2500392 271
2500904 60
2501420 127
2501940 135
2502452 352
2502968 636
2503480 896
2503996 1008
2504508 992
2505024 780
2505536 480
2506056 156
2506564 63
2507084 192
2507596 448
2508112 716
2508624 927
2509140 1020
2509652 935
2510168 704
2510680 384
2511196 96
2511708 96
2512224 255
2512736 519
2513252 796
2513764 975
2514284 1016
2514792 896
2515312 608
2515824 271
2516340 60
2516852 127
2517368 327
2517880 608
2518396 864
2518908 1008
2519424 992
2519936 803
2520452 504
2520964 192
2521480 63
2521992 192
2522512 415
2523020 704
2523540 920
2524052 1020
2524568 960
2525080 711
2525596 391
2526108 96
2526624 96
2527136 248
2527652 508
2528164 771
2528680 963
2529192 1016
2529708 896
2530220 632
2530740 291
2531248 62
2531768 120
2532280 316
2532796 590
2533308 844
2533824 1008
2534336 993
2534852 828
2535364 527
2535880 199
2536392 62
2536908 159
2537420 387
2537936 671
2538448 903
2538968 1020
2539476 960
2539996 768
2540508 423
2541024 120
2541536 76
2542052 224
2542564 480
2543080 768
2543592 960
2544108 1020
2544620 903
2545136 639
2545648 319
2546164 63
2546676 112
2547196 291
2547704 572
2548224 830
2548736 992
2549252 1008
2549764 839
2550280 550
2550792 224
2551308 60
2551820 147
2552336 384
2552848 647
2553364 896
2553876 1016
2554392 967
2554904 768
2555424 449
2555932 135
2556452 71
2556964 199
2557480 455
2557992 768
2558508 960
2559020 1020
2559536 926
2560048 675
2560564 352
2561076 67
2561592 96
2562104 271
2562620 543
2563136 816
2563648 992
2564164 1008
2564676 864
2565196 574
2565704 252
2566224 60
2566732 135
2567252 352
2567764 636
2568280 896
2568792 1008
2569308 992
2569820 783
2570336 480
2570848 159
2571364 63
2571876 192
2572392 448
2572904 711
2573424 931
2573932 1020
2574452 944
2574960 704
2575480 384
2575992 96
2576508 96
2577020 255
2577536 519
2578048 792
2578564 975
2579076 1016
2579592 896
2580104 608
2580620 271
2581132 60
2581652 127
2582160 327
2582680 608
2583188 864
2583708 1008
2584220 992
2584736 799
2585248 504
2585764 192
2586276 63
2586792 192
2587304 415
2587820 704
2588332 920
2588848 1020
2589360 960
2589880 718
2590388 398
2590908 97
2591416 96
2591936 248
2592448 504
2592964 771
2593476 963
2593992 1020
2594504 896
2595020 632
2595532 304
2596048 62
2596560 120
2597076 316
2597588 583
2598108 844
2598616 1008
2599136 995
2599644 830
2600164 527
2600676 199
2601192 62
2601704 159
2602220 391
2602732 671
2603248 903
2603760 1016
2604276 960
2604788 768
2605304 415
2605816 120
2606336 78
2606844 224
2607364 480
2607872 768
2608392 960
2608904 1020
2609420 903
2609932 647
2610448 319
2610960 63
2611476 112
2611988 287
2612504 572
2613016 830
2613532 992
2614044 1008
2614564 846
2615072 560
2615592 225
2616100 60
2616620 145
2617132 384
2617648 647
2618160 896
2618676 1016
2619188 972
2619704 768
2620216 451
2620732 135
2621244 71
2621760 206
2622272 454
2622792 768
2623300 960
2623820 1020
2624328 924
2624848 671
2625360 352
2625876 67
2626388 96
2626904 273
2627416 543
2627932 816
2628444 992
2628960 1008
2629472 864
2629988 575
2630500 252
2631020 60
2631528 135
2632048 352
2632556 636
2633076 896
