520 1023
1032 1023
1552 769
2060 448
2580 96
3088 71
3608 224
4120 480
4636 768
5148 993
5664 1023
6176 1023
6692 897
7204 583
7720 240
8232 56
8748 140
9260 352
9780 639
10288 899
10808 1023
11316 1023
11836 1008
12348 768
12864 384
13376 67
13892 96
14404 252
14920 511
15432 796
15948 1020
16460 1023
16976 1023
17488 865
18004 543
18516 192
19032 60
19544 159
20060 384
20576 671
21088 927
21604 1023
22116 1023
22636 992
23144 704
23664 352
24172 60
24692 96
25204 263
25720 542
26232 824
26748 1023
27260 1023
27776 1023
28288 839
28804 510
29316 159
29832 63
30344 192
30864 415
31372 704
31892 960
32400 1023
32920 1023
33432 960
33948 655
34460 312
34976 56
35488 112
36004 304
36516 575
37032 864
37544 1023
38060 1023
38572 1023
39092 799
39600 480
40120 127
40628 63
41148 195
41660 448
42176 768
42688 992
43204 1023
43716 1023
44232 927
44744 632
45260 271
45772 56
46288 126
46800 319
47320 608
47828 896
48348 1023
48856 1023
49376 1022
49888 769
50404 432
50916 96
51432 78
51944 224
52460 480
52972 768
53488 993
54000 1023
54516 1023
55028 896
55548 583
56056 240
56576 56
57084 135
57604 352
58116 639
58632 903
59144 1023
59660 1023
60172 1008
60688 768
61200 391
61716 71
62228 96
62744 248
63256 510
63776 796
64284 1020
64804 1023
65312 1023
65832 896
66344 547
66860 195
67372 60
67888 159
68400 384
68916 671
69428 927
69944 1023
70456 1023
70972 975
71484 704
72004 352
72512 60
73032 97
73540 271
74060 543
74572 828
75088 1023
75600 1023
76116 1023
76628 831
77144 508
77656 159
78172 63
78684 192
79200 415
79712 704
80232 960
80740 1023
81260 1023
81768 960
82288 668
82800 316
83316 56
83828 112
84344 295
84856 574
85372 864
85884 1023
86400 1023
86912 1023
87428 806
87940 480
88460 126
88968 63
89488 195
89996 448
90516 768
91028 974
91544 1023
92056 1023
92572 926
93084 624
93600 255
94112 56
94628 127
95140 319
95656 608
96168 896
96688 1023
97196 1023
97716 1022
98224 768
98744 432
99256 96
99772 76
100284 224
100800 480
101312 768
101828 1008
102340 1023
102856 1023
103368 899
103884 587
104396 240
104916 56
105424 135
105944 352
106452 638
106972 903
107484 1023
108000 1023
108512 1008
109028 768
109540 387
110056 3
110568 96
111084 252
111596 510
112112 796
112624 1020
113144 1023
113652 1023
114172 864
114680 543
115200 192
115712 60
116228 159
116740 384
117256 671
117768 927
118284 1023
118796 1023
119312 992
119824 704
120340 352
120852 60
121372 96
121880 270
122400 543
122908 828
123428 1023
123940 1023
124456 1023
124968 839
125484 510
125996 159
126512 63
127024 192
127540 415
128052 704
128568 960
129080 1023
129600 1023
130108 960
130628 655
131136 312
131656 56
132176 864
132684 527
133204 192
133712 62
134232 167
134744 396
135260 704
135772 944
136288 1023
136800 1023
137316 963
137828 704
138344 327
138856 56
139372 112
139884 284
140404 560
140912 831
141432 1023
141940 1023
142460 1023
142972 828
143488 496
144000 143
144516 63
145028 192
145544 448
146056 711
146572 963
147084 1023
147600 1023
148112 960
148632 639
149140 287
149660 56
150168 120
150688 316
151200 588
151716 864
152228 1023
152744 1023
153256 1023
153772 783
154284 448
154800 112
155312 71
155828 224
156340 480
156860 768
157368 992
157888 1023
158396 1023
158916 908
159428 608
159944 252
160456 56
160972 127
161484 352
162000 632
162512 896
163028 1023
163540 1023
164056 1016
164568 768
165088 408
165596 96
166116 96
166624 240
167144 504
167656 775
168172 1016
168684 1023
169200 1023
169712 896
170228 568
170740 224
171256 60
171768 152
172284 384
172796 655
173316 924
173824 1023
174344 1023
174852 992
175372 705
175884 384
176400 62
176912 96
177428 255
177940 527
178456 816
178968 1023
179484 1023
179996 1023
180512 847
181024 519
181544 176
182052 62
182572 192
183080 399
183600 704
184112 960
184628 1023
185140 1023
185656 960
186168 671
186684 319
187196 56
187712 112
188224 287
188740 568
189252 839
189772 1023
190280 1023
190800 1023
191308 816
191828 480
192340 127
192856 63
193372 193
193884 448
194400 768
194912 967
195428 1023
195940 1023
196460 927
196968 636
197488 271
198000 56
198516 126
199028 319
199544 608
200056 896
200572 1023
201084 1023
201600 1023
202112 775
202628 448
203140 112
203656 71
204168 224
204688 480
205196 768
205716 993
206228 1023
206744 1023
207256 903
207772 591
208284 240
208800 56
209312 135
209828 352
210340 638
210856 902
211368 1023
211888 1023
212396 1008
212916 768
213428 385
213944 67
214456 96
214972 248
215484 510
216000 796
216512 1020
217028 1023
217540 1023
218056 865
218568 543
219084 193
219596 60
220116 159
220624 384
221144 671
221656 927
222172 1023
222684 1023
223200 992
223712 704
224228 352
224740 60
225256 96
225768 268
226284 542
226796 824
227312 1023
227824 1023
228344 1023
228852 839
229372 510
229884 159
230400 63
230912 192
231428 415
231940 704
232456 960
232968 1023
233484 1023
233996 960
234512 655
235024 312
235540 56
236052 120
236572 304
237080 575
237600 864
238112 1023
238628 1023
239140 1023
239656 799
240168 480
240684 124
241196 67
241712 199
242224 448
242740 768
243252 992
243768 1023
244280 1023
244800 927
245308 632
245828 263
246340 56
246856 127
247368 323
247884 608
248396 896
248912 1023
249424 1023
249940 1022
250452 768
250968 415
251480 96
251996 79
252508 224
253028 481
253536 768
254056 1008
254568 1023
255084 1023
255596 896
256112 575
256624 224
257140 56
257652 143
258168 384
258680 639
259196 911
259708 1023
260224 1023
260736 1008
261256 768
261764 384
262284 63
262796 96
263312 254
263828 992
264340 1023
264856 1023
265368 927
265884 624
266396 263
266912 56
267424 126
267940 327
268452 608
268972 896
269480 1023
270000 1023
270508 1023
271028 768
271540 448
272056 96
272568 78
273084 224
273596 480
274112 768
274624 1008
275140 1023
275652 1023
276168 896
276680 575
277200 224
277708 56
278228 143
278736 384
279256 639
279768 903
280284 1023
280796 1023
281312 992
281824 768
282340 384
282852 63
283368 96
283880 252
284396 515
284908 799
285428 1023
285936 1023
286456 1023
286964 864
287484 540
287996 192
288512 60
289024 159
289540 391
290052 675
290568 944
291080 1023
291596 1023
292108 975
292624 704
293136 352
293656 56
294164 112
294684 280
295192 547
295712 831
296224 1023
296740 1023
297252 1023
297768 828
298280 496
298796 143
299308 63
299824 192
300336 432
300852 711
301364 960
301884 1023
302392 1023
302912 960
303420 639
303940 287
304452 56
304968 120
305480 312
305996 588
306508 864
307024 1023
307536 1023
308052 1023
308564 796
309080 449
309592 120
310112 71
310620 224
311140 455
311648 768
312168 992
312680 1023
313196 1023
313708 920
314224 608
314736 254
315252 56
315764 127
316280 352
316792 624
317308 896
317820 1023
318340 1023
318848 1016
319368 768
319876 399
320396 71
320908 96
321424 240
321936 504
322452 783
322964 1016
323480 1023
323992 1023
324508 896
325020 568
325536 224
326048 60
326568 152
327076 384
327596 655
328104 924
328624 1023
329136 1023
329652 992
330164 716
330680 384
331192 63
331708 96
332220 255
332736 527
333248 816
333764 1023
334276 1023
334796 1023
335304 864
335824 515
336332 176
336852 62
337364 192
337880 408
338392 704
338908 960
339420 1023
339936 1023
340448 960
340964 670
341476 318
341992 56
342504 112
343024 287
343532 572
344052 847
344560 1023
345080 1023
345592 1023
346108 816
346620 480
347136 127
347648 63
348164 192
348676 448
349192 768
349704 974
350220 1023
350736 1023
351248 931
351764 636
352276 280
352792 56
353304 124
353824 319
354332 608
354852 896
355364 1023
355880 1023
356392 1023
356908 771
357420 448
357936 96
358448 71
358964 224
359476 480
359992 768
360504 992
361020 1023
361532 1023
362052 896
362560 583
363080 240
363592 56
364108 135
364620 352
365136 639
365648 902
366164 1023
366676 1023
367192 1008
367704 768
368220 387
368732 71
369248 96
369760 248
370280 510
370788 796
371308 1022
371820 1023
372336 1023
372848 896
373364 543
373876 193
374392 60
374904 159
375420 384
375932 671
376448 927
376960 1023
377476 1023
377988 975
378508 704
379016 352
379536 60
380048 97
380564 271
381076 543
381592 830
382104 1023
382620 1023
383132 1023
383648 831
384160 504
384676 152
385188 63
385704 192
386216 415
386736 707
387244 960
387764 1023
388276 1023
388792 960
389304 655
389820 304
390332 56
390848 120
391360 304
391876 575
392388 864
392904 1023
393416 1023
393932 1023
394444 799
394964 455
395484 286
396000 560
396512 831
397028 1023
397540 1023
398056 1023
398568 828
399084 496
399596 143
400112 63
400624 192
401144 448
401652 718
402172 967
402684 1023
403200 1023
403712 960
404228 639
404740 287
405256 56
405768 124
406284 316
406796 591
407312 865
407824 1023
408340 1023
408852 1023
409372 783
409880 448
410400 112
410912 71
411428 224
411940 480
412456 768
412968 992
413484 1023
413996 1023
414512 903
415024 608
415540 248
416052 56
416568 135
417080 352
417600 636
418108 896
418628 1023
419140 1023
419656 1016
420168 768
420684 399
421196 76
421712 96
422224 240
422740 508
423252 783
423768 1020
424280 1023
424796 1023
425308 896
425828 560
426336 199
426856 60
427368 158
427884 384
428396 664
428912 926
429424 1023
429940 1023
430452 992
430968 704
431480 352
431996 60
432508 96
433028 270
433536 540
434056 828
434568 1023
435084 1023
435596 1023
436112 831
436624 511
437140 159
437652 63
438168 192
438680 414
439196 704
439708 960
440224 1023
440736 1023
441256 960
441764 668
442284 316
442796 56
443312 112
443824 295
444340 575
444852 864
445368 1023
445880 1023
446396 1023
446908 799
447424 480
447936 124
448452 67
448964 199
449484 448
449992 768
450512 992
451024 1023
451540 1023
452052 924
452568 624
453080 255
453596 56
454108 127
454624 327
455136 609
455652 896
456164 1023
456680 1023
457192 1020
457712 768
458220 419
458740 96
459252 79
459768 224
460280 480
460796 769
461308 1008
461824 1023
462336 1023
462852 896
463364 575
463880 224
464392 56
464908 143
465420 384
465940 639
466448 910
466968 1023
467480 1023
467996 993
468508 736
469024 384
469536 63
470052 96
470564 254
471080 519
471592 799
472108 1023
472620 1023
473136 1023
473648 864
474168 527
474676 192
475196 62
475708 163
476224 398
476736 704
477252 960
477764 1023
478280 1023
478792 967
479308 704
479820 334
480336 56
480848 112
481364 284
481876 560
482396 831
482904 1023
483424 1023
483936 1023
484452 828
484964 496
485480 140
485996 63
486508 192
487024 448
487536 736
488056 963
488564 1023
489084 1023
489592 944
490112 638
490624 286
491140 56
491652 124
492168 318
492680 608
493196 880
493708 1023
494224 1023
494736 1023
495252 775
495764 448
496284 112
496792 71
497312 224
497820 480
498340 768
498852 992
499368 1023
499880 1023
500396 910
500908 608
501424 248
501936 56
502452 135
502964 352
503480 636
503992 896
504512 1023
505020 1023
505540 1016
506048 768
506568 396
507080 71
507596 96
508108 248
508624 508
509136 783
509652 1016
510164 1023
510680 1023
511192 896
511712 543
512220 195
512740 60
513248 158
513768 384
514280 670
514796 927
515308 1023
515824 1023
516336 992
516852 704
517364 352
517880 60
518392 96
518908 270
519420 542
519940 828
520448 1023
520968 1023
521476 1023
521996 839
522508 511
523024 159
523536 63
524052 192
524564 414
525080 704
525592 960
526108 1023
526620 1023
527148 992
527664 704
528176 352
528692 60
529204 96
529720 263
530232 540
530752 824
531260 1023
531780 1023
532292 1023
532808 831
533320 511
533836 159
534348 63
534864 192
535376 414
535892 704
536404 960
536920 1023
537432 1023
537948 960
538460 668
538980 312
539488 56
540008 112
540520 295
541036 575
541548 864
542064 1023
542576 1023
543092 1023
543604 806
544120 480
544632 126
545148 67
545660 199
546176 448
546688 768
547208 992
547716 1023
548236 1023
548748 926
549264 624
549776 255
550292 56
550804 127
551320 327
551832 608
552348 896
552860 1023
553376 1023
553888 1020
554404 768
554916 415
555436 96
555944 79
556464 224
556976 481
557492 769
558004 1008
558520 1023
559032 1023
559548 896
560060 575
560576 224
561088 56
561604 143
562116 384
562632 639
563144 911
563664 1023
564172 1023
564692 1008
565204 768
565720 384
566232 63
566748 96
567260 255
567776 519
568288 799
568804 1023
569316 1023
569832 1023
570344 864
570860 526
571372 192
571892 62
572400 167
572920 399
573432 704
573948 960
574460 1023
574976 1023
575488 963
576004 678
576516 327
577032 56
577544 112
578060 286
578572 560
579088 835
579600 1023
580120 1023
580628 1023
581148 828
581660 496
582176 140
582688 63
583204 192
583716 448
584232 736
584744 963
585260 1023
585772 1023
586288 944
586800 639
587316 286
587828 56
588348 124
588856 318
589376 608
589888 865
590404 1023
590916 1023
591432 1023
591944 780
592460 448
592972 112
593488 71
594000 224
594516 480
595028 768
595544 992
596056 1023
596572 1023
597084 903
597600 608
598116 248
598628 56
599144 135
599656 352
600172 636
600684 897
601204 1023
601712 1023
602232 1016
602744 768
603260 391
603772 71
604288 96
604800 248
605316 508
605828 785
606344 1020
606856 1023
607372 1023
607884 896
608400 547
608912 195
609432 60
609940 158
610460 384
610972 668
611488 927
612000 1023
612516 1023
613028 992
613544 704
614056 352
614572 60
615084 96
615600 271
616112 542
616628 828
617140 1023
617660 1023
618168 1023
618688 831
619200 510
619716 159
620228 63
620744 192
621256 415
621772 704
622284 960
622800 1023
623312 1023
623828 960
624340 664
624856 312
625368 56
625888 120
626396 304
626916 575
627428 864
627944 1023
628456 1023
628972 1023
629484 799
630000 455
630512 120
631028 70
631540 199
632056 451
632568 768
633084 992
633596 1023
634116 1023
634624 920
635144 624
635656 255
636172 56
636684 127
637200 334
637712 624
638228 896
638740 1023
639256 1023
639768 1022
640284 768
640796 415
641312 96
641824 79
642344 240
642852 496
643372 771
643884 1008
644400 1023
644912 1023
645428 896
645940 575
646456 224
646968 56
647484 143
647996 384
648512 647
649024 911
649540 1023
650052 1023
650572 992
651080 736
651600 384
652112 63
652628 96
653140 255
653656 527
654168 807
654684 1023
655196 1023
655712 1023
656224 864
656740 521
657252 192
657768 62
658280 167
658800 455
659308 768
659828 992
660336 1023
660856 1023
661364 920
661884 608
662396 255
662912 56
663424 127
663940 352
664452 624
664968 896
665480 1023
665996 1023
666508 1016
667024 768
667536 412
668056 96
668564 96
669084 240
669592 496
670112 775
670624 1016
671140 1023
671652 1023
672168 896
672680 574
673196 224
673708 56
674224 147
674736 384
675252 655
675764 920
676284 1023
676792 1023
677312 992
677820 736
678340 384
678852 62
679368 96
679880 255
680396 527
680908 816
681424 1023
681936 1023
682452 1023
682964 847
683480 513
683992 167
684512 62
685020 192
685540 412
686048 704
686568 960
687080 1023
687596 1023
688108 960
688624 671
689136 319
689652 56
690164 112
690680 287
691192 572
691708 846
692220 1023
692740 1023
693248 1023
693768 816
694276 480
694796 127
695308 63
695824 193
696336 448
696852 768
697364 972
697880 1023
698392 1023
698908 927
699420 636
699936 271
700448 48
700968 126
701476 319
701996 608
702504 896
703024 1023
703536 1023
704052 1022
704564 768
705080 423
705592 96
706108 71
706620 224
707136 480
707652 768
708164 1008
708680 1023
709192 1023
709712 896
710220 583
710740 240
711248 56
711768 143
712280 384
712796 639
713308 908
713824 1023
714336 1023
714852 1008
715364 768
715880 384
716392 63
716912 96
717420 252
717940 513
718448 799
718968 1023
719480 1023
719996 1023
720508 864
721024 536
721536 192
722052 60
722564 159
723080 391
723592 675
724108 935
724620 1023
725140 1023
725648 967
726168 704
726676 335
727196 56
727708 112
728224 280
728736 551
729252 831
729764 1023
730280 1023
730792 1023
731308 830
731820 504
732336 143
732848 63
733368 192
733876 432
734396 711
734904 963
735424 1023
735936 1023
736452 960
736964 639
737480 287
737992 56
738508 124
739020 316
739536 591
740048 864
740564 1023
741076 1023
741596 1023
742104 783
742624 448
743132 112
743652 71
744164 224
744680 480
745192 768
745708 992
746220 1023
746736 1023
747248 908
747764 608
748276 248
748792 56
749304 127
749824 352
750332 632
750852 896
751360 1023
751880 1023
752392 1016
752908 768
753420 399
753936 76
754448 96
754964 240
755476 504
755992 783
756504 1016
757020 1023
757532 1023
758052 896
758560 560
759080 199
759588 60
760108 158
760620 384
761136 668
761648 926
762164 1023
762676 1023
763192 992
763704 704
764220 352
764732 60
765248 96
765760 270
766280 543
766788 828
767308 1023
767816 1023
768336 1023
768848 839
769364 510
769876 159
770392 63
770904 192
771420 415
771932 704
772448 960
772960 1023
773476 1023
773988 960
774508 664
775016 316
775536 56
776044 112
776564 304
777076 575
777592 864
778104 1023
778620 1023
779132 1023
779648 799
780160 462
780676 124
781188 67
781704 199
782216 448
782736 768
783244 992
783764 1023
784272 1023
784792 920
785304 624
785820 255
786332 56
786848 127
787360 332
787876 624
788388 896
788904 1023
789416 1023
789932 1020
790452 352
790972 636
791480 896
792000 1023
792508 1023
793028 1016
793540 768
794056 396
794568 71
795084 96
795596 248
796112 508
796624 783
797140 1016
797652 1023
798168 1023
798680 896
799200 547
799708 195
800228 60
800736 158
801256 384
801768 670
802284 927
802796 1023
803312 1023
803824 992
804340 704
804852 352
805368 60
805880 96
806396 271
806908 542
807428 828
807936 1023
808456 1023
808964 1023
809484 835
809996 510
810512 159
811024 63
811540 192
812052 415
812568 704
813080 960
813596 1023
814108 1023
814624 960
815136 655
815656 304
816164 56
816684 120
817192 304
817712 575
818224 864
818740 1023
819252 1023
819768 1023
820280 798
820796 451
821308 120
821824 71
822336 199
822852 455
823364 768
823884 992
824392 1023
824912 1023
825420 924
825940 609
826452 255
826968 56
827480 127
827996 335
828508 624
829024 896
829536 1023
830052 1023
830564 1022
831080 768
831592 415
832112 96
832620 79
833140 240
833648 496
834168 775
834680 1008
835196 1023
835708 1023
836224 896
836736 572
837252 224
837764 60
838280 152
838792 384
839308 655
839820 920
840340 1023
840848 1023
841368 992
841876 711
842396 384
842908 62
843424 96
843936 255
844452 527
844964 816
845480 1023
845992 1023
846508 1023
847020 864
847536 519
848048 192
848568 62
849076 176
849596 403
850104 704
850624 960
851136 1023
851652 1023
852164 963
852680 671
853192 319
853708 56
854220 112
854736 287
855248 568
855764 844
856276 1023
856796 1023
857304 1023
857824 816
858332 480
858852 127
859364 63
859880 195
860392 448
860908 768
861420 972
861936 1023
862448 1023
862964 927
863476 632
863992 271
864504 56
865024 126
865532 319
866052 608
866560 896
867080 1023
867592 1023
868108 1023
868620 771
869136 448
869648 96
870164 78
870676 224
871192 480
871704 768
872220 1008
872732 1023
873252 1023
873760 897
874280 583
874788 240
875308 56
875820 142
876336 384
876848 639
877364 903
877876 1023
878392 1023
878904 1008
879420 736
879932 384
880448 63
880960 96
881480 254
881988 515
882508 799
883016 1023
883536 1023
884048 1023
884564 864
885076 536
885592 192
886104 60
886620 159
887132 391
887648 704
888160 944
888676 1023
889188 1023
889708 972
890216 704
890736 335
891244 56
891764 112
892276 280
892792 560
893304 831
893820 1023
894332 1023
894848 1023
895360 828
895876 496
896388 140
896904 63
897416 192
897936 448
898444 711
898964 963
899472 1023
899992 1023
900504 935
901020 639
901532 284
902048 56
902560 124
903076 318
903592 608
904104 880
904620 1023
905132 1023
905652 1023
906160 783
906680 448
907188 112
907708 71
908220 224
908736 480
909248 768
909764 992
910276 1023
910792 1023
911304 911
911820 608
912332 248
912848 56
913360 135
913880 352
914388 632
914908 897
915416 1023
915936 1023
916448 1008
916964 768
917476 391
917992 71
918504 96
919020 248
919532 508
920048 792
920560 1016
921076 1023
921588 1023
922108 896
922620 550
923136 193
923648 60
924164 159
924676 384
925192 671
925704 927
926224 1023
926732 1023
927252 975
927764 704
928280 352
928792 60
929308 96
929820 271
930336 543
930848 828
931364 1023
931876 1023
932392 1023
932904 838
933420 508
933932 159
934452 63
934960 192
935480 415
935992 704
936508 960
937020 1023
937536 1023
938048 960
938564 655
939076 312
939592 56
940104 120
940620 312
941132 575
941652 864
942160 1023
942680 1023
943192 1023
943708 796
944220 454
944736 120
945248 70
945764 224
946276 451
946792 768
947304 992
947820 1023
948332 1023
948848 920
949360 609
949880 255
950388 56
950908 127
951420 335
951936 624
952448 896
952964 1023
953476 1023
953992 1020
954504 768
955020 412
955532 96
956048 96
956560 240
957076 496
957588 775
958108 1016
958616 1023
959136 1023
959648 896
960164 568
960676 224
961192 60
961704 152
962220 384
962732 655
963248 920
963760 1023
964276 1023
964788 992
965304 707
965820 384
966332 62
966848 96
967360 255
967880 536
968388 816
968908 1023
969416 1023
969936 1023
970448 846
970964 513
971476 167
971992 62
972504 192
973020 408
973532 704
974048 960
974560 1023
975076 1023
975588 961
976108 671
976616 319
977136 56
977644 112
978164 291
978676 572
979192 847
979704 1023
980220 1023
980732 1023
981248 807
981760 480
982276 126
982788 63
983304 199
983816 448
984336 768
984844 975
985364 1023
985872 1023
986392 924
986904 624
987420 255
987932 56
988448 127
988960 327
989476 608
989988 896
990504 1023
991016 1023
991532 1022
992044 768
992564 419
993072 96
993592 78
994100 224
994620 480
995132 768
995648 1008
996160 1023
996676 1023
997188 896
997704 575
998216 225
998732 56
999244 143
999760 384
1000272 639
1000792 911
1001300 1023
1001820 1023
1002328 1008
1002848 736
1003360 384
1003876 63
1004388 96
1004904 255
1005416 515
1005932 799
1006444 1023
1006960 1023
1007472 1023
1007988 864
1008500 527
1009020 192
1009528 60
1010048 163
1010556 391
1011076 704
1011588 944
1012104 1023
1012616 1023
1013132 967
1013644 704
1014160 327
1014672 56
1015188 112
1015700 284
1016216 560
1016728 831
1017248 1023
1017756 1023
1018276 1023
1018784 828
1019304 496
1019816 135
1020332 63
1020844 192
1021360 448
1021872 736
1022388 963
1022900 1023
1023416 1023
1023928 935
1024444 638
1024956 284
1025476 56
1025984 124
1026504 319
1027012 608
1027532 896
1028044 1023
1028560 1023
1029072 1023
1029588 775
1030100 448
1030616 112
1031128 71
1031644 224
1032156 480
1032672 768
1033184 992
1033704 1023
1034212 1023
1034732 908
1035240 608
1035760 248
1036272 56
1036788 135
1037300 352
1037816 638
1038328 897
1038844 1023
1039356 1023
1039872 1008
1040384 768
1040900 387
1041412 71
1041932 96
1042440 248
1042960 510
1043468 792
1043988 1020
1044500 1023
1045016 1023
1045528 865
1046044 543
1046556 192
1047072 60
1047584 159
1048100 385
1048612 671
1049128 931
1049640 1023
1050160 1023
1050668 975
1051188 704
1051696 352
1052216 60
1052728 97
1053244 271
1053756 79
1054268 224
1054784 496
1055296 768
1055812 1008
1056324 1023
1056840 1023
1057352 896
1057872 575
1058380 240
1058900 56
1059408 143
1059928 384
1060440 639
1060956 910
1061468 1023
1061984 1023
1062496 1008
1063012 768
1063524 384
1064040 63
1064552 96
1065068 254
1065580 515
1066100 799
1066608 1023
1067128 1023
1067636 1023
1068156 864
1068668 536
1069184 192
1069696 60
1070212 163
1070724 391
1071240 704
1071752 944
1072268 1023
1072780 1023
1073296 963
1073808 688
1074328 319
1074836 56
1075356 112
1075864 287
1076384 568
1076896 831
1077412 1023
1077924 1023
1078440 1023
1078952 828
1079468 496
1079980 142
1080496 63
1081008 192
1081524 448
1082036 736
1082556 967
1083064 1023
1083584 1023
1084092 960
1084612 639
1085124 287
1085640 56
1086152 124
1086668 318
1087180 608
1087696 896
1088208 1023
1088724 1023
1089236 1023
1089752 780
1090264 448
1090784 97
1091292 71
1091812 224
1092320 480
1092840 768
1093352 992
1093868 1023
1094380 1023
1094896 899
1095408 588
1095924 240
1096436 56
1096952 135
1097464 352
1097980 639
1098492 903
1099012 1023
1099520 1023
1100040 1008
1100548 768
1101068 387
1101580 71
1102096 96
1102608 248
1103124 511
1103636 796
1104152 1020
1104664 1023
1105180 1023
1105692 880
1106208 543
1106720 192
1107240 60
1107748 159
1108268 385
1108776 671
1109296 931
1109808 1023
1110324 1023
1110836 975
1111352 704
1111864 352
1112380 60
1112892 112
1113408 280
1113920 543
1114436 831
1114948 1023
1115468 1023
1115976 1023
1116492 830
1117004 496
1117520 147
1118036 63
1118548 192
1119064 432
1119576 711
1120096 961
1120604 1023
1121124 1023
1121632 960
1122152 647
1122664 295
1123180 56
1123692 120
1124208 312
1124720 583
1125236 864
1125748 1023
1126264 1023
1126776 1023
1127292 792
1127804 449
1128324 112
1128832 71
1129352 224
1129860 455
1130380 768
1130892 992
1131408 1023
1131920 1023
1132436 910
1132948 608
1133464 248
1133976 56
1134492 135
1135004 352
1135520 632
1136032 896
1136552 1023
1137060 1023
1137580 1016
1138088 768
1138608 399
1139120 96
1139636 96
1140148 240
1140664 504
1141176 782
1141692 1016
1142204 1023
1142720 1023
1143232 896
1143748 568
1144260 224
1144780 60
1145288 152
1145808 384
1146316 659
1146836 926
1147348 1023
1147864 1023
1148376 992
1148892 704
1149404 384
1149920 60
1150432 96
1150948 263
1151460 536
1151976 824
1152488 1023
1153008 1023
1153516 1023
1154036 835
1154544 511
1155064 159
1155576 63
1156092 192
1156604 415
1157120 704
1157632 960
1158148 1023
1158660 1023
1159176 960
1159688 668
1160204 316
1160716 56
1161236 112
1161744 295
1162264 575
1162772 864
1163292 1023
1163804 1023
1164320 1023
1164832 799
1165348 463
1165860 124
1166376 67
1166888 199
1167404 448
1167916 768
1168432 992
1168944 1023
1169464 1023
1169972 926
1170492 624
1171000 255
1171520 56
1172032 127
1172548 332
1173060 624
1173576 896
1174088 1023
1174604 1023
1175116 1016
1175632 768
1176144 414
1176660 96
1177172 96
1177692 240
1178200 496
1178720 775
1179228 1016
1179748 1023
1180260 1023
1180776 896
1181288 574
1181804 224
1182316 56
1182832 145
1183344 384
1183860 654
1184372 913
1184888 1023
1185404 63
1185916 192
1186436 415
1186944 704
1187464 960
1187972 1023
1188492 1023
1189004 960
1189520 655
1190032 304
1190548 56
1191060 120
1191576 312
1192088 575
1192604 864
1193116 1023
1193632 1023
1194144 1023
1194664 792
1195172 451
1195692 120
1196200 71
1196720 224
1197232 455
1197748 768
1198260 992
1198776 1023
1199288 1023
1199804 920
1200316 624
1200832 255
1201344 56
1201860 127
1202372 335
1202892 624
1203400 896
1203920 1023
1204428 1023
1204948 1020
1205460 768
1205976 412
1206488 96
1207004 96
1207516 240
1208032 504
1208544 775
1209060 1016
1209572 1023
1210088 1023
1210600 896
1211120 560
1211628 224
1212148 60
1212656 152
1213176 384
1213688 655
1214204 924
1214716 1023
1215232 1023
1215744 992
1216260 707
1216772 384
1217288 62
1217800 96
1218316 255
1218828 527
1219348 816
1219856 1023
1220376 1023
1220884 1023
1221404 847
1221916 519
1222432 167
1222944 62
1223460 192
1223972 408
1224488 704
1225000 960
1225516 1023
1226028 1023
1226544 960
1227056 671
1227576 316
1228084 56
1228604 112
1229112 291
1229632 574
1230144 847
1230660 1023
1231172 1023
1231688 1023
1232200 799
1232716 480
1233228 124
1233744 67
1234256 199
1234772 448
1235284 768
1235804 992
1236312 1023
1236832 1023
1237340 927
1237860 624
1238372 268
1238888 56
1239400 127
1239916 327
1240428 608
1240944 896
1241456 1023
1241972 1023
1242484 1023
1243000 768
1243512 419
1244032 96
1244540 79
1245060 224
1245568 480
1246088 769
1246600 1008
1247116 1023
1247628 1023
1248144 896
1248656 575
1249172 224
1249684 56
1250200 143
1250712 384
1251228 639
1251740 911
1252260 1023
1252768 1023
1253288 992
1253796 736
1254316 384
1254828 63
1255344 96
1255856 255
1256372 527
1256884 816
1257400 1023
1257912 1023
1258428 1023
1258940 864
1259456 526
1259968 192
1260488 62
1260996 167
1261516 399
1262024 704
1262544 960
1263056 1023
1263572 1023
1264084 961
1264600 671
1265112 319
1265628 56
1266144 112
1266656 287
1267172 568
1267684 839
1268204 1023
1268712 1023
1269232 1023
1269740 816
1270260 480
1270772 127
1271288 63
1271800 193
1272316 448
1272828 768
1273344 972
1273856 1023
1274372 1023
1274884 927
1275400 632
1275912 271
1276432 56
1276940 124
1277460 319
1277968 608
1278488 896
1279000 1023
1279516 1023
1280028 1023
1280544 771
1281056 448
1281572 96
1282084 76
1282600 224
1283112 480
1283628 768
1284140 1008
1284660 1023
1285168 1023
1285688 896
1286196 583
1286716 224
1287228 56
1287744 143
1288256 384
1288772 639
1289284 908
1289800 1023
1290312 1023
1290828 992
1291340 736
1291856 384
1292368 63
1292888 96
1293396 254
1293916 519
1294424 799
1294944 1023
1295456 1023
1295972 1023
1296484 864
1297000 529
1297512 192
1298028 60
1298540 159
1299056 391
1299568 678
1300084 944
1300596 1023
1301116 1023
1301624 972
1302144 704
1302652 334
1303172 56
1303684 112
1304200 284
1304712 560
1305228 831
1305740 1023
1306256 1023
1306768 1023
1307284 824
1307796 496
1308312 135
1308824 63
1309344 192
1309852 448
1310372 736
1310880 963
1311400 1023
1311912 1023
1312428 935
1312940 639
1313456 284
1313968 56
1314484 124
1314996 318
1315512 608
1316024 896
1316540 1023
1317060 588
1317576 864
1318088 1023
1318604 1023
1319116 1023
1319632 783
1320144 448
1320660 112
1321172 71
1321688 224
1322200 480
1322720 768
1323228 992
1323748 1023
1324256 1023
1324776 903
1325288 608
1325804 248
1326316 56
1326832 135
1327344 352
1327860 636
1328372 897
1328888 1023
1329400 1023
1329920 1016
1330428 768
1330948 391
1331456 71
1331976 96
1332488 248
1333004 508
1333516 792
1334032 1020
1334544 1023
1335060 1023
1335572 896
1336088 551
1336600 199
1337116 60
1337628 158
1338148 384
1338656 670
1339176 927
1339684 1023
1340204 1023
1340716 992
1341232 704
1341744 352
1342260 60
1342772 97
1343288 271
1343800 543
1344316 830
1344828 1023
1345344 1023
1345856 1023
1346376 831
1346884 504
1347404 152
1347912 63
1348432 192
1348944 419
1349460 711
1349972 960
1350488 1023
1351000 1023
1351516 960
1352028 654
1352544 295
1353056 56
1353572 120
1354084 312
1354604 583
1355112 864
1355632 1023
1356140 1023
1356660 1023
1357172 796
1357688 449
1358200 112
1358716 71
1359228 224
1359744 460
1360256 768
1360772 992
1361284 1023
1361800 1023
1362312 911
1362832 608
1363340 252
1363860 56
1364368 127
1364888 352
1365400 632
1365916 896
1366428 1023
1366944 1023
1367456 1016
1367972 768
1368484 399
1369000 71
1369512 96
1370028 248
1370540 504
1371060 783
1371568 1016
1372088 1023
1372596 1023
1373116 896
1373628 560
1374144 199
1374656 60
1375172 158
1375684 384
1376200 668
1376712 927
1377228 1023
1377740 1023
1378256 992
1378768 704
1379288 352
1379796 60
1380316 96
1380824 270
1381344 543
1381856 828
1382372 1023
1382884 1023
1383400 1023
1383912 831
1384428 504
1384940 156
1385456 63
1385968 192
1386484 415
1386996 705
1387516 960
1388024 1023
1388544 1023
1389052 960
1389572 654
1390084 304
1390600 56
1391112 120
1391628 312
1392140 575
1392656 864
1393168 1023
1393684 1023
1394196 1023
1394712 799
1395224 455
1395744 120
1396252 70
1396772 224
1397280 451
1397800 768
1398312 992
1398828 1023
1399340 1023
1399856 913
1400368 608
1400884 254
1401396 56
1401912 127
1402424 352
1402940 632
1403452 896
1403972 1023
1404480 1023
1404996 1016
1405508 768
1406024 401
1406540 96
1407052 96
1407568 240
1408080 504
1408600 783
1409108 1016
1409628 1023
1410136 1023
1410656 896
1411168 568
1411684 224
1412196 60
1412712 156
1413224 384
1413740 664
1414252 926
1414768 1023
1415280 1023
1415796 992
1416308 711
1416828 384
1417336 60
1417856 96
1418364 255
1418884 540
1419396 824
1419912 1023
1420424 1023
1420940 1023
1421452 839
1421968 510
1422480 159
1422996 63
1423508 192
1424024 415
1424536 704
1425056 960
1425564 1023
1426084 1023
1426592 960
1427112 655
1427624 312
1428140 56
1428652 112
1429168 304
1429680 575
1430196 864
1430708 1023
1431224 1023
1431736 1023
1432252 799
1432764 480
1433284 124
1433792 67
1434312 199
1434820 448
1435340 768
1435852 992
1436368 1023
1436880 1023
1437396 926
1437908 624
1438424 255
1438936 56
1439452 127
1439964 332
1440480 624
1440992 896
1441512 1023
1442020 1023
1442540 1016
1443048 768
1443568 408
1444080 96
1444596 96
1445108 240
1445624 496
1446136 775
1446652 1016
1447164 1023
1447680 1023
1448192 896
1448708 1023
1449228 1023
1449736 828
1450256 481
1450764 135
1451284 63
1451796 192
1452312 448
1452824 736
1453340 967
1453852 1023
1454368 1023
1454880 935
1455396 636
1455908 280
1456424 56
1456936 124
1457456 319
1457964 608
1458484 896
1458992 1023
1459512 1023
1460024 1023
1460540 771
1461052 448
1461568 96
1462080 71
1462596 224
1463108 480
1463624 768
1464136 992
1464652 1023
1465164 1023
1465684 899
1466192 591
1466712 240
1467220 56
1467740 135
1468252 352
1468768 639
1469280 902
1469796 1023
1470308 1023
1470824 1008
1471336 768
1471852 385
1472364 67
1472880 96
1473392 252
1473912 511
1474420 796
1474940 1022
1475448 1023
1475968 1023
1476480 864
1476996 540
1477508 192
1478024 60
1478536 159
1479052 387
1479564 671
1480080 931
1480592 1023
1481112 1023
1481620 967
1482140 704
1482648 352
1483168 56
1483680 112
1484196 280
1484708 547
1485224 831
1485736 1023
1486252 1023
1486764 1023
1487280 830
1487792 504
1488308 143
1488820 63
1489340 192
1489848 423
1490368 711
1490876 960
1491396 1023
1491908 1023
1492424 960
1492936 647
1493452 287
1493964 56
1494480 120
1494992 316
1495508 590
1496020 864
1496536 1023
1497048 1023
1497568 1023
1498076 783
1498596 448
1499104 112
1499624 71
1500136 224
1500652 480
1501164 768
1501680 992
1502192 1023
1502708 1023
1503220 908
1503736 608
1504248 248
1504764 56
1505276 135
1505796 352
1506304 632
1506824 897
1507332 1023
1507852 1023
1508364 1016
1508880 768
1509392 399
1509908 71
1510420 96
1510936 248
1511448 504
1511964 792
1512476 1020
1512992 1023
1513504 1023
1514024 896
1514532 551
1515052 193
1515560 60
1516080 159
1516592 384
1517108 671
1517620 927
1518136 1023
1518648 1023
1519164 975
1519680 704
1520192 352
1520708 60
1521220 96
1521740 271
1522248 543
1522768 830
1523276 1023
1523796 1023
1524308 1023
1524824 831
1525336 508
1525852 156
1526364 63
1526880 192
1527392 415
1527908 707
1528420 960
1528936 1023
1529448 1023
1529968 960
1530476 655
1530996 304
1531504 56
1532024 120
1532536 312
1533052 575
1533564 864
1534080 1023
1534592 1023
1535108 1023
1535620 796
1536136 448
1536648 120
1537164 71
1537676 224
1538196 455
1538704 768
1539224 992
1539732 1023
1540252 1023
1540764 911
1541280 608
1541792 254
1542308 56
1542820 127
1543336 352
1543848 624
1544364 896
1544876 1023
1545392 1023
1545904 1016
1546424 768
1546932 408
1547452 79
1547960 96
1548480 240
1548992 496
1549508 783
1550020 1016
1550536 1023
1551048 1023
1551564 896
1552076 568
1552592 224
1553104 60
1553620 156
1554132 384
1554652 659
1555160 924
1555680 1023
1556188 1023
1556708 992
1557220 705
1557736 352
1558248 60
1558764 96
1559276 255
1559792 540
1560304 824
1560820 1023
1561332 1023
1561848 1023
1562360 839
1562880 511
1563388 159
1563908 63
1564416 192
1564936 414
1565448 704
1565964 960
1566476 1023
1566992 1023
1567504 960
1568020 664
1568532 316
1569048 56
1569560 112
1570076 304
1570588 574
1571108 864
1571616 1023
1572136 1023
1572644 1023
1573164 799
1573676 480
1574192 124
1574704 67
1575220 199
1575732 448
1576248 768
1576760 992
1577276 1023
1577788 1023
1578304 920
1578816 624
1579336 255
1579844 56
1580372 60
1580884 143
1581400 384
1581912 652
1582428 920
1582940 1023
1583456 1023
1583968 992
1584484 711
1584996 384
1585512 62
1586024 96
1586544 255
1587052 527
1587572 816
1588084 1023
1588600 1023
1589112 1023
1589628 847
1590140 519
1590656 176
1591168 62
1591684 192
1592196 401
1592712 704
1593224 960
1593740 1023
1594252 1023
1594772 960
1595280 671
1595800 319
1596312 56
1596828 112
1597340 287
1597856 572
1598368 844
1598884 1023
1599396 1023
1599912 1023
1600424 816
1600940 480
1601452 127
1601968 63
1602480 193
1603000 448
1603508 768
1604028 974
1604540 1023
1605056 1023
1605568 927
1606084 624
1606596 263
1607112 56
1607624 127
1608140 327
1608652 608
1609168 896
1609680 1023
1610196 1023
1610708 1023
1611228 768
1611736 432
1612256 96
1612768 76
1613284 224
1613796 480
1614312 768
1614824 1008
1615340 1023
1615852 1023
1616368 896
1616880 579
1617396 224
1617908 56
1618424 143
1618936 384
1619456 639
1619964 911
1620484 1023
1620996 1023
1621512 992
1622028 736
1622540 384
1623056 63
1623568 96
1624088 255
1624596 519
1625116 806
1625624 1023
1626144 1023
1626656 1023
1627172 864
1627684 527
1628200 192
1628712 62
1629228 167
1629740 399
1630256 704
1630768 960
1631284 1023
1631796 1023
1632316 963
1632824 679
1633344 319
1633852 56
1634372 112
1634884 287
1635400 568
1635912 839
1636428 1023
1636940 1023
1637456 1023
1637968 824
1638484 480
1638996 135
1639512 63
1640024 192
1640544 448
1641052 736
1641572 967
1642080 1023
1642600 1023
1643112 931
1643628 632
1644140 271
1644656 56
1645168 124
1645684 319
1646196 608
1646712 896
1647224 1023
1647740 1023
1648252 1023
1648772 771
1649280 448
1649800 96
1650308 76
1650828 224
1651340 480
1651856 768
1652368 1008
1652884 1023
1653396 1023
1653912 897
1654424 583
1654940 240
1655452 56
1655968 142
1656480 352
1657000 639
1657508 903
1658028 1023
1658536 1023
1659056 1008
1659568 768
1660084 384
1660596 63
1661112 96
1661624 254
1662140 513
1662652 799
1663168 1022
1663680 1023
1664196 1023
1664708 864
1665228 529
1665736 192
1666256 60
1666764 163
1667284 391
1667796 679
1668312 944
1668824 1023
1669340 1023
1669852 967
1670368 704
1670880 334
1671396 56
1671908 112
1672424 284
1672936 560
1673456 831
1673964 1023
1674484 1023
1674992 1023
1675512 828
1676024 496
1676540 142
1677052 63
1677568 192
1678080 448
1678596 736
1679108 961
1679624 1023
1680136 1023
1680652 944
1681164 639
1681684 286
1682192 56
1682712 124
1683220 318
1683740 608
1684252 880
1684768 1023
1685280 1023
1685796 1023
1686308 775
1686824 448
1687336 97
1687852 71
1688364 224
1688880 480
1689392 768
1689912 993
1690420 1023
1690940 1023
1691448 903
1691968 591
1692480 248
1692996 56
1693508 135
1694024 352
1694536 636
1695052 902
1695564 1023
1696080 1023
1696592 1016
1697108 768
1697620 391
1698140 70
1698648 96
1699168 248
1699676 508
1700196 796
1700708 1020
1701224 1023
1701736 1023
1702252 864
1702764 543
1703280 192
1703792 60
1704308 159
1704820 385
1705336 671
1705848 927
1706368 1023
1706876 1023
1707396 972
1707904 704
1708424 352
1708936 60
1709452 112
1709964 271
1710480 547
1710992 830
1711508 1023
1712024 224
1712544 56
1713052 143
1713572 384
1714084 639
1714600 911
1715112 1023
1715628 1023
1716140 993
1716656 736
1717168 384
1717684 63
1718196 96
1718712 255
1719224 519
1719740 807
1720252 1023
1720772 1023
1721280 1023
1721800 864
1722312 524
1722828 192
1723340 62
1723856 176
1724368 399
1724884 704
1725396 960
1725912 1023
1726424 1023
1726940 961
1727452 675
1727968 319
1728480 56
1729000 112
1729508 287
1730028 568
1730540 839
1731056 1023
1731568 1023
1732084 1023
1732596 824
1733112 480
1733624 135
1734140 63
1734652 192
1735168 448
1735680 736
1736196 972
1736708 1023
1737228 1023
1737736 931
1738256 632
1738768 271
1739284 56
1739796 126
1740312 319
1740824 608
1741340 896
1741852 1023
1742368 1023
1742880 1022
1743396 768
1743908 448
1744424 96
1744936 76
1745456 224
1745964 480
1746484 768
1746996 1008
1747512 1023
1748024 1023
1748540 896
1749052 583
1749568 240
1750080 56
1750596 142
1751108 256
1751624 639
1752136 903
1752652 1023
1753164 1023
1753684 1008
1754192 768
1754712 384
1755224 63
1755740 96
1756252 252
1756768 513
1757280 799
1757796 1023
1758308 1023
1758824 1023
1759336 864
1759852 529
1760364 192
1760880 62
1761392 163
1761912 391
1762420 679
1762940 944
1763452 1023
1763968 1023
1764480 967
1764996 688
1765508 327
1766024 56
1766536 112
1767052 286
1767564 560
1768080 831
1768592 1023
1769108 1023
1769620 1023
1770140 824
1770648 496
1771168 135
1771680 63
1772196 192
1772708 448
1773224 736
1773736 963
1774252 1023
1774764 1023
1775280 944
1775792 639
1776308 286
1776820 56
1777336 124
1777848 318
1778368 608
1778876 880
1779396 1023
1779908 1023
1780424 1023
1780936 775
1781452 448
1781964 97
1782480 71
1782992 224
1783508 480
1784020 768
1784536 992
1785048 1023
1785564 1023
1786076 899
1786596 588
1787104 240
1787624 56
1788136 135
1788652 352
1789164 638
1789680 903
1790192 1023
1790708 1023
1791220 1008
1791736 768
1792248 391
1792764 70
1793276 96
1793792 248
1794304 510
1794824 798
1795332 1020
1795852 1023
1796364 1023
1796880 864
1797392 543
1797908 192
1798420 60
1798936 159
1799448 385
1799964 671
1800476 927
1800992 1023
1801504 1023
1802020 967
1802532 704
1803052 335
1803560 60
1804080 112
1804592 280
1805108 550
1805620 831
1806136 1023
1806648 1023
1807164 1023
1807676 830
1808192 496
1808704 145
1809220 63
1809732 192
1810248 432
1810760 711
1811280 961
1811788 1023
1812308 1023
1812820 960
1813336 639
1813848 291
1814364 56
1814876 120
1815392 316
1815904 583
1816420 864
1816932 1023
1817448 1023
1817960 1023
1818476 783
1818988 448
1819508 112
1820016 71
1820536 224
1821048 463
1821564 768
1822076 992
1822592 1023
1823104 1023
1823620 903
1824132 608
1824648 248
1825160 56
1825676 135
1826188 352
1826704 632
1827220 897
1827732 1023
1828248 1023
1828760 1016
1829280 768
1829788 399
1830308 71
1830816 96
1831336 248
1831848 504
1832364 792
1832876 1020
1833392 1023
1833904 1023
1834420 896
1834932 560
1835448 195
1835960 60
1836476 158
1836988 384
1837508 670
1838016 927
1838536 1023
1839044 1023
1839564 992
1840076 704
1840592 352
1841104 60
1841620 97
1842132 271
1842648 543
1843160 828
1843680 415
1844192 704
1844708 960
1845220 1023
1845736 1023
1846248 960
1846764 652
1847276 304
1847796 56
1848304 120
1848824 312
1849332 575
1849852 864
1850364 1023
1850880 1023
1851392 1023
1851908 796
1852420 455
1852936 120
1853448 67
1853964 206
1854476 451
1854992 768
1855504 992
1856024 1023
1856532 1023
1857052 920
1857560 624
1858080 255
1858592 56
1859108 127
1859620 335
1860136 624
1860648 896
1861164 1023
1861676 1023
1862192 1020
1862704 768
1863220 408
1863732 96
1864252 96
1864760 240
1865280 496
1865788 775
1866308 1016
1866820 1023
1867336 1023
1867848 896
1868364 560
1868876 224
1869392 60
1869904 152
1870420 384
1870932 655
1871448 926
1871960 1023
1872480 1023
1872988 992
1873508 705
1874016 384
1874536 62
1875048 96
1875564 255
1876076 536
1876592 824
1877104 1023
1877620 1023
1878132 1023
1878648 846
1879160 515
1879680 163
1880188 62
1880708 192
1881216 408
1881736 704
1882248 960
1882764 1023
1883276 1023
1883792 960
1884304 668
1884820 312
1885332 56
1885848 112
1886360 295
1886876 575
1887388 864
1887908 1023
1888416 1023
1888936 1023
1889444 799
1889964 462
1890476 126
1890992 67
1891504 199
1892020 448
1892532 768
1893048 992
1893560 1023
1894076 1023
1894588 927
1895104 624
1895616 255
1896136 56
1896644 127
1897164 327
1897672 624
1898192 896
1898704 1023
1899220 1023
1899732 1022
1900248 768
1900760 415
1901276 96
1901788 79
1902304 240
1902816 496
1903332 771
1903844 1008
1904364 1023
1904872 1023
1905388 896
1905900 572
1906416 224
1906932 60
1907444 145
1907960 384
1908472 647
1908992 920
1909500 1023
1910020 1023
1910528 992
1911048 711
1911560 384
1912076 63
1912588 96
1913104 255
1913616 526
1914132 816
1914644 1023
1915160 1023
1915672 1023
1916188 864
1916700 524
1917220 192
1917728 62
1918248 192
1918756 399
1919276 704
1919788 960
1920304 1023
1920816 1023
1921332 960
1921844 671
1922360 319
1922872 56
1923388 112
1923900 287
1924416 572
1924928 839
1925448 1023
1925956 1023
1926476 1023
1926984 807
1927504 480
1928016 127
1928532 63
1929044 195
1929560 448
1930072 768
1930588 960
1931100 1023
1931616 1023
1932128 927
1932644 624
1933156 271
1933676 56
1934184 126
1934704 259
1935212 608
1935732 896
1936244 1023
1936760 1023
1937272 1023
1937788 768
1938300 432
1938816 96
1939328 78
1939844 224
1940356 480
1940872 768
1941384 1008
1941904 1023
1942412 1023
1942932 896
1943440 575
1943960 224
1944472 56
1944988 143
1945500 384
1946016 639
1946528 910
1947044 1023
1947556 1023
1948072 992
1948584 736
1949100 384
1949612 63
1950132 96
1950640 255
1951160 519
1951668 799
1952188 1023
1952700 1023
1953216 1023
1953728 864
1954244 527
1954756 192
1955272 62
1955784 163
1956300 399
1956812 704
1957328 960
1957840 1023
1958360 1023
1958868 967
1959388 679
1959896 327
1960416 56
1960928 112
1961444 287
1961956 560
1962472 839
1962984 1023
1963500 1023
1964012 1023
1964528 816
1965040 480
1965556 127
1966068 63
1966588 192
1967096 448
1967616 736
1968124 967
1968644 1023
1969156 1023
1969672 927
1970184 636
1970700 271
1971212 56
1971728 126
1972240 319
1972756 608
1973268 896
1973784 1023
1974296 1023
1974812 1023
1975324 504
1975840 152
1976352 63
1976872 192
1977380 415
1977900 705
1978412 960
1978928 1023
1979440 1023
1979956 960
1980468 647
1980984 295
1981496 56
1982012 120
1982524 312
1983040 583
1983552 864
1984068 1023
1984580 1023
1985100 1023
1985608 798
1986128 451
1986640 120
1987156 71
1987668 224
1988184 455
1988696 768
1989212 992
1989724 1023
1990240 1023
1990752 913
1991268 608
1991780 254
1992296 56
1992808 127
1993328 352
1993836 624
1994356 896
1994868 1023
1995384 1023
1995896 1016
1996412 768
1996924 399
1997440 71
1997952 96
1998468 240
1998980 504
1999496 783
2000008 1016
2000524 1023
2001036 1023
2001556 896
2002064 560
2002584 199
2003096 60
2003612 156
2004124 384
2004640 668
2005152 926
2005668 1023
2006180 1023
2006696 992
2007208 707
2007724 353
2008236 62
2008752 96
2009264 255
2009784 540
2010292 824
2010812 1023
2011324 1023
2011840 1023
2012352 839
2012868 510
2013380 159
2013896 63
2014408 192
2014924 415
2015436 704
2015952 960
2016464 1023
2016984 1023
2017492 960
2018012 655
2018524 304
2019040 56
2019552 120
2020068 304
2020580 575
2021096 864
2021608 1023
2022124 1023
2022636 1023
2023152 799
2023664 460
2024180 120
2024692 67
2025212 199
2025720 449
2026240 768
2026752 992
2027268 1023
2027780 1023
2028296 924
2028808 624
2029324 255
2029836 56
2030352 127
2030864 334
2031380 624
2031892 896
2032408 1023
2032920 1023
2033440 1016
2033948 768
2034468 408
2034980 96
2035496 96
2036008 240
2036524 496
2037036 775
2037552 1008
2038064 1023
2038580 1023
2039092 896
2039608 568
2040120 224
2040636 60
2041148 152
2041668 384
2042176 655
2042696 924
2043208 1023
2043724 1023
2044236 992
2044752 711
2045264 384
2045780 62
2046292 96
2046808 255
2047320 527
2047836 816
2048348 1023
2048864 1023
2049376 1023
2049896 847
2050404 515
2050924 163
2051436 62
2051952 192
2052464 408
2052980 704
2053492 960
2054008 1023
2054520 1023
2055036 960
2055548 668
2056064 312
2056576 56
2057092 112
2057604 295
2058124 575
2058632 864
2059152 1023
2059664 1023
2060180 1023
2060692 799
2061208 480
2061720 126
2062236 67
2062748 195
2063264 448
2063776 768
2064292 992
2064804 1023
2065320 1023
2065832 927
2066352 624
2066860 270
2067380 56
2067892 127
2068408 327
2068920 609
2069436 896
2069952 1023
2070464 1023
2070980 1022
2071492 768
2072012 415
2072520 96
2073040 79
2073548 240
2074068 496
2074580 769
2075096 1008
2075608 1023
2076124 1023
2076636 896
2077152 572
2077664 224
2078180 60
2078692 147
2079208 384
2079720 652
2080240 920
2080748 1023
2081268 1023
2081776 992
2082296 711
2082808 384
2083324 63
2083836 96
2084352 255
2084864 526
2085380 816
2085892 1023
2086408 1023
2086920 1023
2087436 864
2087948 524
2088468 192
2088976 62
2089496 192
2090004 399
2090524 704
2091036 960
2091552 1023
2092064 1023
2092580 960
2093092 671
2093608 319
2094120 56
2094636 112
2095148 287
2095664 572
2096176 839
2096696 1023
2097204 1023
2097724 1023
2098232 807
2098752 480
2099264 127
2099780 63
2100292 193
2100808 448
2101320 768
2101836 975
2102348 1023
2102864 1023
2103376 927
2103896 632
2104404 271
2104924 56
2105432 126
2105952 319
2106464 608
2106980 327
2107492 624
2108008 896
2108520 1023
2109036 1023
2109548 1023
2110064 768
2110576 415
2111092 96
2111604 79
2112120 240
2112632 496
2113148 771
2113660 1008
2114180 1023
2114688 1023
2115208 896
2115720 574
2116236 224
2116748 60
2117264 147
2117780 384
2118292 652
2118808 920
2119320 1023
2119840 1023
2120348 992
2120868 707
2121376 384
2121896 62
2122408 96
2122924 255
2123436 527
2123952 816
2124464 1023
2124980 1023
2125492 1023
2126008 847
2126520 519
2127036 128
2127548 62
2128068 192
2128576 401
2129096 704
2129604 960
2130124 1023
2130636 1023
2131152 960
2131664 671
2132180 318
2132692 56
2133208 112
2133720 287
2134236 572
2134748 844
2135264 1023
2135776 1023
2136296 1023
2136804 807
2137324 480
2137832 127
2138352 63
2138864 195
2139380 448
2139892 768
2140408 975
2140920 1023
2141436 1023
2141948 927
2142464 624
2142976 268
2143492 56
2144004 127
2144524 327
2145032 608
2145552 896
2146060 1023
2146580 1023
2147092 1023
2147608 768
2148120 432
2148636 96
2149148 78
2149664 224
2150176 480
2150692 768
2151204 1008
2151724 1023
2152232 1023
2152752 896
2153260 575
2153780 224
2154292 56
2154808 143
2155320 384
2155836 639
2156348 910
2156864 1023
2157376 1023
2157892 992
2158404 736
2158920 384
2159432 63
2159952 96
2160460 255
2160980 524
2161488 803
2162008 1023
2162520 1023
2163036 1023
2163548 864
2164064 524
2164576 192
2165092 62
2165604 167
2166120 399
2166632 704
2167148 960
2167660 1023
2168180 1023
2168688 967
2169208 678
2169716 327
2170236 56
2170748 112
2171264 287
2171776 568
2172292 839
2172804 1023
2173320 1023
2173832 1023
2174348 816
2174860 480
2175376 127
2175888 63
2176408 192
2176916 448
2177436 992
2177944 967
2178464 1023
2178976 1023
2179492 927
2180004 632
2180520 271
2181032 56
2181548 126
2182060 319
2182576 608
2183088 896
2183604 1023
2184116 1023
2184636 1023
2185144 771
2185664 448
2186172 96
2186692 76
2187204 224
2187720 480
2188232 768
2188748 1008
2189260 1023
2189776 1023
2190288 899
2190804 583
2191316 240
2191832 56
2192344 140
2192864 384
2193372 639
2193892 903
2194400 1023
2194920 1023
2195432 1008
2195948 768
2196460 384
2196976 63
2197488 96
2198004 254
2198516 513
2199032 799
2199544 1022
2200060 1023
2200572 1023
2201092 864
2201600 536
2202120 192
2202628 60
2203148 163
2203660 391
2204176 688
2204688 944
2205204 1023
2205716 1023
2206232 967
2206744 704
2207260 332
2207772 60
2208288 112
2208800 284
2209320 560
2209828 831
2210348 1023
2210856 1023
2211376 1023
2211888 828
2212404 496
2212916 140
2213432 63
2213944 192
2214460 448
2214972 736
2215488 963
2216000 1023
2216516 1023
2217028 935
2217548 636
2218056 284
2218576 56
2219084 124
2219604 319
2220116 608
2220632 896
2221144 1023
2221660 1023
2222172 1023
2222688 775
2223200 448
2223716 97
2224228 71
2224744 224
2225256 480
2225776 768
2226284 992
2226804 1023
2227312 1023
2227832 903
2228344 608
2228860 240
2229372 56
2229888 135
2230400 352
2230916 638
2231428 899
2231944 1023
2232456 1023
2232972 1008
2233484 768
2234000 387
2234516 67
2235028 96
2235544 252
2236056 510
2236572 796
2237084 1020
2237604 1023
2238116 1023
2238632 192
2239152 62
2239664 167
2240180 399
2240692 704
2241208 960
2241720 1023
2242236 1023
2242748 960
2243264 671
2243776 319
2244296 56
2244804 112
2245324 291
2245832 572
2246352 846
2246864 1023
2247380 1023
2247892 1023
2248408 803
2248920 480
2249436 127
2249948 63
2250464 195
2250976 448
2251492 768
2252004 974
2252520 1023
2253032 1023
2253548 927
2254060 632
2254576 271
2255092 56
2255604 126
2256120 319
2256632 608
2257152 896
2257660 1023
2258180 1023
2258688 1023
2259208 768
2259720 432
2260236 96
2260748 78
2261264 224
2261776 480
2262292 768
2262804 1008
2263320 1023
2263832 1023
2264348 896
2264860 575
2265380 224
2265888 56
2266408 143
2266916 384
2267436 647
2267948 911
2268464 1023
2268976 1023
2269492 992
2270004 736
2270520 384
2271032 63
2271548 96
2272060 255
2272576 524
2273088 803
2273608 1023
2274116 1023
2274636 1023
2275144 864
2275664 527
2276176 192
2276692 62
2277204 167
2277720 399
2278232 704
2278748 960
2279260 1023
2279776 1023
2280288 963
2280804 671
2281316 319
2281836 56
2282344 112
2282864 287
2283372 568
2283892 839
2284404 1023
2284920 1023
2285432 1023
2285948 807
2286460 480
2286976 127
2287488 63
2288004 195
2288516 448
2289032 768
2289544 972
2290064 1023
2290572 1023
2291092 927
2291600 632
2292120 271
2292632 56
2293148 126
2293660 319
2294176 608
2294688 896
2295204 1023
2295716 1023
2296232 1023
2296744 771
2297260 448
2297772 96
2298292 78
2298800 224
2299320 480
2299828 768
2300348 1008
2300860 1023
2301376 1023
2301888 896
2302404 575
2302916 224
2303432 56
2303944 143
2304460 384
2304972 639
2305488 911
2306000 1023
2306520 1023
2307028 992
2307548 736
2308056 384
2308576 63
2309088 96
2309604 255
2310116 519
2310632 803
2311144 1023
2311660 1023
2312172 1023
2312688 864
2313200 527
2313716 192
2314228 62
2314748 167
2315256 398
2315776 704
2316284 960
2316804 1023
2317316 1023
2317832 967
2318344 704
2318860 319
2319372 56
2319888 112
2320400 287
2320916 568
2321428 839
2321944 1023
2322456 1023
2322976 1023
2323484 816
2324004 480
2324512 127
2325032 63
2325544 192
2326060 448
2326572 736
2327088 967
2327600 1023
2328116 1023
2328628 927
2329144 632
2329656 271
2330172 56
2330684 126
2331204 319
2331712 608
2332232 896
2332740 1023
2333260 1023
2333772 1023
2334288 771
2334800 448
2335316 96
2335828 76
2336344 224
2336856 480
2337372 768
2337884 1008
2338400 1023
2338912 1023
2339432 896
2339940 583
2340460 224
2340968 56
2341488 143
2342000 384
2342516 639
2343028 908
2343544 1023
2344056 1023
2344572 992
2345084 736
2345600 384
2346112 63
2346628 96
2347140 255
2347660 519
2348168 799
2348688 1023
2349196 1023
2349716 1023
2350228 864
2350744 527
2351256 192
2351772 62
2352284 163
2352800 399
2353312 704
2353828 960
2354340 1023
2354856 1023
2355368 967
2355888 679
2356396 327
2356916 56
2357424 112
2357944 287
2358456 560
2358972 839
2359484 1023
2360000 1023
2360512 1023
2361028 824
2361540 480
2362056 127
2362568 63
2363084 192
2363596 448
2364116 736
2364624 967
2365144 1023
2365652 1023
2366172 927
2366684 632
2367200 270
2367712 56
2368228 126
2368740 319
2369256 608
2369768 896
2370284 1023
2370804 1023
2371312 931
2371832 636
2372344 280
2372860 56
2373372 124
2373888 319
2374400 608
2374916 896
2375428 1023
2375944 1023
2376456 1023
2376972 775
2377484 448
2378000 96
2378512 71
2379032 224
2379540 480
2380060 768
2380572 993
2381088 1023
2381600 1023
2382116 897
2382628 583
2383144 240
2383656 56
2384172 142
2384684 384
2385200 639
2385712 903
2386228 1023
2386744 1023
2387256 995
2387772 736
2388284 384
2388804 63
2389312 96
2389832 254
2390340 513
2390860 799
2391372 1023
2391888 1023
2392400 1023
2392916 864
2393428 540
2393944 192
2394456 60
2394972 163
2395484 391
2396000 704
2396512 944
2397032 1023
2397540 1023
2398060 967
2398568 704
2399088 327
2399600 56
2400116 112
2400628 284
2401144 560
2401656 831
2402172 1023
2402684 1023
2403200 1023
2403712 824
2404228 480
2404740 135
2405260 63
2405768 192
2406288 448
2406796 736
2407316 966
2407828 1023
2408344 1023
2408856 931
2409372 636
2409884 284
2410400 56
2410912 124
2411428 319
2411940 608
2412460 896
2412968 1023
2413488 1023
2413996 1023
2414516 775
2415028 448
2415544 97
2416056 71
2416572 224
2417084 480
2417600 768
2418112 993
2418628 1023
2419140 1023
2419656 899
2420168 590
2420688 240
2421196 56
2421716 142
2422224 352
2422744 639
2423256 903
2423772 1023
2424284 1023
2424800 1008
2425312 768
2425828 384
2426340 63
2426856 96
2427368 254
2427884 515
2428396 799
2428916 1023
2429424 1023
2429944 1023
2430452 864
2430972 536
2431484 192
2432000 60
2432512 159
2433028 391
2433540 679
2434056 944
2434568 1023
2435084 1023
2435596 972
2436112 704
2436624 335
2437144 56
2437652 112
2438172 284
2438680 551
2439200 831
2439712 1023
2440228 1023
2440740 1023
2441256 828
2441768 496
2442284 135
2442796 63
2443312 192
2443824 448
2444340 736
2444852 963
2445372 1023
2445880 1023
2446400 931
2446908 638
2447428 280
2447940 56
2448456 124
2448968 319
2449484 608
2449996 896
2450512 1023
2451024 1023
2451540 1023
2452052 775
2452568 448
2453080 112
2453600 71
2454108 224
2454628 480
2455136 768
2455656 1008
2456168 1023
2456684 1023
2457196 903
2457712 591
2458224 240
2458740 56
2459252 135
2459768 352
2460280 638
2460796 903
2461308 1023
2461828 1023
2462336 1008
2462856 768
2463364 384
2463884 63
2464396 96
2464912 252
2465424 512
2465940 799
2466452 1020
2466968 1023
2467480 1023
2467996 864
2468508 540
2469024 192
2469536 60
2470056 159
2470564 387
2471084 679
2471592 935
2472112 1023
2472624 1023
2473140 967
2473652 704
2474168 335
2474680 60
2475196 112
2475708 280
2476224 551
2476736 831
2477252 1023
2477764 1023
2478284 1023
2478792 830
2479312 496
2479820 143
2480340 63
2480852 192
2481368 448
2481880 711
2482396 963
2482908 1023
2483424 1023
2483936 944
2484452 639
2484964 286
2485480 56
2485992 124
2486512 318
2487020 608
2487540 896
2488048 1023
2488568 1023
2489080 1023
2489596 775
2490108 448
2490624 112
2491136 71
2491652 224
2492164 480
2492680 768
2493192 992
2493708 1023
2494220 1023
2494740 903
2495248 608
2495768 248
2496276 56
2496796 135
2497308 352
2497824 636
2498336 897
2498852 1023
2499364 1023
2499880 1008
2500392 768
2500908 387
2501420 71
2501940 913
2502456 1023
2502968 1023
2503484 992
2503996 736
2504512 384
2505024 63
2505540 96
2506052 255
2506568 527
2507080 816
2507596 1023
2508108 1023
2508628 1023
2509136 847
2509656 515
2510164 167
2510684 62
2511196 192
2511712 408
2512224 704
2512740 960
2513252 1023
2513768 1023
2514280 960
2514796 670
2515308 319
2515824 56
2516336 112
2516856 287
2517364 572
2517884 847
2518392 1023
2518912 1023
2519424 1023
2519940 816
2520452 480
2520968 127
2521480 63
2521996 195
2522508 448
2523024 768
2523536 975
2524052 1023
2524564 1023
2525084 927
2525592 632
2526112 255
2526620 56
2527140 127
2527652 326
2528168 608
2528680 896
2529196 1023
2529708 1023
2530224 1020
2530736 768
2531252 415
2531764 96
2532280 79
2532792 240
2533312 496
2533820 769
2534340 1008
2534848 1023
2535368 1023
2535880 896
2536396 574
2536908 224
2537424 60
2537936 143
2538452 384
2538964 639
2539480 911
2539992 1023
2540508 1023
2541020 993
2541540 736
2542048 384
2542568 63
2543076 96
2543596 255
2544108 519
2544624 807
2545136 1023
2545652 1023
2546164 1023
2546680 864
2547192 524
2547708 192
2548220 62
2548736 192
2549248 399
2549768 704
2550276 960
2550796 1023
2551304 1023
2551824 960
2552336 671
2552852 318
2553364 56
2553880 112
2554392 287
2554908 572
2555420 844
2555936 1023
2556448 1023
2556964 1023
2557476 816
2557996 480
2558504 127
2559024 63
2559532 193
2560052 448
2560564 768
2561080 975
2561592 1023
2562108 1023
2562620 927
2563136 632
2563648 271
2564164 56
2564676 126
2565192 319
2565704 608
2566224 896
2566732 1023
2567252 1023
2567760 1023
2568280 768
2568792 419
2569308 96
2569820 79
2570336 224
2570848 480
2571364 768
2571876 1008
2572392 1023
2572904 1023
2573420 896
2573932 575
2574452 224
2574960 56
2575480 143
2575988 384
2576508 639
2577020 910
2577536 1023
2578048 1023
2578564 993
2579076 768
2579592 384
2580104 63
2580620 96
2581132 254
2581648 519
2582160 799
2582680 1023
2583188 1023
2583708 1023
2584216 864
2584736 527
2585248 192
2585764 62
2586276 163
2586792 399
2587304 704
2587820 960
2588332 1023
2588848 1023
2589360 961
2589876 671
2590388 319
2590908 56
2591416 112
2591936 287
2592444 568
2592964 839
2593476 1023
2593992 1023
2594504 1023
2595020 816
2595532 480
2596048 127
2596560 63
2597076 192
2597588 448
2598104 992
2598616 967
2599136 1023
2599644 1023
2600164 927
2600672 636
2601192 275
2601704 56
2602220 126
2602732 319
2603248 608
2603760 896
2604276 1023
2604788 1023
2605304 1023
2605816 775
2606332 448
2606844 96
2607360 76
2607872 224
2608388 480
2608900 768
2609416 995
2609932 1023
2610444 1023
2610960 896
2611472 575
2611992 224
2612500 56
2613020 143
2613528 384
2614048 639
2614560 908
2615076 1023
2615588 1023
2616104 993
2616616 768
2617132 384
2617644 63
2618160 96
2618672 254
2619188 515
2619700 799
2620220 1023
2620728 1023
2621248 1023
2621756 864
2622276 536
2622788 192
2623304 62
2623816 159
2624332 391
2624844 688
2625360 944
2625872 1023
2626388 1023
2626900 966
2627416 679
2627928 327
2628448 56
2628956 112
2629476 287
2629984 560
2630504 835
2631016 1023
2631532 1023
2632044 1023
2632560 816
2633072 480
