112 7
224 7
336 12
448 15
560 19
672 24
784 31
904 39
1016 49
1128 60
1240 71
1352 79
1464 96
1576 103
1688 120
1800 127
1920 135
2032 152
2144 159
2256 167
2368 176
2480 184
2592 192
2704 193
2816 195
2936 199
3048 199
3160 199
3272 195
3384 192
3496 188
3608 179
3720 167
3832 159
3952 152
4064 135
4176 127
4288 112
4400 99
4512 88
4624 71
4740 60
4852 48
4968 31
5080 19
5192 15
5304 7
5420 7
5532 7
5644 14
5756 15
5868 24
5984 31
6100 35
6212 46
6324 56
6436 63
6548 71
6660 88
6772 97
6884 112
7004 124
7116 127
7228 143
7340 158
7452 167
7564 176
7676 184
7788 192
7900 193
8020 195
8132 199
8244 199
8356 199
8468 199
8580 195
8692 192
8804 188
8916 176
9036 167
9148 159
9260 143
9372 127
9484 121
9596 108
9708 96
9820 79
9936 63
10052 56
10164 39
10276 28
10388 17
10500 7
10616 7
10728 7
10840 12
10952 15
11068 17
11180 24
11296 31
11408 39
11520 48
11632 60
11744 71
11856 79
11968 96
12088 103
12200 120
12312 127
12424 135
12536 152
12648 159
12760 167
12872 177
12984 184
13104 192
13216 195
13328 199
13440 199
13552 199
13664 199
13776 195
13888 193
14000 192
14120 184
14232 167
14344 159
14456 152
14568 135
14680 127
14792 113
14904 99
15016 88
15136 71
15248 60
15360 46
15472 31
15584 19
15696 14
15812 7
15924 7
16036 7
16152 15
16264 15
16376 24
16492 30
16604 35
16716 46
16828 56
16940 63
17052 78
17164 88
17280 99
17392 112
17504 124
17616 127
17728 143
17840 156
17952 163
18064 176
18176 184
18296 192
18408 192
18520 195
18632 199
18744 199
18856 199
18972 195
19084 192
19196 192
19312 184
19424 174
19536 163
19652 156
19764 143
19876 127
19988 120
20100 103
20212 92
20328 76
20444 63
20556 48
20668 35
20780 24
20892 15
21004 7
21116 7
21228 7
21348 14
21460 15
21572 24
21684 28
21796 31
21908 39
22020 49
22132 62
22244 71
22364 83
22476 96
22588 103
22700 120
22812 127
22924 143
23036 152
23148 159
23260 167
23380 179
23492 188
23604 192
23716 193
23828 199
23940 199
24052 199
24168 199
24280 195
24396 192
24508 184
24620 177
24732 167
24848 159
24960 152
25072 135
25184 126
25296 112
25412 97
25528 81
25640 71
25752 56
25864 44
25976 31
26088 24
26200 15
26312 7
26432 7
26544 7
26656 15
26768 17
26880 24
26992 30
27104 35
27216 46
27328 56
27448 63
27560 79
27672 88
27784 99
27896 112
28008 126
28120 135
28232 145
28344 158
28464 167
28576 176
28688 184
28800 192
28912 193
29028 179
29140 172
29252 159
29368 152
29480 135
29592 126
29708 112
29820 96
29932 83
30048 67
30160 56
30272 39
30384 31
30496 19
30608 12
30724 7
30840 7
30952 12
31064 15
31176 17
31288 24
31400 31
31512 39
31624 48
31744 56
31856 63
31968 79
32080 92
32192 103
32304 113
32416 126
32528 135
32640 147
32760 159
32872 167
32984 176
33096 184
33208 192
33320 192
33432 195
33544 199
33656 199
33768 199
33888 195
34000 192
34112 192
34224 184
34336 174
34448 163
34564 156
34676 142
34788 127
34904 113
35016 99
35128 88
35244 71
35356 60
35468 48
35580 31
35692 24
35804 15
35920 7
36036 7
36148 7
36260 14
36372 15
36484 24
36596 28
36708 35
36820 44
36940 56
37052 63
37164 71
37276 88
37388 97
37500 112
37612 124
37724 127
37836 143
37956 156
38068 163
38180 174
38292 184
38404 188
38516 192
38628 195
38740 199
38852 199
38972 199
39084 195
39196 193
39308 192
39420 184
39532 176
39644 167
39760 158
39872 143
39988 127
40100 120
40212 103
40324 92
40440 79
40552 63
40664 51
40776 39
40888 28
41004 15
41120 7
41232 7
41344 7
41456 14
41568 15
41680 17
41792 25
41904 31
42024 39
42136 48
42248 60
42360 67
42472 81
42584 96
42696 103
42808 120
42920 127
43040 142
43152 152
43264 159
43376 167
43488 177
43600 188
43712 192
43824 195
43936 199
44056 199
44168 199
44280 199
44392 195
44504 192
44616 192
44728 184
44840 174
44956 159
45072 152
45184 135
45296 127
45408 113
45520 99
45636 88
45748 71
45860 60
45972 48
46088 31
46200 24
46316 15
46428 7
46540 7
46652 7
46764 14
46876 15
46988 24
47108 30
47220 35
47332 46
47444 56
47556 63
47668 71
47780 88
47892 97
48004 112
48124 124
48236 127
48348 143
48460 158
48572 163
48684 176
48796 184
48908 192
49020 193
49132 199
49252 199
49364 199
49476 199
49588 199
49700 195
49812 192
49924 184
50036 177
50152 167
50268 159
50380 143
50492 127
50604 120
50716 103
50828 96
50940 79
51052 63
51164 56
51284 39
51396 28
51508 15
51620 7
51732 7
51844 7
51956 7
52072 15
52184 19
52300 28
52412 31
52524 39
52636 49
52752 60
52864 71
52976 79
53088 92
53200 103
53316 120
53432 127
53544 140
53656 152
53768 159
53880 167
53992 177
54104 184
54216 192
54336 193
54448 195
54560 199
54672 199
54784 199
54896 195
55008 192
55120 192
55232 179
55352 167
55464 159
55576 152
55688 135
55800 126
55912 112
56024 97
56136 83
56248 71
56368 56
56480 39
56592 31
56704 19
56816 12
56928 7
57040 7
57152 7
57268 15
57384 17
57496 24
57608 30
57720 35
57832 48
57948 15
58060 24
58172 30
58284 35
58396 44
58508 56
58620 63
58732 71
58852 88
58964 99
59076 112
59188 126
59300 135
59412 143
59524 158
59636 167
59748 176
59868 184
59980 192
60092 193
60204 199
60316 199
60428 199
60540 199
60652 199
60764 195
60884 192
60996 188
61108 176
61220 167
61332 158
61444 143
61556 127
61668 120
61780 103
61896 96
62012 79
62124 63
62236 51
62348 35
62460 28
62576 15
62688 7
62800 7
62912 7
63028 12
63140 15
63252 24
63364 24
63476 31
63588 39
63700 49
63812 60
63924 71
64044 81
64156 96
64268 103
64380 120
64492 127
64604 142
64716 152
64828 159
64944 167
65060 177
65172 184
65284 192
65396 195
65508 195
65620 199
65736 199
65848 199
65960 195
66076 192
66188 188
66300 179
66416 167
66528 159
66640 152
66752 135
66864 126
66976 112
67092 96
67208 81
67320 67
67432 56
67544 39
67656 31
67768 17
67880 12
67992 7
68112 7
68224 12
68336 15
68448 17
68560 24
68672 31
68784 35
68896 48
69008 56
69128 63
69240 79
69352 92
69464 103
69576 113
69688 126
69800 135
69912 145
70024 158
70144 167
70256 176
70368 184
70480 192
70592 192
70704 195
70816 199
70928 199
71044 199
71160 195
71272 192
71384 192
71496 184
71608 174
71724 159
71836 152
71948 142
72060 127
72176 113
72288 99
72404 88
72516 71
72628 62
72740 48
72852 35
72964 24
73076 15
73196 7
73308 7
73420 7
73532 14
73644 15
73756 24
73868 28
73980 35
74092 39
74212 56
74324 63
74436 71
74548 88
74660 97
74772 103
74884 120
74996 127
75108 143
75228 156
75340 163
75452 174
75564 184
75676 192
75788 192
75900 195
76012 199
76124 199
76244 199
76356 199
76468 195
76580 192
76692 188
76804 177
76920 167
77032 159
77144 147
77260 135
77372 124
77484 112
77600 96
77712 79
77824 67
77936 56
78048 39
78160 31
78272 19
78388 14
78500 7
78612 7
78724 7
78836 15
78948 17
79060 24
79172 31
79284 39
79404 48
79516 56
79628 63
79740 79
79852 92
79964 103
80080 113
80192 127
80304 135
80420 152
80532 159
80644 167
80760 177
80872 184
80984 192
81096 193
81208 199
81320 199
81436 199
81552 199
81664 199
81776 193
81888 192
82000 184
82112 176
82224 163
82336 156
82456 143
82568 127
82680 115
82792 103
82904 89
83016 71
83128 63
83240 48
83352 35
83472 24
83584 15
83696 7
83808 7
83920 7
84032 14
84144 15
84256 24
84368 30
84488 33
84600 39
84712 56
84824 63
84936 71
85048 88
85160 96
85276 112
85388 120
85504 127
85616 143
85728 152
85840 159
85956 172
86068 177
86180 188
86292 192
86404 195
86520 199
86636 199
86748 199
86868 143
86980 156
87092 167
87204 176
87316 184
87428 192
87544 192
87660 195
87772 199
87884 199
87996 199
88108 199
88220 193
88332 192
88444 184
88556 176
88676 167
88788 159
88900 145
89012 127
89124 124
89236 110
89348 96
89460 79
89572 63
89692 56
89804 39
89916 30
90028 17
90140 12
90252 7
90364 7
90476 12
90588 15
90708 19
90820 24
90932 31
91044 39
91156 48
91268 60
91380 71
91496 79
91608 92
91724 103
91836 120
91948 127
92060 135
92176 152
92288 159
92400 167
92512 177
92624 184
92740 192
92856 195
92968 199
93080 199
93192 199
93304 199
93416 199
93528 193
93640 192
93760 184
93872 176
93984 159
94096 152
94208 143
94320 127
94432 115
94544 103
94656 88
94776 71
94888 60
95000 48
95112 31
95224 24
95336 15
95448 7
95560 7
95672 7
95792 14
95904 15
96016 24
96128 28
96240 33
96352 39
96464 56
96576 63
96692 71
96808 88
96920 97
97032 112
97144 124
97256 127
97372 143
97484 156
97596 163
97708 174
97824 184
97936 192
98052 192
98164 195
98276 199
98388 199
98500 199
98612 199
98724 193
98844 192
98956 184
99068 176
99180 163
99292 156
99404 143
99516 127
99628 120
99740 103
99860 92
99972 78
100084 63
100196 49
100308 35
100420 28
100532 15
100644 7
100756 7
100876 7
100988 14
101100 15
101212 19
101324 25
101436 31
101548 39
101660 49
101772 60
101892 71
102004 79
102116 96
102228 103
102340 120
102452 127
102568 140
102680 152
102792 159
102908 167
103020 177
103132 184
103248 192
103360 193
103472 195
103584 199
103696 199
103808 199
103924 193
104040 192
104152 184
104264 177
104376 167
104488 159
104600 152
104712 135
104824 124
104936 112
105052 96
105164 83
105276 67
105388 56
105500 44
105612 31
105724 24
105836 14
105948 7
106068 7
106180 7
106292 15
106404 15
106516 24
106628 30
106740 35
106852 48
106968 56
107084 63
107196 78
107308 89
107420 99
107532 112
107648 126
107760 135
107872 143
107984 159
108100 167
108212 176
108324 184
108440 192
108552 193
108664 195
108776 199
108888 199
109000 199
109116 199
109232 195
109344 192
109456 184
109568 176
109680 167
109792 158
109904 143
110016 127
110136 120
110248 103
110360 94
110472 79
110584 63
110696 51
110808 39
110920 28
111032 15
111152 7
111264 7
111376 7
111488 14
111600 15
111712 19
111824 24
111936 31
112048 39
112168 49
112280 62
112392 71
112504 81
112616 96
112728 103
112840 120
112956 127
113068 142
113184 152
113296 159
113408 167
113520 177
113636 188
113748 192
113860 195
113972 199
114084 199
114200 199
114316 199
114428 199
114540 192
114652 192
114764 179
114876 167
114988 159
115100 152
115220 135
115332 127
115444 112
115556 97
115668 88
115784 71
115896 79
116008 96
116120 103
116232 120
116344 127
116456 135
116568 152
116680 159
116800 167
116912 177
117024 185
117136 192
117248 195
117360 199
117472 199
117584 199
117696 199
117816 195
117928 192
118040 192
118152 184
118264 174
118376 159
118488 152
118600 140
118716 127
118832 113
118944 99
119056 88
119168 71
119280 60
119396 48
119508 35
119620 24
119732 15
119848 7
119960 7
120076 7
120188 14
120300 15
120412 24
120524 28
120636 35
120748 44
120868 56
120980 63
121092 71
121204 88
121316 97
121428 112
121540 124
121652 127
121764 143
121884 158
121996 163
122108 176
122220 184
122332 192
122444 193
122556 195
122668 199
122780 199
122900 199
123012 199
123124 195
123236 192
123348 184
123460 177
123572 167
123684 158
123796 145
123916 127
124028 124
124140 103
124252 96
124364 79
124476 63
124592 56
124704 39
124816 30
124932 15
125044 7
125156 7
125272 7
125384 12
125496 15
125608 17
125720 24
125832 31
125948 39
126064 48
126176 62
126288 67
126400 79
126512 96
126624 103
126736 115
126848 127
126968 135
127080 152
127192 159
127304 167
127416 176
127528 184
127640 192
127752 193
127864 199
127976 199
128096 199
128208 199
128320 195
128432 192
128544 188
128656 177
128768 167
128880 159
128992 152
129112 135
129224 126
129336 112
129448 97
129560 88
129672 71
129788 56
129900 44
130012 31
130128 19
130240 14
130352 7
130468 7
130580 7
130692 14
130804 17
130916 24
131028 30
131144 35
131260 48
131372 56
131484 63
131596 79
131708 88
131820 99
131932 112
132044 124
132164 135
132276 145
132388 158
132500 163
132612 176
132724 184
132836 192
132948 192
133060 195
133180 199
133292 199
133404 199
133516 195
133628 192
133740 192
133852 184
133964 176
134076 163
134196 152
134308 143
134420 127
134532 120
134644 103
134756 92
134868 76
134984 63
135096 48
135212 35
135324 25
135436 15
135548 7
135664 7
135776 7
135888 14
136000 15
136112 24
136228 28
136344 31
136456 39
136568 51
136680 63
136792 71
136904 83
137016 96
137128 103
137248 120
137360 127
137472 142
137584 152
137696 159
137808 167
137920 179
138032 188
138144 192
138264 195
138376 199
138488 199
138600 199
138712 199
138824 195
138936 192
139048 192
139160 179
139280 167
139392 159
139504 152
139616 135
139728 127
139840 112
139952 97
140064 88
140176 71
140296 56
140408 46
140520 31
140632 24
140744 15
140856 7
140972 7
141084 7
141196 14
141312 15
141424 24
141536 30
141652 35
141764 48
141876 56
141988 63
142100 78
142212 88
142328 99
142444 112
142556 126
142668 135
142780 147
142892 158
143004 163
143116 176
143228 184
143340 192
143460 193
143572 199
143684 199
143796 199
143908 199
144020 199
144132 193
144244 192
144356 184
144476 176
144588 167
144704 7
144816 7
144936 7
145048 15
145160 17
145272 24
145384 30
145496 35
145608 46
145724 56
145836 63
145952 79
146064 88
146176 99
146288 112
146404 124
146516 135
146628 143
146740 158
146852 163
146968 176
147084 184
147196 192
147308 192
147420 199
147532 199
147644 199
147756 199
147868 199
147988 193
148100 192
148212 184
148324 176
148436 167
148548 156
148660 143
148772 127
148884 120
149004 103
149116 92
149228 78
149340 63
149452 49
149564 35
149676 28
149788 15
149900 7
150020 7
150132 7
150244 14
150356 15
150468 19
150580 24
150692 31
150804 39
150916 49
151036 62
151148 71
151260 83
151372 96
151484 103
151596 120
151712 127
151824 142
151936 152
152052 159
152164 167
152276 176
152392 185
152504 192
152616 195
152728 199
152840 199
152952 199
153068 195
153184 193
153296 192
153408 184
153520 176
153632 167
153744 159
153856 147
153968 135
154088 124
154200 110
154312 96
154424 79
154536 63
154648 56
154760 39
154872 30
154984 17
155104 12
155216 7
155328 7
155440 7
155552 15
155664 19
155776 24
155888 31
156000 39
156120 48
156232 60
156344 63
156456 79
156568 92
156680 103
156792 115
156908 127
157020 135
157136 152
157248 159
157360 167
157472 176
157588 184
157700 192
157812 195
157924 195
158036 199
158152 199
158268 199
158380 195
158492 192
158604 192
158716 184
158828 174
158940 159
159052 152
159164 142
159284 127
159396 113
159508 99
159620 88
159732 71
159844 62
159956 48
160068 35
160180 24
160300 15
160412 7
160524 7
160636 7
160748 14
160860 15
160972 24
161084 28
161196 31
161316 39
161428 56
161540 60
161652 71
161764 88
161876 96
161988 110
162104 120
162216 127
162332 143
162444 156
162556 163
162668 176
162784 184
162896 192
163008 192
163120 195
163232 199
163348 199
163464 199
163576 199
163688 195
163800 192
163912 188
164024 179
164136 167
164248 159
164368 152
164480 135
164592 124
164704 112
164816 96
164928 81
165040 71
165152 56
165264 39
165384 31
165496 17
165608 14
165720 7
165832 7
165944 7
166056 15
166168 17
166280 24
166400 31
166512 39
166624 48
166736 56
166848 63
166960 79
167072 92
167184 103
167300 113
167416 127
167528 135
167640 152
167752 159
167864 167
167980 176
168092 184
168204 192
168316 192
168432 195
168544 199
168660 199
168772 199
168884 199
168996 193
169108 192
169220 184
169332 176
169452 163
169564 152
169676 135
169788 127
169900 115
170012 99
170124 88
170236 71
170348 62
170468 48
170580 31
170692 24
170804 14
170916 7
171028 7
171140 7
171252 14
171364 15
171484 24
171596 28
171708 35
171820 44
171932 56
172044 63
172156 71
172268 88
172380 97
172500 112
172612 124
172724 127
172836 143
172948 156
173060 163
173176 174
173288 184
173400 188
173516 192
173624 135
173740 124
173852 112
173968 96
174080 79
174192 63
174304 56
174420 39
174532 30
174644 17
174756 12
174868 7
174984 7
175100 7
175212 15
175324 17
175436 25
175548 31
175660 39
175772 48
175884 60
176004 71
176116 79
176228 94
176340 103
176452 120
176564 127
176676 135
176788 152
176900 159
177020 167
177132 176
177244 184
177356 192
177468 195
177580 199
177692 199
177804 199
177916 199
178036 195
178148 192
178260 192
178372 184
178484 167
178596 159
178708 152
178820 135
178936 126
179052 112
179164 97
179276 88
179388 71
179500 56
179616 44
179728 31
179840 24
179952 14
180068 7
180180 7
180296 7
180408 15
180520 15
180632 24
180744 30
180856 35
180968 48
181080 56
181200 63
181312 79
181424 88
181536 99
181648 112
181760 124
181872 135
181984 143
182096 158
182216 167
182328 176
182440 184
182552 192
182664 192
182776 195
182888 199
183000 199
183112 195
183232 195
183344 192
183456 192
183568 184
183680 176
183792 159
183904 152
184016 143
184132 127
184248 120
184360 103
184472 88
184584 76
184696 63
184812 48
184924 35
185036 24
185148 15
185264 7
185376 7
185492 7
185604 14
185716 15
185828 19
185940 28
186052 31
186164 39
186284 51
186396 62
186508 71
186620 83
186732 96
186844 108
186956 120
187068 127
187180 143
187300 152
187412 159
187524 167
187636 179
187748 188
187860 192
187972 195
188084 199
188196 199
188316 199
188428 199
188540 195
188652 192
188764 192
188876 177
188988 167
189100 159
189212 152
189332 135
189444 124
189556 112
189668 97
189780 81
189892 67
190004 56
190120 44
190232 31
190348 24
190460 14
190572 7
190684 7
190800 7
190912 14
191024 17
191136 24
191248 31
191364 39
191480 48
191592 56
191704 63
191816 79
191928 92
192040 99
192152 112
192264 127
192384 135
192496 152
192608 159
192720 167
192832 176
192944 184
193056 192
193168 193
193280 199
193400 199
193512 199
193624 199
193736 199
193848 195
193960 192
194072 184
194184 176
194296 163
194416 156
194528 143
194640 127
194752 120
194864 103
194976 92
195088 76
195200 63
195316 48
195432 35
195544 24
195656 15
195768 7
195880 7
195996 7
196108 14
196220 15
196332 24
196448 28
196560 31
196676 39
196788 51
196900 63
197012 71
197124 83
197236 96
197348 103
197460 120
197576 127
197688 143
197800 156
197912 159
198024 174
198136 184
198248 188
198360 192
198472 195
198592 199
198704 199
198816 199
198928 195
199040 193
199152 192
199264 184
199376 176
199488 167
199608 158
199720 143
199832 127
199944 120
200056 108
200168 96
200280 79
200396 63
200508 56
200624 39
200736 28
200848 15
200960 7
201076 7
201188 7
201300 12
201412 14
201524 17
201640 24
201756 31
201868 39
201980 48
202092 60
202204 67
202316 79
202428 92
202540 142
202652 127
202764 113
202884 99
202996 88
203108 71
203220 60
203332 48
203444 31
203556 24
203668 15
203780 7
203900 7
204012 7
204124 15
204236 15
204348 24
204460 30
204576 33
204688 44
204800 56
204916 63
205028 71
205140 88
205256 97
205368 112
205480 124
205592 127
205704 143
205816 156
205928 163
206044 176
206156 179
206268 192
206380 192
206492 195
206604 199
206716 199
206828 199
206940 195
207060 193
207172 192
207284 184
207396 176
207508 163
207620 156
207736 143
207848 127
207960 120
208076 103
208188 92
208300 78
208416 63
208528 49
208640 35
208752 28
208864 15
208976 7
209092 7
209208 7
209320 14
209432 15
209544 24
209656 25
209768 31
209880 39
209992 48
210112 62
210224 71
210336 81
210448 96
210560 103
210672 120
210784 127
210896 142
211008 152
211128 159
211240 167
211352 177
211464 188
211576 192
211688 193
211800 199
211912 199
212024 199
212144 199
212256 195
212368 192
212480 184
212592 177
212704 167
212816 159
212932 152
213044 135
213160 126
213272 112
213384 97
213496 88
213612 71
213724 60
213836 44
213948 31
214060 24
214176 15
214292 7
214404 7
214516 7
214628 15
214740 15
214852 24
214964 30
215076 35
215196 48
215308 56
215420 63
215532 71
215644 88
215756 99
215868 113
215980 124
216092 135
216212 147
216324 158
216436 167
216548 176
216660 184
216772 192
216884 193
216996 199
217108 199
217228 199
217340 199
217452 199
217564 195
217676 192
217788 184
217900 176
218012 167
218128 158
218244 143
218356 127
218468 120
218580 103
218692 94
218808 79
218920 63
219032 49
219144 39
219260 28
219372 15
219488 7
219600 7
219712 7
219824 14
219936 15
220048 19
220160 24
220280 31
220392 39
220504 49
220616 60
220728 71
220840 81
220952 96
221064 103
221176 120
221288 127
221408 143
221520 152
221632 159
221744 167
221856 179
221968 188
222080 192
222192 195
222304 199
222424 199
222536 199
222648 199
222760 195
222872 192
222984 188
223096 177
223208 167
223324 159
223440 152
223552 135
223664 124
223776 112
223888 96
224004 79
224116 67
224228 56
224340 39
224456 30
224568 19
224684 12
224796 7
224908 7
225020 7
225132 15
225244 17
225356 24
225476 31
225588 39
225700 48
225812 56
225924 63
226036 79
226148 92
226260 103
226372 113
226492 127
226604 135
226716 152
226828 159
226940 167
227052 176
227164 184
227276 192
227388 193
227508 195
227620 199
227732 199
227844 199
227956 195
228068 192
228180 188
228292 184
228404 174
228524 159
228636 152
228748 142
228860 127
228972 113
229084 99
229200 88
229312 71
229424 60
229540 48
229652 31
229764 24
229880 15
229992 7
230104 7
230216 12
230328 14
230440 15
230556 24
230672 28
230784 33
230896 39
231008 56
231120 63
231232 71
231344 88
