220 1023
432 782
644 963
856 1023
1068 1023
1284 1023
1496 1023
1704 1023
1916 1023
2128 1023
2344 1023
2556 1023
2764 1023
2976 1023
3192 1023
3404 1023
3616 1023
3828 1023
4040 896
4256 768
4468 568
4680 391
4888 225
5100 78
5316 48
5528 63
5740 96
5952 143
6164 224
6380 319
6592 448
6804 551
7012 688
7224 816
7440 960
7652 1023
7864 1023
8076 1023
8292 1023
8504 1023
8716 1023
8924 1023
9136 1023
9356 1023
9564 1023
9776 1023
9988 1023
10200 1023
10416 1023
10628 1023
10840 926
11048 768
11260 608
11480 423
11688 255
11900 97
12112 48
12324 60
12540 96
12752 135
12964 206
13172 295
13384 403
13604 527
13812 655
14024 785
14236 920
14452 1023
14664 1023
14876 1023
15088 1023
15296 1023
15516 1023
15728 1023
15936 1023
16148 1023
16360 1023
16576 1023
16788 1023
17000 1023
17212 1023
17420 1023
17640 960
17852 796
18060 632
18272 460
18484 291
18700 127
18912 48
19124 56
19336 76
19552 126
19764 192
19972 273
20184 384
20396 504
20612 636
20824 768
21036 896
21248 1022
21460 1023
21676 1023
21888 1023
22096 1023
22308 1023
22520 1023
22736 1023
22948 1023
23160 1023
23372 1023
23584 1023
23800 1023
24012 1023
24220 1023
24432 992
24644 839
24860 671
25072 508
25284 335
25496 192
25712 56
25924 56
26136 67
26344 112
26556 167
26776 254
26984 352
27196 480
27408 608
27620 736
27836 864
28048 992
28260 1023
28468 1023
28680 1023
28900 1023
29108 1023
29320 1023
29532 1023
29744 1023
29960 1023
30172 1023
30384 1023
30592 1023
30804 1023
31024 1023
31232 1023
31444 896
31656 707
31872 540
32084 384
32296 199
32508 63
32716 48
32936 63
33148 112
33356 158
33568 240
33780 327
33996 448
34208 574
34420 704
34632 831
34840 960
35060 1023
35272 1023
35480 1023
35692 1023
35904 1023
36120 1023
36332 1023
36544 1023
36756 1023
36972 1023
37184 1023
37396 1023
37604 1023
37816 1023
38036 1023
38244 896
38456 768
38668 575
38880 408
39096 240
39308 96
39520 48
39728 62
39940 96
40160 143
40368 224
40580 312
40792 415
41004 542
41220 671
41432 803
41644 931
41852 1023
42064 1023
42280 1023
42492 1023
42700 1023
42912 1023
43128 1023
43340 1023
43552 1023
43764 1023
43976 1023
44192 1023
44404 1023
44612 1023
44824 1023
45036 960
45252 783
45464 624
45676 449
45888 286
46100 126
46316 48
46528 56
46736 96
46948 127
47160 192
47376 286
47588 387
47800 510
48012 638
48228 769
48440 899
48652 1023
48860 1023
49072 1023
49292 1023
49500 1023
49712 1023
49924 1023
50136 1023
50352 1023
50564 1023
50776 1023
50984 1023
51196 1023
51416 1023
51624 1023
51836 974
52048 824
52260 655
52476 480
52688 316
52900 145
53108 48
53320 56
53540 71
53748 120
53960 192
54172 255
54388 384
54604 318
54816 432
55028 547
55240 675
55456 816
55668 960
55880 1023
56088 1023
56300 1023
56520 1023
56728 1023
56940 1023
57152 1023
57364 1023
57580 1023
57792 1023
58000 1023
58212 1023
58432 1023
58640 1023
58852 1023
59064 926
59276 768
59492 608
59704 423
59916 255
60128 96
60336 48
60556 60
60764 96
60976 135
61188 224
61400 295
61616 412
61828 527
62040 655
62252 792
62460 924
62680 1023
62888 1023
63100 1023
63312 1023
63528 1023
63740 1023
63952 1023
64164 1023
64376 1023
64592 1023
64804 1023
65012 1023
65224 1023
65436 1023
65652 1023
65864 960
66076 799
66288 638
66500 480
66716 291
66928 127
67136 48
67348 56
67560 78
67776 124
67988 192
68200 271
68412 384
68624 504
68840 632
69052 768
69260 896
69472 1020
69692 1023
69900 1023
70112 1023
70324 1023
70536 1023
70752 1023
70964 1023
71176 1023
71384 1023
71596 1023
71812 1023
72024 1023
72236 1023
72448 1023
72660 1008
72876 835
73088 671
73300 508
73508 335
73720 192
73936 56
74148 56
74360 71
74572 112
74788 192
75000 255
75212 256
75424 480
75632 608
75852 768
76060 864
76272 992
76484 1023
76696 1023
76912 1023
77124 1023
77336 1023
77548 1023
77756 1023
77976 1023
78184 1023
78396 1023
78608 1023
78820 1023
79036 1023
79248 1023
79460 1020
79672 864
79880 704
80100 527
80308 384
80520 193
80732 62
80948 48
81160 63
81372 112
81584 159
81792 240
82012 352
82224 449
82432 575
82644 704
82856 835
83072 967
83284 1023
83496 1023
83708 1023
83916 1023
84136 1023
84348 1023
84556 1023
84768 1023
84980 1023
85196 1023
85408 1023
85620 1023
85832 1023
86040 1023
86260 1023
86472 897
86680 768
86892 574
87108 399
87320 240
87532 96
87744 48
87956 62
88172 96
88384 143
88596 224
88804 316
89016 419
89232 543
89444 675
89656 816
89868 944
90080 1023
90296 1023
90508 1023
90720 1023
90928 1023
91140 1023
91356 1023
91568 1023
91780 1023
91992 1023
92208 1023
92420 1023
92632 1023
92840 1023
93052 1023
93272 935
93480 775
93692 609
93904 448
94116 271
94332 112
94544 48
94756 60
94964 96
95176 127
95396 199
95604 287
95816 396
96028 515
96240 639
96456 782
96668 911
96880 1023
97088 1023
97300 1023
97516 1023
97728 1023
97936 1023
98148 1023
98364 1023
98576 1023
98788 1023
99000 1023
99212 1023
99428 1023
99640 1023
99852 1023
100060 960
100272 803
100488 638
100700 480
100912 304
101124 135
101336 48
101552 56
101764 78
101976 124
102184 192
102396 271
102612 384
102824 504
103036 632
103248 768
103464 896
103676 1020
103888 1023
104100 1023
104308 1023
104528 1023
104736 1023
104948 1023
105160 1023
105372 1023
105588 1023
105800 1023
106012 1023
106224 1023
106432 1023
106652 1023
106860 993
107072 839
107284 679
107496 511
107712 352
107924 192
108136 56
108348 48
108556 67
108776 112
108992 1023
109204 1023
109416 1023
109628 1023
109840 1023
110056 1023
110268 1023
110480 1023
110688 1023
110900 1023
111116 1023
111328 1023
111540 992
111752 831
111968 670
112180 504
112392 327
112604 163
112812 56
113032 56
113240 71
113452 120
113664 192
113876 255
114092 384
114304 480
114516 608
114728 768
114936 864
115156 992
115364 1023
115576 1023
115788 1023
116000 1023
116216 1023
116428 1023
116640 1023
116852 1023
117068 1023
117280 1023
117488 1023
117700 1023
117912 1023
118128 1023
118340 1022
118552 896
118764 707
118972 543
119192 384
119404 199
119612 63
119824 48
120036 63
120252 112
120464 158
120676 240
120888 327
121096 448
121316 574
121528 704
121736 831
121948 960
122160 1023
122376 1023
122588 1023
122796 1023
123008 1023
123224 1023
123436 1023
123648 1023
123860 1023
124072 1023
124288 1023
124500 1023
124712 1023
124920 1023
125132 1023
125348 908
125560 768
125772 575
125984 414
126196 248
126412 96
126624 48
126836 62
127044 96
127256 135
127472 224
127684 312
127896 415
128108 540
128324 671
128536 799
128748 931
128960 1023
129168 1023
129388 1023
129596 1023
129808 1023
130020 1023
130232 1023
130448 1023
130660 1023
130872 1023
131084 1023
131292 1023
131512 1023
131720 1023
131932 1023
132144 934
132356 775
132572 608
132784 448
132996 263
133208 112
133416 48
133636 60
133844 96
134056 127
134268 199
134484 287
134696 399
134908 519
135120 639
135328 775
135548 911
135760 1023
135968 1023
136180 1023
136392 1023
136608 1023
136820 1023
137032 1023
137244 1023
137452 1023
137672 1023
137884 1023
138092 1023
138304 1023
138516 1023
138732 1023
138944 961
139156 816
139368 639
139584 480
139796 312
140008 143
140216 48
140428 56
140648 76
140856 124
141068 192
141280 263
141492 384
141708 496
141920 624
142132 768
142340 896
142552 1016
142772 1023
142980 1023
143192 1023
143404 1023
143616 1023
143832 1023
144044 1023
144256 1023
144464 1023
144676 1023
144896 1023
145104 1023
145316 1023
145528 1023
145744 1008
145956 847
146168 704
146380 512
146588 352
146808 192
147020 56
147228 48
147440 67
147652 112
147868 167
148080 252
148292 352
148504 480
148712 590
148932 736
149144 864
149352 992
149564 1023
149776 1023
149992 1023
150204 1023
150416 1023
150628 1023
150836 1023
151056 1023
151264 1023
151476 1023
151688 1023
151904 1023
152116 1023
152328 1023
152540 1023
152752 896
152968 704
153180 540
153388 384
153600 199
153812 63
154028 48
154240 63
154452 97
154664 158
154876 240
155092 334
155304 448
155512 574
155724 704
155936 831
156152 963
156364 1023
156576 1023
156788 1023
157004 1023
157216 1023
157428 1023
157636 1023
157848 1023
158068 1023
158276 1023
158488 1023
158700 1023
158912 1023
159128 1023
159340 1023
159552 903
159760 768
159972 575
160192 408
160400 248
160612 96
160824 48
161036 62
161252 96
161464 142
161676 224
161884 312
162096 415
162312 543
162524 671
162732 799
162944 931
163160 1023
163376 1023
163588 920
163800 768
164016 583
164228 415
164440 254
164652 96
164860 48
165080 62
165288 96
165500 135
165712 224
165924 304
166140 415
166352 536
166564 668
166776 798
166984 927
167204 1023
167412 1023
167624 1023
167836 1023
168048 1023
168264 1023
168476 1023
168688 1023
168900 1023
169116 1023
169328 1023
169536 1023
169748 1023
169960 1023
170176 1023
170388 960
170600 783
170812 624
171024 448
171240 271
171452 120
171660 48
171872 60
172084 96
172300 127
172512 195
172724 287
172936 391
173148 512
173364 639
173576 775
173784 903
173996 1023
174208 1023
174424 1023
174636 1023
174848 1023
175060 1023
175276 1023
175488 1023
175700 1023
175908 1023
176120 1023
176336 1023
176548 1023
176760 1023
176972 1023
177184 975
177400 824
177612 647
177824 480
178032 318
178244 156
178460 48
178672 56
178884 71
179096 120
179308 192
179524 255
179736 384
179948 496
180156 624
180368 768
180584 896
180796 1016
181008 1023
181220 1023
181436 1023
181648 1023
181860 1023
182072 1023
182280 1023
182500 1023
182708 1023
182920 1023
183132 1023
183344 1023
183560 1023
183772 1023
183984 1016
184196 864
184404 704
184624 519
184832 352
185044 192
185256 60
185468 48
185684 63
185896 112
186108 159
186320 248
186536 352
186748 460
186956 583
187168 716
187380 847
187596 992
187808 1023
188020 1023
188232 1023
188440 1023
188660 1023
188872 1023
189080 1023
189292 1023
189504 1023
189720 1023
189932 1023
190144 1023
190356 1023
190564 1023
190784 1023
190996 896
191204 736
191416 547
191628 384
191844 224
192056 63
192264 48
192476 63
192692 97
192904 156
193116 240
193328 323
193540 448
193756 572
193968 704
194180 831
194388 960
194600 1023
194816 1023
195028 1023
195240 1023
195452 1023
195664 1023
195880 1023
196092 1023
196304 1023
196512 1023
196724 1023
196940 1023
197152 1023
197364 1023
197576 1023
197792 911
198004 768
198216 583
198428 415
198636 252
198856 96
199064 48
199276 62
199488 96
199700 135
199916 224
200128 312
200340 415
200552 540
200760 668
200980 799
201188 927
201400 1023
201612 1023
201824 1023
202040 1023
202252 1023
202464 1023
202676 1023
202884 1023
203104 1023
203312 1023
203524 1023
203736 1023
203952 1023
204164 1023
204376 1023
204588 960
204800 798
205016 632
205228 451
205436 287
205648 126
205860 48
206076 60
206288 96
206500 127
206712 192
206920 284
207140 387
207352 511
207560 639
207772 769
207984 899
208200 1023
208412 1023
208624 1023
208836 1023
209052 1023
209264 1023
209476 1023
209684 1023
209896 1023
210112 1023
210324 1023
210536 1023
210748 1023
210960 1023
211176 1023
211388 972
211600 824
211808 647
212020 480
212236 312
212448 143
212660 48
212872 56
213084 71
213300 124
213512 192
213724 263
213932 384
214144 496
214360 624
214572 768
214784 896
214996 1016
215212 1023
215424 1023
215636 1023
215844 1023
216056 1023
216276 1023
216484 1023
216696 1023
216908 1023
217120 1023
217336 1023
217548 1023
217760 896
217976 1008
218188 1023
218400 1023
218612 1023
218824 1023
219040 1023
219252 1023
219460 1023
219672 1023
219884 1023
220100 1023
220312 1023
220524 1023
220736 1023
220948 1023
221164 1016
221376 864
221584 704
221796 527
222008 384
222224 192
222436 60
222648 48
222860 63
223072 112
223288 159
223500 248
223708 352
223920 451
224136 583
224348 711
224560 847
224772 975
224984 1023
225200 1023
225412 1023
225624 1023
225832 1023
226044 1023
226260 1023
226472 1023
226684 1023
226896 1023
227108 1023
227324 1023
227536 1023
227748 1023
227956 1023
228168 897
228384 768
228596 572
228808 396
229020 240
229236 71
229448 48
229660 63
229872 96
230080 143
230300 224
230508 319
230720 448
230932 551
231144 688
231360 824
231572 960
231784 1023
231996 1023
232204 1023
232424 1023
232632 1023
232844 1023
233056 1023
233268 1023
233484 1023
233696 1023
233908 1023
234120 1023
234328 1023
234548 1023
234756 1023
234968 924
235180 768
235396 588
235608 415
235820 254
236032 96
236240 48
236460 60
236672 96
236880 135
237092 224
237304 304
237520 415
237732 536
237944 664
238156 798
238364 927
238584 1023
238796 1023
239004 1023
239216 1023
239428 1023
239644 1023
239856 1023
240068 1023
240280 1023
240496 1023
240708 1023
240920 1023
241128 1023
241340 1023
241556 1023
241768 960
241980 796
242192 632
242404 460
242620 287
242832 127
243044 48
243252 56
243464 79
243680 126
243892 192
244104 280
244316 384
244528 508
244744 638
244956 768
245168 896
245376 1023
245588 1023
245804 1023
246016 1023
246228 1023
246440 1023
246656 1023
246868 1023
247080 1023
247288 1023
247500 1023
247720 1023
247928 1023
248140 1023
248352 1023
248564 992
248780 831
248992 668
249204 504
249412 326
249624 159
249844 56
250052 56
250264 71
250476 120
250688 192
250904 255
251116 384
251328 480
251536 608
251756 768
251968 896
252176 1008
252388 1023
252600 1023
252816 1023
253028 1023
253240 1023
253452 1023
253660 1023
253880 1023
254092 1023
254300 1023
254512 1023
254724 1023
254940 1023
255152 1023
255364 1016
255576 864
255784 704
256004 519
256216 352
256424 192
256636 60
256848 48
257064 63
257276 112
257488 159
257700 248
257916 352
258128 460
258340 583
258548 716
258760 847
258980 992
259188 1023
259400 1023
259612 1023
259824 1023
260040 1023
260252 1023
260464 1023
260672 1023
260884 1023
261104 1023
261312 1023
261524 1023
261736 1023
261948 1023
262164 1023
262376 896
262588 768
262796 568
263008 384
263228 224
263436 71
263648 48
263860 63
264076 96
264288 152
264500 224
264712 319
264920 448
265140 560
265352 704
265560 824
265772 960
265984 1023
266200 1023
266412 1023
266624 1023
266836 1023
267044 1023
267264 1023
267476 1023
267684 1023
267896 1023
268108 1023
268324 1023
268536 1023
268748 1023
268960 1023
269176 926
269388 768
269600 608
269808 448
270020 255
270236 96
270448 48
270660 60
270872 96
271084 134
271300 224
271512 304
271724 408
271932 527
272152 529
272364 384
272572 199
272784 62
273004 48
273212 63
273424 112
273636 159
273852 240
274064 335
274276 448
274488 575
274696 704
274916 839
275124 967
275336 1023
275548 1023
275760 1023
275976 1023
276188 1023
276400 1023
276612 1023
276820 1023
277040 1023
277248 1023
277460 1023
277672 1023
277884 1023
278100 1023
278312 1023
278524 903
278736 768
278944 575
279164 399
279372 240
279584 79
279796 48
280012 62
280224 96
280436 143
280648 224
280860 316
281076 448
281288 547
281496 679
281708 816
281920 960
282136 1023
282348 1023
282560 1023
282772 1023
282984 1023
283200 1023
283412 1023
283620 1023
283832 1023
284044 1023
284260 1023
284472 1023
284684 1023
284896 1023
285108 1023
285324 924
285536 768
285744 608
285956 423
286176 255
286384 96
286596 48
286808 60
287020 96
287236 135
287448 224
287660 304
287868 408
288080 527
288296 664
288508 796
288720 926
288932 1023
289144 1023
289360 1023
289572 1023
289784 1023
289992 1023
290204 1023
290420 1023
290632 1023
290844 1023
291056 1023
291272 1023
291484 1023
291696 1023
291908 1023
292116 960
292336 799
292544 636
292756 480
292968 295
293180 135
293396 48
293608 56
293820 79
294032 124
294240 192
294460 275
294672 384
294880 504
295092 632
295304 768
295520 896
295732 1023
295944 1023
296156 1023
296364 1023
296584 1023
296796 1023
297004 1023
297216 1023
297432 1023
297644 1023
297856 1023
298068 1023
298280 1023
298496 1023
298708 1023
298920 992
299128 831
299340 671
299556 504
299768 326
299980 159
300192 56
300404 56
300620 71
300832 120
301044 192
301252 255
301464 384
301680 480
301892 608
302104 768
302316 865
302532 1008
302744 1023
302956 1023
303164 1023
303376 1023
303596 1023
303804 1023
304016 1023
304228 1023
304440 1023
304656 1023
304868 1023
305080 1023
305288 1023
305500 1023
305720 1016
305928 864
306140 704
306352 524
306564 384
306780 192
306992 60
307204 48
307412 63
307624 112
307844 159
308052 248
308264 352
308476 455
308692 583
308904 711
309116 847
309328 975
309536 1023
309756 1023
309968 1023
310176 1023
310388 1023
310600 1023
310816 1023
311028 1023
311240 1023
311452 1023
311660 1023
311880 1023
312092 1023
312300 1023
312512 1023
312724 896
312940 768
313152 568
313364 391
313576 240
313792 71
314004 48
314212 63
314424 96
314636 143
314852 224
315064 319
315276 448
315488 560
315700 704
315916 824
316128 960
316336 1023
316548 1023
316760 1023
316976 1023
317188 1023
317400 1023
317612 1023
317824 1023
318040 1023
318252 1023
318460 1023
318672 1023
318884 1023
319100 1023
319312 1023
319524 927
319736 768
319952 608
320164 432
320376 255
320584 97
320796 48
321016 60
321224 96
321436 135
321648 224
321860 304
322076 412
322288 527
322500 655
322708 792
322920 924
323140 1023
323348 1023
323560 1023
323772 1023
323984 1023
324200 1023
324412 1023
324624 1023
324832 1023
325052 1023
325264 1023
325472 1023
325684 1023
325896 1023
326112 1023
326324 960
326536 1016
326752 1023
326964 1023
327172 1023
327384 1023
327604 1023
327812 1023
328024 1023
328236 1023
328448 1023
328664 1023
328876 1023
329088 1023
329296 1023
329508 1023
329728 1008
329936 864
330148 704
330360 515
330572 352
330788 192
331000 56
331212 48
331420 63
331632 112
331852 163
332060 252
332272 352
332484 462
332700 591
332912 736
333124 864
333336 992
333544 1023
333764 1023
333972 1023
334184 1023
334396 1023
334608 1023
334824 1023
335036 1023
335248 1023
335460 1023
335668 1023
335888 1023
336096 1023
336308 1023
336520 1023
336732 896
336948 716
337160 543
337372 384
337584 224
337792 63
338012 48
338220 63
338432 97
338644 156
338860 240
339072 327
339284 448
339496 568
339708 704
339924 831
340136 960
340344 1023
340556 1023
340768 1023
340984 1023
341196 1023
341408 1023
341620 1023
341832 1023
342048 1023
342260 1023
342468 1023
342680 1023
342892 1023
343108 1023
343320 1023
343532 903
343744 768
343956 575
344172 403
344384 240
344592 96
344804 48
345024 62
345232 96
345444 142
345656 224
345868 312
346084 419
346296 543
346508 671
346716 799
346928 931
347144 1023
347356 1023
347568 1023
347780 1023
347992 1023
348208 1023
348420 1023
348632 1023
348840 1023
349052 1023
349268 1023
349480 1023
349692 1023
349904 1023
350120 1023
350332 960
350544 783
350756 624
350964 448
351184 280
351392 124
351604 48
351816 60
352028 96
352244 127
352456 195
352668 287
352880 391
353088 511
353308 639
353516 775
353728 903
353940 1023
354152 1023
354368 1023
354580 1023
354792 1023
355004 1023
355212 1023
355428 1023
355640 1023
355848 1023
356060 1023
356280 1023
356488 1023
356700 1023
356912 1023
357124 992
357340 824
357552 647
357764 480
357972 316
358184 143
358404 48
358612 56
358824 71
359036 124
359248 192
359464 263
359676 384
359888 496
360096 624
360308 768
360528 896
360736 1016
360948 1023
361160 1023
361376 1023
361588 1023
361800 1023
362012 1023
362220 1023
362440 1023
362648 1023
362860 1023
363072 1023
363284 1023
363500 1023
363712 1023
363924 1008
364136 844
364344 679
364564 510
364772 352
364984 192
365196 56
365408 48
365624 67
365836 112
366048 167
366260 252
366468 352
366688 480
366896 591
367108 736
367320 864
367536 992
367748 1023
367960 1023
368172 1023
368384 1023
368600 1023
368812 1023
369020 1023
369232 1023
369444 1023
369660 1023
369872 1023
370084 1023
370296 1023
370508 1023
370724 1023
370936 896
371144 736
371356 560
371568 384
371784 224
371996 67
372208 48
372420 63
372636 96
372848 152
373060 240
373268 319
373480 448
373696 568
373908 704
374120 828
374332 960
374544 1023
374760 1023
374972 1023
375184 1023
375392 1023
375604 1023
375820 1023
376032 1023
376244 1023
376456 1023
376668 1023
376884 1023
377096 1023
377308 1023
377516 1023
377728 911
377944 768
378156 575
378368 414
378580 248
378796 96
379008 48
379220 62
379432 96
379640 135
379860 224
380068 312
380280 415
380492 542
380704 670
380920 543
381132 384
381352 199
381560 63
381772 48
381984 63
382196 97
382412 158
382624 240
382836 327
383044 448
383264 572
383472 704
383684 831
383896 960
384108 1023
384324 1023
384536 1023
384748 1023
384960 1023
385168 1023
385388 1023
385596 1023
385808 1023
386020 1023
386232 1023
386448 1023
386660 1023
386872 1023
387084 1023
387292 911
387512 768
387720 575
387932 414
388144 248
388360 96
388572 48
388784 62
388996 96
389204 135
389424 224
389636 312
389844 415
390056 542
390268 670
390484 799
390696 931
390908 1023
391120 1023
391328 1023
391548 1023
391760 1023
391968 1023
392180 1023
392392 1023
392608 1023
392820 1023
393032 1023
393244 1023
393452 1023
393672 1023
393884 1023
394092 960
394304 792
394520 624
394732 448
394944 284
395156 124
395368 48
395584 60
395796 96
396008 127
396216 193
396428 286
396644 391
396856 512
397068 639
397280 771
397492 903
397708 1023
397920 1023
398132 1023
398340 1023
398552 1023
398768 1023
398980 1023
399192 1023
399404 1023
399616 1023
399832 1023
400044 1023
400256 1023
400464 1023
400684 1023
400892 967
401104 816
401316 639
401528 480
401744 312
401956 142
402168 48
402376 56
402588 71
402808 124
403016 192
403228 270
403440 384
403652 496
403868 624
404080 768
404292 896
404500 1016
404712 1023
404932 1023
405140 1023
405352 1023
405564 1023
405780 1023
405992 1023
406204 1023
406416 1023
406624 1023
406844 1023
407056 1023
407264 1023
407476 1023
407688 1008
407904 839
408116 679
408328 512
408540 352
408748 192
408968 56
409180 48
409388 67
409600 112
409812 163
410028 252
410240 352
410452 480
410664 590
410872 736
411092 864
411300 992
411512 1023
411724 1023
411940 1023
412152 1023
412364 1023
412576 1023
412788 1023
413004 1023
413216 1023
413424 1023
413636 1023
413848 1023
414064 1023
414276 1023
414488 1023
414700 896
414912 736
415128 551
415340 384
415548 224
415760 67
415972 48
416188 63
416400 96
416612 152
416824 240
417040 319
417252 448
417464 568
417672 704
417884 828
418104 960
418312 1023
418524 1023
418736 1023
418948 1023
419164 1023
419376 1023
419588 1023
419796 1023
420008 1023
420228 1023
420436 1023
420648 1023
420860 1023
421072 1023
421288 1023
421500 903
421712 768
421920 575
422132 412
422352 240
422564 96
422772 48
422984 62
423200 96
423412 143
423624 224
423836 312
424048 415
424264 543
424476 671
424688 803
424896 935
425108 1023
425324 1023
425536 1023
425748 1023
425960 1023
426172 1023
426388 1023
426600 1023
426812 1023
427020 1023
427232 1023
427448 1023
427660 1023
427872 1023
428084 1023
428300 935
428512 775
428724 624
428932 448
429144 280
429364 120
429572 39
429784 60
429996 96
430208 127
430424 195
430636 287
430848 391
431056 512
431268 639
431488 775
431696 910
431908 1023
432120 1023
432332 1023
432548 1023
432760 1023
432972 1023
433180 1023
433392 1023
433612 1023
433820 1023
434032 1023
434244 1023
434460 1023
434672 1023
434884 1023
435096 975
435308 768
435520 864
435736 992
435948 1023
436160 1023
436372 1023
436580 1023
436800 1023
437008 1023
437220 1023
437432 1023
437644 1023
437860 1023
438072 1023
438284 1023
438496 1023
438704 1023
438924 1023
439132 896
439344 711
439556 543
439768 384
439984 199
440196 63
440408 48
440620 63
440836 112
441048 158
441256 240
441468 327
441680 448
441896 574
442108 704
442320 831
442532 963
442744 1023
442960 1023
443172 1023
443380 1023
443592 1023
443804 1023
444020 1023
444232 1023
444444 1023
444656 1023
444868 1023
445084 1023
445296 1023
445504 1023
445716 1023
445928 903
446144 768
446356 575
446568 399
446780 240
446996 79
447208 48
447420 62
447628 96
447840 143
448056 224
448268 316
448480 423
448692 543
448904 671
449120 816
449332 960
449544 1023
449752 1023
449964 1023
450180 1023
450392 1023
450604 1023
450816 1023
451028 1023
451244 1023
451456 1023
451668 1023
451876 1023
452088 1023
452304 1023
452516 1023
452728 927
452940 768
453156 608
453368 448
453580 255
453792 112
454000 48
454220 60
454428 96
454640 127
454852 199
455064 291
455280 408
455492 527
455704 655
455916 783
456124 920
456344 1023
456552 1023
456764 1023
456976 1023
457188 1023
457404 1023
457616 1023
457828 1023
458040 1023
458256 1023
458468 1023
458676 1023
458888 1023
459100 1023
459316 1023
459528 960
459740 803
459952 639
460160 480
460380 304
460592 135
460800 48
461012 56
461224 78
461440 124
461652 192
461864 271
462076 384
462284 504
462504 632
462716 768
462924 896
463136 1020
463348 1023
463564 1023
463776 1023
463984 1023
464196 1023
464412 1023
464624 1023
464836 1023
465048 1023
465260 1023
465476 1023
465688 1023
465900 1023
466108 1023
466320 993
466536 831
466748 671
466960 508
467172 332
467384 166
467600 56
467812 56
468024 71
468232 120
468444 192
468660 255
468872 384
469084 480
469296 608
469512 768
469724 865
469936 992
470148 1023
470356 1023
470576 1023
470788 1023
470996 1023
471208 1023
471420 1023
471636 1023
471848 1023
472060 1023
472272 1023
472480 1023
472700 1023
472912 1023
473120 1020
473332 864
473544 704
473760 527
473972 384
474184 192
474396 62
474604 48
474824 63
475036 112
475244 159
475456 240
475672 352
475884 451
476096 575
476308 707
476520 839
476736 972
476948 1023
477160 1023
477368 1023
477580 1023
477796 1023
478008 1023
478220 1023
478432 1023
478644 1023
478860 1023
479072 1023
479284 1023
479492 1023
479704 1023
479920 1023
480132 897
480344 768
480556 574
480772 398
480984 240
481196 96
481404 48
481616 62
481836 96
482044 143
482256 224
482468 316
482680 423
482896 547
483108 679
483320 816
483528 960
483740 1023
483960 1023
484168 1023
484380 1023
484592 1023
484804 1023
485020 1023
485232 1023
485444 1023
485652 1023
485864 1023
486084 1023
486292 1023
486504 1023
486716 1023
486932 927
487144 768
487356 608
487568 448
487776 255
487996 97
488208 48
488416 60
488628 96
488840 127
489056 206
489268 295
489480 403
489700 1023
489908 1023
490120 1023
490340 1023
490548 1023
490760 1023
490972 1023
491188 915
491400 768
491612 591
491824 423
492032 255
492252 96
492464 48
492672 60
492884 96
493096 135
493312 224
493524 304
493736 412
493948 527
494156 655
494376 796
494588 926
494796 1023
495008 1023
495220 1023
495436 1023
495648 1023
495860 1023
496072 1023
496288 1023
496500 1023
496712 1023
496920 1023
497132 1023
497348 1023
497560 1023
497772 1023
497984 960
498196 799
498412 636
498624 480
498836 294
499044 127
499256 48
499472 56
499684 79
499896 126
500108 192
500320 271
500536 384
500748 504
500960 632
501168 768
501380 896
501596 1020
501808 1023
502016 1023
502228 1023
502444 1023
502656 1023
502868 1023
503080 1023
503292 1023
503508 1023
503720 1023
503932 1023
504140 1023
504352 1023
504572 1023
504780 992
504992 830
505204 664
505416 496
505632 319
505844 158
506056 48
506264 56
506476 67
506692 120
506904 192
507116 255
507328 384
507544 480
507756 608
507968 768
508180 896
508388 1008
508608 1023
508816 1023
509028 1023
509240 1023
509452 1023
509668 1023
509880 1023
510092 1023
510304 1023
510512 1023
510732 1023
510940 1023
511152 1023
511364 1023
511576 1020
511792 864
512004 704
512216 527
512428 384
512636 195
512856 62
513064 48
513276 63
513488 112
513704 159
513916 240
514128 352
514340 449
514548 575
514768 707
514980 839
515188 967
515400 1023
515612 1023
515828 1023
516040 1023
516252 1023
516464 1023
516672 1023
516892 1023
517104 1023
517312 1023
517524 1023
517736 1023
517952 1023
518164 1023
518376 1023
518588 899
518804 768
519016 572
519228 398
519436 240
519648 79
519864 48
520076 62
520288 96
520500 143
520712 224
520928 318
521140 448
521352 547
521560 675
521772 816
521988 960
522200 1023
522412 1023
522624 1023
522836 1023
523052 1023
523264 1023
523476 1023
523684 1023
523896 1023
524112 1023
524324 1023
524536 1023
524748 1023
524964 1023
525176 1023
525388 924
525596 768
525808 608
526028 419
526236 255
526448 96
526660 48
526872 60
527088 96
527300 135
527512 224
527720 304
527932 408
528152 527
528360 655
528572 796
528784 924
528996 1023
529212 1023
529424 1023
529636 1023
529844 1023
530056 1023
530276 1023
530484 1023
530696 1023
530908 1023
531124 1023
531336 1023
531548 1023
531760 1023
531968 1023
532188 960
532400 798
532608 636
532820 462
533032 291
533248 127
533460 48
533672 56
533884 79
534092 126
534312 192
534524 275
534732 384
534944 504
535156 632
535372 768
535584 896
535796 1023
536008 1023
536224 1023
536436 1023
536644 1023
536856 1023
537068 1023
537284 1023
537496 1023
537708 1023
537920 1023
538132 1023
538348 1023
538560 1023
538768 1023
538980 992
539192 831
539408 671
539620 504
539832 327
540044 163
540256 56
540472 56
540684 71
540892 120
541104 192
541316 255
541532 384
541744 480
541952 608
542164 768
542380 864
542592 992
542804 1023
543016 1023
543228 1023
543444 1023
543656 1023
543868 1023
544088 1023
544300 1023
544516 1023
544728 896
544940 768
545148 568
545360 387
545576 224
545788 67
546000 48
546212 63
546424 96
546640 152
546852 225
547064 319
547272 448
547484 560
547700 704
547912 824
548124 960
548336 1023
548548 1023
548764 1023
548976 1023
549188 1023
549396 1023
549616 1023
549824 1023
550036 1023
550248 1023
550460 1023
550676 1023
550888 1023
551100 1023
551312 1023
551520 924
551740 768
551948 591
552160 423
552372 255
552584 112
552800 48
553012 60
553224 96
553436 134
553644 206
553864 304
554072 408
554284 527
554496 655
554712 796
554924 926
555136 1023
555348 1023
555556 1023
555776 1023
555988 1023
556196 1023
556408 1023
556620 1023
556836 1023
557048 1023
557260 1023
557472 1023
557680 1023
557900 1023
558112 1023
558320 960
558532 799
558744 639
558960 480
559172 294
559384 127
559596 48
559804 56
560024 79
560236 126
560444 192
560656 271
560872 384
561084 508
561296 632
561508 768
561720 896
561936 1023
562148 1023
562360 1023
562568 1023
562780 1023
562996 1023
563208 1023
563420 1023
563632 1023
563844 1023
564060 1023
564272 1023
564484 1023
564692 1023
564904 1023
565120 992
565332 830
565544 664
565756 496
565972 319
566184 156
566396 48
566604 56
566816 71
567036 120
567244 192
567456 255
567668 384
567880 480
568096 608
568308 768
568520 896
568728 1008
568940 1023
569160 1023
569368 1023
569580 1023
569792 1023
570004 1023
570220 1023
570432 1023
570644 1023
570852 1023
571064 1023
571284 1023
571492 1023
571704 1023
571916 1016
572132 864
572344 704
572556 526
572768 384
572980 192
573196 60
573408 48
573616 63
573828 112
574040 159
574256 248
574468 352
574680 454
574892 575
575104 707
575320 847
575532 975
575740 1023
575952 1023
576164 1023
576380 1023
576592 1023
576804 1023
577016 1023
577232 1023
577444 1023
577656 1023
577864 1023
578076 1023
578296 1023
578504 1023
578716 1023
578928 896
579140 768
579356 568
579568 391
579780 224
579988 76
580200 48
580420 63
580628 96
580840 143
581052 224
581264 318
581480 448
581692 551
581904 704
582112 816
582324 960
582544 1023
582752 1023
582964 1023
583176 1023
583392 1023
583604 1023
583816 1023
584028 1023
584236 1023
584456 1023
584668 1023
584876 1023
585088 1023
585300 1023
585516 1023
585728 920
585940 768
586152 591
586360 419
586580 252
586792 96
587000 48
587212 60
587424 96
587640 135
587852 224
588064 304
588276 412
588484 536
588704 668
588916 798
589124 927
589336 1023
589552 1023
589764 1023
589976 1023
590188 1023
590400 1023
590616 1023
590828 1023
591040 1023
591248 1023
591460 1023
591676 1023
591888 1023
592100 1023
592312 1023
592524 960
592740 792
592952 632
593164 455
593372 287
593584 127
593800 48
594012 56
594224 79
594436 126
594652 192
594864 280
595076 384
595284 508
595496 636
595716 768
595924 897
596136 1023
596348 1023
596560 1023
596776 1023
596988 1023
597200 1023
597408 1023
597620 1023
597840 1023
598048 1023
598260 1023
598472 268
598688 112
598900 48
599112 60
599320 96
599532 127
599752 199
599960 287
600172 399
600384 519
600596 647
600812 783
601024 911
601236 1023
601444 1023
601656 1023
601876 1023
602084 1023
602296 1023
602508 1023
602720 1023
602936 1023
603148 1023
603360 1023
603568 1023
603788 1023
603996 1023
604208 1023
604420 967
604632 816
604848 639
605060 480
605272 312
605484 140
605692 48
605912 56
606120 78
606332 124
606544 192
606756 270
606972 384
607184 504
607396 624
607608 768
607816 896
608036 1020
608244 1023
608456 1023
608668 1023
608884 1023
609096 1023
609308 1023
609520 1023
609732 1023
609948 1023
610160 1023
610368 1023
610580 1023
610792 1023
611008 1023
611220 992
611432 831
611644 671
611856 504
612072 319
612284 159
612492 56
612704 56
612916 71
613132 120
613344 192
613556 255
613768 384
613980 480
614196 608
614408 768
614616 865
614828 992
615044 1023
615256 1023
615468 1023
615680 1023
615892 1023
616108 1023
616320 1023
616532 1023
616740 1023
616952 1023
617168 1023
617380 1023
617592 1023
617804 1023
618016 1022
618232 864
618444 704
618656 536
618864 384
619076 199
619292 62
619504 48
619716 63
619928 112
620144 159
620356 240
620568 335
620780 448
620988 575
621208 707
621416 839
621628 967
621840 1023
622052 1023
622268 1023
622480 1023
622692 1023
622904 1023
623112 1023
623332 1023
623540 1023
623752 1023
623964 1023
624176 1023
624392 1023
624604 1023
624816 1023
625028 903
625236 768
625456 574
625664 399
625876 240
626088 96
626304 48
626516 62
626728 96
626940 143
627152 224
627368 318
627580 423
627788 543
628000 671
628212 807
628428 960
628640 1023
628852 1023
629064 1023
629272 1023
629492 1023
629704 1023
629912 1023
630124 1023
630336 1023
630552 1023
630764 1023
630976 1023
631188 1023
631404 1023
631616 1023
631828 926
632036 768
632248 608
632464 419
632676 255
632888 96
633100 48
633312 60
633528 96
633740 135
633952 224
634160 304
634372 408
634588 529
634800 655
635012 796
635224 924
635436 1023
635652 1023
635864 1023
636076 1023
636284 1023
636496 1023
636712 1023
636924 1023
637136 1023
637348 1023
637564 1023
637776 1023
637988 1023
638196 1023
638408 1023
638628 960
638836 799
639048 638
639260 480
639472 304
639688 127
639900 48
640112 56
640320 78
640532 124
640752 192
640960 271
641172 384
641384 504
641596 632
641812 768
642024 896
642236 1023
642444 1023
642656 1023
642876 1023
643084 1023
643296 1023
643508 1023
643724 1023
643936 1023
644148 1023
644360 1023
644568 1023
644788 1023
645000 1023
645208 1023
645420 992
645632 831
645848 670
646060 504
646272 327
646484 159
646692 56
646912 56
647124 71
647332 120
647544 192
647756 255
647972 384
648184 480
648396 608
648608 768
648824 768
649036 1008
649244 1023
649456 1023
649668 1023
649884 1023
650096 1023
650308 1023
650520 1023
650732 1023
650948 1023
651160 1023
651368 1023
651580 1023
651792 1023
652008 1023
652220 1016
652432 864
652644 704
652860 1023
653072 1023
653284 1023
653496 1023
653712 1023
653924 1023
654136 1023
654344 1023
654556 1023
654776 1023
654984 1023
655196 1023
655408 1023
655620 1023
655836 903
656048 768
656260 575
656468 408
656680 240
656900 96
657108 48
657320 62
657532 96
657744 142
657960 224
658172 316
658384 419
658592 543
658804 675
659020 816
659232 944
659444 1023
659656 1023
659872 1023
660084 1023
660296 1023
660508 1023
660716 1023
660936 1023
661144 1023
661356 1023
661568 1023
661780 1023
661996 1023
662208 1023
662420 1023
662632 927
662840 769
663060 608
663268 448
663480 255
663692 112
663904 48
664120 60
664332 96
664544 127
664756 199
664972 291
665184 398
665392 519
665604 647
665816 783
666032 920
666244 1023
666456 1023
666668 1023
666880 1023
667096 1023
667308 1023
667520 1023
667728 1023
667940 1023
668156 1023
668368 1023
668580 1023
668792 1023
669004 1023
669220 1023
669432 963
669644 807
669852 639
670064 480
670280 312
670492 142
670700 48
670912 56
671132 78
671340 124
671552 192
671764 270
671976 384
672192 496
672404 624
672616 768
672824 896
673036 1016
673256 1023
673464 1023
673676 1023
673888 1023
674100 1023
674316 1023
674528 1023
674740 1023
674948 1023
675160 1023
675380 1023
675588 1023
675800 1023
676012 1023
676228 992
676440 839
676652 671
676864 508
677072 335
677292 163
677500 56
677712 56
677924 70
678136 112
678352 192
678564 255
678776 256
678988 480
679196 608
679416 768
679624 864
679836 992
680048 1023
680260 1023
680476 1023
680688 1023
680900 1023
681112 1023
681320 1023
681540 1023
681748 1023
681960 1023
682172 1023
682388 1023
682600 1023
682812 1023
683024 1022
683236 864
683452 704
683664 531
683872 384
684084 199
684296 63
684512 48
684724 63
684936 112
685148 159
685360 240
685576 335
685788 448
685996 575
686208 704
686420 831
686636 967
686848 1023
687060 1023
687272 1023
687488 1023
687700 1023
687912 1023
688120 1023
688332 1023
688548 1023
688760 1023
688972 1023
689184 1023
689396 1023
689612 1023
689824 1023
690036 903
690244 768
690456 575
690672 399
690884 240
691096 96
691308 48
691520 62
691736 96
691948 143
692160 224
692368 316
692580 415
692796 543
693008 671
693220 807
693432 944
693648 1023
693860 1023
694072 1023
694284 1023
694492 1023
694712 1023
694920 1023
695132 1023
695344 1023
695556 1023
695772 1023
695984 1023
696196 1023
696408 1023
696616 1023
696836 927
697044 771
697256 608
697468 448
697680 263
697896 112
698108 48
698320 60
698532 96
698740 127
698960 199
699168 291
699380 399
699592 519
699808 655
700020 783
700232 920
700444 1023
700652 1023
700872 1023
701084 1023
701292 1023
701504 1023
701716 1023
701932 1023
702144 1023
702356 1023
702568 1023
702776 1023
702996 1023
703208 1023
703416 1023
703628 960
703840 799
704056 636
704268 480
704480 304
704692 135
704908 48
705120 56
705332 78
705540 124
705752 192
705968 271
706180 384
706392 504
706604 632
706816 768
707032 896
707252 1023
707464 1023
707680 1023
707892 1023
708104 1023
708312 1023
708524 1023
708744 1023
708952 1023
709164 1023
709376 1023
709588 993
709804 831
710016 671
710228 508
710436 332
710648 167
710868 56
711076 56
711288 71
711500 120
711712 192
711928 255
712140 384
712352 480
712560 608
712780 768
712992 864
713200 992
713412 1023
713624 1023
713840 1023
714052 1023
714264 1023
714476 1023
714684 1023
714904 1023
715116 1023
715324 1023
715536 1023
715748 1023
715964 1023
716176 1023
716388 1016
716600 864
716808 704
717028 519
717240 352
717448 192
717660 60
717872 48
718088 63
718300 112
718512 159
718724 248
718940 352
719152 455
719360 575
719572 711
719784 844
720000 992
720212 1023
720424 1023
720636 1023
720848 1023
721064 1023
721276 1023
721484 1023
721696 1023
721908 1023
722124 1023
722336 1023
722548 1023
722760 1023
722972 1023
723188 1023
723400 896
723608 768
723820 572
724040 391
724248 240
724460 78
724672 48
724884 62
725100 96
725312 143
725524 224
725732 318
725944 432
726164 551
726372 704
726584 824
726796 960
727008 1023
727224 1023
727436 1023
727648 1023
727856 1023
728068 1023
728288 1023
728496 1023
728708 1023
728920 1023
729132 1023
729348 1023
729560 1023
729772 1023
729980 1023
730200 927
730412 768
730620 608
730832 448
731044 255
731260 112
731472 48
731684 60
731896 96
732104 127
732324 206
732536 295
732744 401
732956 524
733168 654
733384 792
733596 920
733808 1023
734020 1023
734228 1023
734448 1023
734660 1023
734868 1023
735080 1023
735296 1023
735508 1023
735720 1023
735932 1023
736144 1023
736360 1023
736572 1023
736784 1023
736992 960
737204 798
737420 632
737632 451
737844 287
738056 127
738268 48
738484 56
738696 96
738908 127
739116 192
739328 280
739544 385
739756 510
739968 638
740180 768
740392 896
740608 1023
740820 1023
741032 1023
741240 1023
741460 1023
741672 1023
741880 1023
742092 1023
742304 1023
742520 1023
742732 1023
742944 1023
743156 1023
743364 1023
743584 1023
743796 992
744004 830
744216 668
744428 504
744644 319
744856 159
745068 56
745280 56
745488 71
745708 120
745920 192
746128 255
746340 384
746552 480
746768 608
746980 768
747192 896
747404 1008
747620 1023
747832 1023
748040 1023
748252 1023
748464 1023
748680 1023
748892 1023
749104 1023
749316 1023
749528 1023
749744 1023
749956 1023
750164 1023
750376 1023
750588 1023
750804 864
751016 704
751228 529
751440 384
751652 193
751868 60
752080 48
752288 63
752500 112
752720 159
752928 248
753140 352
753352 451
753564 575
753780 711
753992 844
754204 972
754412 1023
754624 1023
754844 1023
755052 1023
755264 1023
755476 1023
755688 1023
755904 1023
756116 1023
756328 1023
756536 1023
756748 1023
756968 1023
757176 1023
757388 1023
757600 896
757812 736
758028 551
758240 384
758448 224
758660 67
758880 48
759088 63
759300 96
759512 152
759724 224
759940 319
760152 448
760364 568
760572 704
760784 828
761004 960
761212 1023
761424 1023
761636 1023
761844 1023
762056 1023
762268 1023
762480 1023
762696 1023
762908 1023
763120 1023
763328 1023
763548 1023
763756 927
763968 769
764180 608
764392 448
764608 255
764820 112
765032 48
765244 60
765452 96
765672 127
765880 199
766092 287
766304 399
766516 515
766732 647
766944 783
767156 911
767368 1023
767576 1023
767796 1023
768004 1023
768216 1023
768428 1023
768644 1023
768856 1023
769068 1023
769280 1023
769488 1023
769708 1023
769920 1023
770128 1023
770340 1023
770552 969
770768 816
770980 639
771192 480
771404 312
771612 143
771832 48
772044 56
772252 71
772464 124
772676 192
772892 268
773104 384
773316 496
773528 624
773736 768
773956 896
774168 1016
774376 1023
774588 1023
774804 1023
775016 1023
775228 1023
775440 1023
775652 1023
775868 1023
776080 1023
776292 1023
776500 1023
776712 1023
776928 1023
777140 1023
777352 993
777564 839
777776 671
777992 508
778204 332
778416 167
778624 56
778836 56
779052 71
779264 112
779476 192
779688 255
779900 384
780116 480
780328 608
780536 768
780748 864
780968 992
781176 1023
781388 1023
781600 1023
781812 1023
782028 1023
782240 1023
782452 1023
782660 1023
782872 1023
783092 1023
783300 1023
783512 1023
783724 1023
783936 1023
784152 1023
784364 896
784576 707
784784 543
784996 384
785216 204
785424 63
785636 48
785848 63
786064 112
786276 158
786488 240
786700 327
786908 448
787128 572
787340 704
787548 831
787760 960
787972 1023
788188 1023
788400 1023
788612 1023
788824 1023
789032 1023
789252 1023
789464 1023
789672 1023
789884 1023
790096 1023
790312 1023
790524 1023
790736 1023
790948 1023
791156 911
791376 768
791588 575
791796 414
792008 248
792224 96
792436 48
792648 62
792860 96
793072 135
793288 224
793500 312
793708 415
793920 542
794132 670
794348 799
794560 931
794772 1023
794984 1023
795196 1023
795412 1023
795624 1023
795832 1023
796044 1023
796256 1023
796472 1023
796684 1023
796896 1023
797108 1023
797324 1023
797536 1023
797748 1023
797956 934
798168 775
798388 608
798596 448
798808 263
799020 112
799232 48
799448 60
799660 96
799872 127
800080 199
800292 287
800512 399
800720 519
800932 639
801144 780
801356 911
801572 1023
801784 1023
801996 1023
802204 1023
802416 1023
802636 1023
802848 1023
803056 1023
803268 1023
803484 1023
803696 1023
803908 1023
804120 1023
804332 1023
804548 1023
804760 963
804972 816
805180 639
805392 480
805608 312
805820 142
806032 48
806244 56
806456 71
806672 124
806884 192
807096 268
807304 384
807516 496
807732 624
807944 768
808156 896
808368 1016
808584 1023
808796 1023
809008 1023
809216 1023
809428 1023
809648 1023
809856 1023
810068 1023
810280 1023
810492 1023
810708 1023
810920 1023
811132 1023
811340 1023
811552 1008
811772 847
811980 704
812192 512
812404 352
812616 192
812832 56
813044 56
813256 67
813464 112
813676 163
813896 252
814104 352
814316 480
814528 590
814744 736
814956 864
815168 992
815380 1023
815588 1023
815808 1023
816028 1023
816244 1023
816456 1023
816668 1023
816876 931
817088 775
817304 608
817516 448
817728 263
817940 112
818152 48
818368 60
818580 96
818792 127
819000 199
819212 287
819428 399
819640 519
819852 647
820064 783
820276 911
820492 1023
820704 1023
820916 1023
821124 1023
821344 1023
821552 1023
821764 1023
821976 1023
822188 1023
822404 1023
822616 1023
822828 1023
823036 1023
823248 1023
823468 1023
823676 960
823888 799
824100 638
824312 480
824528 287
824740 127
824952 48
825160 56
825372 79
825592 126
825800 192
826012 273
826224 384
826436 504
826652 632
826864 768
827072 896
827284 1020
827504 1023
827712 1023
827924 1023
828136 1023
828348 1023
828564 1023
828776 1023
828988 1023
829196 1023
829408 1023
829628 1023
829836 1023
830048 1023
830260 1023
830472 992
830688 831
830900 670
831112 504
831320 327
831532 167
831752 56
831960 56
832172 71
832384 120
832600 192
832812 255
833024 384
833236 480
833444 608
833664 768
833876 865
834084 992
834296 1023
834508 1023
834724 1023
834936 1023
835148 1023
835360 1023
835568 1023
835788 1023
836000 1023
836208 1023
836420 1023
836632 1023
836848 1023
837060 1023
837272 1023
837484 896
837692 711
837912 542
838124 384
838332 199
838544 63
838760 48
838972 63
839184 112
839396 158
839608 240
839824 334
840036 448
840244 574
840456 704
840668 831
840884 963
841096 1023
841308 1023
841520 1023
841732 1023
841948 1023
842160 1023
842368 1023
842580 1023
842792 1023
843008 1023
843220 1023
843432 1023
843644 1023
843860 1023
844072 1023
844284 897
844492 768
844704 574
844924 391
845132 225
845344 71
845556 48
845768 62
845984 96
846196 143
846408 224
846616 318
846828 432
847048 560
847256 688
847468 816
847680 960
847892 1023
848108 1023
848320 1023
848532 1023
848740 1023
848952 1023
849172 1023
849380 1023
849592 1023
849804 1023
850020 1023
850232 1023
850444 1023
850656 1023
850864 1023
851084 927
851292 768
851504 608
851716 448
851928 263
852144 112
852356 48
852568 60
852780 96
852988 127
853208 199
853416 287
853628 399
853840 519
854052 639
854268 783
854480 911
854692 1023
854904 1023
855112 1023
855332 1023
855540 1023
855752 1023
855964 1023
856180 1023
856392 1023
856604 1023
856816 1023
857028 1023
857244 1023
857456 1023
857664 1023
857876 967
858088 816
858304 639
858516 480
858728 312
858940 143
859152 48
859368 56
859580 76
859788 124
860000 192
860212 268
860428 384
860640 496
860852 624
861064 768
861280 896
861492 1016
861704 1023
861912 1023
862124 1023
862340 1023
862552 1023
862764 1023
862976 1023
863188 1023
863404 1023
863616 1023
863828 1023
864036 1023
864248 1023
864464 1023
864676 992
864888 831
865100 671
865312 508
865528 327
865740 163
865952 56
866160 56
866372 70
866588 120
866800 192
867008 255
867220 352
867440 480
867648 608
867860 768
868072 864
868284 992
868500 1023
868712 1023
868924 1023
869132 1023
869344 1023
869564 1023
869772 1023
869984 1023
870196 1023
870408 1023
870620 1023
870836 1023
871048 1023
871260 1023
871468 1023
871680 1016
871900 864
872108 704
872320 519
872532 352
872744 192
872960 56
873172 48
873384 67
873592 112
873804 159
874024 252
874232 352
874444 462
874656 583
874868 718
875084 864
875296 992
875508 1023
875716 1023
875928 1023
876148 1023
876356 1023
876568 1023
876780 1023
876996 1023
877208 1023
877420 1023
877632 1023
877840 1023
878060 1023
878272 1023
878480 1023
878692 896
878904 711
879120 543
879332 384
879544 206
879756 63
879964 48
880184 63
880396 112
880604 158
880816 240
881028 327
881244 448
881456 572
881668 704
881880 831
882088 960
882308 1023
882516 1023
882728 1023
882940 1023
883156 1023
883368 1023
883580 1023
883792 1023
884004 1023
884220 1023
884432 1023
884640 1023
884852 1023
885064 1023
885280 1023
885492 908
885704 768
885916 575
886128 415
886344 248
886556 96
886764 48
886976 62
887188 96
887404 142
887616 224
887828 312
888040 415
888256 543
888468 671
888680 799
888888 931
889100 1023
889320 1023
889528 1023
889740 1023
889952 1023
890164 1023
890380 1023
890592 1023
890804 1023
891016 1023
891224 1023
891444 1023
891656 1023
891864 1023
892076 1023
892288 960
892504 783
892716 624
892928 448
893140 284
893348 120
893568 39
893780 60
893988 96
894200 127
894416 193
894628 287
894840 391
895052 511
895264 639
895480 774
895692 903
895904 1023
896112 1023
896324 1023
896540 1023
896752 1023
896964 1023
897176 1023
897388 1023
897604 1023
897816 1023
898028 1023
898236 1023
898448 1023
898664 1023
898876 1023
899088 967
899300 824
899516 639
899728 480
899940 312
900148 143
900360 48
900580 56
900788 76
901000 124
901212 192
901424 263
901640 384
901852 496
902064 624
902272 768
902484 896
902704 1016
902912 1023
903124 1023
903336 1023
903548 1023
903764 1023
903976 1023
904188 1023
904396 1023
904608 1023
904828 1023
905036 1023
905248 1023
905460 1023
905676 1023
905888 1008
906100 844
906312 704
906520 512
906740 352
906952 192
907160 56
907372 48
907584 67
907800 112
908012 176
908224 252
908436 352
908644 463
908864 591
909076 736
909284 864
909496 992
909708 1023
909924 1023
910136 1023
910348 1023
910560 1023
910776 1023
910988 1023
911196 1023
911408 1023
911620 1023
911836 1023
912048 1023
912260 1023
912472 1023
912684 1023
912900 896
913112 736
913320 560
913532 384
913744 224
913960 63
914172 48
914384 63
914596 96
914808 152
915024 240
915236 319
915444 448
915656 568
915868 704
916084 830
916296 960
916508 1023
916720 1023
916936 1023
917148 1023
917360 1023
917568 1023
917780 1023
918000 1023
918208 1023
918420 1023
918632 1023
918844 1023
919060 1023
919272 1023
919484 1023
919692 908
919904 768
920124 575
920332 408
920544 248
920756 96
920968 48
921184 62
921396 96
921608 142
921816 224
922036 316
922244 415
922456 543
922668 671
922880 799
923096 944
923308 1023
923520 1023
923732 1023
923940 1023
924160 1023
924368 1023
924580 1023
924800 1023
925012 1023
925220 1023
925440 1023
925648 1023
925860 1023
926072 1023
926284 1023
926500 992
926712 831
926924 671
927136 508
927344 335
927564 167
927772 56
927984 56
928196 71
928408 112
928624 192
928836 255
929048 384
929260 480
929476 608
929688 768
929896 864
930108 992
930320 1023
930536 1023
930748 1023
930960 1023
931172 1023
931380 1023
931600 1023
931812 1023
932020 1023
932232 1023
932444 1023
932660 1023
932872 1023
933084 1023
933296 1023
933504 896
933724 707
933936 542
934144 384
934356 206
934572 63
934784 48
934996 63
935208 112
935420 158
935636 240
935848 332
936060 448
936268 572
936480 704
936696 831
936908 963
937120 1023
937332 1023
937544 1023
937760 1023
937972 1023
938184 1023
938392 1023
938604 1023
938820 1023
939032 1023
939244 1023
939456 1023
939668 1023
939884 1023
940096 1023
940308 896
940516 768
940736 568
940944 391
941156 224
941368 71
941580 48
941796 63
942008 96
942220 143
942428 224
942640 318
942860 448
943068 560
943280 704
943492 824
943704 960
943920 1023
944132 1023
944344 1023
944552 1023
944764 1023
944984 1023
945192 1023
945404 1023
945616 1023
945832 1023
946044 1023
946256 1023
946468 1023
946676 1023
946896 1023
947108 927
947316 768
947528 608
947740 448
947956 255
948168 112
948380 48
948592 60
948800 96
949020 127
949232 199
949440 291
949652 399
949864 521
950080 655
950292 792
950504 924
950716 1023
950924 1023
951144 1023
951356 1023
951564 1023
951776 1023
951992 1023
952204 1023
952416 1023
952628 1023
952840 1023
953056 1023
953268 1023
953476 1023
953688 1023
953900 963
954116 799
954328 639
954540 480
954752 304
954964 134
955180 48
955392 56
955600 79
955812 126
956024 192
956240 275
956452 384
956664 504
956876 632
957088 768
957304 896
957516 1022
957724 1023
957936 1023
958156 1023
958364 1023
958576 1023
958788 1023
959000 1023
959216 1023
959428 1023
959640 1023
959848 1023
960060 1023
960280 1023
960492 1023
960700 992
960912 830
961124 664
961340 496
961552 319
961764 158
961976 48
962184 56
962404 71
962616 120
962824 192
963036 255
963252 384
963464 481
963676 608
963888 768
964100 896
964316 1008
964528 1023
964740 1023
964948 1023
965160 1023
965376 1023
965588 1023
965800 1023
966012 1023
966224 1023
966440 1023
966652 1023
966864 1023
967072 1023
967284 1023
967500 1016
967712 864
967924 704
968136 527
968348 384
968564 192
968776 60
968984 48
969196 63
969416 112
969624 159
969836 248
970048 352
970260 451
970476 583
970688 711
970900 846
971108 975
971320 1023
971540 1023
971748 1023
971960 1023
972172 1023
972384 1023
972600 1023
972812 1023
973024 1023
973232 1023
973444 1023
973664 1023
973872 1023
974084 1023
974296 1023
974512 896
974724 768
974936 568
975148 391
975356 225
975576 71
975788 48
975996 63
976208 96
976420 143
976636 224
976848 319
977060 448
977272 560
977480 704
977700 824
977912 960
978120 1023
978332 1023
978544 1023
978760 1023
978972 1023
979192 1023
979404 1023
979612 1023
979832 1023
980040 1023
980252 1023
980464 1023
980676 1023
980892 1023
981104 1023
981316 1023
981528 1023
981736 960
981956 796
982164 632
982376 455
982588 287
982800 127
983016 48
983228 56
983440 96
983652 127
983868 192
984080 284
984288 385
984500 510
984712 638
984928 768
985140 899
985352 1023
985564 1023
985776 1023
985992 1023
986204 1023
986412 1023
986624 1023
986836 1023
987052 1023
987264 1023
987476 1023
987688 1023
987900 1023
988116 1023
988328 1023
988536 972
988748 824
988960 652
989176 480
989388 316
989596 147
989808 48
990028 56
990236 71
990448 120
990660 192
990872 255
991088 384
991300 496
991512 624
991720 768
991932 896
992152 1016
992360 1023
992572 1023
992784 1023
992996 1023
993212 1023
993424 1023
993636 1023
993844 1023
994056 1023
994276 1023
994484 1023
994696 1023
994908 1023
995124 1023
995336 1016
995548 864
995760 704
995968 519
996188 352
996396 192
996608 60
996820 48
997032 63
997248 112
997460 159
997672 248
997884 352
998092 455
998312 583
998520 736
998732 864
998944 992
999156 1023
999372 1023
999584 1023
999796 1023
1000008 1023
1000216 1023
1000436 1023
1000644 1023
1000856 1023
1001068 1023
1001284 1023
1001496 1023
1001708 1023
1001920 1023
1002132 1023
1002348 896
1002560 736
1002768 560
1002980 384
1003192 224
1003408 63
1003620 48
1003832 63
1004044 96
1004256 152
1004472 240
1004684 319
1004892 448
1005104 568
1005316 704
1005532 828
1005744 960
1005956 1023
1006168 1023
1006384 1023
1006596 1023
1006808 1023
1007016 1023
1007228 1023
1007444 1023
1007656 1023
1007868 1023
1008080 1023
1008292 1023
1008508 1023
1008720 1023
1008932 1023
1009140 908
1009352 768
1009568 575
1009780 408
1009992 248
1010204 96
1010416 48
1010632 62
1010844 96
1011056 140
1011264 224
1011476 312
1011692 415
1011904 543
1012116 671
1012328 799
1012544 935
1012756 1023
1012968 1023
1013180 1023
1013388 1023
1013608 1023
1013816 1023
1014028 1023
1014240 1023
1014452 1023
1014668 1023
1014880 1023
1015092 1023
1015304 1023
1015512 1023
1015732 1023
1015940 960
1016152 783
1016364 624
1016576 449
1016792 280
1017004 124
1017216 48
1017428 56
1017636 96
1017856 127
1018064 193
1018276 286
1018488 387
1018704 512
1018916 639
1019128 771
1019340 903
1019548 1023
1019768 1023
1019980 1023
1020188 1023
1020400 1023
1020612 1023
1020828 1023
1021040 1023
1021252 1023
1021464 1023
1021672 1023
1021892 1023
1022104 1023
1022312 1023
1022524 1023
1022736 992
1022952 824
1023164 651
1023376 481
1023588 316
1023804 143
1024016 48
1024228 56
1024436 71
1024648 120
1024864 192
1025076 263
1025288 384
1025500 496
1025712 624
1025928 768
1026140 896
1026352 1016
1026560 1023
1026772 1023
1026988 1023
1027200 1023
1027412 1023
1027624 1023
1027836 1023
1028052 1023
1028264 1023
1028476 1023
1028684 1023
1028896 1023
1029112 1023
1029324 1023
1029532 1008
1029744 846
1029960 675
1030172 511
1030384 352
1030596 192
1030808 56
1031024 56
1031236 67
1031448 112
1031656 166
1031868 252
1032084 352
1032296 480
1032508 591
1032720 736
1032932 864
1033148 992
1033360 1023
1033576 1023
1033788 1023
1034000 1023
1034212 1023
1034420 1023
1034640 1023
1034848 1023
1035060 1023
1035272 896
1035484 768
1035700 560
1035912 384
1036124 224
1036332 71
1036544 48
1036764 63
1036972 96
1037184 147
1037396 224
1037608 319
1037824 448
1038036 560
1038248 704
1038456 824
1038676 960
1038888 1023
1039096 1023
1039308 1023
1039520 1023
1039736 1023
1039948 1023
1040160 1023
1040372 1023
1040580 1023
1040800 1023
1041012 1023
1041220 1023
1041432 1023
1041644 1023
1041860 1023
1042072 924
1042284 768
1042496 608
1042704 448
1042924 255
1043136 112
1043344 48
1043556 60
1043768 96
1043984 127
1044196 199
1044404 291
1044616 399
1044832 527
1045044 655
1045256 783
1045468 920
1045680 1023
1045896 1023
1046108 1023
1046320 1023
1046528 1023
1046740 1023
1046956 1023
1047168 1023
1047380 1023
1047592 1023
1047804 1023
1048020 1023
1048232 1023
1048444 1023
1048652 1023
1048864 960
1049080 799
1049292 638
1049504 480
1049716 295
1049932 127
1050144 48
1050356 56
1050564 79
1050776 126
1050996 192
1051204 273
1051416 384
1051628 504
1051840 632
1052056 768
1052268 896
1052480 1020
1052688 1023
1052900 1023
1053120 1023
1053328 1023
1053540 1023
1053752 1023
1053964 1023
1054180 1023
1054392 1023
1054604 1023
1054812 1023
1055024 1023
1055244 1023
1055452 1023
1055664 992
1055876 830
1056092 655
1056304 496
1056516 319
1056728 159
1056936 56
1057156 56
1057368 71
1057576 120
1057788 192
1058000 255
1058216 384
1058428 480
1058640 608
1058852 768
1059060 880
1059280 1008
1059492 1023
1059700 1023
1059912 1023
1060124 1023
1060340 1023
1060552 1023
1060764 1023
1060976 1023
1061192 1023
1061404 1023
1061612 1023
1061824 1023
1062036 1023
1062252 1023
1062464 1020
1062676 864
1062888 704
1063100 536
1063316 384
1063528 195
1063736 62
1063948 48
1064160 63
1064376 112
1064588 159
1064800 240
1065012 335
1065224 448
1065440 575
1065652 705
1065860 838
1066072 967
1066284 1023
1066500 1023
1066712 1023
1066924 1023
1067136 1023
1067352 1023
1067564 1023
1067776 1023
1067984 1023
1068196 1023
1068416 1023
1068624 1023
1068836 1023
1069048 1023
1069260 1023
1069476 896
1069688 768
1069900 572
1070112 391
1070320 240
1070540 71
1070752 48
1070960 63
1071172 96
1071384 143
1071600 224
1071812 319
1072024 448
1072236 547
1072444 704
1072664 824
1072876 960
1073084 1023
1073296 1023
1073512 1023
1073724 1023
1073936 1023
1074148 1023
1074360 1023
1074576 1023
1074788 1023
1075000 1023
1075208 1023
1075420 1023
1075636 1023
1075848 1023
1076060 1023
1076272 924
1076484 768
1076700 591
1076912 419
1077124 255
1077332 96
1077544 48
1077760 60
1077972 96
1078184 135
1078396 206
1078612 304
1078824 412
1079036 527
1079244 655
1079456 792
1079676 926
1079884 1023
1080096 1023
1080308 1023
1080520 1023
1080736 1023
1080948 1023
1081160 1023
1081368 1023
1081580 1023
1081800 1023
1082008 1023
1082220 1023
1082432 1023
1082644 1023
1082860 1023
1083072 960
1083284 799
1083492 638
1083704 480
1083920 295
1084132 135
1084340 48
1084552 56
1084768 79
1084980 124
1085192 192
1085404 271
1085616 384
1085832 504
1086044 632
1086252 768
1086464 896
1086676 1020
1086892 1023
1087104 1023
1087316 1023
1087528 1023
1087740 1023
