20 480
84 408
144 335
212 271
276 224
336 163
400 126
460 96
524 60
588 35
648 28
712 24
772 28
836 39
896 63
960 96
1020 127
1084 176
1148 224
1216 271
1276 332
1340 385
1400 448
1464 508
1528 568
1588 624
1652 668
1712 711
1776 768
1836 792
1900 824
1960 839
2024 864
2088 864
2148 864
2216 864
2280 839
2340 824
2404 796
2468 768
2528 736
2592 679
2652 638
2716 590
2776 543
2840 496
2904 448
2964 399
3028 368
3088 318
3152 280
3212 248
3284 224
3344 193
3408 192
3468 176
3532 167
3592 176
3656 192
3716 193
3780 224
3844 248
3904 270
3968 304
4028 352
4092 384
4152 415
4216 455
4284 504
4348 543
4408 575
4472 624
4532 639
4596 671
4660 704
4720 736
4784 768
4844 768
4908 768
4968 768
5032 768
5092 768
5156 736
5220 705
5288 688
5348 655
5412 632
5472 608
5536 568
5600 527
5660 504
5724 463
5784 448
5848 399
5908 384
5972 352
6036 319
6096 312
6160 287
6220 271
6284 263
6348 255
6412 255
6476 271
6536 284
6600 295
6660 316
6724 327
6784 368
6848 384
6908 412
6972 448
7036 480
7096 496
7160 519
7220 543
7284 575
7352 608
7416 624
7476 639
7540 647
7600 668
7664 671
7724 671
7788 671
7848 671
7912 668
7976 655
8036 639
8100 632
8160 624
8224 591
8284 575
8356 543
8416 519
8480 504
8540 480
8604 451
8664 448
8728 414
8792 387
8852 384
8916 384
8976 352
9040 352
9100 335
9164 332
9224 334
9288 335
9352 352
9420 352
9480 384
9544 384
9604 391
9668 415
9732 448
9792 449
9856 480
9916 496
9980 511
10040 527
10104 543
10168 568
10228 575
10292 591
10352 608
10420 609
10484 624
10548 624
10608 624
10672 624
10732 624
10796 608
10856 608
10920 591
10980 575
11044 568
11108 547
11168 527
11232 515
11292 504
11356 481
11424 480
11488 448
11548 448
11612 415
11672 414
11736 398
11796 391
11860 384
11924 384
11984 384
12048 384
12108 384
12172 385
12232 391
12296 399
12356 414
12420 419
12488 448
12552 448
12612 460
12676 480
12736 496
12800 508
12864 513
12924 527
12988 542
13048 543
13112 560
13172 572
13236 574
13300 575
13360 575
13424 575
13492 575
13552 575
13616 574
13680 572
13740 560
13804 547
13864 542
13928 527
13988 515
14052 510
14112 504
14176 481
14240 480
14300 462
14364 449
14424 448
14492 448
14556 432
14620 415
14680 415
14744 415
14804 414
14868 414
14928 415
14992 415
15056 419
15116 432
15180 448
15240 448
15304 448
15364 455
15428 480
15488 480
15560 496
15620 504
15684 510
15744 513
15808 519
15868 529
15932 540
15996 543
