20 455
84 384
144 271
208 192
272 127
332 76
396 48
456 30
520 31
580 56
644 96
712 152
776 224
836 287
900 384
960 462
1024 543
1084 632
1148 704
1212 768
1272 816
1336 847
1396 880
1460 896
1520 864
1584 831
1648 798
1716 768
1776 671
1840 608
1900 536
1964 455
2028 385
2088 319
2152 255
2212 224
2276 192
2336 159
2400 143
2460 156
2524 176
2588 199
2648 248
2716 304
2780 368
2840 415
2904 481
2968 543
3028 608
3092 655
3152 704
3216 768
3276 768
3340 775
3404 780
3464 768
3528 768
3588 711
3652 671
3712 632
3780 572
3844 512
3908 455
3968 408
4032 368
4092 319
4156 280
4216 255
4280 240
4344 240
4404 248
4468 255
4528 280
4592 316
4652 352
4716 391
4784 448
4848 496
4908 543
4972 575
5032 632
5096 654
5160 688
5220 704
5284 704
5344 704
5408 704
5468 675
5532 652
5592 632
5656 583
5720 547
5788 508
5848 463
5912 415
5972 385
6036 368
6100 327
6160 318
6224 304
6284 304
6348 312
6408 319
6472 335
6536 384
6596 391
6660 423
6720 455
6784 496
6852 536
6916 572
6976 608
7040 624
7100 639
7164 639
7224 652
7288 647
7348 639
7412 636
7476 608
7536 583
7600 560
7660 527
7724 504
7784 480
7856 448
7916 412
7980 384
8040 384
8104 368
8164 352
8228 352
8292 352
8352 384
8416 384
8476 398
8540 415
8600 448
8664 480
8724 504
8788 526
8852 547
8920 575
8980 590
9044 608
9104 609
9168 624
9232 609
9292 608
9356 591
9416 575
9480 560
9540 540
9604 512
9668 496
9728 480
9792 448
9852 423
9920 408
9984 391
10048 384
10108 384
10172 384
10232 384
10296 391
10356 408
10420 419
10480 448
10544 455
10608 480
10668 504
10732 515
10792 540
10856 551
10924 572
10988 575
11048 575
11112 575
11172 575
11236 575
11296 568
11360 551
11424 540
11484 519
11548 508
11608 496
11672 480
11732 451
11796 448
11856 432
11920 415
11988 414
12052 412
12112 412
12176 415
12236 415
12300 448
12364 448
12424 451
12488 480
12548 481
12612 504
12672 512
12736 526
12800 540
12860 543
12924 551
12992 560
13052 568
13116 560
13180 551
13240 543
13304 536
13364 519
13428 511
13488 504
13552 496
13612 480
13676 455
13740 449
13800 448
13864 448
13924 448
13992 448
14056 448
14120 448
14180 448
14244 448
14304 455
14368 480
14428 480
14492 496
14556 504
14616 511
14680 515
14740 527
14804 536
14864 542
14928 542
14988 543
15060 540
15120 536
15184 527
15244 519
15308 512
15368 508
15432 504
15496 481
15556 480
15620 480
15680 460
15744 448
15804 448
15868 448
15932 448
15992 448
