# 62.635294117647057	2.496336415976443
20 423
80 304
144 192
204 112
268 56
328 31
392 48
460 97
524 192
584 287
648 408
708 527
772 652
832 768
896 844
960 899
1020 927
1084 920
1144 896
1208 799
1268 704
1332 591
1396 480
1456 352
1520 248
1584 156
1648 96
1708 63
1772 67
1832 112
1896 128
1956 255
2020 384
2084 481
2144 608
2208 704
2268 792
2332 864
2392 896
2456 896
2524 864
2588 799
2648 716
2712 624
2772 510
2836 391
2896 287
2960 199
3020 135
3084 112
3148 96
3208 124
3272 176
3332 252
3396 352
3456 448
3528 572
3588 668
3652 768
3712 824
3776 864
3836 864
3900 847
3960 799
4024 768
4088 639
4148 543
4212 448
4272 352
4336 255
4396 192
4460 143
4524 127
4592 140
4652 192
4716 252
4776 327
4840 432
4904 524
4964 624
5028 704
5088 769
5152 824
5212 831
5276 831
5336 798
5400 768
5464 664
5524 574
5592 480
5656 384
5716 287
5780 224
5844 192
5904 158
5968 159
6028 192
6092 248
6152 316
6216 396
6280 496
6340 575
6404 664
6464 736
6528 775
6596 807
6660 807
6720 783
6784 768
6844 670
6908 588
6968 508
7032 415
7092 332
7156 255
7220 224
7280 192
7344 192
7404 195
7468 240
7528 304
7592 384
7660 480
7724 551
7784 632
7848 704
7908 768
7972 775
8036 783
8096 769
8160 768
8220 675
8284 608
8344 527
8408 448
8468 384
8532 312
8596 252
8664 224
8724 199
8788 224
8848 252
8912 295
8976 384
9036 448
9100 515
9160 591
9224 655
9284 711
9348 768
9412 768
9472 768
9536 736
9596 688
9664 624
9728 543
9792 480
9852 399
9916 334
9976 286
10040 248
10100 240
10164 240
10224 255
10288 295
10352 352
10412 415
10476 496
10536 568
10600 632
10660 675
10732 736
10792 768
10856 768
10916 718
10980 688
11040 636
11104 572
11168 504
11228 448
11292 384
11352 318
11416 271
11476 255
11540 252
11600 255
11664 295
11732 352
11796 408
11856 480
11920 536
11980 608
12044 639
12108 704
12168 711
12232 718
12292 704
12356 671
12416 639
12480 575
12544 519
12604 455
12668 399
12736 352
12796 304
12860 280
12924 270
12984 280
13048 312
13108 352
13172 391
13232 449
13296 512
13356 572
13420 624
13484 655
13544 704
13608 704
13668 704
13732 671
13800 636
13864 583
13924 527
13988 480
14048 415
14112 384
14172 319
14236 304
14300 287
14360 287
14424 312
14484 352
14548 384
14608 448
14672 496
14732 543
14804 608
14864 639
14928 668
14988 675
15052 675
15112 655
15176 636
15240 591
15300 543
15364 496
15424 448
15488 387
15548 352
15612 319
15676 312
15736 312
15804 318
15868 352
15928 384
15992 432
