20 387
60 352
104 304
144 255
188 224
232 192
272 143
320 112
364 96
404 63
448 48
492 31
532 30
576 30
616 31
660 48
700 56
744 71
788 96
828 124
872 156
912 192
956 224
996 255
1040 304
1080 352
1124 384
1168 448
1208 480
1252 512
1292 560
1340 608
1384 638
1428 668
1468 704
1512 719
1552 768
1596 768
1636 768
1680 775
1724 775
1764 771
1808 768
1848 768
1892 768
1932 719
1976 704
2016 670
2060 639
2104 608
2144 572
2188 527
2228 496
2272 449
2312 412
2364 384
2404 319
2448 287
2488 255
2532 224
2572 192
2616 159
2660 135
2700 124
2744 112
2784 96
2828 96
2868 78
2912 79
2952 96
2996 96
3040 112
3080 127
3124 147
3164 176
3208 199
3248 240
3292 255
3336 304
3384 352
3424 384
3468 415
3508 451
3552 496
3596 527
3636 560
3680 590
3720 624
3764 639
3804 671
3848 704
3888 704
3932 719
3976 736
4016 736
4060 736
4100 736
4144 719
4184 704
4228 704
4272 671
4312 639
4356 632
4404 590
4444 568
4488 526
4532 496
4572 455
4616 423
4656 387
4700 352
4740 319
4784 287
4824 255
4868 240
4912 206
4952 192
4996 159
5036 152
5080 135
5120 127
5164 126
5208 126
5248 126
5292 127
5332 142
5376 158
5424 192
5468 195
5508 224
5552 252
5592 271
5636 312
5676 335
5720 384
5760 399
5804 448
5848 463
5888 504
5932 527
5972 560
6016 575
6056 608
6100 632
6144 639
6184 664
6228 671
6268 688
6312 704
6352 704
6396 704
6444 688
6488 671
6528 655
6572 639
6612 632
6656 608
6696 575
6740 560
6784 526
6824 504
6868 480
6908 448
6952 408
6992 384
7036 352
7080 319
7120 287
7164 255
7204 248
7248 224
7288 206
7332 192
7372 192
7416 167
7460 159
7508 159
7548 159
7592 163
7632 192
7676 192
7720 195
7760 224
7804 240
7844 255
7888 284
7928 312
7972 332
8016 368
8056 385
8100 415
8140 448
8184 480
8224 504
8268 519
8308 543
8352 572
8396 591
8436 608
8480 632
8528 638
8568 639
8612 647
8656 654
8696 652
8740 639
8780 639
8824 636
8864 624
8908 608
8948 583
8992 572
9036 543
9076 519
9120 504
9160 480
9204 448
9244 415
9288 391
9332 384
9372 352
9416 319
9456 304
9500 275
9544 255
9588 248
9632 224
9672 224
9716 204
9756 195
9800 193
9840 192
9884 195
9924 199
9968 224
10012 224
10052 240
10096 254
10136 263
10180 287
10220 312
10264 327
10308 353
10348 384
10392 399
10432 432
10476 449
10516 480
10564 504
10608 519
10652 542
10692 560
10736 575
10776 588
10820 608
10860 608
