#62.635294117647057	2.4455500627820417
20 480
80 415
144 368
204 312
268 252
332 199
400 158
460 120
524 96
584 62
648 48
712 31
772 31
836 35
896 56
960 63
1020 96
1084 127
1144 159
1208 204
1272 254
1332 312
1400 384
1464 415
1524 480
1588 527
1652 583
1712 639
1776 704
1836 768
1900 775
1960 824
2024 864
2088 896
2148 896
2212 908
2272 913
2336 911
2396 903
2464 896
2528 880
2592 839
2652 816
2716 771
2776 768
2840 704
2900 639
2964 583
3028 536
3088 480
3152 448
3212 384
3276 327
3336 286
3400 248
3468 195
3532 163
3592 135
3656 120
3716 97
3780 96
3844 96
3904 96
3968 112
4028 120
4092 135
4152 163
4216 195
4276 240
4340 280
4404 319
4464 384
4532 415
4596 480
4656 515
4720 572
4784 624
4844 655
4908 704
4968 768
5032 768
5092 799
5156 824
5220 839
5280 864
5344 864
5404 864
5468 864
5536 831
5600 824
5660 799
5724 769
5784 768
5848 704
5908 664
5972 624
6032 575
6096 529
6160 496
6220 448
6284 391
6344 352
6408 316
6468 271
6540 240
6600 224
6664 192
6724 159
6788 156
6848 142
6912 135
6976 142
7036 152
7100 163
7160 192
7224 224
7284 240
7348 255
7408 304
7472 352
7536 384
7604 432
7664 480
7728 512
7788 560
7852 608
7916 636
7976 671
8040 704
8100 768
8164 768
8224 775
8288 798
8352 799
8412 816
8476 816
8536 807
8604 799
8668 780
8732 768
8792 768
8856 707
8916 671
8980 639
9040 608
9104 572
9164 527
9228 496
9292 448
9352 412
9416 384
9476 335
9540 312
9608 271
9672 252
9732 224
9796 224
9856 192
9920 192
9980 192
10044 192
10104 192
10168 199
10232 224
10292 248
10356 255
10416 287
10480 319
10540 353
10604 387
10668 448
10732 480
10796 508
10856 543
10920 575
10980 608
11044 639
11104 671
11168 704
11228 736
11292 768
11356 768
11416 768
11480 768
11540 768
11604 768
11672 768
11732 768
11796 736
11860 704
11920 704
11984 654
12044 632
12108 608
12168 568
12232 527
12296 496
12356 455
12420 419
12480 391
12544 384
12604 327
12672 304
12736 280
12800 255
12860 248
12924 240
12984 224
13048 224
13108 224
13172 240
13236 248
13296 254
13360 270
13420 287
13484 318
13544 352
13608 384
13668 399
13740 448
13800 480
13864 508
13924 536
13988 572
14048 608
14112 632
14176 639
14236 671
14300 704
14360 707
14424 736
14484 736
14548 768
14612 768
14672 768
14740 736
14804 716
14864 704
14928 704
14992 664
15052 639
15116 624
15176 583
15240 560
15300 527
15364 504
15424 480
15488 448
15552 408
15612 384
15676 352
15744 327
15804 312
15868 287
15932 275
15992 255
