20 399
64 384
108 327
148 295
192 255
232 240
276 199
316 192
360 143
400 126
444 96
488 78
528 62
572 48
612 31
656 19
704 7
748 7
788 7
832 7
872 7
916 17
956 31
1000 48
1044 60
1084 67
1128 96
1168 120
1212 135
1252 159
1296 192
1336 224
1380 252
1424 280
1464 312
1508 335
1548 384
1592 399
1632 448
1676 480
1724 504
1768 536
1808 568
1852 591
1892 624
1936 639
1980 670
2020 704
2064 704
2104 736
2148 768
2188 768
2232 768
2272 775
2316 782
2360 783
2400 783
2444 783
2484 775
2528 769
2568 768
2612 768
2656 768
2696 736
2744 704
2788 671
2828 639
2872 636
2916 608
2956 575
3000 547
3040 519
3084 504
3124 480
3168 448
3208 403
3252 384
3296 352
3336 327
3380 295
3420 255
3464 248
3504 224
3548 193
3592 176
3632 156
3676 135
3716 124
3764 112
3808 96
3852 96
3892 79
3936 71
3976 71
4020 71
4060 71
4104 96
4144 96
4188 96
4232 112
4272 124
4316 135
4356 158
4400 192
4440 192
4484 224
4528 240
4568 255
4612 287
4652 312
4696 352
4736 384
4784 399
4828 448
4872 455
4912 481
4956 504
4996 540
5040 560
5080 575
5124 608
5168 632
5208 639
5252 655
5292 671
5336 704
5376 704
5420 718
5464 711
5504 736
5548 736
5588 736
5632 736
5672 736
5716 711
5756 705
5808 704
5848 704
5892 671
5932 655
5976 639
6016 624
6060 590
6104 575
6144 547
6188 519
6228 510
6272 496
6312 463
6356 448
6400 412
6440 396
6484 384
6524 352
6568 319
6608 291
6652 255
6692 254
6736 224
6780 199
6820 192
6868 192
6912 192
6952 158
6996 143
7040 143
7080 135
7124 127
7164 124
7208 127
7248 127
7292 127
7336 143
7376 143
7420 156
7460 176
7504 192
7544 199
7588 207
7628 240
7672 255
7716 271
7756 287
7800 316
7840 319
7888 352
7932 384
7976 399
8016 423
8060 448
8100 480
8144 504
8184 512
8228 536
8272 547
8312 574
8356 588
8396 608
8440 624
8480 636
8524 639
8564 654
8608 664
8652 668
8692 671
8736 675
8776 678
8820 671
8860 671
8908 670
8952 664
8996 655
9036 639
9080 632
9120 624
9164 608
9204 590
9248 575
9292 568
9332 540
9376 515
9416 504
9460 480
9500 451
9544 448
9584 415
9628 391
9672 384
9712 352
9756 327
9796 316
9840 295
9880 273
9928 255
9972 248
10016 224
10056 224
10100 199
10140 192
10184 192
10224 192
10268 176
10312 176
10352 167
10396 166
10436 176
10480 176
10520 192
10564 192
10604 192
10648 199
10692 224
10732 224
10776 240
10816 252
10860 263
