20 384
84 252
144 156
208 96
268 31
332 14
392 3
456 24
520 78
580 152
644 248
704 352
768 448
836 560
900 639
960 711
1024 768
1084 796
1148 796
1208 771
1272 736
1336 655
1396 575
1460 480
1520 384
1584 295
1644 224
1708 135
1768 96
1840 62
1900 56
1964 63
2024 120
2088 192
2148 254
2212 352
2276 432
2336 513
2400 608
2460 670
2524 711
2584 768
2648 768
2712 768
2772 704
2840 639
2904 572
2964 496
3028 399
3092 319
3152 248
3216 192
3276 127
3340 112
3400 96
3464 112
3524 135
3588 192
3652 254
3712 327
3776 403
3836 480
3904 572
3968 632
4032 671
4092 704
4156 711
4216 704
4280 671
4340 632
4404 568
4468 496
4528 448
4592 352
4652 280
4716 224
4776 192
4840 143
4908 135
4972 143
5032 163
5096 204
5156 255
5220 332
5280 391
5344 460
5408 527
5468 583
5532 638
5592 655
5656 671
5716 670
5780 639
5844 608
5904 547
5972 481
6036 448
6096 384
6160 304
6224 254
6284 224
6348 192
6408 159
6472 167
6532 193
6596 224
6656 255
6720 327
6784 384
6844 448
6908 511
6976 560
7036 608
7100 636
7164 639
7224 639
7288 632
7348 591
7412 547
7472 504
7536 448
7600 384
7660 327
7724 287
7784 248
7848 224
7908 198
7976 193
8040 224
8104 248
8164 271
8228 327
8288 384
8352 448
8412 496
8476 527
8540 572
8600 608
8664 624
8724 624
8788 608
8848 575
8912 540
8976 504
9044 448
9104 390
9168 352
9228 304
9292 263
9356 248
9416 224
9480 224
9540 240
9604 255
9664 287
9728 327
9788 384
9852 415
9916 480
9976 510
10044 543
10108 574
10168 583
10232 608
10296 583
10356 560
10420 527
10480 496
10544 451
10604 414
10668 384
10732 327
10792 287
10856 255
10916 254
10980 248
11048 252
11112 263
11172 304
11236 327
11296 384
11360 415
11420 449
11484 496
11544 519
11608 543
11672 572
11732 572
11796 560
11856 543
11920 524
11980 496
12044 455
12108 415
12172 384
12236 352
12296 312
12360 287
12420 271
12484 255
12544 263
12608 287
12668 312
12732 334
12796 384
12856 399
12920 448
12980 480
13044 508
13112 527
13172 543
13236 551
13300 543
13360 540
13424 513
13484 496
13548 455
13608 423
13672 387
13736 368
13796 327
13860 312
13920 291
13984 286
14044 286
14112 295
14176 316
14240 352
14300 384
14364 399
14424 448
14488 460
14548 496
14612 511
14676 526
14736 527
14800 527
14860 526
14924 510
14984 481
15048 449
15108 422
15180 391
15240 368
15304 335
15364 319
15428 312
15488 304
15552 295
15616 312
15676 319
15740 352
15800 384
15864 391
15924 422
15988 451
