24 1023
84 255
148 192
208 124
272 96
332 96
396 126
456 192
520 287
584 387
644 510
708 624
768 707
832 782
892 828
960 831
1024 799
1088 768
1148 670
1212 574
1272 480
1336 384
1396 287
1460 224
1524 192
1584 192
1648 195
1708 248
1772 316
1832 391
1896 496
1964 575
2028 654
2088 711
2152 768
2212 768
2276 768
2336 704
2400 639
2464 574
2524 504
2588 415
2648 352
2712 287
2772 255
2836 248
2896 255
2960 284
3028 352
3092 408
3152 480
3216 543
3276 608
3340 655
3404 704
3464 704
3528 704
3588 671
3652 632
3712 574
3776 511
3840 448
3900 387
3964 352
4032 312
4092 291
4156 304
4220 319
4280 384
4344 408
4404 463
4468 515
4528 572
4592 624
4652 639
4716 655
4780 655
4840 639
4904 608
4964 572
5032 512
5096 480
5160 415
5220 384
5284 352
5344 352
5408 352
5468 352
5532 384
5592 414
5656 455
5720 504
5780 543
5844 575
5904 608
5968 624
6028 624
6100 608
6160 583
6224 560
6284 519
6348 480
6408 448
6472 415
6536 387
6596 384
6660 384
6720 384
6784 396
6844 423
6908 451
6968 496
7032 519
7100 560
7164 575
7224 590
7288 608
7348 583
7412 574
7476 547
7536 519
7600 496
7660 462
7724 448
7784 415
7848 399
7912 391
7972 399
8036 415
8104 448
8164 460
8228 496
8292 512
8352 540
8416 560
8476 572
8540 574
8600 572
8664 560
8724 543
8788 519
8852 504
8912 480
8976 449
9036 448
9100 419
9168 415
9232 415
9292 448
9356 448
9416 460
9480 481
9540 508
9604 519
9668 542
9728 547
9792 560
9852 551
9916 543
9976 536
10040 515
10100 504
10172 480
10232 463
10296 448
10356 448
10420 448
10480 448
10544 448
10608 448
10668 463
10732 480
10792 504
10856 511
10916 527
10980 536
11044 543
11104 542
11172 536
11236 527
11296 512
11360 508
11424 481
11484 480
11548 455
11608 448
11672 448
11732 448
11796 448
11856 449
11920 480
11984 480
12044 496
12108 508
12168 515
12236 526
12300 527
12364 531
12424 527
12488 524
12548 512
12612 508
12672 496
12736 480
12800 480
12860 460
12924 455
12984 451
13048 455
13108 455
13172 480
13240 480
13304 496
13364 504
13428 510
13488 513
13552 515
13612 519
13676 519
13740 515
13800 511
13864 508
13924 496
13988 496
14048 480
14112 480
14176 480
14236 462
14304 463
14368 480
14428 480
14492 480
14556 496
14616 504
14680 508
14740 510
14804 511
14864 512
14928 512
14988 512
15052 508
15116 508
15176 496
15240 496
15308 480
15368 480
15432 480
15496 480
15556 480
15620 480
15680 480
15744 480
15804 496
15868 504
15932 504
15992 508
