20 1023
60 352
100 240
144 192
184 152
224 112
264 63
304 31
352 0
392 0
432 0
472 0
512 0
552 0
592 0
636 0
676 0
716 7
756 39
796 71
836 120
876 159
916 199
960 254
1000 304
1040 352
1080 399
1120 448
1160 504
1200 543
1240 583
1284 632
1324 664
1368 704
1412 736
1452 768
1492 768
1532 775
1572 783
1612 783
1652 783
1692 775
1736 768
1776 768
1816 736
1856 704
1896 670
1936 639
1976 608
2016 572
2060 527
2100 496
2140 449
2180 414
2220 384
2260 352
2300 312
2340 271
2388 248
2428 224
2468 192
2508 176
2552 159
2592 143
2632 135
2672 135
2712 135
2752 143
2792 156
2832 163
2876 192
2916 199
2956 224
2996 252
3036 271
3076 304
3116 327
3156 384
3200 387
3240 415
3280 448
3320 480
3360 508
3408 536
3448 560
3488 575
3528 608
3568 624
3608 632
3648 638
3692 639
3732 639
3772 639
3812 639
3852 639
3892 632
3932 624
3972 608
4016 583
4056 572
4096 543
4136 527
4176 508
4216 480
4256 455
4296 448
4340 414
4380 387
4424 384
4468 352
4508 319
4548 312
4588 287
4628 280
4668 263
4708 255
4748 255
4792 254
4832 252
4872 254
4912 255
4952 255
4992 268
5032 284
5072 287
5116 312
5156 319
5196 335
5236 352
5276 384
5316 387
5356 412
5396 432
5440 448
5484 480
5524 480
5564 504
5608 511
5648 519
5688 536
5728 543
5768 547
5808 560
5848 560
5888 568
5932 560
5972 560
6012 551
6052 543
6092 542
6132 527
6172 519
6212 510
6256 504
6296 481
6336 480
6376 451
6416 448
6456 432
6504 412
6544 396
6584 384
6624 384
6664 384
6704 352
6748 352
6788 335
6828 327
6868 319
6908 319
6948 319
6988 319
7028 319
7072 319
7112 319
7152 327
7192 352
7232 352
7272 352
7312 384
7352 384
7396 384
7436 391
7476 408
7524 415
7564 448
7604 448
7644 448
7684 460
7724 480
7764 480
7804 496
7848 496
7888 504
7928 504
7968 508
8008 508
8048 508
8088 508
8128 508
8172 504
8212 504
8252 496
8292 483
8332 480
8372 480
8412 480
8452 455
8496 448
8540 448
8580 448
8620 419
8664 415
8704 403
8744 398
8784 387
8824 384
8864 384
8904 384
8944 384
8988 384
9028 384
9068 384
9108 384
9148 368
9188 384
9228 384
9268 384
9312 384
9352 384
9392 384
9432 384
9472 385
9512 391
9560 399
9600 412
9640 415
9680 419
9720 432
9760 448
9804 448
9844 448
9884 449
9924 455
9964 462
10004 480
10044 480
10084 480
10128 480
10168 480
10208 480
10248 480
10288 480
10328 480
10368 480
10408 463
10460 462
10500 455
10548 449
10588 448
10628 448
10668 448
10708 448
10748 432
10788 415
10828 415
10872 414
10912 408
10952 399
10992 398
11032 391
11072 391
11112 387
11152 385
11196 384
11236 384
11276 384
11316 384
11356 384
11396 385
11436 387
11476 391
11520 391
11564 398
11604 399
11644 403
11688 412
11728 414
11768 415
11808 415
11848 423
11888 432
11928 448
11968 448
12012 448
12052 448
12092 448
12132 448
12172 448
12212 449
12252 451
12292 451
12336 454
12376 451
12416 455
12456 451
12496 451
12536 448
12584 448
12624 448
12664 448
12704 448
12744 448
12788 448
12828 448
12868 432
12908 423
12948 419
12988 415
13028 415
13068 415
13112 412
13152 408
13192 408
13232 401
13272 399
13312 399
13352 399
13392 399
13436 399
13476 399
13516 399
13556 399
13604 399
13644 408
13684 408
13724 408
13764 412
13804 414
13844 415
13884 415
13928 415
13968 419
14008 423
14048 432
14088 448
14128 448
14168 448
14208 448
14252 448
14292 448
14332 448
14372 448
14412 448
14452 448
14492 448
14532 448
14576 448
14620 448
14660 448
14700 448
14744 448
14784 448
14824 448
14864 448
14904 448
14944 432
14984 432
15024 423
15068 423
15108 419
15148 415
15188 415
15228 415
15268 415
15308 415
15348 414
15392 414
15432 414
15472 412
15512 412
15552 412
15592 412
15640 412
15680 414
15720 414
15760 414
15800 415
15844 415
15884 415
15924 415
15964 415
16004 415
16044 419
16084 419
16124 423
16168 432
16208 432
16248 432
16288 448
16328 448
16368 448
16408 448
16448 448
16492 448
16532 448
16572 448
16612 448
16660 448
16700 448
16740 448
16780 448
16820 448
16860 448
16900 448
16940 448
16984 448
17024 432
17064 432
17104 432
17144 432
17184 423
17224 432
17264 419
17308 419
17348 415
17388 415
17428 415
17468 415
17508 415
17548 415
17588 415
17632 415
17676 415
17716 415
17756 415
17800 415
17840 415
17880 415
17920 415
17960 415
18000 415
18040 415
18080 415
18124 415
18164 419
18204 419
18244 423
18284 423
18324 432
18364 432
18404 432
18448 432
18488 432
18528 432
18568 432
18608 448
18648 448
18688 448
18732 448
18772 448
18812 448
18856 448
18896 448
18936 448
18976 448
19016 432
19056 448
19096 432
19136 432
19180 432
19220 432
19260 432
19300 432
19340 423
19380 423
19420 419
19460 419
19504 419
19544 415
19584 415
19624 415
19664 415
19704 415
19752 415
19792 415
19832 415
19872 415
19912 415
19956 415
19996 415
20036 415
20076 415
20116 415
20156 415
20196 415
20236 415
20280 415
20320 415
20360 419
20400 419
20440 422
20480 423
20520 423
20560 423
20604 432
20644 432
20684 432
20724 432
20772 432
20812 432
20852 432
20904 432
20944 432
20984 432
21024 432
21068 432
21108 432
21148 432
21188 432
21228 432
21268 432
21308 432
21348 432
21392 432
21432 432
21472 423
21512 423
21552 423
21592 422
21632 419
21672 419
21720 419
21760 419
21800 419
21840 419
21884 415
21924 415
21964 415
22004 415
22044 415
22084 415
22124 415
22164 419
22208 419
22248 419
22288 419
22328 419
22368 419
22408 419
22448 422
22488 419
22532 423
22572 423
22612 423
22652 423
22692 432
22736 423
22776 432
22816 432
22860 432
22900 432
22940 432
22980 432
23020 432
23060 432
23100 432
23140 432
23184 432
23224 432
23264 432
23304 432
23344 432
23384 432
23424 432
23464 432
23508 432
23548 432
23588 423
23628 423
23668 423
23708 423
23756 423
23796 423
23836 422
23876 422
23916 419
23956 419
24000 419
24040 419
24080 419
24120 419
24160 419
24200 419
24240 419
24280 419
24324 432
24364 419
24404 419
24444 419
24484 419
24524 419
24564 419
24604 419
24648 419
24688 423
24728 423
24772 423
24816 423
24856 423
24896 423
24936 423
24976 423
25016 423
25056 423
25096 423
25140 432
25180 423
25220 432
25260 423
25300 432
25340 423
25380 423
25420 423
25464 423
25504 423
25544 423
25584 423
25624 423
25664 423
25704 423
25744 423
25792 423
25832 423
25872 423
25916 423
25956 423
25996 423
26036 422
26076 423
26116 423
26156 422
26196 422
26240 423
26280 422
26320 423
26360 423
26400 423
26440 423
26480 423
26520 423
26564 423
26604 448
26644 423
26684 423
26724 423
26764 423
26812 423
26852 423
26892 423
26932 423
26972 423
27012 423
27056 423
27096 423
27136 423
27176 423
27216 423
27256 423
27296 423
27336 423
27380 423
27420 423
27460 423
27500 423
27540 423
27580 423
27620 423
27660 423
27704 423
27744 423
27784 423
27828 423
27872 423
27912 423
27952 423
27992 423
28032 423
28072 423
28112 423
28152 423
28196 423
28236 423
28276 423
28316 423
28356 432
28396 423
28436 423
28476 423
28520 423
28560 423
28600 423
28640 423
28680 423
28720 423
28760 423
28800 423
28844 423
28888 423
28928 423
28972 423
29012 423
29052 423
29092 423
29132 432
29172 423
29212 423
29252 423
29296 423
29336 423
29376 423
29416 423
29456 423
29496 423
29536 423
29576 423
29620 432
29660 432
29700 423
29740 423
29780 423
29820 423
29860 423
29904 423
29944 423
29988 432
30028 423
30068 423
30108 423
30148 423
30188 423
30228 423
30268 423
30312 423
30352 422
30392 419
30432 423
30472 419
30512 423
30552 419
30592 422
30636 419
30676 419
30716 419
30756 419
30796 419
30836 422
30876 419
30924 419
30964 422
31004 419
31044 422
31084 419
31128 422
31168 419
31208 423
31248 422
31288 419
31332 423
31372 423
31412 423
31452 423
31492 423
31532 423
31572 423
31616 423
31656 423
31700 423
31744 423
31784 423
31824 423
31864 423
31904 423
31944 423
31984 423
32024 423
32068 423
32108 423
32148 423
32188 423
32228 423
32268 448
32308 423
32348 423
32392 423
32432 423
32472 423
32512 423
32552 423
32592 419
32632 423
32672 423
32720 423
32760 423
32800 423
32840 423
32884 423
32924 423
32964 423
33004 423
33044 423
33084 423
33124 423
33164 423
33208 423
33248 423
33288 423
33328 423
33368 423
33408 423
33448 423
33488 423
33532 423
33572 422
33612 423
33652 423
33692 423
33740 423
33780 423
33820 423
33860 423
33900 423
33940 423
33980 423
34024 423
34064 423
34104 423
34144 423
34184 423
34224 423
34264 423
34304 423
34348 423
34388 423
34428 423
34468 423
34508 423
34548 419
34588 423
34628 423
34672 423
34712 423
34756 423
34800 419
34840 423
34880 419
34920 423
34960 423
35000 423
35040 423
35080 423
35124 423
35164 423
35204 423
35244 423
35284 423
35324 422
35364 423
35404 423
35448 423
35488 423
35528 423
35568 423
35608 423
35648 423
35688 423
35728 423
35776 423
35816 423
35856 423
35896 423
35940 423
35980 423
36020 423
36060 423
36100 423
36140 423
36180 423
36220 423
36264 423
36304 419
36344 423
36384 423
36424 423
36464 423
36504 423
36544 423
36588 423
36628 423
36668 423
36708 423
36748 423
36788 423
36836 423
36876 423
36916 423
36956 423
36996 423
37036 423
37080 423
37120 423
37160 423
37200 423
37240 423
37280 423
37320 423
37360 423
37404 423
37444 423
37484 423
37524 423
37564 423
37604 432
37644 423
37684 423
37728 423
37768 423
37808 423
37852 423
37892 423
37936 423
37976 423
38016 423
38056 423
38096 423
38136 422
38176 423
38216 422
38260 423
38300 423
38340 423
38380 423
38420 423
38460 423
38500 423
38540 423
38584 432
38624 423
38664 423
38704 423
38744 423
38784 432
38824 423
38872 423
38912 423
38952 432
38992 423
39032 423
39076 423
39116 423
39156 423
39196 423
39236 423
39276 423
39316 423
39356 423
39400 423
39440 423
39480 423
39520 423
39560 423
39600 423
39640 423
39680 423
39724 423
39764 423
39804 423
39844 423
39892 423
39932 423
39972 423
40012 423
40052 423
40092 423
40132 423
40172 423
40216 423
40256 423
40296 423
40336 423
40376 423
40416 423
40456 423
40496 423
40540 423
40580 423
40620 423
40660 423
40700 423
40740 423
40780 423
40820 423
40864 423
40908 423
40948 423
40992 423
41032 422
41072 423
41112 422
41152 422
41192 419
41232 419
41272 422
41316 419
41356 422
41396 419
41436 422
41476 419
41516 423
41556 419
41596 423
41640 419
41680 422
41720 423
41760 423
41800 423
41844 423
41888 423
41928 423
41972 423
42012 423
42052 423
42092 423
42132 423
42172 423
42212 423
42252 419
42296 423
42336 423
42376 423
42416 423
42456 423
42496 423
42536 423
42576 423
42620 423
42660 423
42700 423
42740 423
42780 423
42820 423
42860 423
42904 423
42944 423
42988 423
43028 423
43068 423
43108 423
43148 423
43188 423
43228 423
43268 423
43312 423
43352 415
43392 423
43432 423
43472 423
43512 423
43552 423
43592 423
43636 423
43676 423
43716 423
43756 423
43796 423
43836 423
43876 423
43924 423
43964 423
44004 423
44044 423
44084 423
44128 423
44168 423
44208 423
44248 423
44288 423
44328 423
44368 423
44408 423
44452 423
44492 423
44532 423
44572 423
44612 423
44652 423
44692 423
44732 422
44776 423
44816 423
44856 423
44896 423
44944 423
44984 423
45024 423
45064 423
45104 423
45144 423
45184 423
45224 423
45268 423
45308 423
45348 423
45388 423
45428 423
45468 423
45508 423
45548 423
45592 423
45632 423
45672 423
45712 423
45752 423
45792 423
45832 423
45872 423
45916 423
45960 423
46000 423
46044 423
46084 423
46124 423
46164 423
46204 423
46244 423
46284 423
46324 423
46368 423
46408 423
46448 423
46488 423
46528 423
46568 423
46608 432
46648 423
46692 423
46732 423
46772 423
46812 423
46852 423
46892 423
46932 423
46980 423
47020 423
47060 423
47100 423
47140 423
47184 423
47224 423
47264 423
47304 423
47344 423
47384 423
47424 423
47464 422
47508 423
47548 448
47588 496
47628 510
47668 519
47708 527
47748 536
47788 540
47832 540
47872 540
47912 540
47952 536
48000 527
48040 524
48080 519
48120 515
48160 512
48200 511
48240 508
48280 508
48324 504
48364 508
48404 504
48444 496
48484 496
48524 496
48564 496
48604 496
48648 496
48688 481
48728 480
48768 480
48808 480
48848 480
48888 480
48928 480
48972 480
49016 480
49056 480
49100 480
49140 480
49180 480
49220 480
49260 480
49300 480
49340 480
49380 480
49424 480
49464 480
49504 480
49544 480
49584 480
49624 480
49664 480
49704 480
49748 463
49788 463
49828 463
49868 463
49908 462
49948 462
49988 462
50028 460
50072 460
50112 455
50156 455
50196 455
50236 455
50276 455
50316 455
50356 455
50396 455
50436 455
50480 455
50520 454
50560 455
50600 455
50640 455
50680 455
50720 455
50760 451
50804 451
50844 451
50884 451
50924 451
50964 451
51004 451
51044 451
51092 451
51132 451
51172 449
51212 449
51252 449
51296 449
51336 449
51376 449
51416 449
51456 449
51496 455
51536 448
51576 448
51620 448
51660 448
51700 448
51740 448
51780 448
51820 448
51860 448
51900 448
51944 448
51984 448
52024 448
52064 448
52112 448
52152 448
52196 448
52236 448
52276 448
52316 448
52356 448
52400 448
52440 448
52480 448
52520 448
52560 448
52600 448
52640 448
52680 448
52724 448
52764 448
52804 448
52844 448
52884 448
52924 448
52964 448
53012 448
53052 448
53092 448
53132 448
53172 448
53216 448
53256 448
53296 448
53336 448
53376 448
53416 448
53456 448
53496 448
53540 448
53580 448
53620 448
53660 448
53700 448
53740 448
53780 448
53820 448
53864 448
53904 448
53944 448
53984 448
54028 448
54068 448
54112 448
54152 448
54192 448
54232 448
54272 448
54312 448
54352 448
54392 448
54436 448
54476 448
54516 448
54556 448
54596 448
54636 448
54676 448
54716 448
54760 448
54800 448
54840 448
54880 448
54920 448
54960 448
55000 448
55048 448
55088 448
55128 448
55168 448
55208 448
55252 448
55292 448
55332 448
55372 448
55412 448
55452 448
55492 448
55532 448
55576 448
55616 448
55656 448
55696 448
55736 448
55776 448
55816 448
55856 448
55900 448
55940 448
55980 448
56020 448
56068 448
56108 448
56148 448
56188 448
56228 448
56268 448
56308 448
56348 448
56392 448
56432 448
56472 448
56512 448
56552 448
56592 448
56632 448
56672 448
56716 448
56756 448
56796 448
56836 448
56876 448
56916 448
56956 448
56996 448
57040 448
57084 448
57124 448
57168 448
57208 448
57248 448
57288 448
57328 448
57368 448
57408 448
57448 448
57492 448
57532 448
57572 448
57612 448
57652 448
57692 448
57732 448
57772 448
57816 448
57856 448
57896 448
57936 448
57976 448
58016 448
58056 448
58104 448
58144 448
58184 448
58224 448
58264 448
58308 448
58348 448
58388 448
58428 448
58468 448
58508 448
58548 448
58588 448
58632 448
58672 448
58712 448
58752 448
58792 448
58832 448
58872 448
58912 448
58956 448
58996 448
59036 448
59076 448
59124 448
59164 448
59204 448
59244 448
59284 448
59324 448
59368 448
59408 448
59448 448
59488 448
59528 448
59568 448
59608 448
59648 448
59692 448
59732 448
59772 448
59812 448
59852 448
59892 448
59932 448
59972 448
60016 448
60056 448
60096 448
60140 448
60184 448
60224 448
60264 448
60304 448
60344 448
60384 448
60424 448
60464 448
60508 448
60548 448
60588 448
60628 448
60668 448
60708 448
60748 448
60788 448
60832 448
60872 448
60912 448
60952 448
60992 448
61032 448
61072 448
61112 448
61156 448
61200 448
61240 448
61280 448
61324 448
61364 448
61404 448
61444 448
61484 448
61524 448
61564 448
61604 448
61648 448
61688 448
61728 448
61768 448
61808 448
61848 448
61888 448
61928 448
61972 448
62012 448
62052 448
62092 448
62132 448
62172 448
62220 448
62260 448
62300 448
62340 448
62380 448
62424 448
62464 448
62504 448
62544 448
62584 448
62628 448
62668 448
62708 448
62748 448
62788 448
62828 448
62868 448
62908 448
62952 448
62992 448
63032 448
63072 448
63112 448
63152 448
63192 448
63240 448
63280 448
63320 448
63360 448
63404 448
63444 448
63484 448
63524 448
63564 448
63604 448
63644 448
63684 448
63728 448
63768 448
63808 448
63848 448
63888 448
63928 448
63968 448
64008 448
64052 448
64092 448
64132 448
64172 448
64212 448
64260 448
64300 448
64340 448
64380 448
64420 448
64460 448
64500 448
64544 448
64584 448
64624 448
64664 448
64704 448
64744 448
64784 448
64824 448
64868 448
64908 448
64948 448
64988 448
65028 448
65068 448
65108 448
65148 448
65192 448
65232 448
65272 448
65316 448
65360 448
65400 448
65440 448
65480 448
65520 448
65560 448
65600 448
65640 448
65684 448
65724 448
65764 448
65804 448
65844 448
65884 448
65924 448
65964 448
66008 448
66048 448
66088 448
66128 448
66168 448
66208 448
66248 448
66288 448
66336 448
66376 448
66416 448
66460 448
66500 448
66540 448
66580 448
66620 448
66660 448
66700 448
66740 448
66784 448
66824 448
66864 448
66904 448
66944 448
66984 448
67024 448
67064 448
67108 448
67148 448
67188 448
67228 448
67268 448
67308 448
67356 448
67396 448
67436 448
67476 448
67516 448
67556 448
67600 448
67640 448
67680 448
67720 448
67760 448
67800 448
67840 448
67880 448
67924 448
67964 448
68004 448
68044 448
68084 448
68124 448
68164 448
68204 448
68248 448
68288 448
68328 448
68372 448
68416 448
68456 448
68496 448
68536 448
68576 448
68616 448
68656 448
68696 448
68740 448
68780 448
68820 448
68860 448
68900 448
68940 448
68980 448
69020 448
69064 448
69104 448
69144 448
69184 448
69224 448
69264 448
69304 448
69344 448
69392 448
69432 448
69472 448
69516 448
69556 448
69596 448
69636 448
69676 448
69716 448
69756 448
69796 448
69840 448
69880 448
69920 448
69960 448
70000 448
70040 448
70080 448
70120 448
70164 448
70204 448
70244 448
70284 448
70324 448
70364 448
70412 448
70452 448
70492 448
70532 448
70572 448
70612 448
70656 448
70696 448
70736 448
70776 448
70816 448
70856 448
70896 448
70936 448
70980 448
71020 448
71060 448
71100 448
71140 448
71180 448
71220 448
71260 448
71304 448
71344 448
71384 448
71428 448
71472 448
71512 448
71552 448
71592 448
71632 448
71672 448
71712 448
71752 448
71796 448
71836 448
71876 448
71916 448
71956 448
71996 448
72036 448
72076 448
72120 448
72160 448
72200 448
72240 448
72280 448
72320 448
72360 448
72400 448
72444 448
72488 448
72528 448
72572 448
72612 448
72652 448
72692 448
72732 448
72772 448
72812 448
72852 448
72896 448
72936 448
72976 448
73016 448
73060 448
73100 448
73140 448
73180 448
73220 448
73264 448
73304 448
73344 448
73384 448
73424 448
73472 448
73512 448
73552 448
73592 448
73632 448
73672 448
73716 448
73756 448
73796 448
73836 448
73876 448
73916 448
73956 448
73996 448
74040 448
74080 448
74120 448
74160 448
74200 448
74240 448
74280 448
74320 448
74364 448
74404 448
74444 448
74488 448
74532 448
74572 448
74612 448
74652 448
74692 448
74732 448
74772 448
74812 448
74856 448
74896 448
74936 448
74976 448
75016 448
75056 448
75096 448
75136 448
75180 448
75220 448
75260 448
75300 448
75340 448
75380 448
75420 448
75460 448
75508 448
75548 448
75588 448
75628 448
75672 448
75712 448
75752 448
75792 448
75832 448
75872 448
75912 448
75952 448
75996 448
76036 448
76076 448
76116 448
76156 448
76196 448
76236 448
76276 448
76320 448
76360 448
76400 448
76440 448
76480 448
76520 448
76568 448
76608 448
76648 448
76688 448
76728 448
76772 448
76812 448
76852 448
76892 448
76932 448
76972 448
77012 448
77052 448
77096 448
77136 448
77176 448
77216 448
77256 448
77296 448
77336 448
77376 448
77420 448
77460 448
77500 448
77540 448
77584 448
77624 448
77664 448
77708 448
77748 448
77788 448
77828 448
77868 448
77908 448
77948 448
77988 448
78032 448
78072 448
78112 448
78152 448
78192 448
78232 448
78272 448
78312 448
78356 448
78396 448
78436 448
78476 448
78516 448
78556 448
78604 448
78644 448
78684 448
78724 448
78764 448
78804 448
78848 448
78888 448
78928 448
78968 448
79008 448
79048 448
79088 448
79128 448
79172 448
79212 448
79252 448
79292 448
79332 448
79372 448
79412 448
79452 448
79496 448
79536 448
79576 448
79620 448
79664 448
79704 448
79744 448
79784 448
79824 448
79864 448
79904 448
79944 448
79988 448
80028 448
80068 448
80108 448
80148 448
80188 448
80228 448
80268 448
80312 448
80352 448
80392 448
80432 448
80472 448
80512 448
80552 448
80592 448
80640 448
80680 448
80720 448
80764 448
80804 448
80844 448
80884 448
80924 448
80964 448
81004 448
81044 448
81088 448
81128 448
81168 448
81208 448
81248 448
81288 448
81328 448
81368 448
81412 448
81452 448
81492 448
81532 448
81572 448
81612 448
81660 448
81700 448
81740 448
81780 448
81820 448
81860 448
81904 448
81944 448
81984 448
82024 448
82064 448
82104 448
82144 448
82184 448
82228 448
82268 448
82308 448
82348 448
82388 448
82428 448
82468 448
82508 448
82552 448
82592 448
82632 448
82676 448
82720 448
82760 448
82800 448
82840 448
82880 448
82920 448
82960 448
83000 448
83044 448
83084 448
83124 448
83164 448
83204 448
83244 448
83284 448
83324 448
83368 448
83408 448
83448 448
83500 448
83540 448
83580 448
83620 448
83660 448
83700 448
83744 448
83784 448
83824 448
83864 448
83904 448
83944 448
83984 448
84024 448
84072 448
84112 448
84152 448
84192 448
84236 448
84276 448
84316 448
84356 448
84396 448
84436 448
84476 448
84516 448
84560 448
84600 448
84640 448
84680 448
84720 448
84760 448
84800 448
84840 448
84884 448
84924 448
84964 448
85004 448
85044 448
85084 448
85132 448
85172 448
85212 448
85252 448
85292 448
85332 448
85376 448
85416 448
85456 448
85496 448
85536 448
85576 448
85616 448
85656 448
85700 448
85740 448
85780 448
85820 448
85860 448
85900 448
85940 448
85980 448
86024 448
86064 448
86104 448
86148 448
86188 448
86232 448
86272 448
86312 448
86352 448
86392 448
86432 448
86472 448
86512 448
86556 448
86596 448
86636 448
86676 448
86716 448
86756 448
86796 448
86836 448
86880 448
86920 448
86960 448
87000 448
87040 448
87080 448
87120 448
87168 448
87208 448
87248 448
87288 448
87328 448
87372 448
87412 448
87452 448
87492 448
87532 448
87572 448
87612 448
87652 448
87696 448
87736 448
87776 448
87816 448
87856 448
87896 448
87936 448
87976 448
88020 448
88060 448
88100 448
88140 448
88188 448
88228 448
88268 448
88308 448
88348 448
88388 448
88428 448
88468 448
88512 448
88552 448
88592 448
88632 448
88672 448
88712 448
88752 448
88792 448
88836 448
88876 448
88916 448
88956 448
88996 448
89036 448
89076 448
89116 448
89160 448
89204 448
89244 448
89288 448
89328 448
89368 448
89408 448
89448 448
89488 448
89528 448
89568 448
89612 448
89652 448
89692 448
89732 448
89772 448
89812 448
89852 448
89892 448
89936 448
89976 448
90016 448
90056 448
90096 448
90136 448
90176 448
90224 448
90264 448
90304 448
90344 448
90384 448
90428 448
90468 448
90508 448
90548 448
90588 448
90628 448
90668 448
90708 448
90752 448
90792 448
90832 448
90872 448
90912 448
90952 448
90992 448
91032 448
91076 448
91116 448
91156 448
91196 448
91244 448
91284 448
91324 448
91364 448
91404 448
91444 448
91484 448
91524 448
91568 448
91608 448
91648 448
91688 448
91728 448
91768 448
91808 448
91848 448
91892 448
91932 448
91972 448
92012 448
92052 448
92092 448
92132 448
92172 448
92216 448
92260 448
92300 448
92344 448
92384 448
92424 448
92464 448
92504 448
92544 448
92584 448
92624 448
92668 448
92708 448
92748 448
92788 448
92828 448
92868 448
92908 448
92948 448
92992 448
93032 448
93072 448
93112 448
93152 448
93192 448
93232 448
93272 448
93316 448
93356 448
93400 448
93440 448
93480 448
93520 448
93560 448
93600 448
93640 448
93680 448
93724 448
93764 448
93804 448
93844 448
93884 448
93928 448
93972 448
94012 448
94052 448
94092 448
94132 448
94172 448
94212 448
94252 448
94300 448
94340 448
94380 448
94424 448
94464 448
94504 448
94544 448
94584 448
94624 448
94664 448
94704 448
94748 448
94788 448
94828 448
94868 448
94908 448
94948 448
94988 448
95028 448
95072 448
95112 448
95152 448
95192 448
95232 448
95272 448
95320 448
95360 448
95400 448
95440 448
95480 448
95520 448
95564 448
95604 448
95644 448
95684 448
95724 448
95764 448
95804 448
95844 448
95888 448
95928 448
95968 448
96008 448
96048 448
96088 415
96128 384
96168 304
96212 248
96252 192
96292 143
96340 96
96380 56
96420 14
96460 0
96500 0
96540 0
96580 0
96620 0
96664 0
96704 0
96744 0
96784 0
96824 17
96864 56
96904 96
96944 127
96988 192
97028 224
97068 268
97108 319
97148 384
97188 415
97228 480
97268 515
97312 568
97356 609
97396 639
97436 688
97480 711
97520 768
97560 768
97600 774
97640 783
97680 792
97720 792
97760 783
97804 771
97844 768
97884 768
97924 711
97964 704
98004 655
98044 636
98084 588
98128 551
98168 512
98208 480
98248 448
98288 396
98328 384
98376 319
98416 287
98456 255
98496 240
98536 199
98576 192
98620 163
98660 152
98700 143
98740 135
98780 135
98820 140
98860 143
98900 159
98944 176
98984 192
99024 224
99064 240
99104 255
99144 286
99184 316
99224 352
99268 384
99308 399
99348 448
99396 480
99436 504
99476 519
99516 543
99556 572
99596 590
99636 608
99676 624
99720 636
99760 639
99800 639
99840 639
99880 639
99920 639
99960 638
100000 632
100044 624
100084 608
100124 575
100164 568
100204 542
100244 515
100284 504
100324 480
100368 448
100408 415
100452 398
100492 384
100536 353
100576 335
100616 318
100656 304
100696 287
100736 271
100776 255
100816 255
100860 254
100900 252
100940 252
100980 254
101020 255
101060 255
101100 271
101140 287
101184 304
101224 316
101264 327
101304 352
101344 384
101384 384
101424 398
101472 415
101512 448
101552 455
101592 480
101632 496
101676 508
101716 513
101756 527
101796 540
101836 543
101876 551
101916 560
101956 568
102000 568
102040 560
102080 560
102120 550
102160 543
102200 540
102240 526
102280 513
102324 508
102364 496
102404 480
102444 463
102492 448
102532 448
102572 415
102612 401
102652 387
102692 384
102732 384
102776 353
102816 352
102856 352
102896 327
102936 319
102976 319
103016 319
103056 319
103100 319
103140 319
103180 319
103220 327
103260 332
103300 352
103340 352
103380 353
103424 384
103464 384
103508 387
103548 399
103592 414
103632 423
103672 448
103712 448
103752 455
103792 480
103832 480
103872 480
103916 496
103956 504
103996 504
104036 508
104076 510
104116 510
104156 510
104196 510
104240 508
104280 504
104320 504
104368 508
104408 504
104448 504
104488 496
104528 496
104568 480
104608 480
104648 462
104692 451
104732 448
104772 448
104816 432
104860 415
104900 412
104940 399
104980 396
105020 385
105060 384
105100 384
105140 384
105184 384
105224 384
105264 384
105304 368
105344 368
105384 368
105424 384
105464 384
105508 384
105548 384
105588 384
105628 384
105668 384
105708 391
105748 396
105788 401
105836 414
105876 415
105916 432
105956 448
106000 448
106040 448
106080 449
106120 455
106160 460
106200 463
106240 480
106280 480
106324 480
106364 480
106404 480
106444 480
106484 480
106524 480
106564 480
106604 480
106648 463
106688 455
106728 455
106768 449
106808 448
106856 448
106896 448
106936 448
106976 423
107016 415
107056 415
107100 412
107140 401
107180 399
107220 391
107260 391
107300 387
107340 387
107380 385
107424 384
107464 384
107504 384
107544 384
107584 384
107624 385
107664 387
107704 391
107748 391
107788 398
107828 399
107872 408
107916 412
107956 415
107996 415
108036 432
108076 432
108116 432
108156 448
108196 448
108240 448
108280 448
108320 448
108360 448
108400 448
108440 449
108480 451
108520 451
108564 451
108604 451
108644 451
108684 451
108724 449
108764 448
108804 448
108844 448
108888 448
108932 448
108972 448
109012 448
109056 448
109096 432
109136 423
109176 415
109216 415
109256 415
109296 414
109336 412
109380 408
109420 408
109460 399
109500 399
109540 399
109580 399
109620 399
109660 399
109704 399
109744 399
109784 399
109824 399
109864 408
109904 412
109952 412
109992 414
110032 415
110072 415
110112 415
110156 419
110196 423
110236 432
110276 448
110316 448
110356 448
110396 448
110436 448
110480 448
110520 448
110560 448
110600 448
110640 448
110680 448
110720 448
110760 448
110804 448
110844 448
110884 448
110924 448
110972 448
111012 448
111052 448
111092 448
111132 448
111172 432
111212 432
111252 423
111296 419
111336 415
111376 415
111416 415
111456 415
111496 415
111536 414
111576 414
111620 412
111660 412
111700 412
111740 412
111780 412
111820 408
111860 412
111900 412
111944 414
111988 414
112028 415
112068 415
112112 415
112152 415
112192 415
112232 415
112272 419
112312 423
112352 423
112392 432
112436 432
112476 448
112516 448
112556 448
112596 448
112636 448
112676 448
112716 448
112760 448
112800 448
112840 448
112880 448
112920 448
112960 448
113008 448
113048 448
113088 448
113128 448
113168 448
113212 432
113252 432
113292 432
113332 432
113372 423
113412 419
113452 419
113492 415
113536 415
113576 415
113616 415
113656 415
113696 415
113736 415
113776 415
113816 415
113860 415
113900 415
113940 415
113980 415
114028 415
114068 415
114108 415
114148 415
114188 415
114228 415
114268 415
114308 415
114352 415
114392 419
114432 419
114472 423
114512 423
114552 432
114592 432
114632 432
114676 432
114716 432
114756 432
114808 448
114848 448
114888 448
114928 448
114968 432
115016 448
115056 432
115096 432
115136 432
115180 432
115220 432
115260 432
115300 432
115340 432
115380 423
115420 423
115460 419
115504 419
115544 419
115584 419
115624 415
115664 415
115704 415
115744 415
115784 415
115828 415
115868 415
115908 415
115948 415
115988 415
116036 415
116076 415
116116 415
116156 415
116196 415
116236 415
116276 415
116320 415
116360 415
116400 419
116440 419
116480 419
116520 423
116560 423
116600 423
116644 432
116684 432
116724 432
116764 432
116804 432
116844 432
116884 432
116924 432
116968 432
117008 432
117052 432
117092 432
117136 432
117176 432
117216 432
117256 432
117296 432
117336 432
117376 432
117416 423
117460 423
117500 423
117540 423
117580 419
117620 419
117660 419
117700 419
117740 419
117784 419
117824 419
117864 415
117904 419
117944 415
117984 415
118024 415
118064 415
118108 415
118148 415
118188 423
118232 419
118272 419
118312 419
118352 419
118392 419
118432 419
118472 422
118512 419
118556 423
118596 423
118636 423
118676 423
118716 432
118756 432
118796 432
118836 432
118880 432
118920 432
118960 432
119000 432
119040 432
119080 432
119128 432
119168 432
119208 432
119248 432
119288 432
119328 432
119372 432
119412 432
119452 432
119492 423
119532 432
119572 423
119612 423
119652 423
119696 423
119736 423
119776 423
119816 422
119856 419
119896 422
119936 419
119976 419
120020 419
120060 419
120100 419
120144 419
120188 419
120228 419
120268 419
120308 419
120348 419
120388 419
120428 419
120468 419
120512 419
120552 419
120592 423
120632 419
120672 422
120712 423
120752 423
120792 423
120836 423
120876 423
120916 423
120956 423
120996 423
121036 423
121076 432
121116 432
121164 432
121204 432
121244 432
121288 432
121328 432
121368 432
121408 432
121448 432
121488 432
121528 432
121568 432
121612 432
121652 423
121692 423
121732 423
121772 432
121812 423
121852 423
121892 423
121936 423
121976 422
122016 422
122056 422
122096 419
122136 419
122184 419
122224 419
122264 419
122304 419
122344 419
122384 419
122428 419
122468 419
122508 419
122548 419
122588 419
122628 419
122668 423
122708 422
122752 419
122792 422
122832 423
122872 423
122912 423
122952 423
122992 423
123032 423
123076 423
123116 423
123156 423
123200 432
123244 423
123284 423
123324 423
123364 423
123404 423
123444 423
123484 423
123524 432
123568 423
123608 423
123648 423
123688 423
123728 423
123768 423
123808 423
123848 423
123892 423
123932 423
123972 423
124012 423
124052 423
124092 423
124132 423
124172 423
124216 423
124260 423
124300 423
124344 423
124384 423
124424 423
124464 423
124504 419
124544 423
124584 423
124624 423
124668 423
124708 423
124748 423
124788 423
124828 423
124868 423
124908 423
124948 423
124992 423
125032 432
125072 423
125112 423
125152 423
125192 423
125232 423
125272 423
125316 423
125356 415
125396 423
125436 423
125476 423
125516 423
125556 423
125604 423
125644 423
125684 423
125724 423
125764 423
125808 432
125848 423
125888 423
125928 423
125968 423
126008 423
126048 423
126088 423
126132 423
126172 423
126212 423
126252 423
126292 423
126332 423
126372 423
126412 423
126456 423
126496 423
126536 423
126576 423
126624 423
126664 423
126704 423
126744 423
126784 423
126824 423
126864 423
126904 423
126948 423
126988 423
127028 423
127068 423
127108 423
127148 423
127188 423
127228 423
127272 423
127312 422
127352 423
127392 423
127432 423
127472 423
127512 423
127552 423
127596 423
127640 422
127680 423
127724 423
127764 423
127804 423
127844 423
127884 423
127924 423
127964 423
128004 423
128048 423
128088 432
128128 423
128168 423
128208 423
128248 423
128288 423
128328 423
128372 423
128412 422
128452 423
128492 423
128532 423
128572 422
128612 423
128660 423
128700 423
128740 423
128780 423
128820 423
128864 422
128904 423
128944 422
128984 423
129024 423
129064 423
129104 423
129144 423
129188 423
129228 423
129268 423
129308 423
129348 423
129388 423
129428 423
129468 423
129512 423
129552 423
129592 423
129632 423
129672 432
129720 432
129760 423
129800 432
129840 423
129880 423
129920 423
129960 423
130004 423
130044 415
130084 423
130124 423
130164 423
130204 423
130244 423
130284 423
130328 423
130368 432
130408 423
130448 423
130488 423
130528 422
130568 422
130608 423
130652 423
130692 422
130736 419
130776 423
130816 419
130860 423
130900 423
130940 423
130980 423
131020 432
131060 423
131100 423
131140 423
131184 423
131224 423
131264 432
131304 423
131344 432
131384 423
131424 423
131464 423
131508 423
131548 423
131588 423
131628 423
131668 423
131708 423
131756 423
131796 432
131836 423
131876 423
131916 423
131956 423
132000 423
132040 423
132080 423
132120 423
132160 423
132200 423
132240 423
132280 423
132324 432
132364 423
132404 423
132444 423
132484 423
132524 423
132564 423
132604 423
132648 423
132688 423
132728 423
132776 432
132816 423
132856 423
132896 423
132936 423
132976 423
133016 423
133056 423
133100 423
133140 423
133180 423
133220 423
133260 423
133300 423
133340 423
133380 423
133424 422
133464 423
133504 422
133544 423
133584 423
133624 423
133664 423
133704 422
133748 423
133792 419
133832 423
133872 419
133916 423
133956 422
133996 422
134036 422
134076 423
134116 422
134156 419
134196 423
134240 422
134280 419
134320 422
134360 423
134400 423
134440 423
134480 423
134520 423
134564 423
134604 423
134644 423
134684 422
134724 423
134764 423
134812 423
134852 423
134892 423
134932 423
134972 423
135012 423
135056 432
135096 423
135136 423
135176 423
135216 423
135256 422
135296 423
135336 423
135380 423
135420 423
135460 423
135500 423
135540 423
135580 432
135620 422
135672 423
135716 423
135760 423
135800 423
135840 423
135880 423
135920 423
135960 423
136000 423
136040 423
136084 423
136124 423
136164 423
136204 423
136244 423
136284 423
136324 423
136364 423
136408 423
136448 423
136488 423
136528 423
136568 423
136608 423
136648 423
136688 423
136736 423
136776 423
136816 423
136856 423
136900 423
136940 423
136980 423
137020 423
137060 423
137100 423
137140 423
137180 423
137224 423
137264 423
137304 423
137344 423
137384 422
137424 423
137464 423
137504 419
137548 423
137588 423
137628 422
137668 422
137708 422
137756 423
137796 422
137836 419
137876 422
137916 419
137956 419
138000 419
138040 422
138080 419
138120 419
138160 419
138200 419
138240 422
138280 423
138324 419
138364 423
138404 423
138444 423
138484 423
138524 422
138564 423
138604 423
138648 423
138688 423
138728 423
138768 423
138816 423
138856 423
138896 423
138936 423
138976 423
139016 423
139056 423
139096 423
139140 423
139180 423
139220 423
139260 423
139300 423
139340 423
139380 423
139420 423
139464 423
139504 423
139544 423
139584 423
139624 423
139664 423
139704 423
139744 423
139788 423
139832 422
139872 423
139912 423
139956 423
139996 423
140036 419
140076 422
140116 422
140156 419
140196 419
140236 423
140280 419
140320 422
140360 419
140400 419
140440 419
140480 419
140520 419
140560 423
140604 419
140644 422
140684 419
140724 419
140764 419
140804 422
140852 423
140892 423
140932 423
140972 423
141012 419
141056 423
141096 423
141136 423
141176 423
141216 423
141256 423
141296 423
141336 423
141380 423
141420 423
141460 423
141500 423
141540 423
141580 423
141620 423
141660 423
141704 423
141744 423
141784 423
141824 423
141872 423
141912 423
141952 423
141992 423
142032 423
142072 423
142112 423
142152 423
142196 423
142236 423
142276 423
142316 423
142356 423
142396 423
142436 423
142476 423
142520 423
142560 423
142600 423
142640 423
142680 423
142720 423
142760 423
142800 423
142844 423
142888 423
142928 423
142968 423
143012 422
143052 423
143092 423
143132 423
143172 422
143212 423
143252 422
143292 419
143336 419
143376 419
143416 419
143456 419
143496 419
143536 419
143576 422
143616 419
143660 419
143700 419
143740 422
143780 419
143820 419
143860 448
143908 481
143948 508
143988 519
144028 527
144068 536
144112 540
144152 542
144192 540
144232 540
144272 529
144312 527
144352 527
144392 519
144436 515
144476 512
144516 511
144556 510
144596 504
144636 504
144676 504
144716 504
144760 496
144800 496
144840 496
144880 496
144928 496
144968 496
145008 481
145048 481
145088 480
145128 480
145168 480
145208 480
145252 480
145292 480
145332 480
145372 480
145412 480
145452 480
145492 480
145532 480
145576 480
145616 480
145656 480
145696 480
145736 480
145776 480
145816 480
145856 480
145900 480
145944 480
145984 463
146024 480
146068 463
146116 463
146156 463
146196 463
146236 463
146280 463
146320 462
146360 460
146400 460
146440 455
146488 460
146528 455
146568 455
146608 455
146648 455
146688 455
146728 455
146772 455
146812 455
146852 455
146892 455
146932 455
146972 454
147012 455
147052 451
147096 451
147136 451
147176 451
147216 451
147256 451
147296 451
147336 451
147376 451
147420 449
147460 449
147504 449
147544 449
147584 449
147628 449
147668 449
147708 449
147748 449
147788 448
147828 448
147868 448
147908 448
147952 448
147992 448
148032 448
148072 448
148112 448
148152 448
148192 448
148232 448
148276 448
148316 448
148356 448
148396 448
148436 448
148476 448
148524 448
148564 448
148604 448
148644 448
148684 448
148728 448
148768 448
148808 448
148848 448
148888 448
148928 448
148968 448
149008 448
149052 448
149092 448
149132 448
149172 448
149212 448
149252 448
149292 448
149332 448
149376 448
149416 448
149456 448
149496 448
149544 448
149584 448
149624 448
149664 448
149704 448
149744 448
149784 448
149824 448
149868 448
149908 448
149948 448
149988 448
150028 448
150068 448
150108 448
150148 448
150192 448
150232 448
150272 448
150312 448
150352 448
150392 448
150432 448
150472 448
150516 448
150560 448
150600 448
150640 448
150684 448
150724 448
150764 448
150804 448
150844 448
150884 448
150924 448
150964 448
151008 448
151048 448
151088 448
151128 448
151168 448
151208 448
151248 448
151288 448
151332 448
151372 448
151412 448
151452 448
151492 448
151532 448
151580 448
151620 448
151660 448
151700 448
151740 448
151784 448
151824 448
151864 448
151904 448
151944 448
151984 448
152024 448
152064 448
152108 448
152148 448
152188 448
152228 448
152268 448
152308 448
152348 448
152388 448
152432 448
152472 448
152512 448
152552 448
152600 448
152640 448
152680 448
152720 448
152760 448
152800 448
152840 448
152880 448
152924 448
152964 448
153004 448
153044 448
153084 448
153124 448
153164 448
153204 448
153248 448
153288 448
153328 448
153368 448
153408 448
153448 448
153488 448
153528 448
153572 448
153616 448
153656 448
153696 448
153740 448
153780 448
153820 448
153860 448
153900 448
153940 448
153980 448
154020 448
154064 448
154104 448
154144 448
154184 448
154224 448
154264 448
154304 448
154344 448
154388 448
154428 448
154468 448
154508 448
154548 448
154588 448
154628 448
154672 448
154712 448
154752 448
154796 448
154836 448
154876 448
154916 448
154956 448
154996 448
155036 448
155076 448
155120 448
155160 448
155200 448
155240 448
155280 448
155320 448
155360 448
155400 448
155444 448
155484 448
155524 448
155564 448
155604 448
155644 448
155692 448
155732 448
155772 448
155812 448
155856 448
155896 448
155936 448
155976 448
156016 448
156056 448
156096 448
156136 448
156180 448
156220 448
156260 448
156300 448
156340 448
156380 448
156420 448
156460 448
156504 448
156556 448
156596 448
156636 448
156676 448
156716 448
156756 448
156800 448
156840 448
156880 448
156920 448
156960 448
157008 448
157048 448
157088 448
157128 448
157168 448
157208 448
157248 448
157292 448
157332 448
157372 448
157412 448
157452 448
157492 448
157532 448
157572 448
157616 448
157656 448
157696 448
157736 448
157776 448
157816 448
157856 448
157896 448
157940 448
157980 448
158024 448
158068 448
158108 448
158148 448
158188 448
158228 448
158268 448
158308 448
158348 448
158392 448
158432 448
158472 448
158512 448
158552 448
158592 448
158632 448
158672 448
158716 448
158756 448
158796 448
158836 448
158876 448
158916 448
158956 448
158996 448
159044 448
159084 448
159124 448
159164 448
159208 448
159248 448
159288 448
159328 448
159368 448
159408 448
159448 448
159488 448
159532 448
159572 448
159612 448
159652 448
159692 448
159732 448
159772 448
159812 448
159856 448
159896 448
159936 448
159976 448
160016 448
160064 448
160104 448
160144 448
160184 448
160224 448
160264 448
160304 448
160348 448
160388 448
160428 448
160468 448
160508 448
160548 448
160588 448
160628 448
160672 448
160712 448
160752 448
160792 448
160832 448
160872 448
160912 448
160952 448
160996 448
161036 448
161080 448
161124 448
161164 448
161204 448
161244 448
161284 448
161324 448
161364 448
161404 448
161448 448
161488 448
161528 448
161568 448
161608 448
161648 448
161688 448
161728 448
161772 448
161812 448
161852 448
161892 448
161932 448
161972 448
162012 448
162052 448
162096 448
162140 448
162180 448
162224 448
162264 448
162304 448
162344 448
162384 448
162424 448
162464 448
162504 448
162548 448
162588 448
162628 448
162668 448
162708 448
162748 448
162788 448
162828 448
162872 448
162912 448
162952 448
162992 448
163032 448
163072 448
163112 448
163156 448
163196 448
163236 448
163280 448
163320 448
163360 448
163400 448
163440 448
163480 448
163520 448
163560 448
163604 448
163644 448
163684 448
163724 448
163764 448
163804 448
163844 448
163884 448
163928 448
163968 448
164008 448
164048 448
164088 448
164128 448
164176 448
164216 448
164256 448
164296 448
164336 448
164380 448
164420 448
164460 448
164500 448
164540 448
164580 448
164620 448
164660 448
164704 448
164744 448
164784 448
164824 448
164864 448
164904 448
164944 448
164984 448
165028 448
165068 448
165108 448
165148 448
165196 448
165236 448
165276 448
165316 448
165356 448
165396 448
165436 448
165476 448
165520 448
165560 448
165600 448
165640 448
165680 448
165720 448
165760 448
165800 448
165844 448
165884 448
165924 448
165964 448
166004 448
166044 448
166084 448
166124 448
166168 448
166212 448
166252 448
166292 448
166336 448
166376 448
166416 448
166456 448
166496 448
166536 448
166576 448
166616 448
166660 448
166700 448
166740 448
166780 448
166820 448
166860 448
166900 448
166940 448
166984 448
167024 448
167064 448
167108 448
167148 448
167188 448
167228 448
167268 448
167308 448
167348 448
167388 448
167436 448
167476 448
167516 448
167556 448
167600 448
167640 448
167680 448
167720 448
167760 448
167800 448
167840 448
167880 448
167924 448
167964 448
168004 448
168044 448
168084 448
168124 448
168164 448
168204 448
168248 448
168288 448
168328 448
168368 448
168408 448
168456 448
168496 448
168536 448
168576 448
168616 448
168656 448
168700 448
168740 448
168780 448
168820 448
168860 448
168900 448
168940 448
168980 448
169024 448
169064 448
169104 448
169144 448
169184 448
169224 448
169264 448
169304 448
169348 448
169388 448
169428 448
169472 448
169516 448
169556 448
169596 448
169636 448
169676 448
169716 448
169756 448
169796 448
169840 448
169880 448
169920 448
169960 448
170000 448
170040 448
170080 448
170120 448
170164 448
170204 448
170244 448
170284 448
170324 448
170364 448
170404 448
170444 448
170488 448
170532 448
170572 448
170612 448
170656 448
170696 448
170736 448
170776 448
170816 448
170856 448
170896 448
170936 448
170980 448
171020 448
171060 448
171100 448
171140 448
171180 448
171220 448
171260 448
171304 448
171344 448
171384 448
171424 448
171464 448
171504 448
171552 448
171592 448
171632 448
171672 448
171712 448
171756 448
171796 448
171836 448
171876 448
171916 448
171956 448
171996 448
172036 448
172080 448
172120 448
172160 448
172200 448
172240 448
172280 448
172320 448
172360 448
172404 448
172444 448
172484 448
172524 448
172572 448
172612 448
172652 448
172692 448
172732 448
172772 448
172812 448
172852 448
172896 448
172936 448
172976 448
173016 448
173056 448
173096 448
173136 448
173176 448
173220 448
173260 448
173300 448
173340 448
173380 448
173420 448
173460 448
173500 448
173544 448
173588 448
173628 448
173668 448
173712 448
173752 448
173792 448
173832 448
173872 448
173912 448
173952 448
173992 448
174036 448
174076 448
174116 448
174156 448
174196 448
174236 448
174276 448
174316 448
174360 448
174400 448
174440 448
174480 448
174520 448
174560 448
174608 448
174648 448
174688 448
174728 448
174768 448
174812 448
174852 448
174892 448
174932 448
174972 448
175012 448
175052 448
175092 448
175136 448
175176 448
175216 448
175256 448
175296 448
175336 448
175376 448
175416 448
175460 448
175500 448
175540 448
175580 448
175628 448
175668 448
175708 448
175748 448
175788 448
175828 448
175868 448
175908 448
175952 448
175992 448
176032 448
176072 448
176112 448
176152 448
176192 448
176232 448
176276 448
176316 448
176356 448
176396 448
176436 448
176476 448
176516 448
176556 448
176600 448
176644 448
176684 448
176724 448
176768 448
176808 448
176848 448
176888 448
176928 448
176968 448
177008 448
177048 448
177092 448
177132 448
177172 448
177212 448
177252 448
177292 448
177332 448
177372 448
177416 448
177456 448
177496 448
177536 448
177576 448
177616 448
177656 448
177700 448
177740 448
177780 448
177820 448
177860 448
177900 448
177940 448
177980 448
178024 448
178068 448
178108 448
178148 448
178192 448
178232 448
178272 448
178312 448
178352 448
178392 448
178432 448
178472 448
178516 448
178556 448
178596 448
178636 448
178676 448
178716 448
178756 448
178796 448
178840 448
178880 448
178920 448
178960 448
179000 448
179040 448
179088 448
179128 448
179168 448
179208 448
179248 448
179288 448
179332 448
179372 448
179412 448
179452 448
179492 448
179532 448
179572 448
179612 448
179656 448
179696 448
179736 448
179776 448
179816 448
179856 448
179896 448
179936 448
179980 448
180020 448
180060 448
180108 448
180148 448
180188 448
180228 448
180268 448
180308 448
180348 448
180388 448
180432 448
180472 448
180512 448
180552 448
180592 448
180632 448
180672 448
180712 448
180756 448
180796 448
180836 448
180876 448
180916 448
180956 448
180996 448
181036 448
181080 448
181124 448
181164 448
181204 448
181248 448
181288 448
181328 448
181368 448
181408 448
181448 448
181488 448
181528 448
181572 448
181612 448
181652 448
181692 448
181732 448
181772 448
181812 448
181852 448
181896 448
181936 448
181976 448
182016 448
182056 448
182096 448
182144 448
182184 448
182224 448
182264 448
182308 448
182348 448
182388 448
182428 448
182468 448
182508 448
182548 448
182588 448
182632 448
182672 448
182712 448
182752 448
182792 448
182832 448
182872 448
182912 448
182956 448
182996 448
183036 448
183076 448
183116 448
183164 448
183204 448
183244 448
183284 448
183324 448
183364 448
183404 448
183448 448
183488 448
183528 448
183568 448
183608 448
183648 448
183688 448
183728 448
183772 448
183812 448
183852 448
183892 448
183932 448
183972 448
184012 448
184052 448
184096 448
184136 448
184180 448
184220 448
184264 448
184304 448
184344 448
184384 448
184424 448
184464 448
184504 448
184544 448
184588 448
184628 448
184668 448
184708 448
184748 448
184788 448
184828 448
184868 448
184912 448
184952 448
184992 448
185032 448
185072 448
185112 448
185152 448
185192 448
185240 448
185280 448
185320 448
185364 448
185404 448
185444 448
185484 448
185524 448
185564 448
185604 448
185644 448
185688 448
185728 448
185768 448
185808 448
185848 448
185888 448
185928 448
185968 448
186012 448
186052 448
186092 448
186132 448
186172 448
186212 448
186256 448
186296 448
186336 448
186380 448
186420 448
186460 448
186500 448
186540 448
186580 448
186620 448
186660 448
186704 448
186744 448
186784 448
186824 448
186864 448
186904 448
186944 448
186984 448
187028 448
187068 448
187108 448
187148 448
187188 448
187228 448
187276 448
187316 448
187356 448
187396 448
187436 448
187480 448
187520 448
187560 448
187600 448
187640 448
187680 448
187720 448
187760 448
187804 448
187848 448
187888 448
187928 448
187968 448
188008 448
188048 448
188088 448
188132 448
188172 448
188212 448
188252 448
188292 448
188340 448
188380 448
188420 448
188460 448
188500 448
188540 448
188580 448
188624 448
188664 448
188704 448
188744 448
188784 448
188824 448
188864 448
188904 448
188948 448
188988 448
189028 448
189068 448
189108 448
189148 448
189188 448
189228 448
189272 448
189312 448
189356 448
189400 448
189440 448
189480 448
189520 448
189560 448
189600 448
189640 448
189680 448
189724 448
189764 448
189804 448
189844 448
189884 448
189924 448
189964 448
190004 448
190048 448
190088 448
190128 448
190168 448
190208 448
190248 448
190288 448
190328 448
190376 448
190416 448
190456 448
190496 448
190540 448
190580 448
190620 448
190660 448
190700 448
190740 448
190780 448
190820 448
190864 448
190904 448
190944 448
190984 448
191024 448
191064 448
191104 448
191144 448
191188 448
191228 448
191268 448
191308 448
191348 448
191396 448
191436 448
191476 448
191516 448
191556 448
191596 448
191636 448
191680 448
191720 448
191760 448
191800 448
191840 448
191880 448
191920 448
191960 448
192004 448
192044 448
192084 448
192124 448
192164 448
192204 448
192244 448
192284 448
192328 448
192368 412
192412 352
192456 284
192496 224
192536 192
192576 127
192616 96
192656 48
192696 7
192736 0
192780 0
192820 0
192860 0
192900 0
192940 0
192980 0
193020 0
193060 0
193104 30
193144 63
193184 99
193224 142
193264 192
193304 240
193344 284
193384 327
193428 387
193472 448
193512 496
193552 536
193596 575
193636 624
193676 655
193716 704
193756 716
193796 768
193836 768
193876 775
193920 783
193960 783
194000 783
194040 775
194080 768
194120 768
194160 736
194200 705
194244 679
194284 639
194324 624
194364 575
194404 543
194444 508
194492 455
194532 419
194572 384
194612 352
194652 316
194692 284
194736 254
194776 224
194816 199
194856 192
194896 159
194936 152
194976 143
195016 135
195060 135
195100 142
195140 152
195180 159
195220 192
195260 192
195300 224
195340 240
195384 255
195424 287
195464 319
195512 352
195552 384
195592 415
195632 448
195672 480
195712 504
195752 527
195792 547
195836 575
195876 591
195916 608
195956 632
195996 636
196036 639
196076 639
196116 639
196160 639
196200 639
196240 636
196280 624
196320 608
196360 591
196400 575
196440 560
196484 536
196528 511
196568 496
196608 463
196652 448
196692 415
196732 391
196772 384
196812 352
196852 327
196892 316
196932 304
196976 286
197016 271
197056 255
197096 255
197136 254
197176 254
197216 254
197256 255
197300 255
197340 263
197380 275
197420 287
197460 304
197500 318
197548 334
197588 352
197628 384
197668 385
197708 408
197748 423
197792 448
197832 455
197872 480
197912 496
197952 508
197992 518
198032 527
198072 542
198116 543
198156 560
198196 560
198236 568
198280 568
198320 560
198360 551
198400 543
198440 542
198484 527
198524 519
198564 510
198604 504
198644 480
198684 480
198724 451
198764 448
198808 432
198848 414
198888 398
198928 384
198968 384
199008 384
199048 352
199088 352
199132 335
199172 327
199216 319
199256 319
199296 319
199336 319
199376 319
199416 319
199456 327
199496 327
199540 352
199580 352
199620 352
199660 384
199700 384
199740 384
199780 391
199820 408
199864 415
199904 448
199944 448
199984 449
200024 460
200064 480
200104 480
200152 496
200192 496
200232 504
200272 508
200312 508
200356 510
200396 510
200436 511
200476 508
200516 508
200556 504
200596 496
200636 496
200680 480
200720 480
200760 480
200800 455
200840 448
200880 448
200920 448
200960 423
201004 415
201044 408
201084 398
201124 391
201172 384
201212 384
201252 384
201292 384
201332 384
201372 384
201412 384
201452 368
201496 368
201536 384
201576 384
201616 384
201656 384
201696 384
201736 384
201776 384
201820 387
201860 391
201900 399
201940 408
201980 415
202020 419
202060 448
202100 448
202144 448
202188 448
202228 451
202272 455
202312 463
202352 480
202392 480
202432 480
202472 480
202512 480
202552 480
202596 480
202636 480
202676 480
202716 480
202756 480
202796 462
202836 455
202876 451
202920 448
202960 448
203000 448
203040 448
203080 432
203120 419
203160 415
203208 414
203248 408
203288 399
203328 398
203368 391
203412 391
203452 387
203492 385
203532 384
203572 384
203612 384
203652 384
203692 384
203736 385
203776 387
203816 387
203856 391
203896 391
203936 399
203976 399
204016 414
204060 412
204100 415
204140 415
204180 423
204228 432
204268 448
204308 448
204348 448
204388 448
204428 448
204468 448
204508 448
204552 449
204592 451
204632 451
204672 451
204712 451
204752 451
204792 451
204832 449
204876 448
204916 448
204956 448
204996 448
205036 448
205076 448
205116 448
205156 448
205200 448
205244 432
205284 419
205328 415
205368 415
205408 415
205448 414
205488 412
205528 408
205568 408
205608 399
205652 399
205692 399
205732 399
205772 399
205812 399
205852 399
205892 399
205932 399
205976 401
206016 408
206056 412
206096 412
206136 414
206176 415
206216 415
206256 415
206300 419
206340 423
206384 432
206424 432
206464 448
206504 448
206544 448
206584 448
206624 448
206664 448
206708 448
206748 448
206788 448
206828 448
206868 448
206908 448
206948 448
206988 448
207032 448
207072 448
207112 448
207152 448
207192 448
207232 448
207272 448
207320 432
207360 432
207400 432
207440 422
207480 415
207524 415
207564 415
207604 415
207644 415
207684 414
207724 414
207764 414
207804 412
207848 412
207888 412
207928 412
207968 412
208008 412
208048 412
208088 414
208128 414
208172 415
208212 415
208252 415
208292 415
208340 415
208380 415
208420 419
208460 423
208500 432
208540 432
208580 432
208620 448
208664 448
208712 432
208752 448
208792 448
208832 448
208872 448
208912 448
208952 448
209000 448
209040 448
209080 448
209124 448
209164 448
209204 448
209244 448
209284 432
209324 432
209364 432
209404 423
209448 423
209488 419
209528 415
209568 415
209608 415
209648 415
209688 415
209728 415
209772 415
209812 415
209852 415
209892 415
209932 415
209972 415
210016 415
210056 415
210100 415
210140 415
210180 415
210220 415
210260 415
210300 415
210340 415
210380 419
210424 419
210464 423
210504 423
210544 432
210584 432
210624 432
210664 432
210704 432
210748 448
210788 448
210828 448
210868 448
210908 448
210948 448
210988 448
211036 448
211076 448
211116 432
211156 448
211196 448
211240 432
211280 432
211320 432
211360 432
211400 432
211440 432
211480 432
211520 423
211564 423
211604 422
211644 419
211684 419
211724 419
211764 415
211804 415
211844 415
211888 415
211928 415
211968 415
212008 415
212056 415
212096 415
212136 415
212176 415
212216 415
212256 415
212296 415
212336 415
212380 415
212420 415
212460 415
212500 419
212540 419
212580 419
212620 422
212660 423
212704 423
212744 432
212784 423
212824 432
212864 432
212904 432
212944 432
212984 432
213028 432
213072 432
213112 432
213156 432
213196 432
213236 432
213276 432
213316 432
213356 432
213396 423
213436 432
213480 432
213520 432
213560 432
213600 432
213640 432
213680 432
213720 423
213760 423
213804 423
213844 423
213884 423
213924 419
213964 419
214004 419
214044 419
214092 419
214132 419
214172 415
214212 419
214252 415
214296 415
214336 415
214376 419
214416 415
214456 415
214496 415
214536 419
214576 419
214620 419
214660 419
214700 419
214740 419
214780 419
214820 423
214860 423
214900 423
214944 423
214984 423
215024 432
215064 432
215112 432
215152 432
215192 432
215232 432
215272 432
215312 432
215352 432
215392 432
215436 432
215476 432
215516 432
215556 432
215596 432
215636 432
215676 448
215716 432
215760 432
215800 432
215840 423
215880 423
215920 423
215960 423
216000 423
216040 423
216084 423
216128 423
216168 419
216212 419
216252 419
216292 419
216332 419
216372 419
216412 419
216452 419
216492 419
216536 419
216576 419
216616 419
216656 419
216696 419
216736 422
216776 423
216816 422
216860 423
216900 423
216940 423
216980 423
217020 423
217060 423
217100 423
217140 423
217188 423
217228 423
217268 423
217308 432
217352 432
217392 432
217432 432
217472 432
217512 423
217552 432
217592 423
217632 423
217676 423
217716 423
217756 423
217796 423
217836 423
217876 423
217916 423
217956 423
218000 422
218040 419
218080 419
218120 419
218160 419
218208 419
218248 419
218288 419
218328 419
218368 419
218408 432
218448 419
218492 419
218532 419
218572 419
218612 419
218652 419
218692 419
218732 419
218772 419
218816 419
218856 419
218896 422
218936 423
218976 423
219016 422
219056 423
219096 423
219140 423
219180 423
219220 423
219260 423
219300 423
219344 423
219384 423
219424 423
219464 423
219504 423
219544 423
219584 423
219624 423
219668 423
219708 423
219748 423
219788 423
219828 423
219868 423
219908 423
219948 423
219992 423
220036 423
220080 423
220120 423
220160 423
220200 423
220240 423
220280 423
220320 423
220360 423
220404 419
220444 423
220484 423
220524 423
220564 423
220604 423
220644 423
220684 423
220728 423
220768 423
220808 423
220848 423
220888 423
220928 423
220968 423
221008 423
221052 423
221096 423
221136 423
221176 423
221220 423
221260 423
221300 423
221340 423
221380 423
221420 423
221460 423
221500 423
221544 423
221584 423
221624 423
221664 423
221704 423
221744 423
221784 423
221824 423
221868 423
221908 432
221948 423
221988 423
222028 423
222068 423
222112 423
222152 423
222196 423
222236 423
222276 423
222316 423
222356 415
222396 423
222436 423
222476 423
222520 423
222560 423
222600 423
222640 423
222680 423
222720 422
222760 419
222800 422
222844 423
222884 423
222924 422
222964 419
223004 422
223044 422
223084 422
223132 423
223172 422
223212 422
223252 423
223292 422
223336 423
223376 423
223416 423
223456 423
223496 423
223536 423
223576 423
223616 423
223660 423
223700 423
223740 423
223780 423
223820 423
223860 423
223900 432
223940 432
223984 432
224024 423
224064 432
224104 432
224152 432
224192 423
224232 432
224272 423
224312 423
224352 423
224392 423
224432 423
224476 423
224516 423
224556 423
224596 423
224636 423
224676 423
224716 423
224756 423
224800 423
224840 422
224880 419
224920 422
224960 422
225000 419
225040 422
225080 419
225124 422
225168 419
225208 423
225252 422
225292 423
225332 423
225372 423
225412 423
225452 423
225492 423
225532 423
225576 423
225616 432
225656 423
225696 423
225736 423
225776 423
225816 432
225856 423
225900 432
225940 423
225980 432
226020 423
226060 423
226100 423
226140 432
226188 423
226228 423
226268 423
226308 423
226348 423
226392 423
226432 423
226472 423
226512 423
226552 423
226592 423
226632 423
226672 423
226716 423
226756 423
226796 423
226836 423
226876 423
226916 423
226956 423
226996 423
227040 423
227080 423
227120 423
227160 423
227208 423
227248 423
227288 423
227328 423
227368 432
227408 423
227448 423
227488 423
227532 423
227572 423
227612 423
227652 423
227692 423
227732 423
227772 423
227812 423
227856 423
227896 423
227936 423
227976 423
228016 422
228056 422
228096 423
228136 419
228180 422
228224 419
228264 422
228308 419
228348 422
228388 419
228428 419
228468 419
228508 422
228548 422
228588 419
228632 422
228672 423
228712 422
228752 419
228792 422
228832 419
228872 422
228912 422
228956 423
228996 422
229036 423
229076 423
229116 423
229156 423
229196 423
229236 423
229284 423
229324 423
229364 423
229404 423
229448 423
229488 423
229528 423
229568 423
229608 423
229652 423
229692 423
229732 423
229772 423
229812 423
229852 432
229892 423
229932 423
229980 423
230020 423
230060 423
230104 423
230144 423
230184 423
230224 423
230264 432
230304 432
230344 423
230384 423
230428 423
230468 423
230508 432
230548 423
230588 423
230628 423
230668 423
230708 423
230752 423
230792 423
230832 423
230872 423
230912 423
230952 423
231000 423
231040 423
231080 423
231120 423
231160 423
231200 422
231244 423
231284 423
231324 423
231364 423
231404 423
231444 423
231484 422
231524 423
231568 423
231608 423
231648 423
231688 423
231728 423
231768 423
231808 423
231848 423
231892 423
231932 422
231972 423
232016 423
232060 422
232100 423
232140 423
232180 423
232220 423
232260 423
232300 423
232340 423
232384 423
232424 423
232464 423
232504 423
232544 423
232584 419
232624 423
232664 423
232708 423
232748 423
232788 423
232828 423
232868 423
232908 423
232948 423
232988 423
233032 422
233076 423
233116 423
233160 423
233200 423
233240 423
233280 423
233320 423
233360 432
233400 432
233440 432
233484 432
233524 423
233564 423
233604 423
233644 423
233684 423
233724 423
233764 423
233808 423
233848 423
233888 423
233928 423
233968 419
234008 423
234048 423
234096 423
234136 423
234176 423
234216 423
234256 423
234300 423
234340 423
234380 423
234420 423
234460 423
234500 422
234540 423
234580 423
234624 423
234664 423
234704 423
234744 423
234784 423
234824 423
234864 423
234904 423
234948 423
234988 423
235028 423
235068 423
235116 423
235156 423
235196 423
235236 423
235276 423
235316 423
235356 423
235396 423
235440 423
235480 423
235520 423
235560 423
235600 423
235640 423
235680 423
235720 423
235764 423
235804 423
235844 423
235884 423
235924 423
235964 423
236004 423
236044 423
236088 423
236132 423
236172 423
236216 423
236256 423
236296 423
236336 423
236376 423
236416 423
236456 423
236496 423
236540 423
236580 423
236620 423
236660 423
236700 423
236740 423
236780 423
236820 423
236864 423
236904 423
236944 423
236984 423
237024 423
237064 423
237104 423
237152 423
237192 423
237232 423
237272 423
237316 422
237356 423
237396 422
237436 422
237476 419
237516 423
237556 419
237596 423
237640 419
237680 422
237720 419
237760 422
237800 422
237840 419
237880 419
237920 422
237964 422
238004 419
238044 422
238084 419
238124 422
238172 419
238212 422
238252 422
238292 423
238332 423
238372 423
238416 423
238456 423
238496 423
238536 423
238576 423
238616 423
238656 423
238696 423
238740 423
238780 422
238820 423
238860 423
238900 423
238940 423
238980 423
239020 423
239064 423
239104 423
239144 423
239188 423
239232 423
239272 423
239312 423
239352 419
239392 423
239432 423
239472 423
239512 423
239556 423
239596 423
239636 423
239676 423
239716 423
239756 422
239796 423
239836 423
239880 448
239920 496
239960 508
240004 508
240048 515
240088 527
240128 536
240168 540
240208 540
240248 540
240288 540
240328 536
240372 527
240412 527
240452 519
240492 515
240532 512
240572 508
240612 510
240652 508
240696 504
240736 504
240776 504
240820 496
240864 496
240904 496
240944 496
240984 496
241024 496
241064 481
241104 480
241144 480
241188 480
241228 480
241268 480
241308 480
241348 480
241388 480
241428 480
241468 480
241512 480
241552 480
241592 480
241632 480
241672 480
241712 480
241752 480
241792 480
241840 480
241880 480
241920 480
241960 480
242004 480
242044 480
242084 463
242124 463
242164 463
242204 463
242244 462
242284 463
242328 462
242368 462
242408 460
242448 460
242488 460
242528 460
242568 455
242608 455
242652 455
242692 455
242732 455
242772 455
242812 455
242860 455
242900 455
242940 455
242980 455
243020 455
243060 455
243104 451
243144 451
243184 451
243224 451
243264 451
243304 451
243344 451
243384 451
243428 451
243468 451
243508 451
243548 449
243588 449
243628 449
243668 449
243708 449
243752 449
243792 449
243832 449
243876 448
243920 448
243960 448
244000 448
244040 448
244080 448
244120 448
244160 448
244200 448
244244 448
244284 448
244324 448
244364 448
244404 448
244444 448
244484 448
244524 448
244568 448
244608 448
244648 448
244688 448
244728 448
244768 448
244808 448
244848 448
244892 448
244936 448
244976 448
245016 448
245060 448
245100 448
245140 448
245180 448
245220 448
245260 448
245300 448
245340 448
245384 448
245424 448
245464 448
245504 448
245544 448
245584 448
245624 448
245664 448
245708 448
245748 448
245788 448
245828 448
245868 448
245908 448
245956 448
245996 448
246036 448
246076 448
246116 448
246160 448
246200 448
246240 448
246280 448
246320 448
246360 448
246400 448
246440 448
246484 448
246524 448
246564 448
246604 448
246644 448
246684 448
246724 448
246764 448
246808 448
246848 448
246888 448
246928 448
246976 448
247016 448
247056 448
247096 448
247136 448
247176 448
247216 448
247256 448
247300 448
247340 448
247380 448
247420 448
247460 448
247500 448
247540 448
247580 448
247624 448
247664 448
247704 448
247744 448
247784 448
247824 448
247864 448
247904 448
247948 448
247992 448
248032 448
248072 448
248116 448
248156 448
248196 448
248236 448
248276 448
248316 448
248356 448
248396 448
248440 448
248480 448
248520 448
248560 448
248600 448
248640 448
248680 448
248720 448
248764 448
248804 448
248844 448
248884 448
248924 448
248964 448
249012 448
249052 448
249092 448
249132 448
249172 448
249216 448
249256 448
249296 448
249336 448
249376 448
249416 448
249456 448
249496 448
249540 448
249580 448
249620 448
249660 448
249700 448
249740 448
249780 448
249820 448
249864 448
249904 448
249944 448
249984 448
250032 448
250072 448
250112 448
250152 448
250192 448
250232 448
250272 448
250312 448
250356 448
250396 448
250448 448
250488 448
250528 448
250568 448
250612 448
250652 448
250692 448
250732 448
250772 448
250812 448
250852 448
250892 448
250936 448
250976 448
251016 448
251056 448
251104 448
251144 448
251184 448
251224 448
251264 448
251304 448
251344 448
251384 448
251428 448
251468 448
251508 448
251548 448
251588 448
251628 448
251668 448
251708 448
251752 448
251792 448
251832 448
251872 448
251912 448
251952 448
251992 448
252032 448
252076 448
252120 448
252160 448
252200 448
252244 448
252284 448
252324 448
252364 448
252404 448
252444 448
252484 448
252524 448
252568 448
252608 448
252648 448
252688 448
252728 448
252768 448
252808 448
252848 448
252892 448
252932 448
252972 448
253012 448
253052 448
253092 448
253140 448
253180 448
253220 448
253260 448
253300 448
253344 448
253384 448
253424 448
253464 448
253504 448
253544 448
253584 448
253624 448
253668 448
253708 448
253748 448
253788 448
253828 448
253868 448
253908 448
253948 448
253992 448
254032 448
254072 448
254112 448
254152 448
254200 448
254240 448
254280 448
254320 448
254360 448
254400 448
254440 448
254484 448
254524 448
254564 448
254604 448
254644 448
254684 448
254724 448
254764 448
254808 448
254848 448
254888 448
254928 448
254968 448
255008 448
255048 448
255088 448
255132 448
255172 448
255216 448
255256 448
255296 448
255340 448
255380 448
255420 448
255460 448
255500 448
255540 448
255580 448
255620 448
255664 448
255704 448
255744 448
255784 448
255824 448
255864 448
255904 448
255944 448
255988 448
256028 448
256068 448
256108 448
256148 448
256188 448
256236 448
256276 448
256316 448
256356 448
256396 448
256436 448
256480 448
256520 448
256560 448
256600 448
256640 448
256680 448
256720 448
256760 448
256804 448
256844 448
256884 448
256924 448
256964 448
257004 448
257044 448
257084 448
257128 448
257168 448
257208 448
257252 448
257296 448
257336 448
257376 448
257416 448
257456 448
257496 448
257536 448
257576 448
257620 448
257660 448
257700 448
257740 448
257780 448
257820 448
257860 448
257900 448
257944 448
257984 448
258024 448
258064 448
258104 448
258144 448
258184 448
258224 448
258272 448
258312 448
258352 448
258396 448
258436 448
258476 448
258516 448
258556 448
258596 448
258636 448
258676 448
258720 448
258760 448
258800 448
258840 448
258880 448
258920 448
258960 448
259000 448
259044 448
259084 448
259124 448
259164 448
259204 448
259244 448
259292 448
259332 448
259372 448
259412 448
259452 448
259492 448
259536 448
259576 448
259616 448
259656 448
259696 448
259736 448
259776 448
259816 448
259860 448
259900 448
259940 448
259980 448
260020 448
260060 448
260100 448
260140 448
260184 448
260224 448
260264 448
260312 448
260352 448
260392 448
260432 448
260472 448
260512 448
260552 448
260596 448
260636 448
260676 448
260716 448
260756 448
260796 448
260836 448
260888 448
260928 448
260968 448
261008 448
261048 448
261092 448
261132 448
261172 448
261212 448
261252 448
261292 448
261332 448
261372 448
261416 448
261456 448
261496 448
261536 448
261576 448
261624 448
261664 448
261704 448
261744 448
261784 448
261824 448
261864 448
261908 448
261948 448
261988 448
262028 448
262068 448
262108 448
262148 448
262188 448
262232 448
262272 448
262312 448
262352 448
262392 448
262432 448
262472 448
262512 448
262556 448
262596 448
262640 448
262680 448
262724 448
262764 448
262804 448
262844 448
262884 448
262924 448
262964 448
263004 448
263048 448
263088 448
263128 448
263168 448
263208 448
263248 448
263288 448
263328 448
263372 448
263412 448
263452 448
263492 448
263532 448
263572 448
263612 448
263660 448
263700 448
263740 448
263780 448
263824 448
263864 448
263904 448
263944 448
263984 448
264024 448
264064 448
264104 448
264148 448
264188 448
264228 448
264268 448
264308 448
264348 448
264388 448
264428 448
264472 448
264512 448
264552 448
264592 448
264632 448
264680 448
264720 448
264760 448
264800 448
264840 448
264880 448
264920 448
264964 448
265004 448
265044 448
265084 448
265124 448
265164 448
265204 448
265244 448
265288 448
265328 448
265368 448
265408 448
265448 448
265488 448
265528 448
265568 448
265612 448
265652 448
265696 448
265736 448
265780 448
265820 448
265860 448
265900 448
265940 448
265980 448
266020 448
266060 448
266104 448
266144 448
266184 448
266224 448
266264 448
266304 448
266344 448
266384 448
266428 448
266468 448
266508 448
266548 448
266588 448
266628 448
266668 448
266716 448
266756 448
266796 448
266836 448
266880 448
266920 448
266960 448
267000 448
267040 448
267080 448
267120 448
267160 448
267204 448
267244 448
267284 448
267324 448
267364 448
267404 448
267444 448
267484 448
267528 448
267568 448
267608 448
267648 448
267688 448
267728 448
267776 448
267816 448
267856 448
267896 448
267936 448
267976 448
268020 448
268060 448
268100 448
268140 448
268180 448
268220 448
268260 448
268300 448
268344 448
268384 448
268424 448
268464 448
268504 448
268544 448
268584 448
268624 448
268668 448
268708 448
268748 448
268792 448
268832 448
268876 448
268916 448
268956 448
268996 448
269036 448
269076 448
269116 448
269156 448
269200 448
269240 448
269280 448
269320 448
269360 448
269400 448
269440 448
269480 448
269524 448
269564 448
269604 448
269644 448
269684 448
269724 448
269764 448
269812 448
269852 448
269892 448
269932 448
269972 448
270016 448
270056 448
270096 448
270136 448
270176 448
270216 448
270256 448
270296 448
270340 448
270380 448
270420 448
270460 448
270500 448
270540 448
270580 448
270620 448
270664 448
270704 448
270744 448
270784 448
270832 448
270872 448
270912 448
270952 448
270992 448
271032 448
271072 448
271112 448
271156 448
271196 448
271236 448
271276 448
271316 448
271360 448
271400 448
271440 448
271480 448
271520 448
271560 448
271600 448
271640 448
271684 448
271724 448
271764 448
271804 448
271844 448
271884 448
271924 448
271972 448
272012 448
272052 448
272092 448
272132 448
272176 448
272216 448
272256 448
272296 448
272336 448
272376 448
272416 448
272456 448
272500 448
272540 448
272580 448
272620 448
272660 448
272700 448
272740 448
272780 448
272824 448
272864 448
272904 448
272944 448
272992 448
273032 448
273072 448
273112 448
273152 448
273192 448
273232 448
273276 448
273316 448
273356 448
273396 448
273436 448
273476 448
273516 448
273556 448
273600 448
273640 448
273680 448
273720 448
273760 448
273800 448
273840 448
273880 448
273924 448
273964 448
274008 448
274048 448
274092 448
274132 448
274172 448
274212 448
274252 448
274292 448
274332 448
274372 448
274416 448
274456 448
274496 448
274536 448
274576 448
274616 448
274656 448
274696 448
274740 448
274780 448
274820 448
274860 448
274900 448
274940 448
274980 448
275028 448
275068 448
275108 448
275148 448
275188 448
275232 448
275272 448
275312 448
275352 448
275392 448
275432 448
275472 448
275512 448
275556 448
275596 448
275636 448
275676 448
275716 448
275756 448
275796 448
275836 448
275880 448
275920 448
275960 448
276000 448
276048 448
276088 448
276128 448
276168 448
276208 448
276248 448
276288 448
276332 448
276372 448
276412 448
276452 448
276492 448
276532 448
276572 448
276612 448
276656 448
276696 448
276736 448
276776 448
276816 448
276856 448
276896 448
276936 448
276980 448
277020 448
277064 448
277104 448
277148 448
277188 448
277228 448
277268 448
277308 448
277348 448
277388 448
277428 448
277472 448
277512 448
277552 448
277592 448
277632 448
277672 448
277712 448
277752 448
277796 448
277836 448
277876 448
277916 448
277956 448
277996 448
278036 448
278076 448
278120 448
278160 448
278204 448
278244 448
278284 448
278324 448
278364 448
278404 448
278444 448
278484 448
278528 448
278568 448
278608 448
278648 448
278688 448
278728 448
278768 448
278808 448
278852 448
278892 448
278932 448
278972 448
279012 448
279052 448
279092 448
279140 448
279180 448
279220 448
279260 448
279300 448
279344 448
279384 448
279424 448
279464 448
279504 448
279544 448
279584 448
279624 448
279668 448
279708 448
279748 448
279788 448
279828 448
279868 448
279908 448
279948 448
279992 448
280032 448
280072 448
280112 448
280160 448
280200 448
280240 448
280280 448
280320 448
280360 448
280400 448
280440 448
280484 448
280524 448
280564 448
280604 448
280644 448
280684 448
280724 448
280764 448
280808 448
280848 448
280888 448
280928 448
280968 448
281008 448
281048 448
281088 448
281132 448
281176 448
281216 448
281260 448
281300 448
281340 448
281380 448
281420 448
281460 448
281500 448
281540 448
281584 448
281624 448
281664 448
281704 448
281752 448
281792 448
281832 448
281876 448
281916 448
281956 448
281996 448
282036 448
282076 448
282116 448
282156 448
282200 448
282240 448
282284 448
282324 448
282368 448
282408 448
282448 448
282488 448
282528 448
282568 448
282608 448
282648 448
282692 448
282732 448
282772 448
282812 448
282852 448
282892 448
282932 448
282972 448
283016 448
283056 448
283096 448
283136 448
283176 448
283216 448
283256 448
283304 448
283344 448
283384 448
283424 448
283464 448
283508 448
283548 448
283588 448
283628 448
283668 448
283708 448
283748 448
283788 448
283832 448
283872 448
283912 448
283952 448
283992 448
284032 448
284072 448
284112 448
284156 448
284196 448
284236 448
284276 448
284324 448
284364 448
284404 448
284444 448
284484 448
284524 448
284564 448
284608 448
284648 448
284688 448
284728 448
284768 448
284808 448
284848 448
284888 448
284932 448
284972 448
285012 448
285052 448
285092 448
285132 448
285172 448
285212 448
285256 448
285296 448
285340 448
285380 448
285424 448
285464 448
285504 448
285544 448
285584 448
285624 448
285664 448
285704 448
285748 448
285788 448
285828 448
285868 448
285908 448
285948 448
285988 448
286028 448
286072 448
286112 448
286152 448
286192 448
286232 448
286272 448
286312 448
286360 448
286400 448
286440 448
286480 448
286520 448
286564 448
286604 448
286644 448
286684 448
286724 448
286764 448
286804 448
286844 448
286888 448
286928 448
286968 448
287008 448
287048 448
287088 448
287128 448
287168 448
287212 448
287252 448
287292 448
287332 448
287380 448
287420 448
287460 448
287500 448
287540 448
287580 448
287620 448
287664 448
287704 448
287744 448
287784 448
287824 448
287864 448
287904 448
287944 448
287988 448
288028 448
288068 448
288108 448
288148 448
288188 448
288228 448
288268 448
288312 448
288352 448
288392 448
288436 448
288480 448
288520 448
288560 448
288600 432
288640 384
288680 312
288720 254
288760 195
288804 143
288844 97
288884 62
288924 24
288964 0
289004 0
289044 0
289084 0
289128 0
289168 0
289208 0
289248 0
289288 0
289328 7
289368 48
289408 78
289456 127
289496 176
289536 224
289576 255
289620 316
289660 384
289700 415
289740 463
289780 512
289820 560
289860 608
289900 639
289944 671
289984 704
290024 736
290064 768
290104 769
290144 783
290184 792
290224 792
290268 783
290308 775
290348 768
290388 768
290428 736
290476 704
290516 664
290556 632
290596 591
290636 560
290676 515
290720 480
290760 448
290800 399
290840 384
290880 327
290920 295
290960 255
291000 240
291044 224
291084 192
291124 176
291164 158
291204 143
291244 135
291284 135
291324 135
291368 143
291408 156
291448 167
291492 192
291536 207
291576 240
291616 255
291656 284
291696 316
291736 352
291776 384
291816 399
291860 448
291900 455
291940 496
291980 513
292020 542
292060 568
292100 583
292140 608
292184 608
292224 632
292264 636
292304 639
292344 639
292384 639
292424 639
292468 639
292508 636
292548 624
292588 608
292628 591
292668 575
292708 560
292748 536
292792 512
292832 496
292872 480
292912 448
292952 415
292992 391
293032 384
293080 352
293120 327
293160 316
293200 295
293240 286
293284 271
293324 255
293364 255
293404 254
293444 252
293484 252
293524 255
293564 255
293608 255
293648 271
293688 287
293728 304
293768 318
293808 327
293848 352
293888 384
293932 384
293972 399
294012 415
294052 448
294100 455
294140 480
294180 496
294220 508
294260 519
294300 527
294340 540
294380 543
294424 551
294464 560
294504 568
294544 568
294584 560
294624 560
294664 547
294704 543
294748 536
294788 519
294828 512
294868 504
294908 496
294948 480
294988 460
295028 448
295072 448
295116 415
295156 399
295200 387
295240 384
295280 384
295320 353
295360 352
295400 335
295440 327
295480 319
295524 319
295564 319
295604 319
295644 319
295684 319
295724 319
295764 327
295804 335
295848 352
295888 352
295928 384
295968 384
296008 384
296048 391
296088 399
296136 415
296176 432
296216 448
296256 448
296296 455
296340 480
296380 480
296420 481
296460 496
296500 504
296540 504
296580 508
296620 508
296664 510
296704 510
296744 510
296784 508
296824 504
296864 496
296904 496
296944 481
296988 480
297028 480
297068 455
297108 449
297156 448
297196 448
297236 423
297276 415
297316 412
297356 399
297396 391
297436 384
297480 384
297520 384
297560 384
297600 384
297640 384
297680 384
297720 384
297760 384
297804 384
297844 384
297884 384
297924 384
297964 384
298004 384
298044 384
298084 385
298128 391
298172 399
298212 408
298256 415
298296 415
298336 432
298376 448
298416 448
298456 448
298496 449
298536 455
298580 460
298620 463
298660 480
298700 480
298740 480
298780 480
298820 480
298860 480
298904 480
298944 480
298984 480
299024 480
299064 463
299104 455
299144 451
299184 448
299232 448
299272 448
299312 448
299352 432
299396 422
299436 415
299476 414
299516 412
299556 399
299596 399
299636 391
299676 391
299720 387
299760 385
299800 384
299840 384
299880 384
299920 384
299960 384
300000 384
300044 385
300084 387
300124 391
300164 391
300204 398
300248 399
300288 408
300332 412
300372 415
300412 415
300452 419
300492 432
300532 448
300572 448
300612 448
300656 448
300696 448
300736 448
300776 448
300816 451
300856 451
300896 451
300936 455
300980 455
301020 451
301060 451
301100 451
301140 449
301180 448
301220 448
301268 448
301308 448
301348 448
301388 448
301428 448
301472 432
301512 432
301552 419
301592 415
301632 415
301672 415
301712 412
301752 403
301796 408
301836 399
301876 399
301916 399
301956 399
301996 399
302036 399
302076 399
302120 399
302160 399
302200 399
302240 399
302288 408
302328 408
302368 412
302408 414
302448 415
302488 415
302528 415
302572 419
302620 448
302660 448
302700 448
302740 448
302780 448
302820 448
302860 448
302900 448
302944 448
302984 448
303024 448
303064 448
303104 448
303144 448
303184 448
303224 448
303268 448
303312 448
303352 448
303396 448
303436 432
303476 432
303516 423
303556 419
303596 415
303636 415
303676 415
303720 415
303760 415
303800 415
303840 414
303880 412
303920 412
303960 412
304000 412
304044 412
304084 412
304124 412
304164 414
304204 414
304244 414
304284 415
304332 415
304372 415
304412 415
304452 415
304492 415
304536 419
304576 423
304616 432
304656 432
304696 432
304736 432
304776 448
304816 448
304860 448
304900 448
304940 448
304980 448
305020 448
305060 448
305100 448
305140 448
305184 448
305224 448
305264 448
305304 448
305352 448
305392 448
305432 448
305472 448
305512 432
305552 432
305592 432
305632 419
305676 423
305716 419
305756 419
305796 415
305836 415
305876 415
305916 415
305956 415
306000 415
306040 415
306080 415
306120 415
306160 415
306200 415
306240 415
306280 415
306324 415
306368 415
306408 415
306452 415
306492 415
306532 415
306572 415
306612 419
306652 419
306692 422
306732 423
306776 423
306816 432
306856 432
306896 432
306936 432
306976 432
307016 448
307056 448
307100 448
307140 448
307180 448
307220 448
307260 448
307300 448
307340 448
307388 448
307428 448
307468 448
307508 448
307548 432
307592 432
307632 432
307672 432
307712 432
307752 432
307792 423
307832 423
307872 419
307916 432
307956 419
307996 415
308036 415
308076 415
308116 415
308156 415
308196 415
308240 415
308280 415
308320 415
308360 415
308400 415
308448 415
308488 415
308528 415
308568 415
308608 415
308648 415
308688 415
308732 419
308772 419
308812 419
308852 419
308892 423
308932 423
308972 423
309012 432
309056 432
309096 432
309136 432
309176 432
309216 432
309256 432
309296 432
309336 432
309380 432
309420 432
309464 432
309504 432
309544 432
309588 432
309628 432
309668 432
309708 432
309748 432
309788 432
309828 432
309868 432
309912 423
309952 423
309992 423
310032 423
310072 423
310112 422
310152 423
310192 419
310236 419
310276 419
310316 419
310356 419
310396 419
310436 419
310484 419
310524 419
310564 419
310604 419
310644 419
310684 419
310728 419
310768 419
310808 419
310848 419
310888 419
310928 419
310968 423
311008 423
311052 423
311092 423
311132 423
311172 423
311212 423
311252 423
311292 423
311332 432
311376 423
311416 432
311456 432
311504 432
311544 432
311584 432
311624 423
311664 432
311704 432
311744 432
311784 432
311828 432
311868 432
311908 432
311948 432
311988 432
312028 432
312068 432
312108 423
312152 432
312192 423
312232 423
312272 423
312312 423
312352 423
312392 422
312432 419
312476 419
312520 419
312560 419
312600 419
312644 419
312684 419
312724 419
312764 419
312804 419
312844 419
312884 419
312924 419
312968 419
313008 419
