20 1023
60 319
104 206
144 158
184 120
224 78
264 56
304 35
344 33
392 56
432 71
472 112
512 152
552 199
596 255
636 319
676 384
716 448
756 508
796 560
836 608
876 647
920 704
960 705
1000 736
1040 736
1080 716
1120 704
1160 671
1200 639
1244 608
1284 551
1324 508
1364 449
1412 391
1452 352
1492 304
1532 255
1572 224
1612 199
1652 192
1696 192
1736 176
1776 192
1816 193
1856 224
1896 252
1936 284
1976 319
2020 384
2060 399
2100 448
2140 481
2180 519
2220 560
2260 583
2300 608
2344 624
2384 632
2424 636
2468 632
2512 608
2552 591
2592 572
2632 540
2672 510
2712 480
2752 448
2792 399
2836 384
2876 352
2916 316
2956 287
2996 271
3036 255
3076 255
3116 255
3160 255
3200 270
3240 287
3280 312
3320 327
3360 352
3400 384
3440 412
3488 448
3528 480
3568 496
3608 513
3652 536
3692 543
3732 560
3772 568
3812 568
3852 560
3892 543
3932 536
3976 515
4016 504
4056 480
4096 451
4136 448
4176 408
4216 384
4256 384
4300 352
4340 332
4380 319
4420 318
4460 316
4508 312
4548 318
4588 319
4628 334
4668 352
4708 384
4752 384
4792 399
4832 415
4872 448
4912 455
4952 480
4992 496
5032 504
5076 510
5116 512
5156 515
5196 515
5236 512
5276 508
5316 504
5356 496
5400 480
5440 455
5480 448
5524 423
5568 412
5608 391
5648 384
5688 384
5728 384
5768 352
5808 352
5848 352
5892 352
5932 352
5972 368
6012 384
6052 384
6092 384
6132 396
6172 412
6216 419
6256 448
6296 448
6336 455
6376 480
6416 480
6456 480
6496 496
6544 496
6584 496
6624 480
6664 480
6708 480
6748 463
6788 451
6828 448
6868 448
6908 422
6948 414
6988 399
7032 391
7072 385
7112 384
7152 384
7192 384
7232 384
7272 384
7312 384
7356 384
7396 384
7436 391
7476 399
7516 408
7564 415
7604 432
7644 448
7684 448
7724 448
7764 451
7808 460
7848 463
7888 480
7928 480
7968 463
8008 463
8048 455
8088 455
8132 448
8172 448
8212 448
8252 448
8292 419
8332 415
8372 412
8412 399
8456 399
8496 391
8536 391
8580 387
8624 387
8664 387
8704 391
8744 391
8784 398
8824 399
8864 412
8904 415
8948 415
8988 432
9028 448
9068 448
9108 448
9148 448
9188 448
9228 449
9272 449
9312 451
9352 449
9392 449
9432 448
9472 448
9512 448
9552 448
9596 448
9640 432
9680 419
9724 415
9764 415
9804 412
9844 408
9884 399
9924 399
9964 399
10004 399
10048 399
10088 399
10128 399
10168 408
10208 412
10248 415
10288 415
10328 419
10372 432
10412 448
10456 448
10496 448
10536 448
10576 448
10620 448
10660 448
10700 448
10740 448
10780 448
10820 448
10860 448
10900 448
10944 448
10984 448
11024 432
11064 423
11104 415
11144 415
11192 414
11232 414
11272 412
11312 412
11352 408
11396 408
11436 408
11476 408
11516 412
11556 412
11596 414
11636 415
11676 415
11720 415
11760 423
11800 432
11840 432
11880 448
11920 448
11960 448
12000 448
12044 448
12084 448
12124 448
12164 448
12212 448
12252 448
12292 448
12332 448
12372 432
12412 432
12452 423
12492 419
12536 415
12576 415
12616 415
12656 415
12696 415
12736 414
12776 414
12816 414
12860 415
12900 415
12940 415
12980 415
13020 415
13060 415
13100 419
13140 423
13184 432
13228 432
13268 448
13308 448
13352 448
13392 448
13432 448
13472 448
13512 448
13552 448
13592 448
13632 448
13676 448
13716 432
13756 432
13796 423
13836 423
13876 419
13916 415
13956 415
14000 415
14040 415
14080 415
14120 415
14160 415
14200 415
14248 415
14288 415
14328 415
14368 415
14408 419
14452 419
14492 419
14532 423
14572 432
14612 432
14652 432
14692 432
14732 432
14776 448
14816 448
14856 448
14896 448
14936 448
14976 432
15016 432
15056 432
15100 432
15140 432
15180 423
15220 423
15260 419
15308 419
15348 419
15388 415
15428 419
15468 415
15508 415
15548 415
15592 415
15632 415
15672 415
15712 419
15752 419
15792 419
15832 419
15872 423
15916 423
15956 423
15996 432
16036 432
16076 432
16116 432
16156 432
16196 432
16240 432
16280 432
16324 432
16364 432
16404 432
16448 432
16488 432
16528 423
16568 423
16608 423
16648 419
16688 419
16728 419
16772 419
16812 419
16852 419
16892 419
16932 423
16972 419
17012 419
17052 419
17096 419
17136 419
17176 422
17216 423
17256 423
17296 423
17344 423
17384 423
17424 423
17464 423
17504 423
17544 423
17588 423
17628 423
17668 423
17708 423
17748 423
17788 423
17828 423
17868 423
17912 423
17952 423
17992 423
18032 423
18072 422
18112 422
18152 422
18192 423
18236 419
18276 423
18316 422
18360 419
18404 423
18444 423
18484 423
18524 423
18564 423
18604 423
18644 423
18684 423
18728 423
18768 432
18808 432
18848 423
18888 432
18928 432
18968 423
19008 423
19052 423
19092 432
19132 423
19172 423
19212 423
19252 423
19292 422
19332 422
19380 419
19420 423
19460 419
19504 422
19544 419
19584 419
19624 419
19664 422
19704 422
19744 422
19784 423
19828 423
19868 423
19908 423
19948 423
19988 423
20028 423
20068 432
20108 432
20152 432
20192 432
20232 432
20272 432
20312 432
20352 432
20400 432
20440 432
20480 432
20520 423
20560 423
20600 423
20644 422
20684 419
20724 419
20764 419
20804 419
20844 419
20896 419
20936 419
20976 419
21016 419
21056 419
21096 419
21136 419
21180 419
21220 419
21260 419
21300 419
21340 419
21380 419
21420 423
21460 423
21504 423
21548 423
21588 423
21628 423
21672 423
21712 423
21752 423
21792 432
21832 432
21872 432
21912 423
21952 423
21996 423
22036 423
22076 423
22116 423
22156 422
22196 423
22236 422
22276 423
22320 419
22360 422
22400 419
22440 419
22480 419
22520 419
22568 419
22608 419
22648 423
22688 419
22728 419
22768 419
22812 419
22852 419
22892 422
22932 419
22972 423
23012 423
23052 423
23092 423
23136 423
23176 423
23216 423
23256 423
23296 423
23336 423
23376 423
23416 423
23460 423
23500 423
23540 423
23588 423
23628 423
23668 423
23708 423
23748 423
23788 423
23828 423
23868 423
23912 419
23952 419
23992 423
24032 422
24072 419
24112 419
24152 419
24192 419
24236 419
24276 419
24316 419
24356 419
24396 422
24436 419
24476 423
24516 423
24560 423
24604 423
24644 423
24684 423
24728 423
24768 432
24808 423
24848 432
24888 432
24928 419
24968 423
25008 432
25052 432
25092 432
25132 423
25172 423
25212 423
25252 423
25292 423
25332 422
25376 423
25416 419
25456 422
25496 419
25536 419
25576 419
25624 419
25664 419
25704 422
25744 419
25784 419
25824 419
25868 419
25908 419
25948 419
25988 419
26028 419
26068 422
26108 423
26148 423
26192 423
26232 422
26272 423
26312 423
26352 423
26392 423
26432 423
26472 423
26516 423
26556 423
26596 423
26644 423
26684 419
26724 423
26764 423
26804 423
26844 423
26884 423
26924 423
26968 423
27008 422
27048 419
27088 422
27128 419
27168 419
27208 415
27248 419
27292 419
27332 419
27372 419
27412 419
27452 419
27492 419
27532 419
27572 419
27616 419
27660 419
27700 419
27740 423
27784 423
27824 423
27864 423
27904 423
27944 423
27984 432
28024 423
28064 423
28108 423
28148 423
28188 423
28228 423
28268 423
28308 423
28348 423
28388 423
28432 423
28472 423
28512 423
28552 422
28592 422
28632 422
28672 419
28716 419
28756 419
28796 419
28840 419
28880 419
28920 419
28960 419
29000 419
29040 419
29080 419
29120 419
29164 419
29204 422
29244 419
29284 423
29324 423
29364 423
29404 423
29444 432
29488 423
29528 432
29568 432
29608 432
29648 432
29688 423
29736 432
29776 432
29816 423
29856 423
29896 423
29936 423
29980 423
30020 423
30060 423
30100 423
30140 422
30180 419
30220 419
30260 419
30304 419
30344 419
30384 419
30424 423
30464 419
30504 419
30544 422
30584 423
30628 423
30668 423
30708 423
30752 423
30796 423
30836 432
30876 423
30916 423
30956 432
30996 423
31036 432
31076 423
31120 432
31160 423
31200 423
31240 423
31280 423
31324 423
31372 423
31412 423
31452 423
31492 432
31532 432
31572 423
31612 432
31656 432
31696 432
31736 432
31776 432
31816 432
31856 432
31896 432
31936 432
31980 423
32020 423
32060 423
32100 423
32140 423
32180 432
32220 423
32260 423
32304 423
32344 423
32388 419
32432 423
32472 419
32512 419
32552 422
32592 419
32632 423
32672 419
32712 423
32756 422
32796 423
32836 423
32876 423
32916 423
32956 419
32996 423
33036 423
33080 423
33120 423
33160 432
33200 423
33240 432
33280 432
33320 432
33360 423
33404 423
33448 432
33488 432
33528 432
33572 432
33612 432
33652 423
33692 423
33732 423
33772 423
33812 423
33852 422
33896 423
33936 422
33976 419
34016 419
34056 419
34096 422
34136 419
34176 419
34220 419
34260 419
34300 422
34340 419
34380 423
34420 423
34468 423
34508 423
34548 423
34588 432
34628 432
34668 432
34712 432
34752 432
34792 432
34832 432
34872 432
34912 432
34952 432
34992 432
35036 432
35076 423
35116 432
35156 423
35196 432
35236 423
35276 423
35316 423
35360 423
35400 422
35440 419
35484 419
35528 419
35568 419
35608 419
35648 419
35688 419
35728 419
35768 419
35812 419
35852 419
35892 423
35932 423
35972 423
36012 423
36052 423
36092 423
36136 423
36176 423
36216 423
36256 423
36296 423
36336 423
36376 423
36416 423
36460 423
36504 423
36544 423
36584 423
36628 423
36668 432
36708 419
36748 419
36788 422
36828 422
36868 422
36908 419
36952 419
36992 419
37032 419
37072 419
37112 422
37152 422
37192 422
37232 419
37276 423
37316 423
37356 423
37396 422
37436 423
37476 423
37524 423
37564 423
37604 423
37644 423
37684 423
37724 423
37768 423
37808 423
37848 422
37888 423
37928 423
37968 432
38008 423
38048 423
38092 422
38132 423
38172 423
38212 423
38252 423
38292 423
38332 423
38372 422
38416 423
38456 419
38496 423
38540 422
38584 419
38624 422
38664 419
38704 419
38744 422
38784 419
38824 419
38868 419
38908 419
38948 419
38988 422
39028 422
39068 422
39108 423
39148 423
39192 423
39232 423
39272 423
39312 423
39352 423
39392 423
39432 423
39472 423
39516 423
39560 423
39600 423
39640 423
39684 423
39724 423
39764 423
39804 423
39844 423
39884 423
39924 423
39964 423
40008 423
40048 423
40088 423
40128 422
40168 419
40208 419
40248 423
40288 419
40332 419
40372 419
40412 419
40452 419
40492 419
40532 423
40572 422
40620 423
40660 423
40700 423
40740 423
40780 423
40824 423
40864 423
40904 432
40944 423
40984 432
41024 423
41064 423
41104 432
41148 423
41188 423
41228 423
41268 423
41308 423
41348 423
41388 423
41428 423
41472 419
41512 419
41552 419
41592 419
41636 419
41676 419
41720 419
41768 432
41808 432
41848 432
41888 432
41928 432
41968 423
42008 423
42052 423
42092 423
42132 423
42172 423
42212 423
42252 423
42292 419
42332 423
42376 419
42416 422
42456 419
42496 419
42544 422
42584 419
42624 422
42664 422
42704 423
42744 423
42784 423
42828 423
42868 423
42908 423
42948 423
42988 423
43028 423
43068 423
43108 423
43152 432
43192 432
43232 423
43272 432
43312 432
43352 432
43392 432
43432 423
43476 432
43516 432
43560 432
43600 432
43644 423
43684 423
43724 423
43764 423
43804 422
43844 423
43884 423
43924 423
43968 419
44008 419
44048 419
44088 419
44128 419
44168 419
44208 419
44248 419
44292 422
44332 423
44372 423
44412 423
44452 423
44492 423
44532 423
44580 423
44620 423
44660 432
44700 432
44740 432
44784 432
44824 432
44864 432
44904 432
44944 432
44984 432
45024 432
45064 432
45108 423
45148 432
45188 423
45228 423
45268 423
45308 423
45348 422
45388 419
45432 419
45472 419
45512 419
45552 419
45600 419
45640 419
45680 419
45720 419
45760 419
45800 419
45840 419
45880 422
45924 423
45964 423
46004 423
46044 423
46084 423
46124 423
46164 423
46204 423
46248 423
46288 423
46328 423
46368 423
46408 432
46448 423
46488 423
46528 423
46572 423
46616 423
46656 423
46700 423
46740 422
46780 422
46820 419
46860 419
46900 419
46940 419
46980 419
47024 419
47064 419
47104 419
47144 419
47184 422
47224 419
47264 423
47304 419
47348 423
47388 423
47428 422
47468 423
47508 423
47548 460
47588 496
47636 510
47676 513
47716 515
47756 515
47796 513
47840 511
47880 508
47920 504
47960 496
48000 496
48040 481
48080 480
48120 480
48164 480
48204 480
48244 480
48284 480
48324 480
48364 463
48404 463
48444 462
48488 460
48528 455
48568 455
48608 455
48656 455
48696 455
48736 451
48776 451
48816 451
48856 451
48896 449
48936 449
48980 449
49020 448
49060 448
49100 448
49140 448
49180 448
49220 448
49260 448
49304 448
49344 448
49384 448
49424 448
49464 448
49504 448
49544 448
49584 448
49628 448
49672 448
49712 448
49756 448
49796 448
49836 448
49876 448
49916 448
49956 448
49996 448
50036 448
50080 448
50120 448
50160 448
50200 448
50240 448
50280 448
50320 448
50360 448
50404 448
50444 448
50484 448
50524 448
50564 448
50604 448
50644 448
50684 448
50728 448
50768 448
50812 448
50852 448
50892 448
50932 448
50972 448
51012 448
51052 448
51092 448
51136 448
51176 448
51216 448
51256 448
51296 448
51336 448
51376 448
51416 448
51460 448
51500 448
51540 448
51580 448
51620 448
51660 448
51700 448
51748 448
51788 448
51828 448
51868 448
51908 448
51952 448
51992 448
52032 448
52072 448
52112 448
52152 448
52196 448
52236 448
52276 448
52316 448
52356 448
52400 448
52440 448
52480 448
52520 448
52560 448
52600 448
52640 448
52688 448
52728 448
52768 448
52808 448
52852 448
52892 448
52932 448
52972 448
53012 448
53052 448
53092 448
53132 448
53176 448
53216 448
53256 448
53296 448
53336 448
53376 448
53416 448
53456 448
53500 448
53540 448
53580 448
53620 448
53660 448
53708 448
53748 448
53788 448
53828 448
53868 448
53908 448
53948 448
53992 448
54032 448
54072 448
54112 448
54152 448
54192 448
54232 448
54272 448
54316 448
54356 448
54396 448
54436 448
54476 448
54516 448
54556 448
54596 448
54640 448
54680 448
54724 448
54764 448
54808 448
54848 448
54888 448
54928 448
54968 448
55008 448
55048 448
55088 448
55132 448
55172 448
55212 448
55252 448
55292 448
55332 448
55372 448
55412 448
55456 448
55496 448
55536 448
55576 448
55616 448
55656 448
55696 448
55744 448
55784 448
55824 448
55864 448
55908 448
55948 448
55988 448
56028 448
56068 448
56108 448
56148 448
56188 448
56232 448
56272 448
56312 448
56352 448
56392 448
56432 448
56472 448
56512 448
56556 448
56596 448
56636 448
56676 448
56716 448
56764 448
56804 448
56844 448
56884 448
56924 448
56964 448
57004 448
57048 448
57088 448
57128 448
57168 448
57208 448
57248 448
57288 448
57328 448
57372 448
57412 448
57452 448
57492 448
57532 448
57572 448
57612 448
57652 448
57696 448
57736 448
57780 448
57820 448
57864 448
57904 448
57944 448
57984 448
58024 448
58064 448
58104 448
58144 448
58188 448
58228 448
58268 448
58308 448
58348 448
58388 448
58428 448
58468 448
58512 448
58552 448
58592 448
58632 448
58672 448
58712 448
58752 448
58792 448
58840 448
58880 448
58920 448
58964 448
59004 448
59044 448
59084 448
59124 448
59164 448
59204 448
59244 448
59288 448
59328 448
59368 448
59408 448
59448 448
59488 448
59528 448
59568 448
59612 448
59652 448
59692 448
59732 448
59772 448
59812 448
59860 448
59900 448
59940 448
59980 448
60020 448
60060 448
60104 448
60144 448
60184 448
60224 448
60264 448
60304 448
60344 448
60384 448
60428 448
60468 448
60508 448
60548 448
60588 448
60628 448
60668 448
60708 448
60752 448
60792 448
60832 448
60876 448
60920 448
60960 448
61000 448
61040 448
61080 448
61120 448
61160 448
61200 448
61244 448
61284 448
61324 448
61364 448
61404 448
61444 448
61484 448
61524 448
61568 448
61608 448
61648 448
61688 448
61728 448
61768 448
61808 448
61848 448
61896 448
61936 448
61976 448
62020 448
62060 448
62100 448
62140 448
62180 448
62220 448
62260 448
62300 448
62344 448
62384 448
62424 448
62464 448
62504 448
62544 448
62584 448
62628 448
62668 448
62708 448
62748 448
62788 448
62828 448
62868 448
62912 448
62952 448
62992 448
63032 448
63072 448
63112 448
63152 448
63192 448
63236 448
63280 448
63320 448
63360 448
63404 448
63444 448
63484 448
63524 448
63564 448
63604 448
63644 448
63684 448
63728 448
63768 448
63808 448
63848 448
63888 448
63928 448
63968 448
64008 448
64052 448
64092 448
64132 448
64172 448
64212 448
64252 448
64292 448
64336 448
64376 448
64416 448
64460 448
64500 448
64540 448
64580 448
64620 448
64660 448
64700 448
64740 448
64784 448
64824 448
64864 448
64904 448
64944 448
64984 448
65024 448
65064 448
65108 448
65148 448
65188 448
65228 448
65268 448
65308 448
65356 448
65396 448
65436 448
65476 448
65516 448
65556 448
65600 448
65640 448
65680 448
65720 448
65760 448
65800 448
65840 448
65880 448
65924 448
65964 448
66004 448
66044 448
66084 448
66124 448
66164 448
66204 448
66248 448
66288 448
66328 448
66376 448
66416 448
66456 448
66496 448
66536 448
66576 448
66616 448
66656 448
66700 448
66740 448
66780 448
66820 448
66860 448
66900 448
66940 448
66980 448
67024 448
67064 448
67104 448
67144 448
67184 448
67224 448
67264 448
67304 448
67348 448
67392 448
67432 448
67472 448
67516 448
67556 448
67596 448
67636 448
67676 448
67716 448
67756 448
67796 448
67840 448
67880 448
67920 448
67960 448
68000 448
68040 448
68080 448
68120 448
68164 448
68204 448
68244 448
68284 448
68324 448
68364 448
68412 448
68452 448
68492 448
68532 448
68572 448
68612 448
68656 448
68696 448
68736 448
68776 448
68816 448
68856 448
68896 448
68936 448
68980 448
69020 448
69060 448
69100 448
69140 448
69180 448
69220 448
69260 448
69304 448
69344 448
69384 448
69432 448
69472 448
69512 448
69552 448
69592 448
69632 448
69672 448
69712 448
69756 448
69796 448
69836 448
69876 448
69916 448
69956 448
69996 448
70036 448
70080 448
70120 448
70160 448
70200 448
70240 448
70280 448
70320 448
70360 448
70404 448
70448 448
70488 448
70528 448
70572 448
70612 448
70652 448
70692 448
70732 448
70772 448
70812 448
70852 448
70896 448
70936 448
70976 448
71016 448
71056 448
71096 448
71136 448
71176 448
71220 448
71260 448
71300 448
71340 448
71380 448
71420 448
71460 448
71504 448
71544 448
71584 448
71628 448
71668 448
71708 448
71748 448
71788 448
71828 448
71868 448
71908 448
71952 448
71992 448
72032 448
72072 448
72112 448
72152 448
72192 448
72232 448
72276 448
72316 448
72356 448
72396 448
72436 448
72476 448
72524 448
72564 448
72604 448
72644 448
72684 448
72728 448
72768 448
72808 448
72848 448
72888 448
72928 448
72968 448
73008 448
73048 448
73088 448
73136 448
73176 448
73216 448
73260 448
73300 448
73340 448
73380 448
73420 448
73460 448
73500 448
73540 448
73584 448
73624 448
73664 448
73704 448
73744 448
73784 448
73824 448
73864 448
73908 448
73948 448
73988 448
74028 448
74068 448
74108 448
74148 448
74196 448
74236 448
74276 448
74316 448
74356 448
74400 448
74440 448
74480 448
74520 448
74560 448
74600 448
74640 448
74680 448
74724 448
74764 448
74804 448
74844 448
74884 448
74924 448
74964 448
75004 448
75048 448
75088 448
75128 448
75168 448
75212 448
75252 448
75292 448
75336 448
75376 448
75416 448
75456 448
75496 448
75536 448
75576 448
75616 448
75660 448
75700 448
75740 448
75780 448
75820 448
75860 448
75900 448
75940 448
75984 448
76024 448
76064 448
76104 448
76144 448
76184 448
76232 448
76272 448
76312 448
76352 448
76392 448
76432 448
76476 448
76516 448
76556 448
76596 448
76636 448
76676 448
76716 448
76756 448
76800 448
76840 448
76880 448
76920 448
76960 448
77000 448
77040 448
77080 448
77124 448
77164 448
77204 448
77252 448
77292 448
77332 448
77372 448
77412 448
77452 448
77492 448
77532 448
77576 448
77616 448
77656 448
77696 448
77736 448
77776 448
77816 448
77856 448
77900 448
77940 448
77980 448
78020 448
78060 448
78100 448
78140 448
78180 448
78224 448
78268 448
78308 448
78348 448
78392 448
78432 448
78472 448
78512 448
78552 448
78592 448
78632 448
78672 448
78716 448
78756 448
78796 448
78836 448
78876 448
78916 448
78956 448
78996 448
79040 448
79080 448
79120 448
79160 448
79200 448
79240 448
79288 448
79328 448
79368 448
79408 448
79448 448
79488 448
79532 448
79572 448
79612 448
79652 448
79692 448
79732 448
79772 448
79812 448
79856 448
79896 448
79936 448
79976 448
80016 448
80056 448
80096 448
80136 448
80180 448
80220 448
80260 448
80308 448
80348 448
80388 448
80428 448
80468 448
80508 448
80548 448
80588 448
80632 448
80672 448
80712 448
80752 448
80792 448
80832 448
80872 448
80912 448
80956 448
80996 448
81036 448
81076 448
81116 448
81156 448
81196 448
81236 448
81280 448
81324 448
81364 448
81404 448
81448 448
81488 448
81528 448
81568 448
81608 448
81648 448
81688 448
81728 448
81772 448
81812 448
81852 448
81892 448
81932 448
81972 448
82012 448
82052 448
82096 448
82136 448
82176 448
82216 432
82256 448
82296 448
82336 448
82380 448
82420 448
82460 448
82504 448
82544 448
82584 448
82624 448
82664 448
82704 448
82744 448
82784 448
82828 448
82868 448
82908 448
82948 448
82988 448
83028 448
83068 448
83108 448
83152 448
83192 448
83232 448
83272 448
83312 448
83352 448
83400 448
83440 448
83484 448
83524 448
83564 448
83604 448
83652 448
83692 448
83732 448
83772 448
83812 448
83852 448
83892 448
83936 448
83976 448
84016 448
84056 448
84096 448
84136 448
84176 448
84216 448
84260 448
84300 448
84340 448
84380 448
84420 448
84460 448
84500 448
84540 448
84584 448
84624 448
84668 448
84708 448
84752 448
84792 448
84832 448
84872 448
84912 448
84952 448
84992 448
85032 448
85076 448
85116 448
85156 448
85196 448
85236 448
85276 448
85316 448
85356 448
85400 448
85440 448
85480 448
85520 448
85560 448
85600 448
85640 448
85688 448
85728 448
85768 448
85808 448
85852 448
85892 448
85932 448
85972 448
86012 448
86052 448
86092 448
86132 448
86176 448
86216 448
86256 448
86296 448
86336 448
86376 448
86416 448
86456 448
86500 448
86540 448
86580 448
86620 448
86660 448
86708 448
86748 448
86788 448
86828 448
86868 448
86908 448
86948 448
86992 448
87032 448
87072 448
87112 448
87152 448
87192 448
87232 448
87272 448
87316 448
87356 448
87396 448
87436 448
87476 448
87516 448
87556 448
87596 448
87640 448
87680 448
87720 448
87764 448
87808 448
87848 448
87888 448
87928 448
87968 448
88008 448
88048 448
88088 448
88132 448
88172 448
88212 448
88252 448
88292 448
88332 448
88372 448
88412 448
88456 448
88496 448
88536 448
88576 448
88616 448
88656 448
88696 448
88736 448
88784 448
88824 448
88864 448
88908 448
88948 448
88988 448
89028 448
89068 448
89108 448
89148 448
89188 448
89232 448
89272 448
89312 448
89352 448
89392 448
89432 448
89472 448
89512 448
89556 448
89596 448
89636 448
89676 448
89716 448
89756 448
89804 448
89844 448
89884 448
89924 448
89964 448
90004 448
90048 448
90088 448
90128 448
90168 448
90208 448
90248 448
90288 448
90328 448
90372 448
90412 448
90452 448
90492 448
90532 448
90572 448
90612 448
90652 448
90696 448
90736 448
90776 448
90820 448
90864 448
90904 448
90944 448
90984 448
91024 448
91064 448
91104 448
91144 448
91188 448
91228 448
91268 448
91308 448
91348 448
91388 448
91428 448
91468 448
91512 448
91552 448
91592 448
91632 448
91672 448
91712 448
91752 448
91792 448
91840 448
91880 448
91920 448
91964 448
92004 448
92044 448
92084 448
92124 448
92164 448
92204 448
92244 448
92288 448
92328 448
92368 448
92408 448
92448 448
92488 448
92528 448
92568 448
92612 448
92652 448
92692 448
92732 448
92772 448
92812 448
92860 448
92900 448
92940 448
92980 448
93020 448
93060 448
93104 448
93144 448
93184 448
93224 448
93264 448
93304 448
93344 448
93384 448
93428 448
93468 448
93508 448
93548 448
93588 448
93628 448
93668 448
93708 448
93752 448
93792 448
93832 448
93876 448
93924 448
93964 448
94008 448
94048 448
94092 448
94132 448
94176 448
94216 448
94256 448
94296 448
94336 448
94376 448
94416 448
94456 448
94500 448
94540 448
94580 448
94620 448
94660 448
94700 448
94740 448
94780 448
94824 448
94864 448
94904 448
94944 448
94984 448
95024 448
95064 448
95104 448
95148 448
95188 448
95232 448
95272 448
95312 448
95352 448
95392 448
95432 448
95472 448
95512 448
95556 448
95596 448
95636 448
95676 448
95716 448
95756 448
95796 448
95836 448
95880 448
95920 448
95960 448
96000 448
96040 384
96080 312
96120 240
96168 176
96208 126
96248 96
96288 60
96328 48
96372 39
96412 56
96452 71
96492 112
96532 143
96572 195
96612 255
96652 316
96696 384
96736 448
96776 504
96816 560
96856 608
96896 639
96936 679
96976 704
97020 719
97060 736
97100 716
97140 704
97188 671
97228 638
97268 591
97308 543
97348 504
97388 448
97428 396
97468 352
97512 312
97552 255
97592 240
97632 199
97672 192
97712 192
97752 192
97792 192
97836 193
97876 224
97916 248
97956 280
97996 318
98036 368
98076 399
98116 448
98160 480
98204 519
98244 560
98288 575
98328 608
98368 624
98408 632
98448 632
98488 624
98528 608
98568 590
98612 572
98652 540
98692 508
98732 480
98772 448
98812 408
98852 384
98892 352
98936 318
98976 287
99016 271
99056 255
99096 255
99136 255
99176 255
99224 271
99264 287
99304 312
99344 327
99384 368
99428 384
99468 415
99508 448
99548 480
99588 496
99628 512
99668 531
99708 543
99752 560
99792 568
99832 568
99872 560
99912 543
99952 536
99992 515
100032 504
100076 480
100116 455
100156 448
100196 412
100244 384
100284 384
100324 352
100364 334
100404 319
100444 318
100484 316
100528 316
100568 318
100608 319
100648 335
100688 352
100728 384
100768 384
100808 399
100852 415
100892 448
100932 455
100972 480
101012 496
101052 504
101092 510
101132 512
101176 515
101216 513
101260 512
101300 508
101344 504
101384 496
101424 480
101464 455
101504 448
101544 432
101584 414
101624 396
101668 384
101708 384
101748 384
101788 353
101828 352
101868 352
101908 352
101948 352
101992 353
102032 384
102072 384
102112 384
102152 391
102192 412
102232 419
102272 448
102320 448
102360 455
102400 480
102440 480
102484 480
102524 496
102564 496
102604 496
102644 481
102684 480
102724 480
102764 463
102808 455
102848 448
102888 448
102928 423
102968 415
103008 401
103048 391
103088 385
103132 384
103172 384
103212 384
103252 384
103292 384
103340 384
103380 384
103420 384
103460 391
103500 399
103540 408
103584 415
103624 432
103664 448
103704 448
103744 448
103784 455
103824 460
103864 463
103908 480
103948 480
103988 480
104028 463
104068 460
104108 455
104148 449
104188 448
104232 448
104272 448
104312 423
104356 415
104396 414
104436 408
104480 399
104520 391
104560 391
104600 387
104640 385
104680 387
104720 387
104760 391
104808 391
104848 399
104888 408
104928 414
104972 415
105012 419
105052 432
105092 448
105132 448
105172 448
105212 448
105252 448
105296 451
105336 451
105376 451
105416 449
105456 449
105496 448
105536 448
105576 448
105620 448
105660 448
105700 432
105740 415
105780 415
105828 414
105868 408
105908 399
105948 399
105988 399
106028 399
106068 399
106112 399
106152 399
106192 399
106232 412
106272 412
106312 415
106352 415
106392 419
106436 432
106476 448
106516 448
106556 448
106596 448
106636 448
106676 448
106716 448
106760 448
106800 448
106844 448
106888 448
106928 448
106968 448
107008 448
107048 432
107088 432
107128 419
107168 415
107212 415
107252 415
107292 414
107332 412
107372 412
107412 412
107452 408
107492 412
107536 412
107576 414
107616 414
107656 415
107696 415
107736 415
107776 422
107816 432
107864 432
107904 448
107944 448
107984 448
108028 448
108068 448
108108 448
108148 448
108188 448
108228 448
108268 448
108308 448
108352 448
108392 448
108432 432
108472 423
108512 423
108552 415
108592 415
108632 415
108676 415
108716 415
108756 415
108796 415
108836 415
108884 415
108924 415
108964 415
109004 415
109044 415
109084 415
109124 419
109168 423
109208 432
109248 432
109288 432
109328 448
109368 448
109408 448
109448 448
109492 448
109532 448
109572 448
109612 448
109652 448
109692 448
109732 432
109772 432
109816 423
109856 423
109900 419
109944 419
109984 415
110024 415
110064 415
110104 415
110144 415
110184 415
110224 415
110268 415
110308 415
110348 415
110388 419
110428 419
110468 422
110508 422
110548 423
110592 432
110632 432
110672 432
110712 432
110752 432
110792 448
110832 432
110872 432
110920 432
110960 432
111000 432
111040 432
111084 432
111124 432
111164 423
111204 423
111244 423
111284 419
111324 419
111364 415
111408 415
111448 415
111488 415
111528 415
111568 415
111608 415
111648 415
111688 415
111732 419
111772 419
111812 419
111852 419
111892 423
111932 423
111980 423
112020 423
112060 432
112100 432
112140 432
112180 432
112224 432
112264 432
112304 432
112344 432
112384 432
112424 432
112464 423
112504 423
112548 432
112588 423
112628 419
112668 419
112708 419
112748 419
112788 415
112828 419
112872 415
112912 415
112952 415
112996 419
113036 419
113080 419
113120 419
113160 419
113200 415
113240 422
113280 423
113320 423
113360 423
113404 423
113444 432
113484 432
113524 432
113564 432
113604 432
113644 432
113684 432
113728 423
113768 432
113808 423
113848 423
113888 423
113928 422
113968 419
114016 419
114056 419
114096 419
114136 415
114176 415
114220 415
114260 415
114300 415
114340 419
114380 415
114420 419
114460 419
114500 423
114544 422
114584 419
114624 423
114664 423
114704 423
114744 423
114788 432
114828 432
114872 432
114912 432
114952 432
114992 432
115032 432
115076 432
115116 432
115160 432
115200 432
115240 432
115280 432
115320 432
115360 423
115400 423
115440 423
115484 422
115524 423
115564 419
115604 419
115644 419
115684 419
115724 419
115764 419
115808 419
115848 419
115888 419
115928 419
115968 419
116008 419
116048 422
116096 423
116136 423
116176 423
116216 423
116256 423
116300 432
116340 432
116380 432
116420 432
116460 432
116500 432
116540 432
116580 432
116624 432
116664 423
116704 432
116744 423
116784 423
116824 423
116864 432
116904 423
116948 423
116988 423
117028 423
117068 423
117116 422
117156 423
117196 419
117236 419
117276 419
117316 419
117356 422
117396 422
117440 419
117480 419
117520 422
117560 423
117600 422
117640 423
117680 423
117720 423
117764 423
117804 423
117844 432
117884 432
117924 432
117964 423
118004 432
118044 432
118088 432
118132 432
118172 432
118216 432
118256 432
118296 432
118336 423
118376 432
118416 423
118456 432
118496 423
118540 415
118580 423
118620 423
118660 423
118700 423
118740 419
118780 419
118820 419
118864 419
118904 419
118944 419
118984 419
119024 419
119064 423
119104 419
119152 422
119192 423
119232 423
119272 423
119312 432
119356 423
119396 423
119436 423
119476 423
119516 423
119556 423
119596 423
119636 423
119680 423
119720 423
119760 423
119800 423
119840 432
119880 423
119920 422
119960 423
120004 419
120044 422
120084 422
120124 419
120172 419
120212 419
120252 419
120292 419
120332 422
120372 419
120412 419
120452 419
120496 423
120536 422
120576 423
120616 423
120656 423
120696 423
120736 423
120776 423
120820 432
120860 422
120900 423
120940 423
120980 423
121020 423
121060 423
121100 423
121144 423
121188 423
121228 423
121272 423
121312 423
121352 423
121392 423
121432 423
121472 423
121512 423
121552 423
121596 423
121636 423
121676 422
121716 423
121756 422
121796 423
121836 422
121876 422
121920 419
121960 422
122000 419
122040 419
122080 419
122120 419
122160 419
122200 419
122244 422
122284 419
122328 419
122368 419
122408 419
122448 422
122488 422
122528 423
122568 423
122608 423
122652 423
122692 423
122732 423
122772 423
122812 423
122852 423
122892 423
122932 423
122976 423
123016 423
123056 423
123096 423
123136 423
123176 423
123216 423
123264 423
123304 423
123344 422
123384 419
123424 419
123468 419
123508 419
123548 419
123588 419
123628 419
123668 419
123708 419
123748 423
123792 419
123832 419
123872 423
123912 423
123952 423
123992 423
124032 423
124072 423
124116 432
124156 423
124196 432
124236 432
124284 432
124324 432
124364 423
124404 432
124444 423
124484 423
124524 423
124564 423
124608 423
124648 423
124688 422
124728 423
124768 422
124808 419
124848 419
124888 419
124932 419
124972 419
125012 419
125052 419
125092 419
125132 419
125172 419
125216 432
125256 423
125296 423
125336 432
125376 423
125416 432
125460 432
125500 432
125540 432
125580 432
125620 432
125660 432
125700 423
125740 423
125784 423
125824 423
125868 423
125908 423
125952 423
125992 419
126032 422
126072 419
126112 419
126152 419
126192 419
126232 419
126276 419
126316 419
126356 423
126396 423
126436 423
126476 423
126516 423
126556 423
126600 423
126640 432
126680 432
126720 423
126760 423
126800 432
126840 432
126888 432
126928 432
126968 432
127008 432
127052 432
127092 432
127132 432
127172 423
127212 423
127252 423
127292 423
127332 423
127376 423
127416 423
127456 419
127496 422
127536 419
127576 419
127616 419
127656 419
127700 419
127740 419
127780 419
127820 419
127860 422
127908 419
127948 423
127988 423
128028 423
128068 423
128108 423
128148 423
128192 423
128232 423
128272 423
128312 423
128352 423
128392 423
128432 423
128472 423
128516 423
128556 423
128596 423
128636 423
128676 423
128716 423
128756 422
128796 419
128840 419
128880 422
128924 419
128964 419
129008 419
129048 419
129088 419
129128 419
129168 422
129208 419
129248 419
129288 422
129332 423
129372 423
129412 423
129452 423
129492 423
129532 423
129572 423
129612 423
129656 423
129696 423
129736 423
129776 423
129816 423
129856 423
129896 423
129944 423
129984 423
130024 423
130064 423
130108 423
130148 423
130188 423
130228 423
130268 423
130308 423
130348 423
130388 423
130432 423
130472 422
130512 419
130552 419
130592 419
130632 419
130672 419
130712 419
130756 419
130796 419
130836 419
130876 419
130916 419
130964 422
131004 419
131044 422
131084 423
131124 423
131164 432
131204 423
131248 423
131288 423
131328 423
131368 423
131408 423
131448 423
131488 423
131528 423
131572 423
131612 423
131652 423
131692 423
131732 423
131772 423
131812 423
131852 423
131896 423
131936 422
131976 423
132020 422
132064 419
132104 419
132144 419
132184 419
132224 419
132264 419
132304 419
132344 419
132388 419
132428 422
132468 422
132508 422
132548 423
132588 423
132628 423
132668 432
132712 423
132752 432
132792 432
132832 432
132872 432
132912 432
132952 432
132992 432
133040 432
133080 423
133120 423
133164 423
133204 423
133244 423
133284 423
133324 423
133364 423
133404 422
133444 423
133488 419
133528 419
133568 419
133608 419
133648 419
133688 419
133728 419
133768 419
133812 419
133852 419
133892 419
133932 419
133972 419
134012 419
134060 419
134100 423
134140 423
134180 423
134220 423
134260 423
134304 423
134344 423
134384 423
134424 423
134464 423
134504 423
134544 423
134584 423
134628 423
134668 423
134708 423
134748 423
134788 423
134828 423
134868 423
134908 423
134952 423
134992 422
135032 419
135076 419
135120 419
135160 419
135200 419
135240 419
135280 419
135320 419
135360 419
135400 419
135444 419
135484 419
135524 419
135564 419
135604 419
135652 419
135692 422
135736 422
135780 423
135820 423
135860 423
135904 422
135944 423
135984 423
136024 423
136064 423
136104 423
136144 423
136184 423
136228 423
136268 432
136308 423
136348 432
136388 432
136428 432
136468 432
136508 423
136552 432
136592 432
136632 432
136672 423
136712 423
136752 423
136792 423
136840 423
136880 423
136920 419
136960 422
137004 419
137044 419
137084 419
137124 419
137164 419
137204 419
137244 419
137284 422
137328 422
137368 422
137408 419
137448 423
137488 423
137528 423
137568 423
137608 423
137652 423
137692 423
137732 423
137772 423
137812 423
137856 423
137896 432
137940 423
137980 423
138020 423
138060 423
138100 423
138140 419
138180 423
138220 422
138264 422
138304 419
138344 419
138384 419
138424 422
138464 419
138504 419
138544 419
138588 419
138628 419
138668 419
138708 423
138748 419
138788 422
138828 423
138876 423
138916 423
138956 423
138996 423
139036 422
139080 423
139120 423
139160 423
139200 423
139240 423
139280 423
139320 423
139360 423
139404 423
139444 423
139484 423
139524 423
139564 423
139604 423
139644 423
139684 423
139728 423
139768 423
139808 423
139848 423
139896 423
139936 423
139976 422
140016 423
140056 422
140096 423
140136 422
140176 419
140220 419
140260 419
140300 419
140340 419
140380 419
140420 419
140460 419
140500 419
140544 422
140584 419
140624 419
140664 419
140704 423
140744 423
140784 422
140824 423
140868 423
140912 423
140952 423
140996 423
141036 423
141076 423
141116 423
141156 423
141196 423
141236 423
141276 423
141320 423
141360 423
141400 423
141440 423
141480 423
141520 423
141560 423
141600 419
141644 419
141684 422
141724 419
141764 419
141804 419
141844 419
141884 419
141932 419
141972 419
142012 419
142052 422
142092 423
142136 423
142176 423
142216 423
142256 423
142296 423
142336 423
142376 432
142416 423
142460 432
142500 432
142540 432
142580 432
142620 432
142660 432
142700 423
142740 423
142784 423
142824 423
142864 423
142904 423
142952 419
142992 419
143032 419
143072 419
143112 419
143152 422
143192 419
143232 415
143276 419
143316 419
143356 419
143396 419
143436 419
143476 419
143516 419
143556 419
143600 419
143640 463
143680 496
143720 510
143760 513
143800 515
143840 515
143880 513
143924 511
143968 508
144008 504
144052 496
144092 496
144132 481
144172 480
144212 480
144252 480
144292 480
144332 480
144376 480
144416 480
144456 463
144496 463
144536 462
144576 460
144616 455
144656 460
144700 455
144740 455
144780 455
144820 455
144860 451
144900 451
144940 451
144980 451
145028 449
145068 449
145108 448
145148 448
145192 448
145232 448
145272 448
145312 448
145352 448
145392 448
145432 448
145472 448
145516 448
145556 448
145596 448
145636 448
145676 448
145716 448
145756 448
145796 448
145840 448
145880 448
145920 448
145960 448
146000 448
146048 448
146092 448
146132 448
146172 448
146212 448
146252 448
146292 448
146332 448
146376 448
146416 448
146456 448
146496 448
146536 448
146576 448
146616 448
146656 448
146700 448
146740 448
146780 448
146820 448
146860 448
146908 448
146948 448
146988 448
147028 448
147068 448
147108 448
147148 448
147192 448
147232 448
147272 448
147312 448
147352 448
147392 448
147432 448
147472 448
147516 448
147556 448
147596 448
147636 448
147676 448
147716 448
147756 448
147796 448
147840 448
147880 448
147924 448
147964 448
148004 448
148048 448
148088 448
148128 448
148168 448
148208 448
148248 448
148288 448
148328 448
148372 448
148412 448
148452 448
148492 448
148532 448
148572 448
148612 448
148652 448
148696 448
148736 448
148776 448
148816 448
148856 448
148896 448
148944 448
148984 448
149024 448
149064 448
149104 448
149144 448
149188 448
149228 448
149268 448
149308 448
149348 448
149388 448
149428 448
149468 448
149512 448
149552 448
149592 448
149632 448
149672 448
149712 448
149752 448
149792 448
149836 448
149876 448
149916 448
149960 448
150004 448
150044 448
150084 448
150124 448
150164 448
150204 448
150244 448
150284 448
150328 448
150368 448
150408 448
150448 448
150488 448
150528 448
150568 448
150608 448
150652 448
150692 448
150732 448
150772 448
150812 448
150852 448
150892 448
150932 448
150980 448
151020 448
151060 448
151104 448
151144 448
151184 448
151224 448
151264 448
151304 448
151344 448
151384 448
151428 448
151468 448
151508 448
151548 448
151588 448
151628 448
151668 448
151708 448
151752 448
151792 448
151832 448
151872 448
151912 448
151952 448
152000 448
152040 448
152080 448
152120 448
152160 448
152200 448
152244 448
152284 448
152324 448
152364 448
152404 448
152444 448
152484 448
152524 448
152568 448
152608 448
152648 448
152688 448
152728 448
152768 448
152808 448
152848 448
152892 448
152932 448
152972 448
153016 448
153060 448
153100 448
153140 448
153180 448
153220 448
153260 448
153300 448
153340 448
153384 448
153424 448
153464 448
153504 448
153544 448
153584 448
153624 448
153664 448
153708 448
153748 448
153788 448
153828 448
153868 448
153908 448
153948 448
153988 448
154032 448
154076 448
154116 448
154160 448
154200 448
154240 448
154280 448
154320 448
154360 448
154400 448
154440 448
154484 448
154524 448
154564 448
154604 448
154644 448
154684 448
154724 448
154764 448
154808 448
154848 448
154888 448
154928 448
154968 448
155008 448
155048 448
155092 448
155132 448
155176 448
155216 448
155256 448
155296 448
155336 448
155376 448
155416 448
155456 448
155500 448
155540 448
155580 448
155620 448
155660 448
155700 448
155740 448
155780 448
155824 448
155864 448
155904 448
155944 448
155984 448
156024 448
156064 448
156112 448
156152 448
156192 448
156232 448
156272 448
156316 448
156356 448
156396 448
156436 448
156476 448
156516 448
156560 448
156600 448
156640 448
156680 448
156720 448
156760 448
156800 448
156840 448
156884 448
156924 448
156964 448
157004 448
157044 448
157084 448
157124 448
157164 448
157208 448
157248 448
157292 448
157332 448
157376 448
157416 448
157456 448
157496 448
157536 448
157576 448
157616 448
157656 448
157700 448
157740 448
157780 448
157820 448
157860 448
157900 448
157940 448
157980 448
158024 448
158064 448
158104 448
158144 448
158184 448
158224 448
158264 448
158312 448
158352 448
158392 448
158432 448
158476 448
158516 448
158556 448
158596 448
158636 448
158676 448
158716 448
158756 448
158800 448
158840 448
158880 448
158920 448
158960 448
159000 448
159040 448
159080 448
159124 448
159164 448
159204 448
159244 448
159284 448
159332 448
159372 448
159412 448
159452 448
159492 448
159532 448
159572 448
159616 448
159656 448
159696 448
159736 448
159776 448
159816 448
159856 448
159896 448
159940 448
159980 448
160020 448
160060 448
160100 448
160140 448
160180 448
160220 448
160264 448
160304 448
160348 448
160388 448
160432 448
160472 448
160512 448
160552 448
160592 448
160632 448
160672 448
160712 448
160756 448
160796 448
160836 448
160876 448
160916 448
160956 448
160996 448
161036 448
161080 448
161120 448
161160 448
161200 448
161240 448
161280 448
161320 448
161360 448
161404 448
161444 448
161484 448
161528 448
161568 448
161608 448
161648 448
161688 448
161728 448
161768 448
161808 448
161852 448
161892 448
161932 448
161972 448
162012 448
162052 448
162092 448
162132 448
162176 448
162216 448
162256 448
162296 448
162336 448
162376 448
162424 448
162464 448
162504 448
162544 448
162584 448
162624 448
162668 448
162708 448
162748 448
162788 448
162828 448
162868 448
162908 448
162948 448
162992 448
163032 448
163072 448
163112 448
163152 448
163192 448
163232 448
163272 448
163316 448
163356 448
163396 448
163440 448
163484 448
163524 448
163564 448
163604 448
163644 448
163684 448
163724 448
163764 448
163808 448
163848 448
163888 448
163928 448
163968 448
164008 448
164048 448
164088 448
164132 448
164172 448
164212 448
164252 448
164292 448
164332 448
164372 448
164412 448
164460 448
164500 448
164540 448
164584 448
164624 448
164664 448
164704 448
164744 448
164784 448
164824 448
164864 448
164908 448
164948 448
164988 448
165028 448
165068 448
165108 448
165148 448
165188 448
165232 448
165272 448
165312 448
165352 448
165392 448
165432 448
165480 448
165520 448
165560 448
165600 448
165640 448
165680 448
165724 448
165764 448
165804 448
165844 448
165884 448
165924 448
165964 448
166004 448
166048 448
166088 448
166128 448
166168 448
166208 448
166248 448
166288 448
166328 448
166372 448
166412 448
166452 448
166496 448
166540 448
166580 448
166620 448
166660 448
166700 448
166740 448
166780 448
166820 448
166864 448
166904 448
166952 448
166992 448
167032 448
167072 448
167116 448
167156 448
167196 448
167236 448
167276 448
167316 448
167356 448
167396 448
167440 448
167480 448
167520 448
167564 448
167608 448
167648 448
167688 448
167728 448
167768 448
167808 448
167848 448
167888 448
167932 448
167972 448
168012 448
168052 448
168092 448
168132 448
168172 448
168212 448
168256 448
168296 448
168336 448
168376 448
168416 448
168456 448
168496 448
168536 448
168584 448
168624 448
168664 448
168708 448
168748 448
168788 448
168828 448
168868 448
168908 448
168948 448
168988 448
169032 448
169072 448
169112 448
169152 448
169192 448
169232 448
169272 448
169312 448
169356 448
169396 448
169436 448
169476 448
169516 448
169556 448
169604 448
169644 448
169684 448
169724 448
169764 448
169804 448
169848 448
169888 448
169928 448
169968 448
170008 448
170048 448
170088 448
170128 448
170172 448
170212 448
170252 448
170292 448
170332 448
170372 448
170412 448
170452 448
170496 448
170536 448
170576 448
170620 448
170664 448
170704 448
170744 448
170784 448
170824 448
170864 448
170904 448
170944 448
170988 448
171028 448
171068 448
171108 448
171148 448
171188 448
171228 448
171268 448
171312 448
171352 448
171392 448
171432 448
171472 448
171512 448
171552 448
171592 448
171640 448
171680 448
171720 448
171764 448
171804 448
171844 448
171884 448
171924 448
171964 448
172004 448
172044 448
172088 448
172128 448
172168 448
172208 448
172248 448
172288 448
172328 448
172368 448
172412 448
172452 448
172492 448
172532 448
172572 448
172612 448
172660 448
172700 448
172740 448
172780 448
172820 448
172860 448
172904 448
172944 448
172984 448
173024 448
173064 448
173104 448
173144 448
173184 448
173228 448
173268 448
173308 448
173348 448
173388 448
173428 448
173468 448
173508 448
173552 448
173592 448
173632 448
173676 448
173720 448
173760 448
173800 448
173840 448
173880 448
173920 448
173960 448
174000 448
174044 448
174084 448
174124 448
174164 448
174204 448
174244 448
174284 448
174324 448
174368 448
174408 448
174448 448
174488 448
174528 448
174568 448
174608 448
174648 448
174692 448
174736 448
174776 448
174820 448
174860 448
174900 448
174940 448
174980 448
175020 448
175060 448
175100 448
175144 448
175184 448
175224 448
175264 448
175304 448
175344 448
175384 448
175424 448
175468 448
175508 448
175548 448
175588 448
175628 448
175668 448
175708 448
175752 448
175792 448
175836 448
175876 448
175916 448
175956 448
175996 448
176036 448
176076 448
176116 448
176160 448
176200 448
176240 448
176280 448
176320 448
176360 448
176400 448
176440 448
176484 448
176524 448
176564 448
176604 448
176644 448
176684 448
176724 448
176772 448
176812 448
176852 448
176892 448
176932 448
176976 448
177016 448
177056 448
177096 448
177136 448
177176 448
177216 448
177256 448
177300 448
177340 448
177380 448
177420 448
177464 448
177504 448
177544 448
177584 448
177624 448
177664 448
177704 448
177744 448
177788 448
177828 448
177868 448
177908 448
177948 448
177988 448
178028 448
178068 448
178112 448
178156 448
178196 448
178236 448
178280 448
178320 448
178360 448
178400 448
178440 448
178480 448
178520 448
178560 448
178604 448
178644 448
178684 448
178724 448
178764 448
178804 448
178844 448
178884 448
178928 448
178968 448
179008 448
179048 448
179088 448
179128 448
179176 448
179216 448
179256 448
179296 448
179336 448
179376 448
179420 448
179460 448
179500 448
179540 448
179580 448
179620 448
179660 448
179700 448
179744 448
179784 448
179824 448
179864 448
179904 448
179944 448
179984 448
180024 448
180068 448
180108 448
180148 448
180192 448
180236 448
180276 448
180316 448
180356 448
180396 448
180436 448
180476 448
180520 448
180560 448
180600 448
180640 448
180680 448
180720 448
180760 448
180800 448
180844 448
180884 448
180924 448
180964 448
181004 448
181044 448
181084 448
181124 448
181168 448
181212 448
181252 448
181292 448
181336 448
181376 448
181416 448
181456 448
181496 448
181536 448
181576 448
181616 448
181660 448
181700 448
181740 448
181780 448
181820 448
181860 448
181900 448
181940 448
181984 448
182024 448
182064 448
182104 448
182144 448
182184 448
182232 448
182272 448
182312 448
182352 448
182392 448
182432 448
182476 448
182516 448
182556 448
182596 448
182636 448
182676 448
182716 448
182756 448
182800 448
182840 448
182880 448
182920 448
182960 448
183000 448
183040 448
183080 448
183124 448
183164 448
183204 448
183248 448
183292 448
183332 448
183372 448
183412 448
183452 448
183492 448
183532 448
183576 448
183616 448
183656 448
183696 448
183736 448
183776 448
183816 448
183856 448
183900 448
183940 448
183980 448
184020 448
184060 448
184100 448
184140 448
184180 448
184224 448
184264 448
184308 448
184348 448
184392 448
184432 448
184472 448
184512 448
184552 448
184592 448
184632 448
184672 448
184716 448
184756 448
184796 448
184836 448
184876 448
184916 448
184956 448
184996 448
185040 448
185080 448
185120 448
185160 448
185200 448
185240 448
185280 448
185324 448
185364 448
185404 448
185448 448
185488 448
185528 448
185568 448
185608 448
185648 448
185688 448
185728 448
185772 448
185812 448
185852 448
185892 448
185932 448
185972 448
186012 448
186052 448
186096 448
186136 448
186176 448
186216 448
186256 448
186296 448
186344 448
186384 448
186424 448
186464 448
186504 448
186544 448
186588 448
186628 448
186668 448
186708 448
186748 448
186788 448
186828 448
186868 448
186912 448
186952 448
186992 448
187032 448
187072 448
187112 448
187152 448
187192 448
187236 448
187276 448
187316 448
187364 448
187404 448
187444 448
187484 448
187524 448
187564 448
187604 448
187644 448
187688 448
187728 448
187768 448
187820 448
187860 448
187900 448
187940 448
187980 448
188024 448
188064 448
188108 448
188148 448
188192 448
188232 448
188272 448
188312 448
188352 448
188392 448
188432 448
188472 448
188516 448
188556 448
188596 448
188636 448
188676 448
188716 448
188756 448
188796 448
188840 448
188880 448
188920 448
188960 448
189000 448
189040 448
189080 448
189128 448
189168 448
189208 448
189248 448
189292 448
189332 448
189372 448
189412 448
189452 448
189492 448
189532 448
189572 448
189616 448
189656 448
189696 448
189736 448
189776 448
189816 448
189856 448
189896 448
189940 448
189980 448
190020 448
190060 448
190100 448
190148 448
190188 448
190228 448
190268 448
190308 448
190348 448
190388 448
190432 448
190472 448
190512 448
190552 448
190592 448
190632 448
190672 448
190712 448
190756 448
190796 448
190836 448
190876 448
190916 448
190956 448
190996 448
191036 448
191080 448
191120 448
191164 448
191204 448
191248 448
191288 448
191328 448
191368 448
191408 448
191448 448
191488 448
191528 448
191572 448
191612 448
191652 448
191692 448
191732 448
191772 448
191812 448
191852 448
191896 448
191936 448
191976 448
192016 448
192056 448
192096 448
192136 448
192176 448
192220 415
192260 352
192300 280
192344 224
192384 158
192424 112
192464 71
192504 56
192544 39
192584 39
192624 56
192668 79
192708 120
192748 159
192788 224
192828 270
192868 327
192908 391
192948 455
192992 513
193032 574
193072 624
193112 655
193152 704
193192 711
193240 736
193280 736
193320 711
193360 704
193400 664
193440 632
193484 575
193524 536
193564 483
193604 448
193644 384
193684 335
193724 287
193764 254
193808 224
193848 193
193888 192
193928 176
193968 176
194008 192
194048 195
194088 224
194132 254
194172 287
194212 319
194256 384
194300 415
194340 455
194380 504
194420 536
194460 568
194500 591
194540 608
194580 632
194624 636
194664 632
194704 624
194744 608
194784 583
194824 568
194864 529
194904 504
194948 480
194988 448
195028 396
195068 384
195108 334
195148 312
195188 287
195228 270
195276 255
195316 255
195356 255
195400 255
195440 271
195480 287
195520 316
195560 335
195600 384
195640 391
195680 415
195724 448
195764 480
195804 504
195844 519
195884 540
195924 547
195964 560
196004 568
196048 568
196088 560
196128 543
196168 536
196208 513
196248 504
196296 480
196336 448
196376 423
196416 399
196456 384
196496 368
196540 352
196580 327
196620 319
196660 316
196700 312
196740 312
196780 318
196820 319
196864 335
196904 352
196944 384
196984 384
197024 399
197064 419
197104 448
197144 455
197188 480
197228 496
197268 504
197312 511
197356 513
197396 515
197436 515
197476 512
197516 508
197556 504
197596 481
197636 480
197680 455
197720 448
197760 423
197800 412
197840 391
197880 384
197920 384
197960 368
198004 352
198044 352
198084 352
198124 352
198164 352
198204 368
198248 352
198288 352
198328 352
198368 384
198408 384
198448 384
198488 391
198532 403
198572 415
198612 448
198652 448
198692 451
198732 463
198772 480
198812 480
198856 481
198896 496
198936 496
198976 496
199016 480
199056 480
199096 480
199144 455
199184 448
199224 448
199264 432
199304 415
199348 408
199388 396
199428 390
199468 384
199508 384
199548 384
199588 384
199628 384
199672 384
199712 384
199752 384
199792 385
199832 391
199872 399
199912 414
199952 419
199996 432
200036 448
200076 448
200116 449
200164 455
200204 460
200244 463
200284 480
200324 480
200364 463
200404 460
200444 455
200488 449
200528 448
200568 448
200608 448
200648 423
200688 415
200728 412
200768 408
200812 399
200852 391
200892 391
200932 387
200972 387
201012 387
201052 391
201092 391
201136 396
201180 399
201220 408
201264 414
201304 415
201344 423
201384 448
201424 448
201464 448
201504 448
201544 448
201588 448
201628 448
201668 448
201708 451
201748 448
201788 448
201828 448
201868 448
201912 448
201952 448
201992 432
202032 419
202072 415
202112 415
202152 412
202200 408
202240 403
202280 399
202320 399
202360 399
202404 399
202444 399
202484 408
202524 408
202564 412
202604 415
202644 415
202684 415
202728 423
202768 432
202808 448
202848 448
202888 448
202928 448
202968 448
203008 448
203052 448
203092 448
203132 448
203172 448
203220 448
203260 448
203300 448
203340 432
203380 432
203420 419
203460 415
203500 415
203544 415
203584 414
203624 414
203664 412
203704 412
203744 412
203784 412
203824 412
203868 414
203908 414
203948 415
203988 415
204028 415
204068 419
204108 423
204148 432
204192 448
204236 448
204276 448
204320 448
204360 448
204400 448
204440 448
204480 448
204520 448
204560 448
204600 448
204644 448
204684 448
204724 432
204764 432
204804 423
204844 415
204884 415
204924 415
204968 415
205008 415
205048 415
205088 415
205128 414
205168 415
205208 415
205248 415
205296 415
205336 415
205376 415
205416 419
205460 423
205500 432
205540 432
205580 432
205620 448
205660 448
205700 448
205740 448
205784 448
205824 448
205864 448
205904 448
205944 448
205984 448
206024 448
206064 432
206108 432
206148 423
206188 419
206228 419
206268 415
206312 415
206352 415
206396 415
206436 415
206476 415
206516 415
206556 415
206596 415
206636 415
206676 415
206720 415
206760 415
206800 419
206840 423
206880 423
206920 432
206960 432
207000 432
207044 432
207084 448
207124 448
207164 448
207204 448
207244 448
207284 448
207332 432
207372 432
207412 432
207452 432
207492 423
207536 423
207576 419
207616 419
207656 415
207696 415
207736 415
207776 415
207816 415
207860 415
207900 415
207940 415
207980 415
208020 415
208060 415
208100 415
208140 419
208184 419
208224 423
208264 432
208304 432
208352 432
208392 432
208432 432
208472 448
208512 448
208552 448
208592 448
208632 448
208676 423
208720 423
208760 419
208800 419
208844 419
208884 419
208924 415
208964 415
209004 415
209044 415
209084 415
209124 419
209168 415
209208 415
209248 419
209288 419
209328 419
209368 422
209408 422
209448 423
209492 423
209532 423
209572 432
209612 432
209652 432
209692 432
209740 432
209780 432
209820 432
209860 432
209900 432
209940 423
209984 423
210024 423
210064 423
210104 422
210144 419
210184 419
210224 415
210264 419
210308 415
210348 415
210388 415
210428 415
210468 415
210508 415
210548 419
210588 415
210632 419
210672 419
210712 423
210756 423
210800 423
210840 423
210880 432
210920 432
210960 432
211000 432
211040 432
211080 432
211124 432
211164 432
211204 432
211244 432
211284 423
211324 432
211364 423
211404 423
211448 423
211488 423
211528 419
211568 419
211608 419
211648 419
211688 419
211728 419
211776 419
211816 419
211856 419
211900 419
211940 419
211980 419
212020 419
212060 423
212100 423
212140 423
212180 423
212224 423
212264 423
212304 432
212344 432
212384 432
212424 432
212464 432
212504 432
212548 432
212588 432
212628 432
212668 432
212708 432
212748 423
212796 423
212836 423
212876 423
212916 423
212956 422
213000 422
213040 419
213080 419
213120 419
213160 419
213200 419
213240 419
213280 419
213324 419
213364 419
213404 419
213444 419
213484 419
213524 423
213564 423
213604 423
213648 423
213688 423
213728 423
213768 423
213816 423
213856 432
213896 432
213936 432
213976 432
214016 432
214056 432
214100 432
214140 432
214180 423
214220 423
214260 423
214300 423
214340 423
214380 423
214424 423
214464 422
214504 419
214544 419
214584 419
214624 419
214664 419
214704 419
214748 419
214788 419
214832 419
214872 419
214916 422
214956 419
214996 419
215036 422
215076 432
215116 423
215156 423
215196 423
215240 423
215280 432
215320 423
215360 432
215400 432
215440 432
215480 432
215520 432
215564 432
215604 423
215644 432
215684 423
215724 423
215764 423
215804 423
215844 419
215892 422
215932 419
215972 419
216012 419
216056 419
216096 419
216136 415
216176 419
216216 419
216256 419
216296 419
216336 419
216380 419
216420 419
216460 419
216500 423
216540 423
216580 448
216620 423
216660 423
216704 432
216744 432
216784 432
216824 432
216864 432
216908 432
216948 432
216988 432
217032 432
217072 432
217112 423
217152 432
217192 423
217232 423
217272 423
217312 423
217356 423
217396 423
217436 423
217476 423
217516 423
217556 423
217596 422
217636 419
217680 423
217720 419
217760 423
217800 423
217840 423
217880 423
217928 423
217968 423
218008 423
218048 423
218088 423
218128 423
218172 423
218212 423
218252 423
218292 423
218332 423
218372 432
218412 423
218452 423
218496 423
218536 432
218576 423
218616 423
218656 423
218696 423
218736 423
218776 423
218820 423
218860 423
218900 423
218948 423
218988 423
219028 423
219068 423
219112 423
219152 423
219192 423
219232 423
219272 423
219312 423
219352 423
219396 423
219436 423
219476 432
219516 432
219556 432
219596 423
219636 432
219684 423
219724 423
219764 423
219804 423
219848 423
219888 423
219928 423
219968 422
220008 423
220048 419
220088 419
220128 419
220172 419
220212 419
220252 419
220292 419
220332 423
220372 423
220412 423
220452 423
220496 422
220536 423
220576 423
220616 423
220656 423
220696 432
220744 423
220784 423
220824 423
220864 423
220904 423
220944 423
220988 423
221028 423
221068 423
221108 423
221148 423
221188 423
221228 423
221268 423
221312 423
221352 423
221392 423
221432 419
221472 423
221512 423
221552 422
221592 423
221636 423
221676 423
221716 423
221760 423
221800 423
221844 423
221884 423
221924 423
221964 423
222004 423
222044 423
222084 423
222124 419
222168 423
222208 423
222248 423
222288 423
222328 423
222368 423
222408 423
222448 423
222492 423
222532 423
222572 423
222612 432
222652 423
222692 423
222732 423
222780 423
222820 432
222860 423
222900 423
222940 423
222984 419
223024 423
223064 423
223104 423
223144 423
223184 422
223224 423
223264 423
223308 422
223348 423
223388 422
223428 419
223468 419
223508 419
223548 422
223588 422
223632 422
223672 422
223712 422
223752 423
223800 423
223840 423
223880 423
223920 423
223960 423
224000 423
224040 432
224080 423
224124 423
224164 432
224204 423
224244 423
224284 423
224324 423
224364 423
224404 423
224448 423
224488 423
224528 423
224568 419
224608 419
224648 419
224688 419
224728 419
224772 419
224816 419
224856 419
224900 419
224940 419
224980 419
225020 419
225060 419
225100 423
225140 423
225180 423
225224 423
225264 423
225304 423
225344 432
225384 432
225424 432
225464 432
225504 432
225548 432
225588 432
225628 432
225668 432
225708 432
225748 423
225788 432
225836 423
225876 423
225916 423
225956 423
225996 423
226040 422
226080 423
226120 423
226160 423
226200 422
226240 419
226280 419
226320 422
226364 419
226404 419
226444 419
226484 419
226524 423
226564 419
226604 423
226644 422
226688 423
226728 423
226768 423
226808 423
226856 423
226896 423
226936 423
226976 432
227016 432
227056 423
227096 423
227136 432
227180 423
227220 432
227260 423
227300 432
227340 423
227380 432
227420 432
227460 432
227504 432
227544 423
227584 423
227624 423
227664 423
227704 423
227744 419
227784 423
227828 423
227872 419
227912 419
227956 419
227996 422
228036 419
228076 419
228116 422
228156 423
228196 423
228236 422
228280 422
228320 423
228360 423
228400 423
228440 423
228480 423
228520 432
228560 423
228604 423
228644 423
228684 432
228724 432
228764 432
228804 432
228844 432
228884 432
228932 432
228972 432
229012 423
229056 432
229096 423
229136 423
229176 423
229216 423
229256 422
229296 419
229336 419
229380 419
229420 419
229460 419
229500 419
229544 423
229584 423
229624 423
229664 423
229704 423
229748 423
229788 423
229828 423
229868 423
229908 423
229948 422
229988 419
230028 423
230072 422
230112 422
230152 423
230196 423
230240 423
230280 422
230320 422
230360 423
230400 423
230440 422
230480 423
230520 423
230564 423
230604 423
230644 423
230684 423
230724 423
230764 432
230804 423
230844 432
230888 423
230928 423
230968 423
231008 423
231048 423
231088 423
231128 423
231168 423
231216 423
231256 423
231296 419
231336 419
231380 419
231420 419
231460 419
231500 419
231540 419
231580 419
231620 419
231660 419
231704 419
231744 422
231784 419
231824 419
231864 423
231904 422
231944 423
231984 423
232028 423
232068 423
232108 423
232148 423
232188 432
232236 432
232276 432
232316 432
232356 432
232396 432
232436 432
232480 432
232520 432
232560 432
232600 423
232640 423
232680 423
232720 432
232760 423
232804 423
232844 423
232884 422
232924 422
232964 422
233004 422
233044 419
233084 422
233128 422
233168 422
233208 419
233252 422
233296 422
233336 423
233376 422
233416 423
233456 423
233496 423
233536 423
233576 423
233620 423
233660 423
233700 423
233740 423
233780 423
233820 432
233860 423
233900 432
233944 423
233984 432
234024 423
234064 432
234104 432
234144 432
234184 432
234224 423
234268 423
234312 432
234356 423
234396 423
234436 423
234476 432
234516 423
234556 423
234596 422
234636 423
234680 419
234720 419
234760 419
234800 419
234840 419
234880 419
234920 419
234960 419
235004 423
235044 423
235084 423
235124 423
235164 423
235204 423
235244 423
235284 423
235328 423
235368 423
235412 432
235452 432
235492 432
235532 432
235572 432
235612 432
235652 432
235692 432
235736 432
235776 423
235816 432
235856 423
235896 423
235936 423
235976 423
236016 423
236060 419
236100 419
236140 419
236180 419
236220 419
236260 419
236300 419
236348 419
236388 419
236428 419
236468 419
236508 419
236552 422
236592 423
236632 423
236672 423
236712 423
236752 423
236792 423
236832 423
236876 423
236916 423
236956 423
236996 423
237036 423
237076 423
237116 423
237156 423
237200 423
237240 423
237280 423
237320 423
237368 423
237408 423
237448 422
237488 419
237528 419
237568 419
237608 419
237648 419
237692 419
237732 419
237772 419
237812 419
237852 419
237892 422
237932 422
237972 422
238016 419
238056 423
238096 423
238136 422
238176 422
238216 423
238256 423
238296 423
238340 423
238384 422
238424 423
238468 423
238508 423
238548 423
238588 423
238628 423
238668 423
238708 423
238748 423
238792 423
238832 423
238872 423
238912 423
238952 423
238992 423
239032 423
239072 423
239116 422
239156 419
239196 422
239236 422
239276 422
239316 419
239356 419
239404 419
239444 419
239484 419
239524 419
239564 419
239608 419
239648 419
239688 419
239728 423
239768 419
239808 422
239848 423
239888 423
239932 463
239980 513
240020 512
240060 510
240100 504
240140 496
240180 496
240220 496
240264 480
240304 480
240344 480
240384 480
240424 480
240464 480
240504 480
240544 480
240588 463
240628 462
240668 462
240708 462
240756 455
240796 455
240836 455
240876 455
240916 455
240956 451
240996 451
241036 451
241080 451
241120 449
241160 449
241200 449
241240 449
241280 448
241320 448
241360 448
241404 448
241444 448
241484 448
241524 448
241564 448
241604 448
241644 448
241684 448
241728 448
241772 448
241812 448
241852 448
241896 448
241936 448
241976 448
242016 448
242056 448
242096 448
242136 448
242176 448
242220 448
242260 448
242300 448
242340 448
242380 448
242420 448
242460 448
242500 448
242544 448
242584 448
242624 448
242664 448
242704 448
242744 448
242784 448
242832 448
242872 448
242912 448
242952 448
242996 448
243036 448
243076 448
243116 448
243156 448
243196 448
243236 448
243276 448
243320 448
243360 448
243400 448
243440 448
243480 448
243520 448
243560 448
243600 448
243644 448
243684 448
243724 448
243764 448
243804 448
243848 448
243888 448
243932 448
243972 448
244012 448
244052 448
244092 448
244132 448
244172 448
244212 448
244256 448
244296 448
244336 448
244376 448
244416 448
244456 448
244496 448
244536 448
244580 448
244620 448
244660 448
244700 448
244740 448
244780 448
244820 448
244868 448
244908 448
244948 448
244988 448
245028 448
245072 448
245112 448
245152 448
245192 448
245232 448
245272 448
245312 448
245352 448
245396 448
245436 448
245476 448
245516 448
245556 448
245596 448
245636 448
245676 448
245720 448
245760 448
245800 448
245840 448
245888 448
245928 448
245968 448
246008 448
246048 448
246088 448
246128 448
246168 448
246212 448
246252 448
246292 448
246332 448
246372 448
246412 448
246452 448
246492 448
246536 448
246576 448
246616 448
246656 448
246696 448
246736 448
246776 448
246816 448
246860 448
246904 448
246944 448
246988 448
247028 448
247068 448
247108 448
247148 448
247188 448
247228 448
247268 448
247312 448
247352 448
247392 448
247432 448
247472 448
247512 448
247552 448
247592 448
247636 448
247676 448
247716 448
247756 448
247796 448
247836 448
247876 448
247924 448
247964 448
248004 448
248044 448
248084 448
248128 448
248168 448
248208 448
248248 448
248288 448
248328 448
248368 448
248408 448
248452 448
248492 448
248532 448
248572 448
248612 448
248652 448
248692 448
248732 448
248776 448
248816 448
248856 448
248896 448
248944 448
248984 448
249024 448
249064 448
249104 448
249144 448
249184 448
249224 448
249268 448
249308 448
249348 448
249388 448
249428 448
249468 448
249508 448
249548 448
249592 448
249632 448
249672 448
249712 448
249752 448
249792 448
249832 448
249872 448
249916 448
249960 448
250000 448
250044 448
250084 448
250124 448
250164 448
250204 448
250244 448
250284 448
250324 448
250368 448
250412 448
250452 448
250492 448
250540 448
250580 448
250620 448
250660 448
250704 448
250744 448
250784 448
250824 448
250864 448
250904 448
250944 448
250984 448
251028 448
251068 448
251108 448
251148 448
251188 448
251228 448
251268 448
251308 448
251352 448
251392 448
251432 448
251472 448
251512 448
251560 448
251600 448
251640 448
251680 448
251720 448
251760 448
251800 448
251844 448
251884 448
251924 448
251964 448
252004 448
252044 448
252084 448
252124 448
252168 448
252208 448
252248 448
252288 448
252328 448
252368 448
252408 448
252448 448
252492 448
252532 448
252576 448
252616 448
252660 448
252700 448
252740 448
252780 448
252820 448
252860 448
252900 448
252940 448
252984 448
253024 448
253064 448
253104 448
253144 448
253184 448
253224 448
253264 448
253308 448
253348 448
253388 448
253428 448
253468 448
253508 448
253548 448
253588 448
253636 448
253676 448
253716 448
253760 448
253800 448
253840 448
253880 448
253920 448
253960 448
254000 448
254040 448
254084 448
254124 448
254164 448
254204 448
254244 448
254284 448
254324 448
254364 448
254408 448
254448 448
254488 448
254528 448
254568 448
254608 448
254652 448
254692 448
254736 448
254776 448
254816 448
254856 448
254896 448
254936 448
254976 448
255016 448
255060 448
255100 448
255140 448
255180 448
255220 448
255260 448
255300 448
255340 448
255384 448
255424 448
255464 448
255504 448
255544 448
255584 448
255624 448
255672 448
255712 448
255752 448
255792 448
255832 448
255876 448
255916 448
255956 448
255996 448
256036 448
256076 448
256116 448
256156 448
256200 448
256240 448
256280 448
256320 448
256360 448
256400 448
256440 448
256480 448
256524 448
256564 448
256604 448
256644 448
256692 448
256732 448
256772 448
256812 448
256852 448
256892 448
256932 448
256972 448
257016 448
257056 448
257096 448
257136 448
257176 448
257216 448
257256 448
257296 448
257340 448
257380 448
257420 448
257460 448
257500 448
257540 448
257580 448
257620 448
257664 448
257708 448
257748 448
257792 448
257832 448
257872 448
257912 448
257952 448
257992 448
258032 448
258072 448
258116 448
258156 448
258196 448
258236 448
258276 448
258316 448
258356 448
258396 448
258440 448
258480 448
258520 448
258560 448
258600 448
258640 448
258680 448
258728 448
258768 448
258808 448
258848 448
258888 448
258932 448
258972 448
259012 448
259052 448
259092 448
259132 448
259172 448
259212 448
259256 448
259296 448
259336 448
259376 448
259416 448
259456 448
259496 448
259536 448
259580 448
259620 448
259660 448
259700 448
259748 448
259788 448
259828 448
259868 448
259908 448
259948 448
259988 448
260028 448
260072 448
260112 448
260152 448
260192 448
260232 448
260272 448
260312 448
260352 448
260396 448
260436 448
260476 448
260516 448
260556 448
260596 448
260636 448
260676 448
260720 448
260764 448
260804 448
260844 448
260884 448
260924 448
260968 448
261012 448
261052 448
261092 448
261136 448
261176 448
261216 448
261256 448
261296 448
261336 448
261376 448
261416 448
261460 448
261500 448
261540 448
261580 448
261620 448
261660 448
261700 448
261740 448
261784 448
261824 448
261864 448
261904 448
261944 448
261984 448
262032 448
262072 448
262112 448
262152 448
262192 448
262232 448
262276 448
262316 448
262356 448
262396 448
262436 448
262476 448
262516 448
262556 448
262600 448
262640 448
262680 448
262720 448
262760 448
262800 448
262840 448
262880 448
262924 448
262964 448
263004 448
263044 448
263092 448
263132 448
263172 448
263212 448
263252 448
263292 448
263332 448
263376 448
263416 448
263456 448
263496 448
263536 448
263576 448
263616 448
263656 448
263700 448
263740 448
263780 448
263820 448
263860 448
263900 448
263940 448
263980 448
264024 448
264064 448
264108 448
264148 448
264192 448
264232 448
264272 448
264312 448
264352 448
264392 448
264432 448
264472 448
264516 448
264556 448
264596 448
264636 448
264676 448
264716 448
264756 448
264796 448
264840 448
264880 448
264920 448
264960 448
265000 448
265040 448
265080 448
265128 448
265168 448
265208 448
265248 448
265288 448
265332 448
265372 448
265412 448
265452 448
265492 448
265532 448
265572 448
265612 448
265656 448
265696 448
265736 448
265776 448
265816 448
265856 448
265896 448
265936 448
265980 448
266020 448
266060 448
266100 448
266148 448
266188 448
266228 448
266268 448
266308 448
266348 448
266388 448
266428 448
266472 448
266512 448
266552 448
266592 448
266632 448
266672 448
266712 448
266752 448
266796 448
266836 448
266876 448
266916 448
266956 448
266996 448
267036 448
267076 448
267120 448
267164 448
267204 448
267248 448
267288 448
267328 448
267368 448
267408 448
267448 448
267488 448
267528 448
267572 448
267612 448
267652 448
267692 448
267732 448
267772 448
267812 448
267852 448
267896 448
267936 448
267976 448
268016 448
268056 448
268096 448
268136 448
268184 448
268224 448
268264 448
268304 448
268344 448
268388 448
268428 448
268468 448
268508 448
268548 448
268588 448
268628 448
268668 448
268712 448
268752 448
268792 448
268832 448
268872 448
268912 448
268952 448
268992 448
269036 448
269076 448
269116 448
269156 448
269204 448
269244 448
269284 448
269324 448
269364 448
269404 448
269444 448
269484 448
269528 448
269568 448
269608 448
269648 448
269688 448
269728 448
269768 448
269808 448
269852 448
269892 448
269932 448
269972 448
270012 448
270052 448
270092 448
270132 448
270176 448
270220 448
270260 448
270304 448
270344 448
270384 448
270424 448
270464 448
270504 448
270544 448
270584 448
270628 448
270668 448
270708 448
270748 448
270788 448
270828 448
270868 448
270908 448
270952 448
270992 448
271032 448
271072 448
271112 448
271152 448
271192 448
271232 448
271276 448
271316 448
271356 448
271396 448
271436 448
271476 448
271516 448
271560 448
271600 448
271640 448
271680 448
271720 448
271760 448
271800 448
271840 448
271884 448
271924 448
271964 448
272004 448
272044 448
272084 448
272132 448
272172 448
272212 448
272252 448
272292 448
272332 448
272376 448
272416 448
272456 448
272496 448
272536 448
272576 448
272616 448
272656 432
272700 448
272740 448
272780 448
272820 448
272860 448
272900 448
272940 432
272980 448
273024 448
273064 448
273104 448
273148 448
273192 448
273232 448
273272 448
273312 448
273352 448
273392 448
273432 448
273472 448
273516 448
273556 448
273596 448
273636 448
273676 448
273716 448
273756 448
273796 448
273840 448
273880 448
273920 448
273960 448
274000 448
274040 448
274080 448
274120 448
274168 448
274208 448
274248 448
274292 448
274332 448
274372 448
274412 448
274452 448
274492 448
274532 448
274572 448
274616 448
274656 448
274696 448
274736 448
274776 448
274816 448
274856 448
274896 448
274940 448
274980 448
275020 448
275060 448
275100 448
275140 448
275188 448
275228 448
275268 448
275308 448
275348 448
275388 448
275432 448
275472 448
275512 448
275552 448
275592 448
275632 448
275672 448
275712 448
275756 448
275796 448
275836 448
275876 448
275916 448
275956 448
275996 448
276036 448
276080 448
276120 448
276160 448
276200 448
276248 448
276288 448
276328 448
276368 448
276408 448
276448 448
276488 448
276528 448
276572 448
276612 448
276652 448
276692 448
276732 448
276772 448
276812 448
276852 448
276896 448
276936 448
276976 448
277016 448
277056 448
277096 448
277136 448
277176 448
277220 448
277264 448
277304 448
277348 448
277388 448
277428 448
277468 448
277508 448
277548 448
277588 448
277628 448
277672 448
277712 448
277752 448
277792 448
277832 448
277872 448
277912 448
277952 448
277996 448
278036 448
278076 448
278116 448
278156 448
278196 448
278236 448
278284 448
278324 448
278364 448
278404 448
278444 448
278488 448
278528 448
278568 448
278608 448
278648 448
278688 448
278728 448
278768 448
278812 448
278852 448
278892 448
278932 448
278972 448
279012 448
279052 448
279092 448
279136 448
279176 448
279216 448
279256 448
279304 448
279344 448
279384 448
279424 448
279464 448
279504 448
279544 448
279584 448
279628 448
279668 448
279708 448
279748 448
279788 448
279828 448
279868 448
279908 448
279952 448
279992 448
280032 448
280072 448
280112 448
280152 448
280192 448
280232 448
280276 448
280320 448
280360 448
280404 448
280444 448
280484 448
280524 448
280564 448
280604 448
280644 448
280684 448
280728 448
280768 448
280808 448
280848 448
280888 448
280928 448
280968 448
281008 448
281052 448
281092 448
281132 448
281172 448
281212 448
281252 448
281292 448
281340 448
281380 448
281420 448
281460 448
281500 448
281544 448
281584 448
281624 448
281664 448
281712 448
281756 448
281796 448
281836 448
281876 448
281916 448
281956 448
281996 448
282044 448
282084 448
282124 448
282164 448
282204 448
282248 448
282288 448
282328 448
282368 448
282408 448
282448 448
282488 448
282528 448
282572 448
282612 448
282652 448
282692 448
282732 448
282772 448
282812 448
282852 448
282896 448
282936 448
282976 448
283016 448
283064 448
283104 448
283144 448
283184 448
283224 448
283264 448
283304 448
283348 448
283388 448
283428 448
283468 448
283508 448
283548 448
283588 448
283628 448
283672 448
283712 448
283752 448
283792 448
283832 448
283872 448
283912 448
283952 448
283996 448
284036 448
284080 448
284120 448
284164 448
284204 448
284244 448
284284 448
284324 448
284364 448
284404 448
284444 448
284488 448
284528 448
284568 448
284608 448
284648 448
284688 448
284728 448
284768 448
284812 448
284852 448
284892 448
284932 448
284972 448
285012 448
285052 448
285100 448
285140 448
285180 448
285220 448
285260 448
285304 448
285344 448
285384 448
285424 448
285464 448
285504 448
285544 448
285584 448
285628 448
285668 448
285708 448
285748 448
285788 448
285828 448
285868 448
285908 448
285952 448
285992 448
286032 448
286072 448
286120 448
286160 448
286200 448
286240 448
286280 448
286320 448
286360 448
286404 448
286444 448
286484 448
286524 448
286564 448
286604 448
286644 448
286684 448
286728 448
286768 448
286808 448
286848 448
286888 448
286928 448
286968 448
287008 448
287052 448
287092 448
287132 448
287176 448
287220 448
287260 448
287300 448
287340 448
287380 448
287420 448
287460 448
287500 448
287544 448
287584 448
287624 448
287664 448
287704 448
287744 448
287784 448
287824 448
287868 448
287908 448
287948 448
287988 448
288028 448
288068 448
288108 448
288148 448
288196 448
288236 448
288276 448
288316 448
288360 448
288400 448
288440 384
288480 295
288520 240
288560 176
288600 126
288640 96
288684 60
288724 48
288764 39
288804 56
288844 71
288884 112
288924 143
288964 195
289008 255
289048 318
289088 384
289128 448
289168 504
289216 568
289256 624
289296 655
289336 704
289376 707
289416 736
289460 736
289500 711
289540 704
289580 671
289620 638
289660 608
289700 543
289740 504
289784 448
289824 398
289864 352
289904 312
289944 255
289984 240
290024 199
290064 192
290108 192
290148 176
290188 192
290232 195
290276 224
290316 252
290356 286
290396 319
290436 384
290476 408
290516 448
290556 496
290600 524
290640 560
290680 583
290720 608
290760 624
290800 632
290840 636
290880 632
290924 609
290964 591
291004 572
291044 542
291084 510
291124 480
291164 448
291204 408
291252 384
291292 352
291332 316
291372 287
291416 271
291456 255
291496 255
291536 255
291576 255
291616 271
291656 287
291696 312
291740 327
291780 353
291820 384
291860 414
291900 448
291940 480
291980 496
292020 513
292064 536
292104 543
292148 480
292188 455
292228 448
292268 412
292308 385
292352 384
292392 352
292432 332
292480 319
292520 316
292560 312
292600 316
292640 316
292680 319
292720 327
292760 352
292804 384
292844 384
292884 398
292924 415
292964 448
293004 455
293044 480
293084 496
293128 504
293168 511
293208 513
293248 519
293288 518
293328 515
293368 511
293408 504
293452 496
293496 480
293536 455
293576 448
293620 432
293660 414
293700 396
293740 384
293780 384
293820 384
293860 352
293900 352
293944 352
293984 352
294024 352
294064 352
294104 384
294144 384
294184 384
294224 391
294268 408
294308 415
294348 448
294388 448
294428 455
294468 480
294516 480
294556 481
294596 496
294636 496
294676 496
294716 496
294760 480
294800 480
294840 480
294880 455
294920 448
294960 448
295000 432
295040 415
295084 408
295124 391
295164 385
295204 384
295244 384
295284 384
295324 384
295364 384
295408 384
295448 384
295488 384
295528 387
295576 398
295616 408
295656 415
295696 422
295736 448
295776 448
295816 448
295860 451
295900 455
295940 463
295980 480
296020 480
296060 480
296100 480
296140 463
296184 455
296224 451
296264 448
296304 448
296344 448
296384 432
296424 415
296464 414
296508 408
296548 399
296592 396
296632 387
296676 387
296716 387
296756 387
296796 387
296836 391
296876 391
296916 399
296956 408
297000 414
297040 415
297080 422
297120 432
297160 448
297200 448
297240 448
297280 448
297324 448
297364 449
297404 451
297444 451
297484 451
297524 448
297564 448
297612 448
297652 448
297692 448
297732 448
297772 432
297816 415
297856 415
297896 414
297936 408
297976 399
298016 399
298056 399
298096 399
298140 399
298180 399
298220 399
298260 399
298300 408
298340 412
298380 415
298420 415
298464 419
298504 432
298544 448
298584 448
298632 448
298672 448
298712 448
298752 448
298792 448
298832 448
298872 448
298912 448
298956 448
298996 448
299036 448
299076 448
299116 432
299156 423
299196 419
299236 415
299280 415
299320 415
299360 414
299400 412
299440 412
299480 412
299520 412
299560 412
299604 412
299648 414
299688 415
299732 415
299772 415
299812 419
299852 423
299892 432
299932 432
299972 448
300012 448
300056 448
300096 448
300136 448
300176 448
300216 448
300256 448
300296 448
300336 448
300380 448
300420 448
300460 432
300500 432
300540 423
300580 419
300620 415
300668 415
300708 415
300748 415
300788 415
300828 415
300872 415
300912 415
300952 415
300992 415
301032 415
301072 415
301112 415
301152 419
301196 423
301236 423
301276 432
301316 432
301356 432
301396 448
301436 448
301476 448
301520 448
301560 448
301600 448
301640 448
301688 448
301728 448
301768 432
301808 432
301848 423
301888 423
301928 423
301968 419
302012 415
302052 415
302092 415
302132 415
302172 415
302212 415
302252 415
302292 415
302336 415
302376 415
302416 415
302456 419
302496 422
302536 423
302588 432
302628 432
302668 432
302708 432
302748 432
302788 432
302828 432
302872 432
302912 432
302952 432
302992 432
303032 432
303072 432
303112 423
303152 423
303196 422
303236 419
303276 419
303316 415
303356 415
303396 415
303436 415
303476 415
303524 415
303564 415
303604 415
303644 415
303688 419
303728 415
303768 419
303808 419
303848 423
303888 423
303928 423
303968 432
304012 432
304052 432
304092 432
304132 432
304172 432
304212 432
304252 432
304292 432
304336 432
304376 423
304416 423
304456 423
304496 423
304544 419
304584 419
304624 419
304664 415
304704 415
304744 415
304788 415
304828 415
304868 415
304908 415
304948 415
304988 415
305028 419
305068 419
305112 419
305152 419
305192 423
305232 423
305272 423
305312 423
305352 432
305392 432
305436 432
305476 432
305516 432
305560 432
305604 432
305644 432
305684 432
305724 432
305764 423
305804 423
305844 423
305884 422
305928 419
305968 419
306008 419
306048 419
306088 419
306128 419
306168 415
306208 419
306252 419
306292 419
306332 419
306372 419
306412 419
306452 422
306492 423
306532 423
306580 423
306620 432
306660 432
306700 432
306744 432
306784 432
306824 432
306864 432
306904 432
306944 432
306984 432
307024 432
307068 423
307108 423
307148 423
307188 423
307228 422
307268 419
307308 419
307348 419
307392 419
307432 419
307472 415
307512 415
307552 415
307600 415
307640 415
307680 415
307720 415
307760 419
307800 419
307844 419
307884 423
307924 423
307964 423
308004 423
308044 423
308084 423
308124 423
308168 432
308208 432
308248 432
308288 432
308328 432
308368 432
308408 423
308448 432
308492 423
308532 423
308572 423
308612 423
308660 423
308700 423
308740 419
308780 419
308820 419
308860 419
308900 419
308940 419
308984 419
309024 419
309064 419
309104 419
309144 419
309184 419
309224 419
309264 419
309308 419
309348 419
309388 419
309428 422
309468 423
309508 423
309548 423
309588 423
309632 423
309676 432
309716 432
309756 432
309800 423
309840 432
309880 423
309920 432
309960 423
310000 432
310040 423
310080 423
310124 423
310164 423
310204 423
310244 419
310284 419
310324 419
310364 419
310404 419
310448 419
310488 419
310528 415
310568 419
310608 419
310648 419
310696 419
310736 419
310776 419
310816 419
310856 419
310900 422
310940 423
310980 423
311020 423
311060 423
311100 423
311140 432
311180 432
311224 432
311264 432
311304 432
311344 432
311384 432
311424 432
311464 423
311504 423
311548 423
311588 423
311628 423
311668 423
311716 423
311756 423
311796 419
311836 419
311876 419
311916 423
311956 419
311996 423
312040 419
312080 419
312120 419
312160 422
312200 422
312240 423
312280 423
312320 423
312364 423
312404 423
312444 432
312484 423
312524 423
312564 423
312604 423
312644 432
312688 423
312732 432
312772 423
312812 423
312856 423
312896 423
312936 423
312976 423
