20 368
64 275
104 195
148 127
188 71
232 15
276 0
316 0
360 0
400 0
444 0
484 0
528 48
568 112
612 166
656 248
704 327
744 408
788 496
828 568
872 638
916 704
956 768
1000 799
1040 831
1084 864
1124 864
1168 864
1208 831
1252 799
1296 768
1336 704
1380 639
1420 572
1464 504
1504 415
1548 352
1592 271
1632 206
1676 143
1724 96
1764 56
1808 17
1848 1
1892 0
1936 7
1976 31
2020 63
2060 112
2104 159
2144 224
2188 287
2228 368
2272 432
2316 504
2356 572
2400 632
2440 688
2484 736
2524 768
2568 796
2612 806
2652 807
2696 799
2744 771
2784 768
2828 704
2868 639
2912 588
2956 519
2996 455
3040 391
3080 319
3124 255
3164 199
3208 158
3252 120
3292 96
3336 62
3376 56
3420 56
3460 62
3504 96
3544 120
3588 159
3632 207
3672 255
3716 319
3764 387
3804 451
3848 513
3892 575
3932 632
3976 671
4016 707
4060 768
4100 768
4144 768
4188 768
4228 768
4272 736
4312 704
4356 652
4396 608
4440 551
4480 496
4524 448
4568 384
4608 319
4652 255
4692 224
4736 192
4776 135
4828 120
4868 96
4912 96
4952 96
4996 112
5036 127
5080 163
5124 199
5164 254
5208 304
5248 368
5292 412
5332 480
5376 519
5416 574
5460 624
5504 652
5544 688
5588 704
5628 719
5672 736
5712 719
5756 704
5800 675
5848 639
5888 608
5932 568
5972 512
6016 462
6060 412
6100 368
6144 312
6184 255
6228 224
6268 192
6312 159
6352 140
6396 127
6440 127
6480 127
6524 147
6564 176
6608 199
6648 240
6692 280
6736 327
6776 384
6820 423
6864 480
6908 527
6952 572
6992 608
7036 639
7076 664
7120 675
7160 704
7204 704
7244 679
7288 668
7332 639
7372 624
7416 575
7456 536
7500 496
7540 448
7584 399
7628 352
7668 316
7712 268
7752 240
7796 206
7836 192
7884 167
7928 159
7972 159
8012 176
8056 192
8096 224
8140 240
8180 271
8224 316
8264 352
8308 396
8352 448
8392 481
8436 524
8476 568
8520 608
8560 624
8604 639
8648 647
8688 655
8732 655
8772 639
8816 636
8856 608
8904 575
8948 543
8992 508
9032 480
9076 423
9116 384
9160 352
9200 312
9244 271
9288 248
9328 224
9372 204
9412 192
9456 192
9496 192
9540 199
9580 224
9624 248
9668 255
9708 304
9752 334
9792 384
9836 412
9876 448
9928 496
9968 527
10012 560
10052 583
10096 608
10136 624
10180 632
10224 636
10264 632
10308 624
10348 608
10392 575
10432 547
10476 519
10516 496
10560 448
10604 415
10644 384
10688 352
10728 316
10772 286
10812 255
10856 248
10904 224
10944 224
10988 224
11028 224
11072 240
11112 252
11156 271
11200 291
11240 319
11284 353
11324 387
11368 419
11408 455
11452 496
11492 515
11536 543
11580 572
11620 583
11664 608
11704 608
11748 608
11788 608
11832 583
11880 572
11924 543
11964 519
12008 504
12048 480
12092 448
12132 399
12176 384
12220 352
12260 316
12304 287
12344 271
12388 255
12428 248
12472 248
12516 248
12556 248
12600 255
12640 271
12684 291
12724 318
12768 352
12808 384
12852 399
12896 448
12944 463
12984 496
13028 515
13068 542
13112 560
13156 572
13196 575
13240 575
13280 575
13324 574
13364 568
13408 543
13452 527
13492 508
13536 480
13576 449
13620 422
13660 396
13704 384
13744 352
13788 319
13832 304
13872 286
13916 270
13964 255
14004 255
14048 255
14092 271
14132 284
14176 304
14216 318
14260 352
14300 384
14344 387
14388 415
14428 448
14472 480
14512 496
14556 512
14596 527
14640 543
14680 560
14724 568
14768 568
14808 568
14852 551
14892 543
14936 526
14980 510
15024 496
15068 463
15108 448
15152 415
15192 387
15236 384
15276 352
15320 319
15360 312
15404 295
15448 287
15488 284
15532 280
15572 284
15616 287
15656 304
15700 318
15744 334
15784 352
15828 384
15868 398
15912 415
15952 448
16000 480
16044 496
16088 511
16128 519
16172 536
16212 543
16256 543
16296 543
16340 543
16384 536
16424 519
16468 510
16508 496
16552 480
16592 448
16636 432
16676 408
16720 385
16764 384
16804 352
16848 327
16888 318
16932 312
16972 304
17024 295
17064 304
17108 304
17148 312
17192 319
17232 335
17276 352
17320 384
17360 387
17404 412
17444 448
17488 448
17528 480
17572 496
17612 508
17656 512
17700 519
17740 527
17784 527
17824 527
17868 526
17908 515
17952 510
17996 496
18044 480
18084 455
18128 448
18168 415
18212 399
18256 384
18296 384
18340 352
18380 335
18424 319
18464 319
18508 316
18548 312
18592 316
18636 318
18676 319
18720 335
18760 352
18804 384
18844 384
18888 396
18932 415
18972 448
19016 448
19064 480
19104 481
19148 504
19192 508
19232 512
19276 513
19316 515
19360 512
19400 511
19444 504
19484 496
19528 480
19572 463
19612 448
19656 448
19696 415
19740 398
19780 384
19824 384
19868 352
19908 352
19952 334
19992 319
20036 319
20084 319
20128 319
20168 327
20212 352
20252 352
20296 384
20336 384
20380 391
20420 408
20464 422
20508 448
20548 455
20592 480
20632 480
20676 496
20716 504
20760 508
20804 508
20844 508
20888 504
20928 504
20972 481
21012 480
21056 480
21104 449
21148 448
21188 419
21232 408
21272 391
21316 384
21356 384
21400 353
21444 352
21484 352
21528 335
21568 334
21612 335
21652 352
21696 352
21740 352
21784 352
21824 384
21868 384
21908 387
21952 401
21992 415
22036 448
22080 448
22120 462
22164 480
22204 483
22248 496
22288 504
22332 504
22376 508
22416 504
22460 496
22500 496
22548 480
22592 480
22632 451
22676 448
22720 432
22760 414
22804 396
22844 384
22888 384
22928 368
22972 352
23016 352
23056 352
23100 335
23140 335
23184 352
23224 352
23268 352
23308 368
23352 384
23396 384
23436 391
23480 412
23520 419
23568 448
23612 448
23656 462
23696 480
23740 480
23780 496
23824 496
23864 496
23908 496
23952 496
23992 496
24036 480
24076 480
24120 455
24160 448
24204 448
24244 419
24288 412
24332 391
24372 384
24416 384
24456 384
24500 353
24540 352
24592 352
24632 352
24676 352
24716 352
24760 352
24800 368
24844 384
24888 384
24928 387
24972 399
25012 414
25056 423
25096 448
25140 448
25180 455
25224 480
25268 480
25308 480
25352 481
25392 481
25436 481
25476 480
25520 480
25564 480
25612 460
25652 448
25696 448
25736 448
25780 415
25824 408
25864 391
25908 384
25948 384
25992 384
26032 384
26076 368
26116 352
26160 352
26204 352
26244 353
26288 384
26328 384
26372 384
26412 384
26456 391
26500 401
26540 415
26584 432
26632 448
26672 448
26716 451
26760 462
26800 480
26844 480
26884 480
26928 480
26968 480
27012 480
27052 480
27096 460
27140 451
27180 448
27224 448
27264 432
27308 415
27348 408
27392 396
27436 385
27476 384
27520 384
27560 384
27604 384
27652 368
27696 384
27736 384
27780 384
27820 384
27864 384
27904 384
27948 387
27988 398
28032 408
28076 415
28116 432
28160 448
28200 448
28244 449
28284 455
28328 463
28372 480
28412 480
28456 480
28496 480
28540 480
28580 462
28624 455
28672 448
28716 448
28756 448
28800 422
28840 415
28884 408
28924 396
28968 387
29012 384
29052 384
29096 384
29136 384
29180 384
29220 384
29264 384
29304 384
29348 384
29392 384
29432 385
29476 391
29516 399
29560 414
29600 415
29644 432
29692 448
29736 448
29776 448
29820 451
29860 455
29904 462
29948 463
29988 463
30032 460
30072 455
30116 451
30156 448
30200 448
30240 448
30284 432
30328 415
30368 415
30412 408
30452 398
30496 391
30536 384
30580 384
30624 384
30664 384
30712 384
30756 384
30796 384
30840 384
30884 384
30924 387
30968 391
31008 399
31052 412
31092 415
31136 419
31176 448
31220 448
31264 448
31304 448
31348 449
31388 454
31432 455
31472 455
31516 455
31560 455
31600 451
31644 448
31684 448
31732 448
31776 448
31820 432
31860 415
31904 412
31944 403
31988 399
32028 391
32072 385
32112 384
32156 384
32200 384
32240 384
32284 384
32324 384
32368 384
32408 385
32452 391
32496 398
32536 399
32580 412
32620 415
32668 448
32712 448
32752 448
32796 448
32836 448
32880 448
32920 448
32964 448
33008 448
33048 448
33092 448
33132 448
33180 448
33224 432
33268 419
33308 415
33352 415
33392 408
33436 399
33476 398
33520 391
33560 391
33604 387
33648 387
33688 385
33732 387
33772 387
33816 391
33856 391
33900 399
33944 399
33984 412
34028 415
34068 415
34112 419
34152 432
34196 448
34244 448
34288 448
34328 448
34372 448
34412 448
34456 448
34496 448
34540 448
34584 448
34624 448
34668 448
34708 432
34752 432
34792 415
34836 415
34880 412
34920 408
34964 399
35004 399
35048 391
35088 391
35132 391
35172 391
35216 387
35260 391
35304 391
35348 396
35388 399
35432 399
35472 408
35516 414
35556 415
35600 415
35644 419
35684 432
35728 448
35768 448
35812 448
35852 448
35896 448
35936 448
35980 448
36024 448
36064 448
36108 448
36148 448
36192 448
36232 423
36280 415
36324 415
36368 414
36408 412
36452 399
36492 399
36536 399
36576 391
36620 391
36664 391
36704 391
36748 391
36788 391
36832 398
36872 399
36916 399
36956 408
37000 412
37044 414
37084 415
37128 415
37168 432
37212 432
37252 448
37304 448
37344 448
37388 448
37428 448
37472 448
37512 448
37556 448
37596 448
37640 448
37684 432
37724 423
37768 419
37808 415
37852 415
37892 414
37936 408
37980 403
38020 399
38064 399
38104 391
38148 396
38188 391
38232 396
38272 396
38324 399
38364 399
38408 399
38448 408
38492 412
38532 414
38576 415
38620 415
38660 419
38704 432
38744 432
38788 448
38828 448
38872 448
38916 448
38956 448
39000 448
39040 448
39084 448
39124 448
39168 432
39208 432
39252 419
39296 415
39344 415
39384 415
39428 412
39468 408
39512 408
39556 399
39596 399
39640 399
39680 399
39724 399
39764 399
39808 399
39852 399
39892 399
39936 408
39976 412
40020 414
40060 415
40104 415
40144 415
40188 432
40232 432
40272 432
40316 448
40364 448
40404 448
40448 448
40492 448
40532 448
40576 448
40616 432
40660 432
40700 423
40744 419
40788 415
40828 415
40872 415
40912 414
40956 412
40996 408
41040 399
41080 399
41124 399
41168 396
41208 399
41252 399
41292 399
41336 399
41384 399
41428 408
41468 412
41512 414
41552 415
41596 415
41636 423
41680 419
41724 423
41764 432
41808 432
41848 448
41892 448
41932 448
41976 448
42016 448
42060 448
42104 432
42144 432
42188 432
42228 422
42272 415
42312 415
42356 415
42404 414
42448 412
42488 408
42532 399
42572 399
42616 398
42660 399
42700 399
42744 399
42784 399
42828 399
42868 399
42912 408
42952 412
42996 414
43040 414
43080 415
43124 415
43164 419
43208 423
43248 423
43292 432
43336 448
43376 448
43424 448
43468 448
43508 448
43560 432
43604 432
43644 432
43688 423
43728 422
43772 419
43812 415
43856 415
43896 415
43940 415
43984 415
44024 414
44068 414
44108 412
44152 412
44192 408
44244 412
44284 412
44328 408
44368 412
44412 412
44452 412
44496 414
44540 414
44580 415
44624 415
44664 415
44708 415
44748 415
44792 415
44832 419
44876 419
44920 423
44960 448
45004 423
45044 422
45088 423
45128 423
45172 419
45216 419
45264 419
45304 415
45348 415
45388 415
45432 415
45476 415
45516 415
45560 415
45600 414
45644 414
45684 412
45728 412
45768 412
45812 412
45856 414
45896 412
45940 415
45980 415
46024 415
46064 415
46108 415
46152 415
46192 415
46236 415
46284 415
46324 419
46368 419
46412 415
46452 419
46496 423
46536 419
46580 419
46620 419
46664 419
46704 415
46748 415
46792 415
46832 414
46876 415
46916 415
46960 415
47000 414
47044 415
47088 414
47128 414
47172 412
47212 412
47256 480
47296 504
47348 511
47388 515
47432 519
47472 515
47516 513
47556 512
47600 508
47640 504
47684 496
47728 496
47768 480
47812 480
47852 480
47896 480
47936 480
47980 480
48024 448
48064 463
48108 462
48148 455
48192 455
48232 455
48276 455
48316 454
48368 451
48408 451
48452 451
48492 451
48536 449
48576 448
48620 448
48664 448
48704 448
48748 448
48788 448
48832 448
48872 448
48916 448
48960 448
49000 448
49044 448
49084 448
49128 448
49168 448
49212 448
49252 448
49296 448
49340 448
49384 448
49428 448
49472 448
49512 448
49556 448
49596 448
49640 448
49680 448
49724 448
49768 448
49808 448
49852 448
49892 448
49936 448
49976 448
50020 448
50060 448
50104 448
50148 448
50188 448
50232 448
50272 448
50316 448
50356 448
50408 448
50448 448
50492 448
50532 448
50576 448
50616 448
50660 448
50704 448
50744 448
50788 448
50828 432
50872 432
50912 448
50956 448
50996 432
51040 432
51084 448
51124 448
51168 448
51208 432
51252 448
51292 448
51336 448
51380 448
51428 432
51468 432
51512 432
51552 432
51596 432
51640 432
51680 423
51724 432
51764 432
51808 432
51848 432
51892 432
51932 432
51976 432
52020 432
52060 432
52104 432
52144 432
52188 432
52228 432
52272 432
52316 448
52356 432
52400 432
52448 432
52488 432
52532 432
52576 432
52616 432
52660 432
52700 432
52744 432
52784 432
52828 432
52868 432
52912 432
52956 432
52996 432
53040 432
53080 432
53124 432
53164 432
53208 432
53252 432
53292 432
53336 432
53376 432
53420 432
53468 432
53512 432
53552 432
53596 432
53636 432
53680 432
53720 432
53764 432
53804 432
53848 432
53892 432
53932 432
53976 432
54016 432
54060 432
54100 432
54144 432
54188 432
54228 432
54272 432
54312 432
54356 432
54396 432
54444 423
54484 432
54528 432
54568 423
54612 423
54656 423
54704 432
54744 432
54788 423
54828 423
54872 432
54916 432
54956 432
55000 432
55040 432
55084 432
55124 432
55168 432
55208 432
55252 432
55296 432
55336 432
55380 432
55420 432
55464 432
55504 432
55548 432
55592 432
55632 432
55676 432
55720 432
55764 432
55808 432
55848 432
55892 432
55932 432
55976 432
56016 432
56060 432
56100 432
56144 432
56188 432
56228 432
56272 432
56312 432
56356 432
56396 432
56440 432
56484 432
56524 432
56568 432
56608 432
56652 432
56692 432
56740 432
56784 432
56828 432
56868 432
56912 432
56952 432
56996 432
57036 432
57080 432
57120 432
57164 432
57208 423
57248 432
57292 432
57332 432
57376 432
57416 432
57460 423
57504 432
57544 432
57588 432
57628 432
57672 432
57712 432
57760 432
57804 432
57848 432
57888 432
57932 432
57972 432
58016 423
58056 432
58100 432
58144 432
58184 432
58228 432
58268 432
58312 432
58352 432
58396 432
58436 432
58480 432
58524 432
58564 432
58608 432
58648 423
58692 432
58732 432
58784 432
58824 432
58868 432
58908 432
58952 432
58992 432
59036 432
59080 432
59120 432
59164 432
59204 432
59248 432
59288 432
59332 423
59372 432
59416 432
59460 423
59500 432
59544 432
59584 432
59628 432
59668 432
59712 432
59756 432
59804 423
59844 432
59888 423
59928 423
59972 432
60016 423
60056 423
60100 423
60140 423
60184 432
60224 432
60268 423
60308 423
60352 432
60396 432
60436 432
60480 432
60520 432
60564 432
60604 432
60648 423
60692 432
60732 432
60776 432
60824 432
60864 423
60908 423
60952 432
60992 432
61036 432
61076 432
61120 432
61160 432
61204 432
61244 432
61288 432
61332 432
61372 423
61416 423
61456 423
61500 423
61540 423
61584 423
61628 432
61668 423
61712 423
61752 423
61796 432
61844 432
61888 423
61928 432
61972 423
62012 432
62056 423
62096 423
62140 432
62180 432
62224 432
62268 432
62308 432
62352 432
62392 432
62436 432
62476 432
62520 432
62564 432
62604 423
62648 432
62688 432
62732 423
62772 423
62816 432
62864 423
62908 432
62948 432
62992 432
63032 423
63076 423
63116 423
63160 432
63204 432
63244 432
63288 423
63328 432
63372 432
63412 432
63456 432
63500 432
63540 432
63584 423
63624 423
63668 432
63708 423
63752 423
63792 432
63836 432
63884 432
63928 423
63968 432
64012 432
64052 432
64096 432
64140 432
64180 432
64224 432
64264 423
64308 423
64348 432
64392 448
64436 423
64476 432
64520 423
64560 432
64604 423
64644 432
64688 432
64728 432
64772 432
64816 432
64856 432
64904 423
64948 423
64988 432
65032 432
65076 432
65116 432
65160 432
65200 432
65244 432
65284 432
65332 432
65372 423
65416 432
65456 432
65500 423
65540 432
65584 432
65628 432
65668 432
65712 432
65752 432
65796 432
65844 432
65884 432
65928 423
65972 432
66012 432
66056 423
66096 432
66140 423
66180 432
66224 432
66268 423
66308 423
66352 423
66392 432
66436 423
66476 423
66520 432
66560 432
66604 432
66648 432
66688 432
66732 432
66772 432
66816 432
66864 432
66908 423
66948 423
66992 432
67032 423
67076 432
67116 423
67160 423
67200 432
67244 423
67288 432
67328 432
67372 432
67412 432
67456 432
67496 432
67540 432
67584 432
67624 432
67668 432
67708 432
67752 432
67792 432
67836 423
67884 432
67928 432
67968 432
68012 432
68052 432
68096 432
68136 432
68180 432
68224 432
68264 432
68308 432
68348 432
68392 432
68432 423
68476 432
68520 432
68560 432
68604 423
68644 432
68688 432
68728 432
68772 432
68812 432
68856 432
68904 432
68948 423
68988 432
69032 432
69072 432
69116 432
69160 432
69200 432
69244 432
69284 432
69328 432
69368 432
69412 432
69456 432
69496 432
69540 432
69580 448
69624 432
69664 432
69708 432
69748 432
69792 432
69836 432
69876 432
69924 423
69968 432
70008 432
70052 432
70096 432
70136 423
70180 423
70220 432
70264 432
70304 432
70348 432
70392 432
70432 432
70476 432
70516 432
70560 432
70600 432
70644 432
70684 432
70728 432
70772 432
70812 432
70856 432
70896 432
70944 432
70988 423
71032 432
71072 432
71116 432
71156 432
71200 432
71240 432
71284 432
71328 432
71368 432
71412 432
71452 432
71496 432
71536 432
71580 432
71620 432
71664 432
71708 432
71748 432
71792 432
71832 432
71876 432
71916 432
71968 432
72008 432
72052 432
72092 432
72136 432
72176 432
72220 432
72264 432
72304 432
72348 432
72388 432
72432 432
72472 432
72516 423
72556 432
72600 432
72644 432
72684 432
72728 432
72768 432
72812 432
72852 432
72896 432
72940 432
72988 432
73028 432
73072 432
73112 432
73156 432
73200 423
73240 432
73284 432
73324 432
73368 432
73408 432
73452 432
73492 432
73536 432
73580 432
73620 432
73664 432
73704 432
73748 432
73788 432
73832 432
73876 432
73916 432
73960 432
74000 432
74048 432
74092 432
74136 432
74176 432
74220 432
74260 432
74304 432
74344 432
74388 432
74428 432
74472 432
74516 432
74556 432
74600 432
74640 423
74684 432
74724 432
74768 432
74812 423
74852 423
74896 432
74936 423
74980 423
75020 432
75072 432
75112 432
75156 432
75196 432
75240 432
75280 432
75324 432
75364 432
75408 432
75452 432
75492 432
75536 432
75576 432
75620 432
75660 432
75704 423
75748 432
75788 432
75832 432
75872 432
75916 432
75956 432
76000 423
76040 432
76088 432
76132 432
76176 432
76220 432
76260 432
76304 432
76344 432
76388 432
76428 432
76472 432
76516 432
76556 432
76600 432
76640 432
76684 423
76724 432
76768 432
76812 432
76852 432
76896 432
76936 432
76980 432
77020 432
77064 432
77104 432
77148 432
77192 432
77240 432
77280 432
77324 432
77364 432
77408 432
77448 432
77492 432
77536 432
77576 432
77620 432
77660 432
77704 432
77744 432
77788 432
77832 432
77872 432
77916 432
77956 432
78000 432
78040 432
78084 432
78124 432
78168 423
78212 432
78260 432
78300 432
78344 432
78384 432
78428 432
78472 432
78512 432
78556 432
78596 432
78640 432
78680 432
78724 432
78764 432
78808 432
78852 432
78892 432
78936 432
78976 432
79020 432
79060 432
79104 432
79148 432
79188 432
79232 423
79272 432
79320 432
79364 432
79408 432
79448 432
79492 432
79532 432
79576 432
79616 432
79660 432
79700 432
79744 432
79788 432
79828 432
79872 423
79912 432
79956 432
79996 423
80040 432
80084 432
80124 432
80168 432
80208 432
80252 432
80292 423
80344 432
80384 432
80428 432
80468 432
80512 432
80552 432
80596 423
80636 423
80680 432
80724 432
80764 423
80808 432
80848 432
80892 432
80932 432
80976 432
81020 432
81060 432
81104 432
81144 432
81188 432
81228 432
81272 432
81312 432
81360 432
81404 432
81448 432
81488 432
81532 432
81572 432
81616 432
81656 432
81700 423
81740 432
81784 432
81828 432
81868 432
81912 432
81952 432
81996 432
82036 432
82080 432
82124 432
82164 432
82208 432
82248 423
82292 432
82332 423
82380 432
82424 432
82468 432
82508 432
82552 432
82592 432
82636 432
82676 432
82720 432
82764 423
82804 432
82848 432
82888 423
82932 432
82972 432
83016 432
83056 432
83100 432
83144 432
83184 432
83228 432
83268 432
83312 432
83352 432
83404 432
83444 432
83488 432
83528 432
83572 432
83612 432
83656 432
83700 432
83740 432
83784 432
83824 432
83868 432
83908 432
83952 432
83992 423
84036 432
84080 432
84120 432
84164 432
84204 432
84248 432
84288 432
84332 432
84376 432
84424 432
84464 432
84508 432
84548 432
84592 432
84636 432
84676 432
84720 432
84760 432
84804 432
84844 432
84888 432
84928 432
84972 432
85016 432
85056 432
85100 432
85140 432
85184 432
85224 432
85268 432
85312 432
85352 432
85396 432
85444 432
85484 432
85528 432
85572 432
85612 432
85656 432
85696 432
85740 432
85780 432
85824 432
85864 432
85908 432
85952 432
85992 432
86036 432
86076 432
86120 432
86160 432
86204 432
86248 432
86288 423
86332 432
86372 432
86416 432
86464 432
86508 432
86548 432
86592 432
86632 432
86676 432
86716 432
86760 432
86800 432
86844 432
86888 432
86928 432
86972 432
87012 432
87056 423
87104 432
87148 432
87188 432
87232 432
87276 432
87316 432
87360 432
87400 432
87444 432
87484 432
87528 432
87568 432
87612 432
87656 432
87696 432
87740 432
87780 432
87824 432
87864 432
87908 432
87952 432
87992 448
88036 432
88076 432
88124 432
88168 432
88208 423
88252 423
88296 423
88336 432
88380 423
88420 423
88464 432
88504 432
88548 432
88592 432
88632 432
88676 432
88716 432
88760 432
88800 432
88844 432
88884 432
88928 432
88972 432
89012 432
89056 432
89096 432
89144 432
89188 432
89232 432
89272 432
89316 432
89356 432
89400 432
89440 432
89484 432
89528 432
89568 432
89612 432
89652 432
89696 432
89736 423
89780 432
89820 432
89864 432
89908 432
89948 432
89992 432
90032 432
90076 432
90116 432
90168 432
90208 432
90252 432
90292 432
90336 432
90376 432
90420 432
90464 432
90504 432
90548 432
90588 432
90632 432
90672 432
90716 432
90756 432
90800 432
90844 432
90884 432
90928 432
90968 432
91012 432
91052 432
91096 432
91140 432
91180 432
91228 432
91272 432
91312 432
91356 432
91400 432
91440 432
91484 432
91524 432
91568 432
91608 432
91652 432
91692 432
91736 432
91780 432
91820 432
91864 432
91904 432
91948 432
91988 432
92032 432
92076 432
92116 432
92160 432
92200 432
92248 432
92292 432
92336 432
92376 432
92420 432
92460 432
92504 432
92544 432
92588 432
92628 432
92672 432
92716 432
92756 432
92800 432
92840 432
92884 432
92924 432
92968 423
93012 432
93052 432
93096 432
93136 432
93180 432
93220 432
93268 423
93312 432
93356 432
93396 432
93440 432
93480 432
93524 432
93564 432
93608 423
93648 432
93692 432
93736 432
93776 432
93820 432
93860 432
93904 432
93944 432
93988 432
94032 432
94072 432
94116 432
94156 432
94200 432
94240 432
94288 432
94332 432
94376 432
94416 432
94460 432
94500 432
94544 432
94584 432
94628 432
94668 423
94712 432
94756 432
94796 432
94840 432
94880 432
94924 432
94964 432
95008 432
95052 432
95092 432
95136 432
95176 432
95220 432
95260 423
95308 432
95352 432
95396 432
95436 432
95480 432
95520 432
95564 432
95604 432
95648 432
95692 432
95732 432
95776 423
95816 432
95860 432
95900 432
95944 432
95984 432
96028 432
96072 432
96112 432
96156 432
96196 432
96240 432
96280 432
96332 432
96372 432
96416 384
96456 304
96500 224
96540 147
96584 96
96628 30
96668 0
96712 0
96752 0
96796 0
96836 0
96880 0
96920 31
96964 96
97008 152
97048 224
97092 295
97132 384
97176 455
97216 536
97260 608
97304 675
97352 768
97392 796
97436 831
97476 864
97520 864
97564 864
97604 839
97648 816
97688 769
97732 736
97772 655
97816 591
97856 515
97900 448
97944 384
97988 60
98032 30
98076 3
98116 0
98160 1
98200 24
98244 56
98284 96
98328 143
98372 199
98412 255
98456 335
98496 408
98540 480
98580 543
98624 609
98664 671
98708 736
98752 768
98792 792
98836 807
98876 816
98920 807
98968 783
99012 768
99052 711
99096 668
99136 608
99180 543
99220 480
99264 414
99308 352
99348 284
99392 224
99432 167
99476 126
99516 96
99560 63
99600 56
99644 48
99688 56
99728 71
99772 112
99812 143
99856 192
99896 248
99940 304
99988 384
100032 448
100072 504
100116 560
100156 624
100200 668
100244 704
100284 768
100328 768
100368 768
100412 768
100452 768
100496 768
100536 705
100580 670
100624 632
100664 572
100708 512
100748 451
100792 391
100832 335
100876 280
100920 240
100960 192
101008 135
101052 120
101092 96
101136 96
101180 96
101220 97
101264 124
101304 156
101348 192
101388 240
101432 286
101472 335
101516 391
101560 448
101600 508
101644 560
101684 608
101728 639
101768 679
101812 705
101856 736
101896 736
101940 736
101980 719
102028 704
102072 664
102116 632
102156 575
102200 540
102240 480
102284 432
102324 384
102368 319
102408 271
102452 240
102496 193
102536 159
102580 140
102620 127
102664 126
102704 126
102748 135
102792 159
102832 193
102876 224
102916 255
102960 316
103000 368
103048 415
103092 480
103136 515
103176 560
103220 608
103260 638
103304 664
103344 679
103388 704
103432 704
103472 704
103516 671
103556 655
103600 632
103640 591
103684 547
103728 510
103768 460
103812 414
103852 384
103896 319
103936 280
103980 248
104020 224
104072 192
104112 159
104156 159
104196 158
104240 159
104280 192
104324 195
104368 225
104408 255
104452 304
104492 352
104536 384
104576 448
104620 480
104664 515
104704 560
104748 590
104788 624
104832 639
104872 655
104916 670
104956 668
105000 655
105044 639
105084 624
105132 590
105176 560
105216 519
105260 480
105304 448
105344 391
105388 352
105428 318
105472 280
105512 252
105556 224
105600 199
105640 192
105684 192
105724 192
105768 192
105808 224
105852 240
105892 255
105936 287
105980 319
106020 384
106064 399
106104 448
106152 496
106196 519
106240 560
106280 582
106324 608
106364 632
106408 638
106448 639
106492 638
106536 632
106576 608
106620 588
106660 568
106704 527
106744 504
106788 462
106828 419
106872 384
106916 352
106956 318
107000 286
107040 255
107084 240
107124 224
107172 224
107216 224
107260 224
107300 224
107344 240
107384 255
107428 287
107468 318
107512 352
107556 384
107596 415
107640 451
107680 496
107724 515
107764 543
107808 574
107848 591
107892 608
107936 624
107976 624
108020 609
108060 608
108104 583
108144 572
108192 536
108236 508
108280 480
108320 448
108364 412
108404 384
108448 352
108488 318
108532 287
108576 255
108616 252
108660 240
108700 240
108744 240
108784 240
108828 252
108876 240
108920 240
108960 248
109004 255
109048 275
109088 304
109132 319
109172 352
109216 384
109256 414
109300 448
109340 480
109384 504
109428 524
109468 543
109512 572
109552 575
109596 583
109636 588
109688 583
109728 575
109772 568
109812 543
109856 519
109896 504
109940 480
109984 448
110024 415
110068 384
110108 368
110152 327
110192 316
110236 287
110276 271
110320 255
110364 255
110404 255
110448 255
110488 255
110532 280
110572 291
110616 318
110660 352
110700 384
110748 391
110792 419
110832 448
110876 480
110920 504
110960 519
111004 542
111044 551
111088 568
111128 572
111172 572
111212 568
111256 560
111300 543
111340 527
111384 510
111424 496
111468 462
111508 448
111552 412
111596 384
111636 384
111680 352
111720 318
111768 304
111812 287
111856 280
111896 271
111940 271
111980 280
112024 287
112064 304
112108 318
112148 335
112192 368
112236 384
112276 399
112320 432
112360 451
112404 480
112444 504
112488 512
112532 527
112572 543
112616 547
112656 560
112700 560
112740 543
112788 542
112832 526
112876 511
112916 496
112960 480
113000 448
113044 432
113084 399
113128 384
113168 368
113212 352
113256 319
113296 316
113340 304
113380 287
113424 287
113464 287
113508 291
113552 312
113592 318
113636 332
113676 352
113720 384
113760 387
113808 414
113852 448
113896 455
113936 480
113980 496
114020 510
114064 519
114104 527
114148 536
114188 540
114232 540
114276 527
114316 519
114360 511
114400 496
114444 480
114484 460
114528 448
114572 415
114612 399
114656 384
114696 384
114740 352
114780 327
114828 319
114872 312
114916 312
114956 312
115000 312
115040 316
115084 319
115124 332
115168 352
115212 384
115252 384
115296 399
115336 415
115380 448
115420 451
115464 480
115504 496
115548 504
115592 510
115632 515
115676 519
115716 524
115760 519
115800 513
115852 508
115892 504
115936 480
115976 480
116020 448
116060 448
116104 415
116148 391
116188 384
116232 384
116272 352
116316 352
116356 327
116400 319
116440 319
116484 319
116528 319
116568 319
116612 335
116652 352
116696 368
116736 384
116780 385
116824 403
116872 419
116912 448
116956 455
116996 480
117040 480
117084 496
117124 508
117168 510
117208 511
117252 511
117292 510
117336 508
117376 496
117420 481
117464 480
117504 455
117548 448
117588 423
117632 412
117672 391
117716 384
117760 384
117800 353
117844 352
117892 335
117932 327
117976 327
118020 327
118060 335
118104 352
118144 352
118188 368
118228 384
118272 384
118312 398
118356 414
118400 432
118440 448
118484 455
118524 480
118568 480
118608 496
118652 496
118696 504
118736 504
118780 504
118820 504
118864 496
118912 480
118956 480
118996 460
119040 448
119080 448
119124 415
119164 403
119208 387
119248 384
119292 384
119336 368
119376 352
119420 352
119460 352
119504 352
119544 352
119588 352
119632 352
119672 256
119716 384
119768 352
119808 352
119852 384
119892 384
119936 385
119976 399
120020 415
120064 448
120104 448
120148 455
120188 480
120232 480
120272 496
120316 496
120356 496
120400 504
120444 496
120484 496
120532 481
120576 480
120616 480
120660 451
120704 448
120744 448
120788 415
120828 399
120872 387
120912 384
120956 384
121000 368
121040 352
121084 352
121124 352
121168 352
121208 352
121252 352
121292 352
121336 384
121380 384
121420 384
121464 387
121504 399
121552 415
121596 448
121640 448
121680 451
121724 463
121764 480
121808 480
121848 481
121892 496
121936 496
121976 496
122020 481
122060 480
122104 480
122144 460
122188 448
122228 448
122272 432
122316 415
122356 399
122400 391
122440 384
122484 384
122524 384
122568 368
122616 352
122660 352
122700 352
122744 352
122784 368
122828 384
122872 384
122912 384
122956 387
122996 398
123040 412
123080 419
123124 448
123164 448
123208 451
123252 462
123292 480
123336 480
123376 480
123420 480
123460 480
123504 480
123548 480
123588 480
123632 462
123676 451
123720 448
123760 448
123804 423
123844 414
123888 399
123928 391
123972 384
124012 384
124056 384
124100 384
124140 368
124184 368
124224 368
124268 368
124308 384
124352 384
124396 384
124436 384
124480 391
124520 399
124564 414
124604 415
124652 448
124696 448
124740 448
124780 455
124824 463
124864 455
124908 480
124948 480
124992 480
125036 480
125076 480
125120 463
125160 455
125204 448
125244 448
125288 448
125328 419
125372 414
125416 399
125456 391
125500 384
125540 384
125584 384
125624 384
125676 384
125716 384
125760 384
125800 384
125844 384
125884 384
125928 384
125972 387
126012 398
126056 403
126096 415
126140 419
126180 448
126224 448
126264 448
126308 451
126352 455
126392 480
126436 480
126476 480
126520 480
126560 463
126604 460
126648 455
126696 448
126736 448
126780 448
126820 432
126864 415
126908 414
126948 399
126992 391
127032 385
127076 384
127116 384
127160 384
127200 384
127244 384
127288 384
127328 384
127372 384
127412 384
127456 384
127496 391
127540 399
127584 408
127624 415
127668 423
127716 448
127756 448
127800 448
127844 448
127884 451
127928 455
127968 455
128012 462
128052 455
128096 455
128136 451
128180 449
128224 448
128264 448
128308 448
128348 432
128392 415
128432 414
128476 399
128520 396
128560 387
128604 384
128644 384
128688 384
128736 384
128780 384
128820 384
128864 384
128904 384
128948 384
128988 391
129032 399
129072 408
129116 414
129160 415
129200 432
129244 448
129284 448
129328 448
129368 448
129412 449
129456 451
129496 451
129540 455
129580 451
129624 449
129664 448
129708 448
129756 448
129800 448
129840 432
129884 419
129924 415
129968 408
130008 399
130052 396
130096 391
130136 387
130180 384
130220 384
130264 384
130304 384
130348 384
130392 384
130432 385
130476 391
130516 391
130560 399
130600 408
130640 448
130684 448
130724 448
130768 448
130808 448
130852 448
130900 448
130944 448
130984 448
131028 448
131068 448
131112 432
131156 432
131196 415
131240 415
131280 412
131324 408
131364 399
131408 399
131448 391
131492 391
131536 391
131576 391
131620 391
131660 390
131704 391
131744 398
131788 399
131832 399
131872 412
131920 414
131964 415
132004 415
132048 432
132092 432
132132 448
132176 448
132216 448
132260 448
132300 448
132344 448
132384 448
132428 448
132472 448
132512 448
132556 448
132596 432
132640 423
132680 415
132724 415
132768 414
132808 412
132852 408
132892 399
132936 399
132984 396
133028 391
133068 391
133112 391
133152 391
133196 398
133236 399
133280 399
133320 408
133364 408
133408 414
133448 415
133492 415
133532 419
133576 432
133616 448
133660 448
133704 448
133744 448
133788 448
133828 448
133872 448
133912 448
133956 448
134000 448
134044 448
134088 432
134128 432
134172 419
134212 415
134256 415
134296 414
134340 412
134384 408
134424 399
134468 399
134508 399
134552 399
134592 399
134636 399
134676 399
134720 399
134764 399
134804 408
134848 412
134888 414
134932 415
134972 415
135024 419
135064 423
135108 432
135148 448
135192 448
135232 448
135276 448
135320 448
135360 448
135404 448
135444 448
135488 448
135528 448
135572 432
135612 423
135656 419
135700 415
135740 415
135784 414
135824 412
135868 408
135908 408
135952 399
135996 399
136044 399
136084 399
136128 399
136168 399
136212 399
136256 408
136296 408
136340 412
136380 414
136424 415
136464 415
136508 415
136548 423
136592 432
136636 432
136676 448
136720 448
136760 448
136804 448
136844 448
136888 448
136932 448
136972 448
137016 432
137064 432
137104 432
137148 423
137192 415
137232 415
137276 415
137316 414
137360 412
137400 408
137444 399
137484 399
137528 399
137572 399
137612 399
137656 399
137696 399
137740 401
137780 408
137824 412
137868 412
137908 415
137952 415
137992 415
138036 415
138084 423
138128 432
138168 432
138212 448
138252 448
138296 448
138336 448
138380 448
138420 448
138464 448
138508 448
138548 432
138592 432
138632 423
138676 415
138716 415
138760 415
138804 414
138844 412
138888 408
138928 403
138972 401
139012 399
139056 399
139104 399
139148 399
139188 399
139232 408
139272 408
139316 412
139356 414
139400 415
139444 415
139484 415
139528 419
139568 423
139612 432
139652 432
139696 448
139740 448
139780 448
139824 448
139864 448
139908 448
139948 448
139992 448
140032 432
140076 432
140124 423
140168 419
140208 415
140252 415
140292 415
140336 414
140380 412
140420 412
140464 412
140504 408
140548 399
140588 408
140632 408
140676 408
140716 408
140760 408
140800 408
140844 412
140884 414
140928 415
140968 415
141012 415
141056 419
141096 419
141144 432
141188 432
141228 432
141272 448
141316 448
141356 448
141400 448
141440 448
141484 432
141524 448
141568 448
141612 448
141652 448
141696 448
141736 448
141780 432
141820 423
141864 419
141904 415
141948 415
141992 414
142032 412
142076 408
142116 399
142160 399
142200 399
142248 399
142292 399
142336 398
142376 399
142420 399
142460 399
142504 408
142544 408
142588 412
142632 415
142672 414
142716 415
142756 423
142800 432
142840 432
142884 448
142924 448
142968 448
143012 448
143052 448
143096 448
143136 448
143180 448
143220 448
143272 448
143312 432
143356 419
143396 415
143440 415
143480 415
143524 412
143564 408
143608 403
143652 399
143692 448
143736 480
143776 504
143820 511
143860 513
143904 513
143948 513
143988 512
144032 510
144072 504
144116 504
144156 496
144200 496
144240 480
144292 480
144332 480
144376 480
144416 480
144460 480
144500 463
144544 463
144588 460
144628 455
144672 455
144712 455
144756 455
144796 451
144840 451
144880 451
144924 449
144968 449
145008 448
145052 448
145092 448
145136 448
145176 448
145220 448
145264 448
145312 448
145352 448
145396 448
145436 448
145480 448
145524 448
145564 448
145608 448
145648 448
145692 448
145732 448
145776 448
145816 448
145860 448
145904 448
145944 448
145988 448
146028 448
146072 448
146112 448
146156 448
146200 448
146240 448
146284 448
146332 448
146372 448
146416 448
146460 448
146500 448
146544 448
146584 448
146628 448
146668 448
146712 448
146752 448
146796 448
146840 448
146880 448
146924 448
146964 448
147008 448
147048 448
147092 448
147136 448
147176 448
147220 448
147260 448
147304 448
147352 448
147396 448
147436 448
147480 448
147520 448
147564 448
147604 448
147648 448
147688 448
147732 448
147776 448
147816 448
147860 448
147900 448
147944 448
147984 448
148028 448
148072 448
148112 448
148156 448
148196 448
148240 448
148280 448
148324 432
148372 448
148416 448
148456 448
148500 448
148540 448
148584 448
148624 448
148668 432
148712 448
148752 432
148796 448
148836 432
148880 423
148920 432
148964 432
149008 432
149048 432
149092 432
149132 432
149176 432
149216 432
149260 432
149300 432
149344 432
149392 432
149436 432
149476 432
149520 432
149560 432
149604 432
149648 432
149688 432
149732 432
149772 432
149816 432
149856 432
149900 432
149944 432
149984 432
150028 432
150068 432
150112 432
150152 432
150196 432
150236 432
150280 432
150324 432
150364 432
150412 432
150456 432
150496 432
150540 432
150584 432
150624 432
150668 432
150708 432
150752 432
150792 432
150836 432
150880 432
150920 432
150964 432
151004 432
151048 432
151088 432
151132 432
151172 432
151216 432
151260 432
151300 432
151344 432
151384 432
151428 432
151476 432
151520 432
151560 432
151604 432
151644 432
151688 432
151728 432
151772 432
151816 432
151856 432
151900 432
151940 432
151984 432
152024 432
152068 432
152108 432
152152 432
152196 432
152236 432
152280 432
152320 432
152364 432
152412 432
152456 432
152500 432
152540 432
152584 432
152624 432
152672 432
152716 432
152760 432
152800 448
152844 432
152884 432
152928 432
152968 432
153012 432
153052 432
153096 432
153140 432
153180 432
153224 432
153264 432
153308 432
153348 432
153392 432
153436 432
153476 432
153520 432
153560 432
153604 432
153644 432
153688 432
153736 432
153780 432
153820 432
153864 432
153904 432
153948 432
153988 423
154032 432
154076 423
154116 432
154160 432
154200 432
154244 432
154284 432
154328 432
154372 432
154412 432
154456 432
154496 432
154540 423
154580 432
154624 432
154664 432
154708 432
154752 432
154796 432
154840 432
154880 432
154924 432
154964 432
155008 432
155048 432
155092 432
155136 432
155176 432
155220 432
155260 432
155304 432
155344 432
155388 419
155428 432
155472 432
155516 432
155556 432
155600 432
155640 432
155684 432
155724 432
155776 432
155816 432
155860 432
155900 432
155944 448
155984 432
156028 432
156068 432
156112 432
156156 432
156196 432
156240 432
156280 432
156324 432
156364 432
156408 432
156452 432
156492 432
156536 432
156576 432
156620 432
156660 432
156704 432
156744 432
156796 432
156836 432
156880 432
156920 432
156964 432
157004 432
157048 432
157088 432
157132 432
157176 432
157216 432
157260 448
157300 432
157344 432
157384 432
157428 432
157472 432
157512 432
157556 432
157596 432
157640 432
157680 432
157724 432
157764 432
157816 432
157856 432
157900 432
157940 432
157984 432
158024 432
158068 432
158112 432
158152 432
158196 432
158236 432
158280 432
158320 432
158364 432
158404 432
158448 432
158492 432
158532 432
158576 432
158616 432
158660 432
158700 432
158744 432
158788 432
158836 432
158876 432
158920 432
158960 432
159004 432
159048 432
159088 432
159132 432
159172 432
159216 432
159256 432
159300 432
159340 432
159384 432
159428 432
159468 432
159512 432
159552 432
159596 432
159636 432
159680 432
159724 432
159764 432
159808 432
159856 432
159896 432
159940 432
159984 432
160024 432
160068 432
160108 432
160152 432
160192 432
160236 432
160276 432
160320 432
160364 432
160404 432
160448 432
160488 432
160532 432
160572 432
160616 432
160660 432
160700 432
160744 432
160784 432
160828 432
160876 432
160920 432
160960 432
161004 432
161044 432
161088 423
161128 432
161172 432
161212 432
161256 432
161300 432
161340 432
161384 432
161424 432
161468 432
161508 432
161552 432
161596 432
161636 432
161680 432
161720 432
161764 432
161804 432
161848 432
161896 432
161940 432
161980 432
162024 432
162064 432
162108 432
162148 432
162192 432
162236 432
162276 432
162320 432
162360 432
162404 432
162444 432
162488 432
162532 432
162572 432
162616 423
162656 432
162700 432
162740 432
162784 432
162824 432
162868 432
162916 432
162960 432
163000 432
163044 432
163084 432
163128 432
163172 432
163212 432
163256 432
163296 432
163340 432
163380 432
163424 432
163464 432
163508 432
163548 423
163592 432
163640 432
163684 432
163724 432
163768 432
163808 432
163852 432
163896 432
163936 423
163980 432
164020 432
164064 432
164104 432
164148 432
164188 432
164232 432
164276 432
164316 432
164360 432
164400 432
164444 432
164484 432
164528 432
164572 432
164612 432
164656 432
164700 432
164744 432
164784 432
164828 432
164868 432
164912 432
164952 432
164996 432
165036 432
165080 432
165124 432
165164 432
165208 432
165248 448
165292 432
165332 432
165376 432
165420 432
165460 432
165504 432
165544 432
165588 432
165628 432
165676 432
165720 432
165764 432
165804 432
165848 432
165888 423
165932 432
165972 432
166016 432
166060 432
166100 432
166144 432
166184 432
166228 432
166268 432
166312 432
166352 432
166396 432
166440 432
166480 432
166524 432
166564 432
166608 432
166648 432
166700 432
166740 432
166784 432
166824 432
166868 432
166908 432
166952 432
166996 432
167036 432
167080 432
167120 432
167164 432
167204 432
167248 432
167288 432
167332 432
167376 432
167416 432
167460 432
167500 432
167544 432
167584 432
167628 432
167672 432
167720 432
167760 432
167804 432
167844 432
167888 432
167928 432
167972 432
168016 432
168056 432
168100 432
168140 432
168184 432
168224 432
168268 432
168312 432
168352 432
168396 432
168436 432
168480 432
168520 432
168564 432
168604 432
168648 432
168692 432
168740 432
168780 432
168824 432
168864 432
168908 432
168952 432
168992 432
169036 432
169076 448
169120 432
169160 432
169204 432
169248 432
169288 432
169332 432
169372 432
169416 432
169456 432
169500 432
169540 432
169584 432
169628 432
169668 432
169712 432
169760 432
169800 432
169844 432
169888 432
169928 432
169972 432
170012 432
170056 432
170096 432
170140 432
170184 423
170224 432
170268 432
170308 432
170352 432
170392 432
170436 432
170476 432
170520 432
170564 432
170604 432
170648 432
170688 432
170732 432
170780 432
170824 432
170864 432
170908 432
170948 432
170992 432
171032 432
171076 432
171120 432
171160 432
171204 432
171244 432
171288 432
171328 432
171372 432
171412 432
171456 432
171500 432
171540 432
171584 432
171624 432
171668 432
171708 432
171752 432
171800 432
171844 432
171884 432
171928 432
171968 432
172012 432
172056 432
172096 432
172140 432
172180 432
172224 432
172264 432
172308 432
172348 432
172392 432
172436 432
172476 432
172520 432
172560 432
172604 432
172644 432
172688 432
172732 432
172772 432
172820 432
172864 432
172904 432
172948 432
172992 432
173032 432
173076 432
173116 432
173160 432
173200 432
173244 432
173284 432
173328 432
173372 432
173412 432
173456 432
173496 432
173540 432
173580 432
173624 432
173668 432
173708 432
173752 432
173792 432
173840 432
173884 432
173928 432
173968 432
174012 432
174052 432
174096 432
174136 432
174180 432
174220 432
174264 432
174308 432
174348 432
174392 432
174432 432
174476 432
174516 432
174560 432
174604 432
174644 448
174688 432
174728 432
174772 432
174812 432
174860 432
174904 432
174948 432
174988 432
175032 432
175072 432
175116 448
175156 432
175200 432
175240 432
175284 432
175328 432
175368 432
175412 432
175452 432
175496 432
175536 432
175580 432
175624 432
175664 432
175708 432
175748 432
175792 432
175832 432
175880 432
175924 432
175968 432
176008 432
176052 432
176092 432
176136 432
176176 432
176220 432
176264 432
176304 432
176348 432
176388 432
176432 432
176472 432
176516 432
176556 432
176600 432
176644 432
176684 432
176728 432
176768 432
176812 432
176852 432
176904 432
176944 432
176988 432
177028 432
177072 432
177112 432
177156 432
177200 432
177240 432
177284 432
177324 432
177368 432
177408 432
177452 432
177492 432
177536 432
177580 432
177620 432
177664 432
177704 432
177748 432
177788 432
177832 432
177876 432
177924 432
177964 432
178008 432
178048 432
178092 432
178136 432
178176 432
178220 432
178260 432
178304 432
178344 432
178388 432
178428 432
178472 432
178516 432
178556 432
178600 432
178640 432
178684 432
178724 432
178768 432
178812 432
178852 432
178896 432
178944 432
178984 432
179028 432
179068 432
179112 432
179156 432
179196 432
179240 432
179280 432
179324 432
179364 432
179408 432
179452 432
179492 432
179536 432
179576 432
179620 432
179660 432
179704 432
179744 432
179788 432
179832 432
179872 432
179916 432
179964 432
180004 432
180048 432
180092 432
180132 432
180176 432
180216 448
180260 432
180300 432
180344 432
180388 432
180428 432
180472 432
180512 432
180556 432
180596 432
180640 432
180680 432
180724 432
180768 432
180808 432
180852 432
180892 432
180936 432
180976 432
181028 432
181068 432
181112 432
181152 432
181196 432
181236 432
181280 432
181324 432
181364 432
181408 432
181448 432
181492 432
181532 432
181576 432
181616 432
181660 432
181704 432
181744 423
181788 432
181828 432
181872 432
181912 432
181956 432
182000 432
182048 432
182088 432
182132 432
182172 432
182216 432
182260 432
182300 432
182344 432
182384 432
182428 432
182468 432
182512 432
182552 432
182596 432
182640 432
182680 432
182724 432
182764 432
182808 432
182848 432
182892 432
182936 432
182976 432
183020 432
183064 432
183108 432
183152 432
183192 432
183236 432
183276 432
183320 432
183360 432
183404 432
183444 432
183488 432
183532 432
183572 432
183616 432
183656 432
183700 432
183740 432
183784 432
183828 448
183868 432
183912 432
183952 432
183996 432
184036 432
184084 432
184128 432
184172 432
184212 432
184256 432
184296 432
184340 432
184380 432
184424 432
184464 432
184508 432
184552 432
184592 432
184636 432
184676 432
184720 432
184760 432
184804 448
184848 432
184888 432
184932 432
184972 432
185016 432
185060 432
185100 432
185144 432
185188 432
185228 432
185272 432
185312 432
185356 432
185396 448
185440 432
185480 432
185524 432
185568 432
185608 432
185652 432
185692 432
185736 432
185776 432
185820 432
185868 432
185912 432
185952 432
185996 432
186036 432
186080 432
186120 432
186164 432
186208 432
186248 432
186292 432
186332 432
186376 432
186416 432
186460 432
186504 432
186544 432
186588 432
186628 432
186672 432
186712 432
186756 432
186796 432
186840 432
186884 432
186932 432
186972 432
187016 432
187056 432
187100 432
187144 432
187184 432
187228 432
187268 432
187312 432
187352 432
187396 432
187440 432
187480 432
187524 432
187564 432
187608 432
187648 432
187692 432
187732 432
187776 432
187820 432
187860 432
187904 432
187952 432
187992 448
188036 432
188080 432
188120 432
188164 432
188204 432
188248 432
188288 432
188332 432
188376 432
188416 432
188460 432
188500 432
188544 432
188584 432
188628 432
188668 432
188712 432
188756 432
188796 432
188840 432
188880 432
188924 432
188968 432
189012 432
189056 432
189096 432
189140 432
189180 432
189224 432
189264 432
189308 432
189348 432
189392 432
189436 432
189476 432
189520 432
189560 432
189604 432
189644 432
189688 432
189732 432
189772 432
189816 448
189856 432
189900 432
189940 432
189988 432
190032 432
190076 432
190116 432
190160 432
190200 432
190244 432
190284 432
190328 432
190372 432
190412 432
190456 432
190496 432
190540 432
190580 432
190624 432
190664 432
190708 432
190752 432
190792 432
190836 432
190876 432
190920 432
190960 432
191012 432
191052 448
191096 432
191136 432
191180 432
191220 432
191264 432
191308 432
191348 432
191392 432
191432 432
191476 432
191516 432
191560 432
191600 432
191644 432
191688 432
191728 432
191772 432
191812 432
191856 432
191896 432
191940 432
191984 432
192032 432
192072 432
192116 432
192156 423
192200 432
192244 432
192284 432
192328 432
192368 432
192412 432
192452 432
192496 432
192536 432
192580 432
192624 432
192664 432
192708 432
192748 432
192792 432
192832 432
192876 432
192920 384
192960 280
193004 199
193052 124
193092 62
193136 7
193180 0
193220 0
193264 0
193304 0
193348 0
193388 7
193432 60
193472 120
193516 192
193560 255
193600 327
193644 414
193684 496
193728 572
193768 639
193812 704
193856 768
193896 803
193940 838
193980 864
194024 864
194072 864
194116 831
194156 798
194200 768
194240 704
194284 632
194324 560
194368 481
194408 412
194452 332
194496 255
194536 193
194580 135
194620 96
194664 56
194704 15
194748 1
194792 0
194832 7
194876 31
194916 63
194960 120
195000 163
195044 224
195092 304
195136 384
195176 448
195220 511
195260 575
195304 639
195344 704
195388 768
195432 775
195472 799
195516 816
195556 816
195600 799
195640 775
195684 768
195728 704
195768 639
195812 588
195852 527
195896 455
195940 560
195984 496
196024 423
196068 368
196108 291
196152 240
196192 192
196236 127
196280 97
196320 71
196364 60
196404 56
196452 62
196496 79
196540 112
196580 143
196624 192
196664 252
196708 304
196748 384
196792 432
196832 496
196876 543
196920 608
196960 639
197004 704
197044 736
197088 768
197128 768
197172 768
197216 768
197256 768
197300 707
197340 671
197384 632
197424 575
197472 515
197516 455
197560 399
197600 352
197644 287
197684 240
197728 192
197768 158
197812 127
197852 112
197896 96
197940 96
197980 112
198024 124
198064 152
198108 192
198148 225
198192 280
198236 327
198276 384
198320 448
198360 496
198404 543
198444 591
198492 639
198536 671
198580 704
198620 711
198664 736
198704 736
198748 711
198788 704
198832 668
198872 632
198916 588
198960 543
199000 496
199044 448
199084 387
199128 352
199168 287
199212 252
199256 224
199296 192
199340 156
199380 135
199424 127
199464 127
199512 143
199556 163
199600 192
199640 224
199684 255
199724 316
199768 368
199808 408
199852 455
199896 508
199936 543
199980 583
200020 624
200064 639
200104 671
200148 688
200188 704
200232 688
200276 671
200316 654
200360 636
200400 608
200444 560
200484 513
200536 463
200576 415
200620 384
200660 327
200704 287
200744 254
200788 224
200832 195
200872 192
200916 166
200956 159
201000 176
201040 192
201084 199
201124 225
201168 255
201212 295
201252 352
201296 384
201336 415
201380 463
201420 508
201464 543
201508 575
201556 608
201596 636
201640 639
201680 655
201724 655
201764 647
201808 638
201852 624
201892 591
201936 568
201976 526
202020 496
202060 448
202104 408
202148 384
202188 327
202232 291
202272 255
202316 240
202356 224
202400 199
202440 195
202484 193
202528 199
202576 224
202616 240
202660 255
202700 287
202744 319
202788 384
202828 399
202872 448
202912 480
202956 511
202996 543
203040 574
203084 591
203124 609
203168 632
203208 636
203252 632
203292 624
203336 608
203376 583
203420 568
203464 536
203504 508
203548 480
203596 432
203636 391
203680 368
203724 319
203764 294
203808 270
203848 252
203892 240
203932 224
203976 224
204020 224
204060 240
204104 248
204144 255
204188 287
204228 316
204272 352
204312 384
204356 414
204400 448
204440 480
204484 510
204524 536
204568 568
204616 575
204660 608
204700 608
204744 608
204784 608
204828 608
204868 575
204912 568
204956 540
204996 511
205040 480
205080 448
205124 415
205164 384
205208 353
205248 323
205292 304
205336 280
205376 255
205420 254
205460 248
205504 248
205544 248
205588 255
205636 270
205680 287
205720 316
205764 352
205804 384
205848 391
205892 423
205932 451
205976 480
206016 511
206060 529
206100 551
206144 572
206184 575
206228 583
206272 583
206312 575
206356 574
206396 560
206440 542
206480 515
206524 496
206568 480
206608 448
206656 408
206700 384
206740 352
206784 327
206832 319
206876 352
206916 384
206960 399
207004 432
207044 451
207088 480
207128 508
207172 521
207212 543
207264 560
207304 572
207348 574
207388 574
207432 568
207472 560
207516 543
207560 524
207600 508
207644 480
207684 451
207728 432
207768 399
207812 384
207852 352
207896 327
207940 316
207980 295
208024 286
208064 271
208108 271
208148 271
208192 280
208236 287
208284 312
208324 319
208368 352
208408 384
208452 385
208496 412
208536 448
208580 455
208620 480
208664 504
208704 519
208748 536
208788 543
208832 551
208876 560
208916 551
208960 543
209000 540
209044 519
209084 508
209128 496
209172 480
209212 448
209256 415
209304 391
209344 384
209388 352
209432 332
209472 318
209516 312
209556 295
209600 287
209640 287
209684 287
209724 304
209768 312
209812 319
209852 352
209896 368
209936 384
209980 398
210020 415
210064 448
210108 462
210148 480
210192 504
210232 512
210276 527
210324 536
210368 540
210408 542
210452 536
210492 527
210536 515
210576 508
210620 496
210660 480
210704 449
210748 448
210788 414
210832 391
210872 384
210916 352
210956 352
211000 319
211044 318
211084 312
211128 312
211168 312
211212 312
211252 316
211296 319
211344 352
211388 352
211428 384
211472 387
211512 412
211556 432
211596 448
211640 480
211684 480
211724 504
211768 510
211808 513
211852 519
211892 524
211936 521
211980 519
212020 511
212064 508
212104 496
212148 480
212188 455
212232 448
212272 419
212316 403
212360 384
212408 384
212448 352
212492 352
212532 327
212576 319
212620 318
212660 318
212704 318
212744 319
212788 327
212828 352
212872 352
212916 384
212956 384
213000 399
213040 415
213084 448
213124 449
213168 480
213208 480
213252 496
213296 508
213336 511
213380 512
213428 512
213468 511
213512 508
213556 504
213596 496
213640 480
213680 463
213724 448
213764 448
213808 415
213852 398
213892 384
213936 384
213976 352
214020 352
214060 335
214104 327
214144 319
214188 319
214232 327
214272 334
214316 352
214356 352
214400 384
214444 384
214488 391
214532 415
214572 419
214616 448
214656 454
214700 480
214740 480
214784 496
214824 504
214868 508
214912 508
214952 508
214996 508
215036 504
215080 496
215120 480
215164 480
215208 451
215248 448
215292 423
215332 412
215376 391
215416 384
215464 384
215508 368
215552 352
215592 352
215636 352
215676 335
215720 335
215760 352
215804 352
215848 352
215888 384
215932 384
215972 384
216016 398
216056 414
216100 432
216140 448
216184 451
216228 480
216268 480
216312 483
216352 496
216396 496
216436 504
216488 496
216528 496
216572 496
216612 480
216656 480
216696 455
216740 448
216784 448
216824 415
216868 408
216908 391
216952 384
216992 384
217036 384
217076 353
217120 352
217164 352
217204 352
217248 352
217288 352
217332 352
217372 384
217416 384
217460 384
217508 391
217548 408
217592 415
217632 448
217676 448
