#62.632144601856375	2.441499703811512
24 1023
84 368
148 318
208 270
272 240
332 192
396 152
460 120
520 96
584 62
644 48
712 31
776 30
840 35
900 48
964 63
1024 96
1088 127
1148 159
1212 224
1272 255
1336 312
1400 384
1460 415
1524 480
1584 527
1648 583
1716 639
1780 704
1840 768
1904 783
1964 824
2028 864
2088 896
2152 896
2216 911
2276 915
2340 911
2400 903
2464 896
2524 896
2588 839
2648 816
2712 771
2780 736
2844 679
2904 636
2968 575
3028 527
3092 480
3156 423
3216 384
3280 319
3340 280
3404 240
3464 199
3528 159
3592 135
3652 120
3716 112
3784 96
3844 96
3908 96
3972 112
4032 124
4096 142
4156 176
4220 199
4280 248
4344 286
4404 327
4468 384
4532 419
4592 480
4656 519
4716 572
4784 624
4848 668
4912 704
4972 768
5036 775
5096 799
5160 830
5220 846
5284 864
5348 864
5408 864
5472 864
5532 839
5596 830
5656 799
5720 774
5780 768
5852 704
5912 664
5976 624
6036 575
6100 527
6160 480
6224 448
6288 391
6348 352
6412 312
6472 271
6536 240
6596 224
6660 192
6724 163
6784 152
6852 143
6916 135
6976 143
7040 152
7104 163
7164 192
7228 224
7288 248
7352 271
7412 312
7476 352
7536 384
7600 432
7664 480
7724 512
7788 560
7856 608
7916 639
7980 671
8044 707
8104 768
8168 768
8228 783
8292 799
8352 816
8416 824
8480 824
8540 807
8604 799
8664 782
8728 768
8788 768
8852 711
8920 671
8984 639
9044 608
9108 568
9168 527
9232 481
9292 448
9356 403
9420 384
9480 332
9544 304
9604 271
9668 252
9728 224
9792 224
9856 193
9924 192
9984 192
10048 192
10108 192
10172 207
10236 224
10296 248
10360 255
10420 304
10484 319
10544 384
10608 391
10668 448
10732 480
10796 510
10856 543
10924 583
10988 624
11048 647
11112 679
11176 704
11236 736
11300 768
11360 768
11424 769
11484 771
11548 775
11612 768
11672 768
11736 768
11796 768
11860 707
11920 704
11988 655
12052 632
12116 591
12176 560
12240 519
12300 496
12364 451
12424 415
12488 384
12552 353
12612 319
12676 304
12736 280
12800 255
12860 248
12924 240
12992 224
13056 224
13116 224
13180 240
13240 248
13304 255
13368 271
13428 295
13492 319
13552 352
13616 384
13676 412
13740 448
13800 480
13864 508
13928 540
13988 574
14056 608
14120 636
14180 655
14244 675
14308 704
14368 711
14432 736
14492 768
14556 768
14616 768
14680 768
14744 736
14804 716
14868 704
14928 688
14992 659
15060 636
15124 608
15184 575
15248 547
15308 515
15372 496
15432 455
15496 432
15556 399
15620 384
15684 352
15744 319
15808 312
15868 287
15932 271
15992 255
16060 255
16120 255
16184 255
16244 255
16308 271
16372 287
16432 304
16496 319
16556 352
16620 384
16688 391
16748 415
16812 448
16876 480
16936 508
17000 527
17060 568
17124 583
17184 608
17248 636
17312 647
17372 670
17436 679
17496 704
17560 704
17620 704
17688 704
17752 704
17816 704
17876 704
17940 671
18000 655
18064 639
18124 624
18188 608
18252 572
18312 543
18376 515
18436 496
18500 480
18560 448
18624 415
18692 387
18756 384
18816 352
18880 327
18940 318
19004 312
19068 291
19128 287
19192 287
19252 287
19316 291
19376 304
19440 316
19500 319
19564 352
19628 384
19688 384
19756 408
19820 432
19880 451
19944 480
20008 508
20068 524
20132 547
20192 574
20256 591
20316 624
20380 636
20444 639
20504 655
20568 670
20628 671
20692 671
20760 675
20824 671
20884 671
20948 655
21008 639
21072 638
21132 624
21196 608
21256 575
21320 568
21384 542
21444 513
21508 496
21568 480
21632 448
21692 448
21764 399
21824 384
21888 384
21948 352
22012 352
22072 323
22136 319
22200 318
22260 318
22324 318
22384 319
22448 319
22508 335
22572 352
22632 384
22696 384
22760 391
22828 415
22888 448
22952 455
23012 480
23076 504
23140 519
23200 542
23264 568
23324 575
23388 608
23448 608
23512 632
23576 636
23636 639
23700 639
23760 647
23828 647
23892 639
23956 639
24016 639
24080 632
24140 624
24204 608
24264 583
24328 572
24388 547
24452 527
24516 511
24576 496
24640 480
24700 448
24764 448
24824 414
24896 391
24956 384
25020 384
25080 368
25144 352
25204 352
25268 352
25332 335
25392 335
25456 352
25516 352
25580 352
25640 384
25704 384
25764 387
25828 399
25896 422
25960 448
26020 455
26084 480
26144 504
26208 513
26272 527
26332 547
26396 568
26456 575
26520 591
26580 608
26644 624
26708 624
26768 632
26832 632
26900 636
26960 632
27024 632
27088 624
27148 608
27212 608
27272 583
27336 575
27396 560
27460 543
27520 524
27584 511
27648 496
27708 480
27772 455
27832 448
27896 432
27964 412
28028 399
28088 384
28152 384
28212 384
28276 384
28336 368
28400 368
28464 368
28524 384
28588 384
28648 384
28712 384
28772 387
28836 399
28896 415
28968 448
29028 448
29092 462
29152 480
29216 496
29276 511
29340 524
29404 543
29464 560
29528 572
29588 575
29652 588
29712 608
29776 608
29840 608
29900 609
29968 609
30032 608
30092 608
30156 608
30220 608
30280 583
30344 575
30404 568
30468 547
30528 540
30592 519
30652 510
30716 496
30780 480
30840 463
30904 448
30964 448
31032 415
31096 412
31160 399
31220 387
31284 384
31344 384
31408 384
31468 384
31532 384
31596 384
31656 384
31720 387
31780 391
31844 401
31904 412
31968 423
32036 448
32096 448
32160 460
32220 480
32284 496
32352 508
32416 519
32476 536
32540 543
32600 560
32664 572
32724 575
32788 583
32852 591
32912 608
32976 608
33036 608
33100 608
33160 608
33224 591
33288 583
33348 575
33416 572
33480 560
33540 543
33604 531
33664 519
33728 510
33792 496
33852 480
33916 480
33976 451
34040 448
34100 448
34164 415
34228 412
34288 399
34352 391
34420 387
34480 384
34544 384
34608 384
34668 384
34732 387
34792 391
34856 399
34916 412
34980 415
35040 448
35104 448
35168 449
35228 463
35292 480
35352 496
35420 508
35484 513
35548 527
35608 540
35672 543
35732 560
35796 568
35856 574
35920 575
35984 575
36044 583
36108 583
36168 583
36232 575
36292 575
36356 575
36416 572
36488 560
36548 543
36612 542
36672 527
36736 515
36796 510
36860 496
36924 481
36984 480
37048 460
37108 448
37172 448
37232 432
37296 415
37360 415
37420 412
37488 401
37552 399
37612 399
37676 396
37740 399
37800 399
37864 408
37924 415
37988 415
38048 448
38112 448
38172 448
38236 451
38300 480
38360 480
38424 496
38484 508
38552 512
38616 524
38680 527
38740 543
38804 543
38864 560
38928 568
38988 572
39052 572
39116 575
39176 575
39240 574
39300 574
39364 572
39424 568
39488 560
39556 547
39620 540
39680 529
39744 519
39804 512
39868 508
39928 496
39992 480
40056 480
40116 463
40180 451
40240 448
40304 448
40364 448
40428 419
40492 415
40560 415
40620 412
40684 412
40744 412
40808 414
40872 415
40932 415
40996 419
41056 448
41120 448
41180 448
41244 449
41304 462
41368 480
41432 480
41492 496
41556 504
41624 511
41684 513
41748 527
41812 531
41872 543
41936 543
41996 551
42060 560
42120 560
42184 568
42248 568
42308 568
42372 560
42432 560
42496 551
42556 543
42624 542
42688 536
42752 527
42812 515
42876 511
42936 504
43000 504
43060 481
43124 480
43188 480
43248 455
43312 448
43372 448
43436 448
43496 448
43560 448
43628 423
43692 419
43752 419
43816 419
43876 423
43940 432
44004 448
44064 448
44128 448
44188 448
44252 449
44312 455
44376 480
44436 480
44500 480
44564 496
44624 504
44692 510
44756 513
44816 524
44880 527
44944 540
45004 543
45068 543
45128 547
45192 551
45252 551
45316 560
45380 560
45440 547
45504 547
45564 543
45628 542
45696 536
45760 527
45820 519
45884 512
45944 510
46008 504
46068 496
46132 496
46192 480
46256 480
46320 462
46380 455
46444 448
46504 448
46568 448
46628 448
46700 448
46760 448
46824 448
46884 448
46948 448
47008 448
47072 448
47136 448
47196 448
47260 448
47320 451
47384 462
47444 480
47508 480
47568 480
47632 496
47696 504
47760 508
47824 511
47888 515
47948 519
48012 527
48072 527
48132 540
48196 540
48260 543
48320 543
48384 543
48444 543
48508 543
48568 542
48632 540
48692 536
48756 527
48820 524
48880 515
48944 512
49012 508
49072 504
49136 496
49200 496
49260 480
49324 480
49384 480
49448 455
49508 451
49572 448
49636 448
49696 448
49760 448
49820 448
49884 448
49944 448
50008 448
50076 448
50140 448
50200 448
50264 448
50324 449
50388 455
50448 463
50512 480
50576 480
50636 480
50700 496
50760 496
50824 504
50884 510
50948 511
51012 515
51080 519
51140 527
51204 527
51264 536
51328 536
51392 536
51452 540
51516 540
51576 536
51640 536
51700 527
51764 527
51824 524
51888 518
51952 512
52012 511
52080 508
52144 504
52204 496
52268 496
52332 480
52392 480
52456 480
52516 480
52580 460
52640 455
52704 451
52768 448
52828 448
52892 504
52952 543
53016 574
53076 583
53144 608
53208 608
53272 608
53332 608
53396 608
53456 608
53520 608
53580 591
53644 588
53708 583
53768 575
53832 575
53892 574
53956 572
54016 568
54080 568
54148 560
54212 560
54272 551
54336 547
54396 547
54460 543
54524 543
54584 543
54648 543
54708 543
54772 542
54832 542
54896 540
54956 540
55020 540
55084 540
55144 536
55212 536
55276 536
55336 531
55400 529
55464 527
55524 529
55588 527
55648 527
55712 527
55772 527
55836 527
55900 527
55960 527
56024 524
56084 526
56148 519
56216 524
56280 519
56340 519
56404 519
56464 519
56528 519
56588 519
56652 519
56712 518
56776 519
56840 515
56900 519
56964 519
57024 515
57088 519
57148 511
57220 515
57280 515
57344 515
57404 515
57468 513
57528 515
57592 512
57656 515
57716 512
57780 513
57840 513
57904 513
57964 513
58028 512
58088 513
58152 512
58216 512
58284 512
58344 512
58408 512
58468 512
58532 512
58596 512
58656 512
58720 512
58780 512
58844 512
58904 512
58968 512
59032 512
59092 512
59156 511
59216 512
59284 512
59348 511
59412 511
59472 511
59536 512
59596 511
59660 511
59720 511
59784 511
59844 511
59908 511
59972 510
60032 511
60096 511
60156 511
60220 511
60288 511
60352 511
60412 511
60476 511
60536 511
60600 511
60660 511
60724 511
60788 512
60848 510
60912 511
60972 510
61036 511
61096 511
61160 511
61220 511
61284 511
61348 511
61412 510
61476 511
61536 511
61600 511
61660 511
61724 511
61784 511
61848 511
61912 511
61972 511
62036 511
62096 511
62160 511
62220 511
62284 510
62352 511
62416 511
62476 511
62540 511
62600 510
62664 511
62724 511
62788 511
62848 511
62912 511
62976 510
63036 511
63100 511
63160 511
63224 511
63284 510
63356 511
63416 511
63480 510
63540 510
63604 510
63664 510
63728 510
63788 510
63852 510
63916 510
63976 510
64040 510
64100 510
64160 510
64224 510
64288 510
64348 510
64412 510
64472 510
64536 510
64596 510
64660 510
64724 510
64784 510
64848 510
64916 510
64976 510
65040 510
65104 510
65164 510
65228 511
65288 510
65352 511
65412 510
65476 510
65536 510
65600 510
65664 511
65724 510
65788 512
65848 510
65916 510
65980 510
66044 510
66104 511
66168 510
66228 511
66292 511
66352 511
66416 510
66480 511
66540 510
66604 510
66664 510
66728 510
66788 511
66852 510
66912 511
66980 511
67044 510
67108 511
67168 510
67232 510
67292 511
67356 510
67416 511
67480 510
67540 511
67604 510
67668 511
67728 510
67792 510
67852 510
67916 510
67984 511
68048 510
68108 510
68172 510
68232 510
68296 510
68356 510
68420 511
68480 510
68544 511
68608 508
68668 511
68732 510
68792 510
68856 510
68916 510
68988 511
69048 510
69112 511
69172 510
69236 510
69296 510
69360 510
69424 510
69484 510
69548 510
69608 510
69672 510
69732 510
69796 510
69856 510
69920 510
69984 510
70052 510
70112 510
70176 510
70236 510
70300 510
70364 510
70424 510
70488 510
70548 510
70612 510
70672 510
70736 510
70800 510
70860 510
70924 510
70984 510
71052 508
71116 511
71180 510
71240 511
71304 508
71364 510
71428 510
71488 510
71552 510
71612 510
71676 511
71740 510
71800 511
71864 510
71924 510
71988 510
72056 510
72120 510
72180 510
72244 510
72304 510
72368 510
72428 510
72492 510
72556 510
72616 510
72680 510
72740 510
72804 510
72864 510
72928 510
72988 510
73052 510
73120 510
73184 510
73244 510
73308 510
73368 510
73432 510
73496 510
73556 510
73620 510
73680 510
73744 510
73804 510
73868 510
73932 510
73992 510
74056 510
74124 510
74184 510
74248 510
74312 510
74372 510
74436 510
74496 510
74560 510
74620 510
74684 510
74744 510
74808 510
74872 510
74932 510
74996 510
75056 510
75124 510
75188 510
75252 510
75312 510
75376 510
75436 510
75500 510
75560 510
75624 510
75688 510
75748 510
75812 510
75872 510
75936 510
75996 510
76060 508
76120 511
76192 510
76252 510
76316 510
76376 510
76440 510
76500 510
76564 510
76628 510
76688 510
76752 510
76812 510
76876 510
76936 510
77000 510
77064 510
77124 510
77192 508
77256 510
77316 508
77380 510
77444 510
77504 510
77568 510
77628 510
77692 510
77752 510
77816 511
77876 508
77940 511
78004 508
78064 510
78128 510
78196 510
78256 511
78320 508
78384 510
78444 508
78508 510
78568 508
78632 510
78692 510
78756 510
78820 510
78880 510
78944 511
79004 510
79068 510
79128 510
79192 510
79260 511
79324 510
79384 510
79448 510
79508 510
79572 510
79632 510
79696 510
79760 510
79820 510
79884 510
79944 510
80008 510
80068 510
80132 510
80192 510
80256 510
80316 510
80380 510
80440 510
80504 510
80568 510
80628 510
80692 510
80752 510
80816 510
80876 510
80940 510
81000 510
81064 510
81128 510
81188 510
81256 510
81320 511
81380 510
81444 511
81508 510
81568 510
81632 510
81692 510
81756 510
81816 510
81880 510
81944 510
82004 511
82068 510
82128 510
82192 510
82260 510
82324 510
82384 510
82448 510
82508 510
82572 511
82632 510
82696 510
82756 510
82820 510
82884 510
82944 510
83008 510
83068 510
83132 510
83192 510
83264 510
83324 510
83388 510
83448 510
83512 510
83572 510
83636 510
83700 510
83760 510
83824 510
83884 510
83948 510
84008 510
84072 510
84132 510
84196 510
84260 510
84328 510
84388 510
84452 510
84512 510
84576 510
84640 510
84700 510
84764 510
84824 510
84888 510
84948 510
85012 510
85076 510
85136 510
85200 510
85260 510
85328 510
85392 508
85456 510
85516 510
85580 510
85640 510
85704 510
85764 510
85828 510
85888 510
85952 510
86016 510
86076 508
86140 511
86200 508
86264 510
86332 510
86396 510
86456 510
86520 510
86580 511
86644 510
86704 510
86768 508
86832 510
86892 508
86956 510
87016 510
87080 510
87140 510
87204 510
87264 510
87328 510
87396 510
87460 510
87520 510
87584 510
87644 510
87708 510
87772 510
87832 511
87896 510
87956 511
88020 508
88080 511
88144 508
88208 510
88268 510
88332 510
88400 511
88460 508
88524 510
88588 508
88648 510
88712 510
88772 510
88836 510
88896 510
88960 510
89020 510
89084 510
89148 510
89208 510
89272 510
89332 510
89400 508
89464 510
89528 510
89588 510
89652 510
89712 510
89776 510
89836 510
89900 510
89964 510
90024 510
90088 510
90148 510
90212 510
90272 510
90336 510
90396 510
90468 510
90528 508
90592 510
90652 510
90716 510
90776 510
90840 508
90904 510
90964 508
91028 511
91088 508
91152 510
91212 508
91276 510
91340 508
91400 510
91468 510
91532 510
91592 510
91656 510
91720 510
91780 510
91844 510
91904 510
91968 510
92028 510
92092 510
92152 510
92216 510
92280 510
92340 510
92404 510
92464 510
92532 510
92596 510
92660 510
92720 510
92784 510
92844 510
92908 510
92968 510
93032 510
93096 510
93156 510
93220 510
93280 510
93344 510
93404 511
93468 510
93536 510
93600 510
93660 510
93724 510
93784 510
93848 510
93908 510
93972 510
94036 510
94096 510
94160 510
94220 510
94284 510
94344 510
94408 510
94472 510
94540 510
94600 510
94664 510
94724 510
94788 510
94852 510
94912 510
94976 510
95036 510
95100 510
95160 510
95224 510
95284 510
95348 510
95412 510
95472 511
95536 510
95604 510
95664 510
95728 510
95792 510
95852 510
95916 511
95976 510
96040 511
96100 510
96164 511
96224 510
96288 510
96352 510
96412 510
96476 510
96536 510
96600 510
96660 510
96724 510
96784 510
96848 510
96916 510
96980 510
97040 510
97104 510
97164 510
97228 508
97292 510
97352 510
97416 510
97476 508
97540 510
97600 508
97664 510
97728 508
97788 510
97852 510
97920 510
97980 510
98044 510
98108 511
98168 508
98232 510
98292 510
98356 510
98416 510
98480 510
98540 510
98604 510
98668 510
98728 510
98792 510
98852 508
98920 510
98984 510
99048 510
99108 510
99172 510
99232 451
99296 391
99356 335
99420 280
99484 240
99544 192
99608 142
99668 112
99732 71
99792 56
99856 35
99916 31
99988 30
100048 35
100112 56
100172 71
100236 112
100296 135
100360 192
100424 224
100484 271
100548 319
100608 384
100672 448
100732 496
100796 543
100860 608
100920 652
100988 705
101052 768
101112 798
101176 831
101240 864
101300 896
101364 899
101424 911
101488 913
101548 911
101612 903
101672 896
101736 864
101800 831
101860 799
101924 768
101992 711
102052 668
102116 624
102180 572
102240 511
102304 462
102364 408
102428 384
102488 312
102552 255
102616 224
102676 192
102740 158
102800 127
102864 112
102924 96
102988 96
103056 96
103120 96
103180 112
103244 127
103304 152
103368 192
103428 224
103492 255
103556 295
103616 352
103680 387
103740 448
103804 496
103864 540
103928 583
103992 636
104060 679
104120 736
104184 768
104244 783
104308 816
104372 831
104432 864
104496 864
104556 864
104620 864
104680 864
104744 831
104804 824
104868 796
104932 768
104992 768
105060 704
105124 639
105184 608
105248 560
105312 512
105372 480
105436 419
105496 384
105560 335
105620 295
105684 255
105748 225
105808 199
105872 192
105932 159
105996 143
106056 135
106124 135
106188 143
106252 158
106312 176
106376 192
106436 224
106500 252
106560 284
106624 319
106688 384
106748 399
106812 448
106872 496
106936 527
106996 574
107060 608
107128 652
107192 704
107252 736
107316 768
107376 768
107440 792
107504 799
107564 816
107628 816
107688 816
107752 799
107812 796
107876 775
107936 768
108000 736
108064 704
108124 668
108192 632
108256 591
108316 547
108380 512
108444 480
108504 448
108568 391
108628 352
108692 319
108752 287
108816 255
108880 240
108940 224
109004 199
109064 192
109128 192
109196 192
109260 192
109320 193
109384 224
109444 240
109508 255
109568 275
109632 312
109692 352
109756 384
109820 412
109880 448
109944 496
110004 519
110068 568
110128 608
110200 636
110260 664
110324 704
110384 711
110448 768
110508 768
110572 768
110636 771
110696 771
110760 771
110820 768
110884 768
110944 768
111008 736
111068 704
111132 671
111196 639
111264 624
111324 575
111388 543
111448 511
111512 480
111576 448
111636 408
111700 384
111760 352
111824 318
111884 287
111948 270
112012 255
112072 248
112136 240
112196 224
112260 224
112320 240
112384 248
112444 252
112508 255
112572 286
112632 312
112696 334
112756 384
112820 387
112880 419
112944 451
113008 496
113068 515
113132 547
113192 575
113260 609
113324 639
113388 664
113448 688
113512 704
113572 711
113636 736
113696 736
113760 768
113820 768
113884 736
113948 716
114008 704
114072 704
114132 671
114196 639
114264 624
114328 591
114388 568
114452 540
114512 508
114576 480
114636 448
114700 415
114764 384
114824 384
114888 352
114948 319
115012 304
115072 286
115136 271
115196 255
115268 255
115328 255
115392 255
115452 268
115516 284
115576 287
115640 316
115704 327
115764 352
115828 384
115888 399
115952 448
116012 455
116076 496
116140 512
116200 543
116264 572
116332 608
116392 624
116456 639
116520 655
116580 671
116644 704
116704 704
116768 704
116828 704
116892 704
116952 704
117016 704
117080 679
117140 670
117204 639
117264 636
117332 608
117396 579
117460 560
117520 531
117584 510
117644 480
117708 451
117768 432
117832 399
117896 384
117956 384
118020 352
118080 319
118144 316
118204 304
118268 287
118336 287
118400 287
118460 287
118524 295
118584 312
118648 319
118708 327
118772 352
118836 384
118896 387
118960 414
119020 448
119084 462
119144 481
119208 511
119272 536
119332 560
119400 575
119464 608
119524 624
119588 638
119652 639
119712 655
119776 671
119836 671
119900 675
119960 671
120024 671
120084 668
120148 655
120212 639
120272 636
120336 624
120404 591
120464 575
120528 547
120592 527
120652 508
120716 480
120776 455
120840 448
120900 415
120964 391
121028 384
121088 384
121152 352
121212 327
121276 319
121336 318
121404 316
121468 318
121532 318
121592 319
121656 319
121716 352
121780 352
121840 384
121904 384
121968 399
122028 415
122092 448
122152 480
122216 496
122276 510
122340 527
122404 547
122472 574
122532 583
122596 608
122656 624
122720 636
122784 639
122844 639
122908 652
122968 655
123032 652
123092 647
123156 639
123216 638
123280 632
123344 624
123404 608
123472 575
123536 568
123596 543
123660 524
123724 508
123784 481
123848 480
123908 448
123972 432
124032 408
124096 391
124160 384
124220 384
124284 352
124344 352
124408 352
124476 335
124540 352
124600 335
124664 352
124724 352
124788 368
124848 384
124912 384
124972 398
125036 414
125100 448
125160 448
125224 480
125284 496
125348 508
125408 519
125472 543
125540 568
125604 575
125664 588
125728 608
125788 609
125852 624
125916 632
125976 636
126040 636
126100 636
126164 636
126224 632
126288 624
126348 608
126412 608
126476 583
126544 572
126604 551
126668 536
126728 515
126792 504
126856 480
126916 480
126980 448
127040 448
127104 415
127164 399
127228 385
127292 384
127352 384
127416 384
127476 353
127544 352
127608 352
127672 353
127732 256
127796 384
127856 384
127920 384
127980 391
128044 408
128104 415
128168 448
128232 449
