52 451
84 335
112 319
144 318
176 312
204 287
236 280
264 270
304 255
332 252
364 240
396 224
424 224
456 224
484 199
516 192
548 192
576 192
608 163
640 159
668 159
700 156
728 152
760 152
792 152
820 152
852 152
884 156
912 159
944 159
972 163
1004 176
1036 192
1064 192
1096 193
1128 204
1156 224
1188 224
1216 240
1248 252
1280 255
1316 280
1344 287
1376 312
1408 319
1436 335
1468 352
1500 384
1528 384
1560 399
1588 415
1620 448
1652 448
1680 462
1712 480
1744 496
1772 510
1804 519
1832 540
1864 547
1896 568
1924 575
1956 583
1988 608
2016 608
2048 624
2076 632
2108 639
2140 639
2168 652
2200 655
2232 668
2260 670
2292 671
2320 671
2360 671
2388 671
2420 671
2448 671
2480 671
2512 671
2540 668
2572 664
2604 655
2632 639
2664 639
2692 636
2724 632
2756 624
2784 608
2816 608
2848 583
2876 574
2908 568
2936 543
2968 536
3000 519
3028 510
3060 496
3092 480
3120 463
3152 448
3180 448
3212 415
3244 408
3272 391
3304 384
3336 384
3372 352
3400 334
3432 319
3464 312
3492 295
3524 287
3556 271
3584 255
3616 255
3644 248
3676 240
3708 225
3736 224
3768 224
3800 224
3828 199
3860 199
3888 195
3920 192
3952 192
3980 192
4012 192
4044 192
4072 192
4104 195
4132 199
4164 204
4196 224
4224 224
4256 224
4288 240
4316 240
4348 248
4376 255
4416 255
4444 271
4476 287
4504 304
4536 312
4568 319
4596 335
4628 352
4660 368
4688 384
4720 384
4748 399
4780 414
4812 432
4840 448
4872 449
4904 463
4932 480
4964 496
4992 508
5024 513
5056 526
5084 540
5116 543
5148 560
5176 572
5208 575
5236 583
5268 608
5300 608
5328 608
5360 624
5392 624
5428 632
5456 632
5488 636
5520 638
5548 638
5580 638
5608 638
5640 638
5672 638
5700 636
5732 632
5764 632
5792 624
5824 609
5852 608
5884 608
5916 608
5944 588
5976 575
6008 574
6036 568
6068 551
6096 543
6128 527
6160 519
6188 511
6220 504
6252 496
6280 480
6312 462
6340 448
6372 448
6404 432
6440 414
6472 399
6500 384
6532 384
6560 384
6592 352
6624 352
6652 327
6684 319
6716 316
6744 304
6776 287
6804 286
6836 271
6868 263
6896 255
6928 255
6960 252
6988 248
7020 248
7048 240
7080 240
7112 240
7140 240
7172 240
7204 225
7232 240
7264 240
7292 240
7324 240
7356 240
7384 248
7416 252
7448 252
7484 255
7512 255
7544 271
7576 280
7604 287
7636 295
7664 312
7696 318
7728 319
7756 334
7788 352
7820 352
7848 384
7888 384
7920 387
7948 399
7980 415
8012 423
8040 448
8072 448
8100 455
8132 480
8164 480
8192 496
8228 508
8260 512
8292 519
8320 529
8352 542
8384 547
8412 560
8444 568
8472 574
8504 575
8536 582
8564 583
8596 591
8628 608
8656 608
8688 608
8716 608
8748 608
8780 608
8808 608
8840 608
8872 608
8900 608
8932 608
8960 608
8992 591
9024 588
9052 583
9084 575
9116 574
9144 568
9176 560
9204 547
9244 542
9272 536
9304 524
9332 513
9364 508
9396 504
9424 496
9456 480
9488 480
9516 455
9548 448
9576 448
9608 423
9640 415
9668 399
9700 391
9732 384
9760 384
9792 384
9820 352
9852 352
9884 335
9912 327
9944 319
9976 316
10004 312
10036 304
10064 287
10096 287
10128 280
10156 271
10188 271
10220 263
10248 255
10284 255
10316 255
10348 255
10376 255
10408 255
10440 255
10468 255
10500 255
10528 255
10560 255
10592 270
10620 271
10652 280
10684 286
10712 287
10744 291
10772 304
10804 312
10836 318
10864 319
10896 327
10928 352
10956 352
10988 368
11016 384
11048 384
11080 384
11108 391
11140 399
11172 414
11200 419
11232 448
11260 448
11300 449
11328 462
11360 480
11388 480
11420 496
11452 504
11480 510
11512 512
11544 519
11572 527
11604 536
11632 542
11664 543
11696 551
11724 560
11756 568
11788 568
11816 572
11848 574
11876 575
11908 575
11940 575
11968 575
12000 575
12032 575
12060 575
12092 575
12120 575
12152 572
12184 574
12212 568
12244 568
12276 560
12312 547
12340 543
12372 540
12404 527
12432 524
12464 515
12492 511
12524 508
12556 496
12584 496
12616 480
12648 480
12676 462
12708 451
12736 448
12768 448
12800 432
12828 415
12860 412
12892 399
12920 390
12952 384
12980 384
13012 384
13044 368
13072 352
13104 352
13136 335
13164 327
13196 319
13224 319
13256 316
13288 312
13316 304
13352 304
13380 291
13412 287
13444 287
13472 287
13504 286
13532 286
13564 286
13596 284
13624 286
13656 286
13688 287
13716 287
13748 287
13776 287
13808 294
13840 304
13868 304
13900 312
13932 316
13960 319
13992 319
14020 327
14052 335
14084 352
14112 352
14144 368
14176 384
14204 384
14236 384
14264 385
14296 391
14328 399
14364 415
14396 415
14424 448
14456 448
14484 448
14516 451
14548 462
14576 480
14608 480
14640 481
14668 496
14700 504
14728 508
14760 511
14792 515
14820 519
14852 526
14884 527
14912 536
14944 542
14972 543
15004 543
15036 543
15064 547
15096 551
15128 551
15156 560
15188 560
15216 560
15248 560
15280 551
15308 547
15340 547
15372 543
15408 543
15436 542
15468 536
15500 529
15528 527
15560 519
15592 515
15620 511
15652 508
15680 504
15712 496
15744 481
15776 480
15808 480
15836 462
15868 451
15896 448
15928 448
15960 448
15988 432
16020 415
16052 414
16080 401
16112 396
16140 387
16172 384
16204 384
16232 384
16264 384
16296 368
16324 352
16356 352
16384 352
16416 335
16448 327
16476 327
16508 319
16540 319
16568 319
16604 316
16636 316
16668 316
16696 312
16728 312
16760 312
16788 312
16820 312
16848 312
16880 312
16912 316
16940 316
16972 318
17004 319
17032 319
17064 319
17092 327
17124 327
17156 335
17184 352
17216 352
17248 352
17276 368
17308 384
17336 384
17368 384
17400 384
17428 385
17460 391
17492 399
17520 408
17552 415
17580 415
17612 432
17648 448
17680 448
17712 448
17740 451
17772 462
17800 480
17832 480
17864 480
17892 496
17924 496
17956 496
17984 504
18016 508
18044 510
18076 512
18108 513
18136 518
18168 519
18200 524
18228 526
18260 527
18288 527
18320 536
18352 527
18380 527
18412 527
18444 527
18472 527
18504 527
18532 527
18564 524
18596 519
18624 519
18660 513
18692 512
18724 510
18752 508
18784 504
18816 504
18844 496
18876 496
18904 480
18936 480
18968 480
18996 463
19028 455
19060 449
19088 448
19120 448
19148 448
19180 432
19212 419
19240 415
19272 412
19304 399
19332 396
19364 391
19392 384
19424 384
19456 384
19484 384
19516 384
19548 368
19576 353
19608 352
19636 352
19668 352
19704 352
19736 335
19764 335
19796 332
19828 327
19856 327
19888 327
19920 319
19948 319
19980 319
20008 319
20040 319
20072 327
20100 327
20132 327
20164 327
20192 334
20224 335
20252 352
20284 352
20316 352
20344 352
20376 352
20408 368
20436 384
20468 384
20496 384
20528 384
20560 384
20588 385
20620 391
20652 398
20680 399
20716 412
20748 415
20780 419
20808 432
20840 448
20872 448
20900 448
20932 448
20960 451
20992 455
21024 463
21052 480
21084 480
21116 480
21144 481
21176 496
21204 496
21236 496
21268 504
21296 504
21328 508
21360 508
21388 510
21420 511
21448 512
21480 512
21512 512
21540 512
21572 513
21604 512
21632 512
21664 512
21692 512
21732 511
21760 511
21792 510
21820 508
21852 504
21884 504
21912 504
21944 496
21976 496
22004 496
22036 480
22064 480
22096 480
22128 480
22156 463
22188 455
22220 451
22248 448
22280 448
22308 448
22340 448
22372 432
22400 423
22432 415
22464 415
22492 412
22524 399
22552 398
22584 391
22616 387
22644 384
22676 384
22708 384
22736 384
22772 384
22800 384
22832 384
22864 368
22892 352
22924 352
22956 353
22984 352
23016 352
23044 352
23076 352
23108 352
23136 352
23168 352
23200 352
23228 352
23260 352
23288 352
23320 352
23352 352
23380 352
23412 352
23444 352
23472 352
23504 353
23532 368
23564 384
23604 384
23640 384
23672 384
23700 384
23732 384
23764 384
23792 391
23824 391
23856 399
23884 408
23916 412
23944 415
23976 415
24008 423
24036 432
24068 448
24100 448
24128 448
24160 448
24188 451
24220 455
24252 462
24280 480
24312 480
24344 480
24372 480
24404 480
24432 481
24464 496
24496 496
24524 496
24556 496
24588 504
24616 504
24652 504
24684 504
24716 508
24744 504
24776 504
24804 508
24836 504
24868 504
24896 504
24928 504
24960 504
24988 504
25020 496
25048 496
25080 496
25112 496
25140 496
25172 480
25204 480
25232 480
25264 480
25292 480
25324 463
25356 455
25384 455
25416 449
25448 448
25476 448
25508 448
25536 448
25568 432
25600 423
25628 415
25664 414
25696 412
25728 408
25756 399
25788 398
25820 391
25848 387
25880 384
25908 384
25940 384
25972 384
26000 384
26032 384
26064 384
26092 384
26124 384
26152 384
26184 368
26216 368
26244 353
26276 353
26308 352
26336 352
26368 352
26396 352
26428 352
26460 352
26488 353
26520 353
26552 368
26580 368
26612 368
26640 384
26672 384
26708 384
26736 384
26768 384
26800 384
26828 384
26860 384
26888 384
26920 384
26952 391
26980 391
27012 399
27044 399
27072 408
27104 414
27132 415
27164 415
27196 423
27224 432
27256 448
27288 448
27316 448
27348 448
27376 448
27408 448
27440 451
27468 455
27500 460
27532 463
27560 480
27592 480
27620 480
27652 480
27684 480
27720 480
27748 480
27780 481
27812 496
27840 496
27872 496
27904 496
27932 496
27964 496
27992 496
28024 496
28056 496
28084 496
28116 496
28148 496
28176 481
28208 480
28236 480
28268 480
28300 480
28328 480
28360 480
28392 480
28420 480
28452 463
28480 460
28512 455
28544 451
28572 451
28604 448
28636 448
28664 448
28696 448
28724 448
28764 432
28792 423
28824 415
28852 415
28884 415
28916 412
28944 408
28976 399
29008 399
29036 396
29068 391
29096 387
29128 385
29160 384
29188 384
29220 384
29252 384
29280 384
29312 384
29340 384
29372 384
29404 384
29432 384
29464 384
29496 384
29524 384
29556 384
29584 384
29616 384
29648 384
29676 384
29708 384
29740 384
29776 384
29804 384
29836 384
29868 384
29896 384
29928 384
29960 384
29988 384
30020 384
30048 385
30080 387
30112 391
30140 396
30172 399
30204 399
30232 408
30264 412
30292 414
30324 415
30356 415
30384 422
30416 432
30448 448
30476 448
30508 448
30536 448
30568 448
30600 448
30628 448
30660 449
30692 451
30720 455
30752 460
30788 463
30820 480
30848 480
30880 480
30908 480
30940 480
30972 480
31000 480
31032 480
31064 480
31092 480
31124 480
31152 480
31184 480
31216 480
31244 480
31276 480
31308 480
31336 480
31368 480
31396 480
31428 480
31464 480
31492 480
31524 480
31556 463
31584 462
31616 455
31648 455
31676 451
31708 449
31736 448
31768 448
31800 448
31828 448
31860 448
31892 448
31920 448
31952 432
31980 419
32012 419
32044 415
32072 415
32104 415
32136 412
32164 408
32196 403
32232 399
32260 399
32292 396
32324 391
32352 391
32384 387
32416 385
32444 384
32476 384
32504 384
32536 384
32568 384
32596 384
32628 384
32660 384
32688 384
32720 384
32748 384
32780 384
32812 384
32840 384
32872 384
32904 384
32932 384
32964 384
32992 384
33024 384
33056 384
33084 384
33116 384
33148 385
33176 387
33208 390
33244 391
33276 391
33304 398
33336 399
33364 399
33396 408
33428 412
33456 414
33488 415
33520 415
33548 415
33580 419
33608 432
33640 432
33672 448
33700 448
33732 448
33764 448
33792 448
33824 448
33852 448
33884 448
33916 449
33944 451
33976 455
34008 455
34036 455
34068 460
34096 462
34128 463
34160 463
34188 480
34220 480
34252 480
34288 480
34320 480
34348 480
34380 480
34408 480
34440 480
34472 480
34500 480
34532 480
34564 480
34592 480
34624 463
34652 463
34684 462
34716 459
34744 455
34776 455
34808 451
34836 449
34868 449
34896 448
34928 448
34960 448
34988 448
35020 448
35052 448
35080 448
35112 448
35140 432
35172 432
35204 423
35232 419
35264 415
35300 415
35332 415
35360 412
35392 412
35424 408
35452 399
35484 399
35512 401
35544 396
35576 391
35604 391
35636 391
35668 387
35696 387
35728 385
35756 385
35788 384
35820 384
35848 384
35880 384
35912 384
35940 384
35972 384
36000 384
36032 384
36064 384
36092 384
36124 384
36156 384
36184 384
36216 384
36244 385
36276 387
36312 387
36344 391
36372 391
36404 391
36436 398
36464 399
36496 399
36528 399
36556 408
36588 408
36616 412
36648 414
36680 415
36708 415
36740 415
36772 419
36800 423
36832 432
36860 432
36892 448
36924 448
36952 448
36984 448
37016 448
37044 448
37076 448
37104 448
37136 448
37168 448
37196 449
37228 451
37260 451
37288 455
37320 455
37356 455
37388 455
37416 455
37448 460
37480 460
37508 460
37540 462
37568 462
37600 462
37632 462
37660 460
37692 460
37724 460
37752 455
37784 455
37812 455
37844 455
37876 455
37904 454
37936 451
37968 451
37996 449
38028 448
38056 448
38088 448
38120 448
38148 448
38180 448
38212 448
38240 448
38272 448
38300 448
38332 432
38368 432
38400 423
38428 422
38460 415
38492 415
38520 415
38552 415
38584 414
38612 412
38644 412
38672 408
38704 403
38736 399
38764 399
38796 399
38828 398
38856 396
38888 391
38916 391
38948 391
38980 391
39008 391
39040 390
39072 387
39100 387
39132 387
39160 387
39192 387
39224 391
39252 387
39284 387
39316 387
39344 387
39376 387
39408 391
39436 391
39468 391
39496 391
39528 391
39560 398
39588 399
39620 399
39652 399
39680 399
39712 408
39740 408
39772 412
39804 414
39832 415
39864 415
39896 415
39924 415
39956 419
39984 423
40016 432
40048 432
40076 448
40108 448
40140 448
40168 448
40200 448
40228 448
40260 448
40296 448
40328 448
40360 448
40388 448
40420 451
40448 448
40480 449
40512 449
40540 451
40572 451
40604 451
40632 455
40664 455
40692 455
40724 455
40756 455
40784 455
40816 455
40848 455
40876 455
40908 455
40936 454
40968 451
41000 451
41028 451
41060 449
41092 448
41120 448
41152 448
41180 448
41212 448
41244 448
41272 448
41308 448
41340 448
41372 448
41400 448
41432 448
41464 448
41492 448
41524 432
41552 432
41584 423
41616 419
41644 415
41676 415
41708 415
41736 415
41768 415
41796 408
41828 412
41860 412
41888 408
41920 408
41952 408
41980 399
42012 399
42040 399
42072 399
42104 398
42132 398
42164 396
42196 396
42224 391
42256 391
42284 391
42316 391
42352 391
42384 391
42412 391
42444 391
42476 391
42504 391
42536 391
42568 396
42596 396
42628 398
42656 399
42688 399
42720 399
42748 399
42780 399
42812 403
42840 408
42872 408
42900 412
42932 412
42964 414
42992 415
43024 415
43056 415
43084 415
43116 415
43144 419
43176 423
43208 423
43236 432
43268 432
43300 448
43328 448
43364 448
43396 448
43428 448
43456 448
43488 448
43520 448
43548 448
43580 448
43608 448
43640 448
43672 448
43700 448
43732 448
43764 448
43792 448
43824 448
43852 449
43884 448
43916 449
43944 449
43976 449
44008 449
44036 449
44068 449
44096 448
44128 448
44160 448
44188 448
44220 448
44252 448
44280 448
44312 448
44340 448
44380 448
44408 448
44440 448
44468 448
44500 448
44532 448
44560 448
44592 448
44624 448
44652 448
44684 448
44712 432
44744 432
44776 423
44804 423
44836 419
44868 415
44896 415
44928 415
44956 415
44988 415
45020 414
45048 414
45080 412
45112 412
45140 408
45172 408
45200 408
45232 408
45264 399
45292 399
45324 399
45356 399
45384 399
45420 399
45448 399
45480 399
45512 399
45540 399
45572 399
45604 399
45632 399
45664 399
45692 399
45724 399
45756 399
45784 399
45816 399
45848 399
45876 399
45908 399
45936 401
45968 408
46000 408
46028 408
46060 412
46092 412
46120 414
46152 414
46180 415
46212 415
46244 415
46272 415
46304 415
46336 415
46364 419
46396 423
46432 423
46464 432
46492 432
46524 448
46552 448
46584 448
46616 448
46644 448
46676 448
46708 448
46736 448
46768 448
46796 448
46828 448
46860 448
46888 448
46920 448
46952 448
46980 448
47012 448
47040 448
47072 448
47104 448
47132 448
47168 448
47196 448
47228 448
47260 448
47288 448
47320 448
47348 448
47380 448
47412 448
47440 448
47472 448
47504 448
47532 448
47564 448
47592 449
47624 462
47656 480
47692 480
47720 496
47752 496
47784 496
47812 504
47844 504
47876 504
47904 508
47936 508
47964 508
47996 508
48028 510
48056 510
48088 508
48120 508
48148 508
48180 508
48208 508
48240 504
48272 504
48300 504
48332 504
48364 496
48392 496
48424 496
48452 496
48484 496
48516 496
48544 496
48576 481
48608 480
48636 480
48668 480
48704 480
48736 480
48764 480
48796 480
48824 480
48856 480
48888 480
48916 480
48948 480
48980 480
49008 480
49040 463
49068 463
49100 463
49132 463
49160 462
49192 460
49224 460
49252 455
49284 455
49312 455
49344 455
49376 455
49404 463
49436 455
49468 455
49496 455
49528 451
49556 451
49588 451
49620 451
49648 451
49680 449
49712 449
49748 449
49776 449
49808 449
49840 449
49868 449
49900 448
49932 451
49960 448
49992 448
50020 448
50052 448
50084 448
50112 448
50144 448
50176 448
50204 448
50236 448
50264 448
50296 448
50328 448
50356 448
50388 448
50420 448
50448 448
50480 448
50508 448
50540 448
50572 448
50600 448
50632 448
50664 448
50692 448
50724 448
50760 448
50792 448
50820 448
50852 448
50880 448
50912 448
50944 448
50972 448
51004 448
51036 448
51064 448
51096 448
51124 448
51156 448
51188 448
51216 448
51248 448
51280 448
51308 448
51340 448
51368 448
51400 448
51432 448
51460 448
51492 448
51524 448
51552 448
51584 448
51612 448
51644 448
51676 448
51704 448
51736 448
51772 448
51804 448
51832 448
51864 448
51896 448
51924 448
51956 448
51984 448
52016 448
52048 448
52076 448
52108 448
52140 448
52168 448
52200 448
52228 448
52260 448
52292 448
52320 448
52352 448
52384 448
52412 448
52444 448
52472 448
52504 448
52536 448
52564 448
52596 448
52628 448
52656 448
52688 448
52716 448
52748 448
52780 448
52816 448
52848 448
52876 448
52908 448
52936 448
52968 448
53000 448
53028 448
53060 448
53092 448
53120 448
53152 448
53180 448
53212 448
53244 448
53272 448
53304 448
53336 448
53364 448
53396 448
53424 448
53456 448
53488 448
53516 448
53548 448
53580 448
53608 448
53640 448
53668 448
53700 448
53732 448
53760 448
53792 448
53828 448
53860 448
53888 448
53920 448
53952 448
53980 448
54012 448
54040 448
54072 448
54104 448
54132 448
54164 448
54196 448
54224 448
54256 448
54284 448
54316 448
54348 448
54376 448
54408 448
54440 448
54468 448
54500 448
54528 448
54560 448
54592 448
54620 448
54652 448
54684 448
54712 448
54744 448
54772 448
54804 448
54840 448
54872 448
54900 448
54932 448
54964 448
54992 448
55028 448
55060 448
55092 448
55120 448
55152 448
55180 448
55212 448
55244 448
55272 448
55304 448
55336 448
55364 448
55396 448
55424 448
55456 448
55488 448
55516 448
55548 448
55580 448
55616 448
55644 448
55676 448
55708 448
55736 448
55768 448
55796 448
55828 448
55860 448
55888 448
55920 448
55952 448
55980 448
56012 448
56040 448
56072 448
56104 448
56132 448
56164 448
56196 448
56224 448
56256 448
56284 448
56316 448
56348 448
56376 448
56408 448
56440 448
56468 448
56500 448
56528 448
56560 448
56592 448
56628 448
56656 448
56688 448
56720 448
56748 448
56780 448
56812 448
56840 448
56872 448
56900 448
56932 448
56964 448
56992 448
57024 448
57056 448
57084 448
57116 448
57144 448
57176 448
57208 448
57236 448
57268 448
57300 448
57328 448
57360 448
57388 448
57420 448
57452 448
57480 448
57512 448
57544 448
57572 448
57604 448
57632 448
57672 448
57700 448
57732 448
57764 448
57792 448
57824 448
57852 448
57884 448
57916 448
57944 448
57976 448
58008 448
58036 448
58068 448
58096 448
58128 448
58160 448
58188 448
58220 448
58252 448
58280 448
58312 448
58340 448
58372 448
58404 448
58432 448
58464 448
58496 448
58524 448
58556 448
58584 448
58616 448
58648 448
58684 448
58712 448
58744 448
58776 448
58804 448
58836 448
58868 448
58896 448
58928 448
58956 448
58988 448
59020 448
59048 448
59080 448
59112 448
59140 448
59172 448
59200 448
59232 448
59264 448
59292 448
59324 448
59356 448
59384 448
59416 448
59444 448
59476 448
59508 448
59536 448
59568 448
59600 448
59628 448
59660 448
59688 448
59728 448
59756 448
59788 448
59816 448
59848 448
59880 448
59908 448
59940 448
59972 448
60000 448
60032 448
60060 448
60092 448
60124 448
60152 448
60184 448
60216 448
60244 448
60276 448
60304 448
60336 448
60368 448
60396 448
60428 448
60460 448
60488 448
60520 448
60548 448
60580 448
60612 448
60640 448
60672 448
60704 448
60740 448
60768 448
60800 448
60832 448
60860 448
60892 448
60924 448
60952 448
60984 448
61012 448
61044 448
61076 448
61104 448
61136 448
61168 448
61196 448
61228 448
61256 448
61288 448
61320 448
61348 448
61380 448
61412 448
61440 448
61472 448
61500 448
61532 448
61564 448
61592 448
61624 448
61656 448
61684 448
61716 448
61752 448
61784 448
61812 448
61844 448
61872 448
61904 448
61936 448
61964 448
61996 448
62028 448
62056 448
62088 448
62116 448
62148 448
62180 448
62208 448
62240 448
62272 448
62300 448
62332 448
62360 448
62392 448
62424 448
62452 448
62484 448
62516 448
62544 448
62576 448
62604 448
62636 448
62668 448
62696 448
62728 448
62760 448
62796 448
62824 448
62856 448
62896 448
62928 448
62956 448
62988 448
63020 448
63048 448
63080 448
63108 448
63140 448
63172 448
63200 448
63232 448
63264 448
63292 448
63328 448
63360 448
63392 448
63420 448
63452 448
63480 448
63512 448
63544 448
63572 448
63604 448
63636 448
63664 448
63696 448
63724 448
63756 448
63788 448
63816 448
63848 448
63880 448
63908 448
63940 448
63968 448
64000 448
64032 448
64060 448
64092 448
64124 448
64152 448
64184 448
64212 448
64244 448
64276 448
64304 448
64340 448
64372 448
64404 448
64432 448
64464 448
64496 448
64524 448
64556 448
64584 448
64616 448
64648 448
64676 448
64708 448
64740 448
64768 448
64800 448
64828 448
64860 448
64892 448
64920 448
64952 448
64984 448
65012 448
65044 448
65072 448
65104 448
65136 448
65164 448
65196 448
65228 448
65256 448
65288 448
65316 448
65356 448
65384 448
65416 448
65448 448
65476 448
65508 448
65536 448
65568 448
65600 448
65628 448
65660 448
65692 448
65720 448
65752 448
65780 448
65812 448
65844 448
65872 448
65904 448
65936 448
65964 448
65996 448
66024 448
66056 448
66088 448
66116 448
66148 448
66180 448
66208 448
66240 448
66268 448
66300 448
66332 448
66360 448
66396 448
66424 448
66456 448
66488 448
66516 448
66548 448
66580 448
66608 448
66640 448
66668 448
66700 448
66732 448
66760 448
66792 448
66824 448
66852 448
66884 448
66912 448
66944 448
66976 448
67004 448
67036 448
67068 448
67096 448
67128 448
67156 448
67188 448
67220 448
67248 448
67280 448
67312 448
67340 448
67372 448
67408 448
67440 448
67468 448
67500 448
67528 448
67560 448
67592 448
67620 448
67652 448
67684 448
67712 448
67744 448
67772 448
67804 448
67836 448
67864 448
67896 448
67928 448
67956 448
67988 448
68016 448
68048 448
68080 448
68108 448
68140 448
68172 448
68200 448
68232 448
68260 448
68292 448
68324 448
68352 448
68384 448
68416 448
68452 448
68480 448
68512 448
68544 448
68572 448
68604 448
68636 448
68664 448
68696 448
68724 448
68756 448
68788 448
68816 448
68848 448
68880 448
68908 448
68940 448
68968 448
69000 448
69032 448
69060 448
69092 448
69124 448
69152 448
69184 448
69212 448
69244 448
69276 448
69304 448
69336 448
69368 448
69396 448
69428 448
69464 448
69496 448
69524 448
69556 448
69584 448
69616 448
69648 448
69676 448
69708 448
69740 448
69768 448
69800 448
69828 448
69860 448
69892 448
69920 448
69952 448
69984 448
70012 448
70044 448
70072 448
70104 448
70136 448
70164 448
70196 448
70228 448
70256 448
70288 448
70316 448
70348 448
70380 448
70408 448
70440 448
70476 448
70508 448
70536 448
70568 448
70600 448
70628 448
70660 448
70688 448
70720 448
70760 448
70792 448
70820 448
70852 448
70880 448
70912 448
70944 448
70972 448
71004 448
71036 448
71064 448
71096 448
71124 448
71156 448
71188 448
71216 448
71248 448
71280 448
71308 448
71340 448
71368 448
71400 448
71432 448
71460 448
71492 448
71524 448
71552 448
71584 448
71612 448
71644 448
71676 448
71712 448
71740 448
71772 448
71804 448
71832 448
71864 448
71896 448
71924 448
71956 448
71984 448
72016 448
72048 448
72076 448
72108 448
72140 448
72168 448
72200 448
72228 448
72260 448
72292 448
72320 448
72352 448
72384 448
72412 448
72444 448
72472 448
72504 448
72536 448
72564 448
72596 448
72628 448
72656 448
72688 448
72724 448
72756 448
72784 448
72816 448
72848 448
72876 448
72908 448
72936 448
72968 448
73000 448
73028 448
73060 448
73092 448
73120 448
73152 448
73180 448
73212 448
73244 448
73272 448
73304 448
73336 448
73364 448
73396 448
73424 448
73456 448
73488 448
73516 448
73548 448
73580 448
73608 448
73640 448
73668 448
73700 448
73732 448
73768 448
73796 448
73828 448
73860 448
73888 448
73920 448
73952 448
73980 448
74012 448
74040 448
74072 448
74104 448
74132 448
74164 448
74196 448
74224 448
74256 448
74284 448
74316 448
74348 448
74376 448
74408 448
74440 448
74468 448
74500 448
74528 448
74560 448
74592 448
74620 448
74652 448
74684 448
74712 448
74744 448
74780 448
74812 448
74840 448
74872 448
74900 448
74932 448
74964 448
74992 448
75024 448
75056 448
75084 448
75116 448
75144 448
75176 448
75208 448
75236 448
75268 448
75300 448
75328 448
75360 448
75388 448
75420 448
75452 448
75480 448
75512 448
75544 448
75572 448
75604 448
75632 448
75664 448
75696 448
75724 448
75756 448
75788 448
75824 448
75852 448
75884 448
75916 448
75944 448
75976 448
76008 448
76036 448
76068 448
76096 448
76128 448
76160 448
76188 448
76220 448
76252 448
76280 448
76312 448
76340 448
76372 448
76404 448
76432 448
76464 448
76496 448
76524 448
76556 448
76584 448
76616 448
76648 448
76676 448
76708 448
76740 448
76768 448
76800 448
76836 448
76868 448
76896 448
76928 448
76956 448
76988 448
77020 448
77048 448
77080 448
77112 448
77140 448
77172 448
77200 448
77232 448
77264 448
77292 448
77324 448
77356 448
77384 448
77416 448
77444 448
77476 448
77508 448
77536 448
77568 448
77600 448
77628 448
77660 448
77688 448
77720 448
77752 448
77780 448
77812 448
77848 448
77880 448
77908 448
77940 448
77972 448
78000 448
78032 448
78060 448
78092 448
78124 448
78152 448
78184 448
78216 448
78244 448
78276 448
78304 448
78336 448
78368 448
78396 448
78428 448
78460 448
78488 448
78520 448
78548 448
78580 448
78616 448
78644 448
78676 448
78704 448
78736 448
78768 448
78796 448
78832 448
78860 448
78892 448
78924 448
78952 448
78984 448
79016 448
79044 448
79076 448
79104 448
79136 448
79168 448
79196 448
79228 448
79260 448
79288 448
79320 448
79348 448
79380 448
79412 448
79440 448
79472 448
79504 448
79532 448
79564 448
79592 448
79624 448
79656 448
79684 448
79716 448
79748 448
79776 448
79808 448
79844 448
79876 448
79904 448
79936 448
79964 448
79996 448
80028 448
80056 448
80088 448
80120 448
80148 448
80180 448
80208 448
80240 448
80272 448
80300 448
80332 448
80364 448
80392 448
80424 448
80452 448
80484 448
80516 448
80544 448
80576 448
80608 448
80636 448
80668 448
80696 448
80728 448
80760 448
80788 448
80820 448
80852 448
80888 448
80916 448
80948 448
80980 448
81008 448
81040 448
81072 448
81100 448
81132 448
81160 448
81192 448
81224 448
81252 448
81284 448
81316 448
81344 448
81376 448
81404 448
81436 448
81468 448
81496 448
81528 448
81560 448
81588 448
81620 448
81648 448
81680 448
81712 448
81740 448
81772 448
81804 448
81832 448
81864 448
81900 448
81932 448
81960 448
81992 448
82020 448
82052 448
82084 448
82112 448
82144 448
82176 448
82204 448
82236 448
82264 448
82296 448
82328 448
82356 448
82388 448
82420 448
82448 448
82480 448
82508 448
82540 448
82572 448
82600 448
82632 448
82664 448
82692 448
82724 448
82752 448
82784 448
82816 448
82844 448
82876 448
82912 448
82944 448
82972 448
83004 448
83036 448
83064 448
83096 448
83124 448
83156 448
83188 448
83216 448
83248 448
83280 448
83308 448
83340 448
83368 448
83400 448
83432 448
83460 448
83492 448
83524 448
83552 448
83584 448
83612 448
83644 448
83676 448
83704 448
83736 448
83768 448
83796 448
83828 448
83856 448
83888 448
83920 448
83956 448
83988 448
84016 448
84048 448
84076 448
84108 448
84140 448
84168 448
84200 448
84232 448
84260 448
84292 448
84320 448
84352 448
84384 448
84412 448
84444 448
84476 448
84504 448
84536 448
84564 448
84596 448
84628 448
84656 448
84688 448
84720 448
84748 448
84780 448
84808 448
84840 448
84872 448
84900 448
84932 448
84968 448
85000 448
85028 448
85060 448
85092 448
85120 448
85152 448
85180 448
85212 448
85244 448
85272 448
85304 448
85336 448
85364 448
85396 448
85424 448
85456 448
85488 448
85516 448
85548 448
85580 448
85608 448
85640 448
85668 448
85700 448
85732 448
85760 448
85792 448
85824 448
85852 448
85884 448
85912 448
85944 448
85980 448
86012 448
86040 448
86072 448
86104 448
86132 448
86164 448
86196 448
86224 448
86256 448
86284 448
86316 448
86348 448
86376 448
86408 448
86440 448
86476 448
86504 448
86536 448
86568 448
86596 448
86628 448
86664 448
86696 448
86724 448
86756 448
86788 448
86816 448
86848 448
86876 448
86908 448
86940 448
86968 448
87000 448
87032 448
87060 448
87092 448
87120 448
87152 448
87184 448
87212 448
87244 448
87276 448
87304 448
87336 448
87364 448
87396 448
87428 448
87456 448
87488 448
87520 448
87548 448
87580 448
87608 448
87640 448
87676 448
87708 448
87736 448
87768 448
87800 448
87828 448
87860 448
87892 448
87920 448
87952 448
87980 448
88012 448
88044 448
88072 448
88104 448
88136 448
88164 448
88196 448
88224 448
88256 448
88288 448
88316 448
88348 448
88380 448
88408 448
88440 448
88468 448
88500 448
88532 448
88560 448
88592 448
88624 448
88652 448
88684 448
88720 448
88748 448
88780 448
88812 448
88840 448
88872 448
88904 448
88932 448
88964 448
88992 448
89024 448
89056 448
89084 448
89116 448
89148 448
89176 448
89208 448
89236 448
89268 448
89300 448
89328 448
89360 448
89392 448
89420 448
89452 448
89480 448
89512 448
89544 448
89572 448
89604 448
89636 448
89664 448
89696 448
89732 448
89764 448
89792 448
89824 448
89852 448
89884 448
89916 448
89944 448
89976 448
90008 448
90036 448
90068 448
90096 448
90128 448
90160 448
90188 448
90220 448
90252 448
90280 448
90312 448
90340 448
90372 448
90404 448
90432 448
90464 448
90496 448
90524 448
90556 448
90584 448
90616 448
90648 448
90676 448
90708 448
90740 448
90776 448
90804 448
90836 448
90868 448
90896 448
90928 448
90960 448
90988 448
91020 448
91048 448
91080 448
91112 448
91140 448
91172 448
91204 448
91232 448
91264 448
91292 448
91324 448
91356 448
91384 448
91416 448
91448 448
91476 448
91508 448
91536 448
91568 448
91600 448
91628 448
91660 448
91692 448
91720 448
91752 448
91788 448
91820 448
91848 448
91880 448
91908 448
91940 448
91972 448
92000 448
92032 448
92064 448
92092 448
92124 448
92152 448
92184 448
92216 448
92244 448
92276 448
92308 448
92336 448
92368 448
92396 448
92428 448
92460 448
92488 448
92520 448
92552 448
92580 448
92612 448
92640 448
92672 448
92704 448
92732 448
92764 448
92800 448
92832 448
92860 448
92892 448
92924 448
92952 448
92984 448
93012 448
93044 448
93076 448
93104 448
93136 448
93168 448
93196 448
93228 448
93256 448
93288 448
93320 448
93348 448
93380 448
93412 448
93440 448
93472 448
93500 448
93532 448
93564 448
93592 448
93624 448
93656 448
93684 448
93716 448
93744 448
93776 448
93808 448
93844 448
93876 448
93904 448
93936 448
93964 448
93996 448
94028 448
94056 448
94088 448
94120 448
94148 448
94180 448
94208 448
94240 448
94272 448
94300 448
94332 448
94364 448
94392 448
94424 448
94456 448
94484 448
94516 448
94544 448
94576 448
94612 448
94640 448
94672 448
94704 448
94732 448
94764 448
94796 448
94824 448
94856 448
94884 448
94916 448
94948 448
94976 448
95008 448
95040 448
95068 448
95100 448
95128 448
95160 448
95192 448
95220 448
95252 448
95284 448
95312 448
95344 448
95372 448
95404 448
95436 448
95464 448
95496 448
95528 448
95556 448
95588 448
95624 448
95656 448
95684 448
95716 448
95744 448
95776 448
95808 448
95836 448
95868 448
95900 448
95928 448
95960 448
95988 448
96020 448
96052 448
96080 448
96112 448
96144 432
96172 412
96204 391
96232 384
96264 368
96296 352
96324 319
96356 316
96388 291
96416 284
96448 255
96476 254
96508 248
96540 225
96568 224
96600 206
96632 192
96668 192
96700 192
96728 176
96760 163
96788 159
96820 158
96852 156
96880 152
96912 152
96944 152
96972 152
97004 156
97032 158
97064 159
97096 159
97124 176
97156 192
97188 192
97216 192
97248 199
97276 224
97308 224
97340 240
97368 248
97400 255
97432 270
97460 286
97492 295
97520 316
97552 319
97584 352
97612 368
97644 384
97680 390
97712 408
97740 419
97772 448
97804 451
97832 480
97864 496
97892 504
97924 513
97956 527
97984 543
98016 560
98048 572
98076 575
98108 591
98136 608
98168 624
98200 632
98228 636
98260 639
98292 639
98320 655
98352 664
98380 670
98412 671
98444 671
98472 671
98504 671
98536 671
98564 671
98596 671
98624 671
98656 671
98692 668
98724 655
98752 654
98784 639
98816 639
98844 636
98876 624
98908 609
98936 608
98968 591
98996 575
99028 572
99060 560
99088 543
99120 527
99152 515
99180 504
99212 496
99240 480
99272 455
99304 448
99332 432
99364 415
99396 399
99424 384
99456 384
99484 368
99516 352
99548 327
99576 319
99608 312
99640 287
99668 284
99700 263
99736 255
99768 252
99796 248
99828 240
99860 224
99888 224
99920 224
99948 206
99980 199
100012 195
100040 193
100072 192
100104 192
100132 192
100164 192
100192 192
100224 193
100256 198
100284 199
100316 207
100348 224
100376 224
100408 224
100436 240
100468 248
100500 252
100528 255
100560 268
100592 280
100620 287
100652 304
100680 316
100712 319
100748 352
100780 353
100808 384
100840 384
100872 391
100900 408
100932 415
100964 448
100992 448
101024 455
101052 480
101084 496
101116 504
101144 511
101176 519
101208 536
101236 543
101268 560
101296 568
101328 575
101360 583
101388 591
101420 608
101452 608
101480 624
101512 624
101540 632
101572 632
101604 636
101632 638
101664 638
101696 639
101724 639
101760 639
101792 638
101824 638
101852 636
101884 632
101912 632
101944 624
101976 624
102004 608
102036 608
102068 591
102096 583
102128 575
102156 572
102184 574
102216 568
102248 551
102276 543
102308 529
102340 519
102368 510
102400 504
102428 496
102460 480
102492 460
102520 448
102552 448
102584 423
102612 414
102644 399
102672 384
102712 384
102740 384
102772 352
102800 352
102832 327
102864 319
102892 312
102924 304
102956 287
102984 286
103016 271
103044 255
103076 255
103108 255
103136 252
103168 248
103200 248
103228 240
103260 240
103288 240
103320 240
103352 240
103380 225
103412 225
103444 240
103472 240
103504 240
103532 240
103564 248
103596 252
103624 254
103656 255
103688 255
103724 271
103752 284
103784 287
103816 295
103844 312
103876 318
103904 319
103936 335
103968 352
103996 353
104028 384
104060 384
104088 387
104120 399
104148 414
104180 419
104212 448
104240 448
104272 455
104304 480
104332 480
104364 496
104392 504
104424 510
104456 515
104484 527
104516 536
104548 543
104576 551
104608 560
104636 572
104668 574
104700 575
104736 583
104768 588
104796 591
104828 608
104856 608
104888 608
104920 608
104948 608
104980 608
105012 608
105040 608
105072 608
105100 608
105132 608
105164 591
105192 583
105224 575
105256 575
105284 574
105316 568
105344 560
105376 547
105408 543
105436 536
105468 526
105500 515
105528 510
105560 504
105588 496
105620 480
105652 480
105680 455
105712 448
105744 448
105780 423
105808 415
105840 401
105872 391
105900 384
105932 384
105960 384
105992 368
106024 352
106052 335
106084 327
106116 319
106144 316
106176 312
106204 304
106236 287
106268 287
106296 284
106328 280
106360 271
106388 270
106420 263
106448 255
106480 255
106512 255
106540 255
106572 255
106604 255
106632 255
106664 255
106692 255
106724 255
106756 270
106792 271
106820 280
106852 286
106884 287
106912 295
106944 312
106976 312
107004 318
107036 319
107064 327
107096 352
107128 352
107156 353
107188 384
107220 384
107248 384
107280 391
107308 399
107340 414
107372 415
107400 448
107432 448
107464 448
107492 455
107524 480
107552 480
107584 496
107616 496
107644 508
107676 511
107708 515
107736 524
107768 527
107804 542
107836 543
107864 547
107896 560
107928 560
107956 568
107988 572
108016 572
108048 575
108080 575
108108 575
108140 575
108172 575
108200 575
108232 575
108260 575
108292 574
108324 572
108352 572
108384 568
108416 560
108444 560
108476 547
108504 543
108536 540
108568 529
108596 526
108628 515
108660 512
108688 508
108720 504
108748 496
108780 480
108812 480
108848 462
108876 451
108908 448
108940 448
108968 432
109000 415
109032 412
109060 399
109092 391
109120 384
109152 384
109184 384
109212 384
109244 352
109276 352
109304 352
109336 332
109364 319
109396 319
109428 318
109456 316
109488 312
109520 304
109548 304
109580 291
109608 287
109640 287
109672 287
109700 287
109732 287
109764 286
109792 287
109824 287
109860 287
109892 287
109920 287
109952 291
109980 295
110012 304
110044 352
110076 352
110108 368
110136 384
110168 384
110196 384
110228 384
110260 384
110288 391
110320 398
110352 403
110380 414
110412 415
110440 423
110472 448
110504 448
110532 448
110564 448
110596 455
110624 460
110656 480
110684 480
110716 480
110748 481
110776 496
110808 496
110840 504
110868 504
110900 508
110928 511
110960 512
110992 513
111020 515
111052 519
111088 519
111120 519
111148 524
111180 524
111212 526
111240 527
111272 524
111300 524
111332 519
111364 519
111392 519
111424 515
111456 513
111484 512
111516 510
111544 508
111576 508
111608 504
111636 496
111668 496
111700 496
111728 480
111760 480
111788 480
111820 480
111852 455
111880 451
111912 448
111944 448
111972 448
112004 448
112032 423
112064 415
112100 414
112132 408
112164 399
112192 391
112224 387
112252 384
112284 384
112316 384
112344 384
112376 384
112408 384
112436 368
112468 352
112496 352
112528 352
112560 352
112588 352
112620 352
112652 352
112680 335
112712 335
112740 334
112772 334
112804 332
112832 332
112864 332
112896 334
112924 335
112956 335
112984 352
113016 352
113048 352
113076 352
113112 352
113144 352
113176 352
113204 368
113236 384
113268 384
113296 384
113328 384
113356 384
113388 384
113420 385
113448 391
113480 398
113512 399
113540 408
113572 415
113600 415
113632 423
113664 432
113692 448
113724 448
113756 448
113784 448
113816 451
113844 455
113876 463
113908 480
113936 480
113968 480
114000 480
114028 481
114060 496
114088 496
114120 496
114156 504
114184 504
114216 504
114248 508
114276 508
114308 508
114340 508
114368 508
114400 510
114428 510
114460 508
114492 508
114520 508
114552 508
114584 508
114612 504
114644 504
114672 504
114704 496
114736 496
114764 496
114796 496
114828 480
114856 480
114888 480
114916 480
114948 480
114980 463
115008 455
115040 451
115072 448
115100 448
115132 448
115168 448
115200 448
115228 432
115260 419
115288 415
115320 414
115352 408
115380 399
115412 399
115444 391
115472 387
115504 385
115532 384
115564 384
115596 384
115624 384
115656 384
115688 384
115716 384
115748 384
115776 368
115808 368
115840 353
115868 352
115900 352
115932 352
115960 352
115992 352
116020 352
116052 352
116084 352
116112 352
116144 352
116176 352
116212 353
116240 368
116272 368
116304 384
116332 384
116364 384
116396 384
116424 384
116456 384
116484 384
116516 384
116548 384
116576 387
116608 391
116640 398
116668 399
116700 408
116728 412
116760 415
116792 415
116820 419
116852 432
116884 448
116912 448
116944 448
116972 448
117004 448
117036 448
117064 451
117096 455
117128 460
117156 480
117188 480
117224 480
117256 480
117284 480
117316 480
117344 480
117376 480
117408 496
117436 496
117468 496
117500 496
117528 496
117560 496
117588 496
117620 496
117652 496
117680 496
117712 496
117744 496
117772 496
117804 496
117832 481
117864 480
117904 508
117936 508
117964 504
117996 504
118024 496
118056 496
118088 496
118116 480
118148 480
118180 480
118208 480
118240 480
118268 460
118300 454
118332 448
118360 448
118392 448
118424 448
118452 448
118484 423
118512 415
118552 415
118580 412
118612 399
118644 399
118672 391
118704 387
118732 384
118764 384
118796 384
118824 384
118856 384
118888 384
118916 384
118948 368
118976 353
119008 352
119040 352
119068 352
119100 352
119132 352
119160 352
119192 352
119220 352
119252 352
119284 352
119312 352
119344 352
119376 352
119404 352
119436 352
119464 352
119496 352
119528 352
119556 352
119592 368
119624 368
119656 384
119684 384
119716 384
119748 384
119776 384
119808 384
119836 384
119868 387
119900 391
119928 399
119960 399
119992 412
120020 415
120052 415
120080 419
120112 448
120144 448
120172 448
120204 448
120236 448
120264 448
120296 451
120324 455
120356 463
120388 480
120416 480
120448 480
120480 480
120508 480
120540 481
120568 496
120608 496
120636 496
120668 496
120696 504
120728 504
120760 504
120788 504
120820 504
120852 504
120880 504
120912 504
120940 504
120972 504
121004 504
121032 504
121064 496
121096 496
121124 496
121156 496
121184 496
121216 481
121248 480
121276 480
121308 480
121340 480
121368 480
121400 463
121428 455
121460 455
121492 451
121520 448
121552 448
121584 448
121620 448
121648 448
121680 432
121712 419
121740 415
121772 414
121804 412
121832 403
121864 399
121892 396
121924 391
121956 387
121984 384
122016 384
122048 384
122076 384
122108 384
122136 384
122168 384
122200 384
122228 384
122260 384
122292 368
122320 368
122352 368
122380 368
122412 368
122444 352
122472 353
122504 353
122536 353
122564 368
122596 368
122624 368
122664 384
122692 384
122724 384
122756 384
122784 384
122816 384
122844 384
122876 384
122908 384
122936 384
122968 384
123000 385
123028 391
123060 391
123088 399
123120 399
123152 408
123180 412
123212 415
123244 415
123272 419
123304 432
123332 448
123364 448
123396 448
123424 448
123456 448
123488 448
123516 451
123548 455
123576 455
123608 463
123640 480
123676 480
123708 480
123736 480
123768 480
123796 481
123828 480
123860 480
123888 481
123920 483
123952 496
123980 496
124012 496
124040 496
124072 496
124104 496
124132 496
124164 496
124196 496
124224 496
124256 481
124284 480
124316 480
124348 480
124376 480
124408 480
124440 480
124468 480
124500 480
124528 463
124560 460
124592 455
124620 451
124652 449
124688 448
124720 448
124748 448
124780 448
124812 448
124840 448
124872 432
124900 419
124932 415
124964 415
124992 414
125024 412
125056 403
125084 399
125116 399
125144 391
125176 391
125208 387
125236 384
125268 384
125300 384
125328 384
125360 384
125388 384
125420 384
125452 384
125480 384
125512 384
125544 384
125572 384
125604 384
125632 384
125664 384
125696 384
125732 384
125772 384
125800 384
125832 384
125864 384
125892 384
125924 384
125952 384
125984 384
126016 384
126044 384
126076 384
126108 384
126136 384
126168 384
126196 384
126236 384
126264 385
126296 387
126324 391
126356 391
126388 399
126416 399
126448 408
126480 408
126508 414
126540 415
126568 415
126600 415
126632 423
126660 432
126692 448
126724 448
126752 448
126784 448
126812 448
126844 448
126876 448
126904 449
126936 451
126968 455
126996 455
127028 462
127056 463
127088 480
127120 480
127148 480
127180 480
127212 480
127240 480
127276 480
127308 480
127340 480
127368 480
127400 480
127432 480
127460 480
127492 480
127520 480
127552 480
127584 480
127612 480
127644 480
127676 480
127704 480
127736 480
127764 463
127796 463
127828 455
127856 455
127888 455
127920 451
127948 448
127980 448
128008 448
128040 448
128072 448
128100 448
128132 448
128164 448
128192 432
128224 419
128252 415
128292 415
128320 415
128352 414
128380 412
128412 408
128444 399
128472 399
128504 398
128536 391
128564 391
128596 391
128624 387
128656 385
128688 384
128716 384
128748 384
128780 384
128808 384
128840 384
128868 384
128900 384
128932 384
128960 384
128992 384
129024 384
129052 384
129084 384
129112 384
129144 384
129176 384
129204 384
129236 384
129268 384
129296 384
129332 384
129364 385
129396 387
129424 390
129456 391
129484 391
129516 398
129548 399
129576 399
129608 408
129640 412
129668 412
129700 415
129728 415
129760 415
129792 419
129820 423
129852 432
129884 448
129912 448
129944 448
129972 448
130004 448
130036 448
130064 448
130096 448
130128 448
130156 451
130188 451
130216 455
130248 455
130280 462
130308 462
130344 463
130376 463
130408 480
130436 480
130468 480
130500 480
130528 480
130560 480
130592 480
130620 480
130652 480
130680 480
130712 480
130744 480
130772 480
130804 480
130836 463
130864 463
130896 462
130924 460
130956 460
130988 455
131016 454
131048 451
131080 449
131108 448
131140 448
131168 448
131200 448
131232 448
131260 448
131292 448
131324 448
131360 448
131388 432
131420 423
131452 419
131480 415
131512 415
131540 415
131572 414
131604 412
131632 408
131664 403
131696 399
131724 399
131756 399
131784 398
131816 391
131848 391
131876 391
131908 387
131940 387
131968 385
132000 385
132028 384
132060 384
132092 384
132120 384
132152 384
132184 384
132212 384
132244 384
132272 384
132304 384
132336 384
132364 384
132400 385
132428 385
132460 385
132492 387
132520 390
132552 391
132580 391
132612 391
132644 398
132672 399
132704 399
132736 399
132764 408
132796 408
132824 412
132856 414
132888 415
132916 415
132948 415
132980 419
133008 423
133040 432
133068 432
133100 448
133132 448
133160 448
133192 448
133224 448
133252 448
133284 448
133312 448
133344 448
133376 448
133412 449
133440 449
133472 451
133504 451
133532 455
133564 455
133596 455
133632 455
133664 455
133692 455
133724 455
133756 455
133784 455
133816 455
133848 455
133876 455
133908 455
133936 455
133968 455
134000 455
134028 451
134060 451
134092 449
134120 451
134152 448
134180 448
134212 448
134244 448
134272 448
134304 448
134336 448
134364 448
134396 448
134432 448
134460 448
134492 448
134524 432
134552 432
134584 423
134612 419
134644 415
134676 415
134704 415
134736 415
134768 415
134796 414
134828 412
134856 412
134888 408
134920 408
134948 408
134980 399
135012 399
135040 399
135072 399
135100 398
135132 396
135164 396
135192 391
135224 391
135256 391
135284 391
135316 391
135344 391
135376 391
135408 391
135444 391
135476 391
135504 391
135536 391
135564 391
135596 396
135628 396
135656 399
135688 399
135720 399
135748 399
135780 399
135808 401
135840 408
135872 408
135900 412
135932 412
135964 414
135992 415
136024 415
136052 415
136084 415
136116 415
136144 419
136176 419
136208 423
136236 432
136268 432
136296 448
136328 448
136360 448
136388 448
136420 448
136452 448
136488 448
136516 448
136548 448
136580 448
136608 448
136640 448
136672 448
136700 448
136732 448
136760 448
136792 448
136824 449
136852 451
136884 449
136916 451
136944 451
136976 449
137004 451
137036 449
137068 449
137096 449
137128 449
137160 449
137188 448
137220 448
137248 448
137280 448
137312 448
137340 448
137372 448
137404 448
137432 448
137464 448
137500 448
137532 448
137560 448
137592 448
137624 448
137652 448
137684 448
137712 432
137744 432
137776 423
137804 423
137836 419
137868 415
137896 415
137928 415
137956 415
137988 415
138020 414
138048 414
138080 412
138112 412
138140 408
138172 408
138200 408
138232 401
138264 399
138292 399
138324 399
138356 399
138384 399
138416 399
138444 399
138476 399
138512 399
138544 399
138572 399
138604 398
138636 399
138664 399
138696 399
138728 399
138756 399
138788 399
138816 399
138848 399
138880 399
138908 399
138940 403
138972 408
139000 408
139032 408
139060 412
139092 412
139124 414
139152 414
139184 415
139216 415
139244 415
139276 415
139304 415
139336 419
139368 419
139396 423
139428 423
139460 432
139488 432
139520 448
139556 448
139588 448
139616 448
139648 448
139676 448
139708 448
139740 448
139768 448
139800 448
139832 448
139860 448
139892 448
139920 448
139952 448
139984 448
140012 448
140044 448
140076 448
140104 448
140136 448
140164 448
140196 448
140228 448
140256 448
140288 448
140320 448
140348 448
140380 448
140408 448
140440 448
140472 448
140500 448
140532 448
140568 448
140600 448
140628 448
140660 448
140692 448
140720 448
140752 448
140784 448
140812 448
140844 448
140872 448
140904 432
140936 432
140964 432
140996 423
141028 423
141056 419
141088 415
141116 415
141148 415
141180 415
141208 415
141240 415
141272 415
141300 414
141332 414
141360 412
141392 412
141424 412
141452 408
141492 399
141520 399
141552 399
141580 399
141612 399
141644 399
141672 399
141704 399
141736 399
141764 399
141800 399
141832 399
141864 399
141892 399
141924 399
141956 399
141984 401
142016 399
142044 403
142076 408
142108 408
142136 408
142168 412
142200 412
142228 414
142260 414
142288 415
142320 415
142352 415
142380 415
142412 423
142444 415
142472 419
142504 423
142532 432
142564 432
142596 432
142624 448
142656 448
142688 448
142716 448
142748 448
142776 448
142816 448
142844 448
142876 448
142904 448
142936 448
142968 448
142996 448
143028 448
143060 448
143088 448
143120 448
143148 448
143180 448
143212 448
143240 448
143272 448
143304 448
143332 448
143364 448
143392 448
143424 448
143456 448
143484 448
143516 448
143548 448
143576 448
143608 448
143636 448
143668 448
143700 448
143728 460
143760 480
143792 480
143820 481
143856 496
143888 496
143920 504
143948 504
143980 508
144008 508
144040 510
144072 510
144100 510
144132 510
144164 510
144192 510
144224 510
144252 508
144284 508
144316 508
144344 508
144376 504
144408 504
144436 504
144468 504
144496 496
144528 496
144560 496
144588 496
144620 496
144652 496
144680 483
144712 480
144740 480
144772 480
144804 480
144832 480
144868 480
144900 480
144932 480
144960 480
144992 480
145024 480
145052 480
145084 480
145116 480
145144 480
145176 480
145204 463
145236 463
145268 462
145296 460
145328 460
145360 460
145388 455
145420 455
145448 455
145480 455
145512 455
145540 455
145572 455
145604 455
145632 455
145664 454
145692 455
145724 451
145756 451
145784 451
145816 451
145848 451
145876 451
145912 449
145944 451
145976 449
146004 449
146036 449
146064 449
146096 448
146128 448
146156 448
146188 448
146220 448
146248 448
146280 448
146308 448
146340 448
146372 448
146400 448
146432 448
146464 448
146492 448
146524 448
146552 448
146584 448
146616 448
146644 448
146676 448
146708 448
146736 448
146768 448
146796 448
146828 448
146860 448
146888 448
146924 448
146956 448
146988 448
147016 448
147048 448
147080 448
147108 448
147140 448
147168 448
147200 448
147232 448
147260 448
147292 448
147324 448
147352 448
147384 448
147412 448
147444 448
147476 448
147504 448
147536 448
147568 448
147596 448
147628 448
147656 448
147688 448
147720 448
147748 448
147780 448
147812 448
147840 448
147872 448
147900 448
147940 448
147968 448
148000 448
148032 448
148060 448
148092 448
148120 448
148152 448
148184 448
148212 448
148244 448
148276 448
148304 448
148336 448
148364 448
148396 448
148428 448
148456 448
148488 448
148520 448
148548 448
148580 448
148608 448
148640 448
148672 448
148700 448
148732 448
148764 448
148792 448
148824 448
148852 448
148884 448
148916 448
148944 448
148980 448
149008 448
149040 448
149072 448
149100 448
149132 448
149160 448
149192 448
149224 448
149252 448
149284 448
149316 448
149352 448
149380 448
149412 448
149444 448
149472 448
149504 448
149540 448
149572 448
149600 448
149632 448
149664 448
149692 448
149724 448
149752 448
149784 448
149816 448
149844 448
149876 448
149908 448
149936 448
149968 448
149996 448
150028 448
150060 448
150088 448
150120 448
150152 448
150180 448
150212 448
150240 448
150272 448
150304 448
150332 448
150364 448
150396 448
150424 448
150456 448
150484 448
150516 448
150548 448
150584 448
150612 448
150644 448
150676 448
150704 448
150736 448
150768 448
150796 448
150828 448
150856 448
150888 448
150920 448
150948 448
150980 448
151012 448
151040 448
151072 448
151100 448
151132 448
151164 448
151192 448
151224 448
151256 448
151284 448
151316 448
151344 448
151376 448
151408 448
151436 448
151468 448
151500 448
151528 448
151560 448
151596 448
151628 448
151656 448
151688 448
151716 448
151748 448
151780 448
151808 448
151840 448
151872 448
151900 448
151932 448
151960 448
151992 448
152024 448
152052 448
152084 448
152116 448
152144 448
152176 448
152204 448
152236 448
152268 448
152296 448
152328 448
152360 448
152388 448
152420 448
152448 448
152480 448
152512 448
152540 448
152572 448
152608 448
152640 448
152668 448
152700 448
152732 448
152760 448
152792 448
152824 448
152852 448
152884 448
152912 448
152944 448
152976 448
153004 448
153036 448
153068 448
153096 448
153128 448
153156 448
153188 448
153220 448
153248 448
153280 448
153312 448
153340 448
153372 448
153400 448
153432 448
153464 448
153492 448
153524 448
153556 448
153584 448
153616 448
153652 448
153680 448
153712 448
153744 448
153772 448
153804 448
153836 448
153864 448
153896 448
153924 448
153956 448
153988 448
154016 448
154048 448
154080 448
154108 448
154140 448
154168 448
154200 448
154232 448
154260 448
154292 448
154324 448
154352 448
154384 448
154412 448
154444 448
154476 448
154504 448
154536 448
154568 448
154596 448
154628 448
154664 448
154696 448
154724 448
154756 448
154784 448
154816 448
154848 448
154876 448
154908 448
154940 448
154968 448
155000 448
155028 448
155060 448
155092 448
155120 448
155152 448
155184 448
155212 448
155244 448
155272 448
155304 448
155336 448
155364 448
155396 448
155428 448
155456 448
155488 448
155516 448
155548 448
155580 448
155608 448
155640 448
155672 448
155708 448
155740 448
155768 448
155800 448
155828 448
155860 448
155892 448
155920 448
155952 448
155984 448
156012 448
156044 448
156072 448
156104 448
156136 448
156164 448
156196 448
156228 448
156256 448
156288 448
156316 448
156348 448
156380 448
156408 448
156440 448
156472 448
156500 448
156532 448
156560 448
156592 448
156624 448
156652 448
156684 448
156720 448
156752 448
156780 448
156812 448
156844 448
156872 448
156904 448
156932 448
156964 448
156996 448
157024 448
157056 448
157088 448
157116 448
157148 448
157176 448
