64 319
104 207
144 158
184 112
224 67
264 35
304 15
344 3
388 3
428 7
468 35
508 71
548 120
588 163
628 224
668 287
712 352
752 423
792 496
832 560
872 624
912 688
960 736
1000 768
1040 798
1080 824
1120 828
1160 824
1204 799
1244 775
1284 768
1324 704
1364 639
1404 588
1444 527
1484 462
1528 398
1568 334
1608 271
1648 224
1688 167
1728 126
1768 96
1808 63
1852 56
1892 56
1932 60
1976 71
2016 112
2056 142
2100 192
2140 240
2180 287
2220 352
2260 414
2300 480
2340 531
2380 583
2424 639
2464 688
2504 736
2544 768
2584 768
2624 775
2664 775
2704 768
2748 768
2788 718
2828 679
2868 639
2908 588
2948 536
2996 480
3036 414
3076 352
3116 304
3156 252
3196 199
3240 159
3280 127
3320 112
3360 96
3400 96
3440 96
3480 112
3520 127
3564 159
3604 195
3644 248
3684 287
3724 352
3764 391
3804 448
3844 508
3888 560
3928 608
3968 639
4012 688
4056 707
4096 736
4136 768
4176 768
4216 736
4256 711
4296 704
4336 659
4380 624
4420 575
4460 527
4500 480
4540 448
4580 384
4620 327
4660 286
4704 248
4744 199
4784 192
4824 152
4864 127
4904 127
4944 127
4984 135
5032 159
5072 192
5112 224
5156 255
5196 304
5236 352
5276 390
5316 448
5356 496
5396 536
5436 575
5480 624
5520 639
5560 671
5600 704
5640 704
5680 704
5720 704
5760 704
5804 670
5844 639
5884 608
5924 575
5964 529
6004 496
6052 448
6092 390
6132 352
6172 312
6212 255
6252 240
6296 206
6336 192
6376 176
6416 159
6456 159
6496 167
6536 192
6576 199
6620 240
6660 255
6700 304
6740 352
6780 384
6820 423
6860 480
6900 510
6944 543
6984 575
7024 609
7068 639
7112 655
7152 671
7192 671
7232 671
7272 664
7312 639
7352 624
7392 608
7436 568
7476 526
7516 496
7556 448
7596 412
7636 384
7676 327
7716 295
7760 255
7800 240
7840 224
7880 199
7920 192
7960 192
8000 192
8040 199
8084 224
8128 252
8168 271
8212 312
8252 352
8292 384
8332 415
8372 455
8412 496
8452 527
8492 560
8536 583
8576 608
8616 632
8656 639
8696 639
8736 639
8776 639
8816 632
8860 608
8900 583
8940 560
8980 526
9020 496
9060 455
9100 415
9144 384
9184 352
9228 318
9268 287
9308 255
9348 248
9388 225
9428 224
9468 224
9508 224
9552 224
9592 240
9632 255
9672 284
9712 312
9752 352
9792 384
9832 401
9876 448
9916 480
9956 508
9996 536
10036 568
10076 575
10116 608
10164 624
10204 624
10244 624
10284 624
10324 608
10368 591
10408 574
10456 540
10496 511
10536 480
10576 448
10616 415
10656 384
10696 352
10736 319
10780 304
10820 280
10860 255
10900 252
10940 248
10980 240
11020 248
11060 252
11104 255
11144 280
11184 304
11224 319
11264 352
11304 384
11344 414
11392 448
11432 480
11472 508
11512 527
11552 551
11596 574
11636 583
11676 608
11716 608
11756 608
11796 608
11836 583
11876 574
11920 551
11960 527
12000 510
12040 480
12080 451
12120 423
12160 391
12200 384
12244 352
12284 319
12324 304
12364 286
12412 263
12452 255
12492 255
12532 255
12572 263
12612 280
12652 287
12692 316
12736 332
12776 368
12816 384
12856 412
12896 448
12936 463
12976 496
13016 512
13060 536
13100 547
13140 568
13180 575
13220 575
13260 575
13300 575
13340 574
13384 560
13424 543
13468 519
13512 504
13552 480
13592 449
13632 432
13672 399
13712 384
13752 352
13792 327
13836 316
13876 304
13916 287
13956 284
13996 275
14036 275
14076 284
14116 287
14160 304
14200 319
14240 352
14280 368
14320 384
14360 408
14400 448
14440 451
14488 480
14528 504
14568 519
14608 536
14652 543
14692 560
14732 568
14772 568
14812 568
14852 560
14892 543
14932 527
14976 513
15016 504
15056 480
15096 451
15136 448
15176 412
15216 384
15256 384
15300 352
15340 327
15380 318
15420 312
15460 295
15508 287
15548 287
15588 295
15628 312
15668 318
15708 327
15748 352
15792 384
15832 384
15872 399
15912 432
15952 448
15992 480
16032 496
16072 508
16116 515
16156 527
16196 542
16236 543
16276 543
16316 543
16356 543
16396 536
16440 524
16480 511
16524 496
16568 480
16608 451
16648 448
16688 414
16728 391
16768 384
16808 368
16848 352
16892 327
16932 319
16972 316
17012 312
17052 312
17092 312
17132 316
17172 319
17216 335
17256 352
17296 384
17336 384
17376 399
17416 415
17456 448
17496 455
17544 480
17584 496
17624 510
17664 518
17708 527
17748 536
17788 536
17828 536
17868 527
17908 521
17948 512
17988 508
18032 496
18072 480
18112 451
18152 448
18192 415
18232 399
18272 384
18312 384
18356 352
18396 352
18436 327
18476 319
18516 319
18564 319
18604 319
18644 319
18684 332
18724 352
18764 353
18804 384
18848 384
18888 399
18928 415
18968 448
19008 451
19048 480
19088 481
19128 504
19172 510
19212 513
19252 519
19292 519
19332 524
19372 519
19412 513
19452 510
19496 504
19536 496
19580 480
19624 451
19664 448
19704 415
19744 408
19784 387
19824 384
19864 384
19904 352
19948 352
19988 335
20028 327
20068 327
20108 327
20148 335
20188 352
20228 352
20272 384
20312 384
20352 384
20392 399
20432 415
20472 448
20512 448
20552 460
20596 480
20640 496
20680 504
20724 508
20764 511
20804 512
20844 512
20892 512
20940 508
20980 504
21020 496
21060 480
21100 463
21140 448
21180 448
21220 415
21264 399
21304 387
21344 384
21384 384
21424 352
21464 352
21504 352
21544 335
21588 335
21628 335
21668 352
21708 352
21748 353
21788 384
21828 384
21868 387
21912 399
21956 415
21996 448
22036 448
22080 462
22120 480
22160 483
22200 496
22240 504
22280 508
22320 510
22360 510
22404 508
22444 504
22484 496
22524 480
22564 480
22604 462
22644 448
22684 448
22728 419
22768 412
22808 391
22848 384
22888 384
22928 384
22976 353
23016 352
23056 352
23096 352
23136 352
23176 352
23220 352
23260 384
23300 384
23340 384
23380 391
23420 403
23460 415
23500 448
23544 448
23584 455
23624 480
23664 480
23704 483
23744 496
23784 504
23824 504
23868 504
23908 504
23948 496
23996 496
24036 480
24076 480
24116 455
24156 448
24196 448
24236 423
24276 414
24320 399
24360 387
24400 384
24440 384
24480 384
24520 368
24560 353
24600 352
24644 352
24684 353
24724 384
24764 384
24804 384
24844 384
24884 391
24924 399
24968 415
25012 432
25052 448
25092 449
25136 460
25176 480
25216 480
25256 481
25296 496
25336 496
25376 496
25416 496
25460 496
25500 480
25540 480
25580 480
25620 455
25660 448
25700 448
25740 432
25784 415
25824 408
25864 391
25904 384
25944 384
25984 384
26032 384
26072 384
26112 368
26152 384
26192 384
26232 384
26276 384
26316 384
26356 384
26396 391
26436 399
26476 415
26516 423
26556 448
26600 448
26640 451
26680 463
26720 480
26760 480
26800 480
26840 481
26880 496
26924 496
26964 480
27004 480
27052 480
27092 480
27132 455
27172 448
27212 448
27252 432
27292 415
27332 412
27376 399
27416 387
27456 384
27496 384
27536 384
27576 384
27616 384
27656 384
27700 384
27740 384
27780 384
27820 384
27860 384
27900 391
27940 399
27980 414
28024 419
28068 448
28108 448
28148 448
28192 455
28232 480
28272 480
28312 480
28352 480
28392 480
28432 480
28472 480
28516 480
28556 480
28596 462
28636 454
28676 448
28716 448
28756 448
28796 415
28840 414
28880 399
28920 391
28960 387
29000 384
29040 384
29080 384
29124 384
29164 384
29204 384
29248 384
29288 384
29328 384
29368 387
29408 396
29448 403
29488 414
29528 419
29572 448
29612 448
29652 448
29692 451
29732 460
29772 480
29812 480
29852 480
29896 480
29936 480
29976 480
30016 480
30056 480
30096 462
30144 451
30184 448
30224 448
30264 448
30304 423
30344 415
30388 408
30428 399
30468 391
30508 385
30548 384
30588 384
30628 384
30668 384
30712 384
30752 384
30792 384
30832 384
30872 387
30912 396
30952 399
30992 414
31036 415
31076 432
31116 448
31160 448
31204 448
31244 455
31284 460
31332 455
31372 460
31412 463
31452 480
31492 480
31532 480
31576 463
31616 460
31656 455
31696 451
31736 448
31784 448
31824 448
31864 432
31904 423
31944 415
31984 412
32028 399
32068 398
32108 391
32148 387
32188 385
32228 384
32268 384
32308 384
32352 385
32392 387
32432 391
32472 398
32512 399
32552 412
32592 415
32632 419
32676 432
32716 448
32756 448
32800 448
32844 448
32884 451
32924 455
32964 455
33004 460
33044 460
33084 455
33124 455
33168 451
33208 448
33248 448
33288 448
33328 448
33368 448
33408 423
33448 415
33492 414
33532 408
33572 399
33612 398
33652 391
33692 390
33732 387
33772 387
33816 387
33860 391
33900 391
33940 391
33984 399
34024 403
34064 412
34104 415
34144 415
34184 432
34224 448
34264 448
34308 448
34348 448
34388 448
34428 449
34468 454
34508 455
34548 455
34588 455
34632 451
34672 449
34712 448
34752 448
34792 448
34832 448
34880 448
34920 423
34960 415
35000 415
35040 412
35084 408
35124 399
35164 398
35204 391
35244 391
35284 391
35324 391
35364 391
35408 391
35448 398
35488 399
35528 403
35568 412
35608 414
35648 415
35688 422
35732 432
35772 448
35812 448
35852 448
35900 448
35940 448
35980 448
36020 449
36060 449
36100 449
36140 451
36180 448
36224 448
36264 448
36304 448
36344 448
36384 448
36424 432
36464 419
36504 415
36548 415
36588 412
36628 408
36668 399
36708 399
36748 399
36788 396
36828 396
36872 396
36916 399
36956 399
36996 399
37040 408
37080 412
37120 415
37160 415
37200 419
37240 432
37280 448
37320 448
37364 448
37404 448
37444 448
37484 448
37524 448
37564 448
37604 448
37644 448
37688 448
37728 448
37768 448
37808 448
37848 448
37888 448
37936 432
37976 423
38016 415
38056 415
38096 414
38140 412
38180 408
38220 399
38260 399
38300 399
38340 399
38380 399
38420 399
38464 399
38504 399
38544 408
38584 412
38624 414
38664 415
38704 415
38744 423
38788 432
38828 448
38868 448
38908 448
38956 448
38996 448
39036 448
39076 448
39116 448
39156 448
39196 448
39236 448
39280 448
39320 448
39360 448
39400 448
39440 432
39480 432
39520 419
39560 415
39604 415
39644 414
39684 412
39724 412
39764 408
39804 399
39844 399
39884 399
39928 399
39972 399
40012 408
40052 408
40096 412
40136 414
40176 415
40216 415
40256 419
40296 432
40336 432
40376 448
40420 448
40460 448
40500 448
40540 448
40580 448
40620 448
40660 448
40700 448
40744 448
40784 448
40824 448
40864 448
40904 448
40944 448
40984 432
41032 423
41072 415
41112 415
41152 415
41196 415
41236 414
41276 412
41316 408
41356 408
41396 408
41436 408
41476 408
41520 412
41560 412
41600 414
41640 415
41680 415
41720 415
41768 448
41808 448
41848 448
41888 448
41928 448
41968 448
42008 448
42052 448
42092 448
42132 448
42172 448
42212 448
42252 448
42292 432
42336 423
42376 419
42416 415
42460 415
42500 415
42540 415
42580 414
42620 414
42660 414
42700 412
42740 412
42784 414
42824 414
42864 414
42904 415
42944 415
42984 415
43024 415
43064 415
43108 423
43148 432
43188 432
43228 448
43268 448
43308 448
43356 448
43396 448
43436 448
43476 448
43516 448
43556 448
43600 448
43640 448
43680 448
43720 448
43760 448
43800 432
43840 432
43880 423
43924 419
43964 415
44004 415
44044 415
44084 415
44124 415
44164 414
44204 414
44248 414
44288 414
44328 414
44372 415
44416 412
44456 415
44496 415
44536 415
44576 415
44616 423
44656 423
44696 432
44740 432
44780 448
44820 448
44860 448
44900 448
44940 448
44980 448
45020 448
45064 448
45104 448
45144 448
45184 448
45224 448
45264 448
45304 432
45344 432
45392 423
45432 419
45472 415
45516 415
45556 415
45596 415
45636 415
45676 415
45716 414
45756 414
45796 414
45840 414
45880 415
45920 415
45960 415
46000 415
46040 415
46080 419
46120 423
46164 423
46204 432
46244 432
46284 448
46324 448
46364 448
46412 448
46452 448
46492 448
46532 448
46572 448
46612 448
46656 448
46696 432
46736 448
46776 432
46816 432
46856 432
46896 419
46936 419
46980 415
47020 415
47060 415
47100 415
47140 415
47180 415
47220 414
47260 415
47304 414
47344 415
47384 415
47428 415
47472 415
47512 415
47552 455
47592 496
47632 510
47672 519
47712 524
47752 526
47796 524
47836 519
47876 515
47916 511
47956 508
47996 504
48036 496
48076 496
48120 481
48160 480
48200 480
48240 480
48280 480
48320 480
48360 480
48400 480
48444 463
48488 463
48528 460
48572 455
48612 455
48652 455
48692 455
48732 455
48772 454
48812 451
48852 451
48896 451
48936 449
48976 448
49016 449
49056 448
49096 448
49136 448
49176 449
49220 448
49260 448
49300 448
49340 448
49380 448
49420 448
49460 448
49504 448
49544 448
49588 448
49628 448
49668 448
49708 448
49748 448
49788 448
49828 448
49868 448
49912 448
49952 448
49992 448
50032 448
50072 448
50112 448
50152 448
50192 448
50236 448
50276 448
50316 448
50356 448
50396 448
50436 448
50476 448
50524 448
50564 448
50604 448
50644 448
50684 448
50728 448
50768 448
50808 448
50848 448
50888 448
50928 448
50968 448
51008 448
51052 448
51092 448
51132 448
51172 448
51212 448
51252 448
51292 448
51332 448
51376 448
51416 448
51456 448
51496 448
51544 448
51584 448
51624 448
51664 448
51704 448
51744 448
51784 448
51824 448
51868 448
51908 448
51948 448
51988 448
52028 448
52068 448
52108 448
52148 448
52200 448
52240 448
52280 448
52320 448
52360 448
52400 448
52440 448
52480 448
52524 448
52564 448
52604 448
52644 448
52684 448
52724 448
52764 448
52804 448
52848 448
52888 448
52928 448
52968 448
53008 448
53048 448
53088 448
53128 448
53172 448
53216 448
53256 448
53300 448
53340 448
53380 448
53420 448
53460 448
53500 448
53540 448
53580 448
53624 448
53664 448
53704 448
53744 448
53784 448
53824 448
53864 448
53904 448
53948 448
53988 448
54028 448
54068 448
54108 448
54148 448
54188 448
54228 448
54276 448
54316 448
54356 448
54396 448
54440 448
54480 448
54520 448
54560 448
54600 448
54640 448
54680 448
54720 448
54764 448
54804 448
54844 448
54884 448
54924 448
54964 448
55004 448
55044 448
55088 448
55128 448
55168 448
55208 448
55248 448
55292 448
55332 448
55376 448
55416 448
55456 448
55496 448
55536 448
55576 448
55616 448
55656 448
55700 448
55740 448
55780 448
55820 448
55860 448
55900 448
55940 448
55980 448
56024 448
56064 448
56104 448
56144 448
56184 448
56224 448
56264 448
56312 448
56352 448
56392 448
56432 448
56472 448
56516 448
56556 448
56596 448
56636 448
56676 448
56716 448
56756 448
56796 448
56840 448
56880 448
56920 448
56960 448
57000 448
57040 448
57080 448
57120 448
57164 448
57204 448
57244 448
57284 448
57332 448
57372 448
57412 448
57452 448
57492 448
57532 448
57572 448
57612 448
57656 448
57696 448
57736 448
57776 448
57816 448
57856 448
57896 448
57936 448
57980 448
58020 448
58060 448
58100 448
58140 448
58180 448
58220 448
58260 448
58304 448
58348 448
58388 448
58432 448
58472 448
58512 448
58552 448
58592 448
58632 448
58672 448
58712 448
58756 448
58796 448
58836 448
58876 448
58916 448
58956 448
58996 448
59036 448
59080 448
59120 448
59160 448
59200 448
59240 448
59280 448
59320 448
59368 448
59408 448
59448 448
59488 448
59528 448
59572 448
59612 448
59652 448
59692 448
59732 448
59772 448
59812 448
59852 448
59896 448
59936 448
59976 448
60016 448
60056 448
60096 448
60136 448
60176 448
60220 448
60260 448
60300 448
60340 448
60388 448
60428 448
60468 448
60508 448
60548 448
60588 448
60628 448
60668 448
60712 448
60752 448
60792 448
60832 448
60872 448
60912 448
60952 448
60992 448
61036 448
61076 448
61116 448
61156 448
61196 448
61236 448
61276 448
61316 448
61360 448
61404 448
61444 448
61488 448
61528 448
61568 448
61608 448
61648 448
61688 448
61728 448
61768 448
61812 448
61852 448
61892 448
61932 448
61972 448
62012 448
62052 448
62092 448
62136 448
62176 448
62216 448
62256 448
62296 448
62336 448
62376 448
62416 448
62460 448
62500 448
62544 448
62584 448
62632 448
62672 448
62712 448
62752 448
62792 448
62832 448
62880 448
62920 448
62960 448
63000 448
63044 448
63084 448
63124 448
63164 448
63204 448
63244 448
63284 448
63324 448
63368 448
63408 448
63448 448
63488 448
63528 448
63568 448
63608 448
63648 448
63692 448
63732 448
63772 448
63812 448
63852 448
63900 448
63940 448
63980 448
64020 448
64060 448
64104 448
64144 448
64184 448
64224 448
64264 448
64304 448
64344 448
64384 448
64428 448
64468 448
64508 448
64548 448
64588 448
64628 448
64668 448
64708 448
64752 448
64792 448
64832 448
64872 448
64920 448
64960 448
65000 448
65040 448
65080 448
65120 448
65160 448
65200 448
65244 448
65284 448
65324 448
65364 448
65404 448
65444 448
65484 448
65524 448
65568 432
65608 448
65648 448
65688 448
65728 448
65768 448
65808 448
65848 448
65892 448
65936 448
65976 448
66016 448
66060 448
66100 448
66140 448
66180 448
66220 448
66260 448
66300 448
66340 448
66384 448
66424 448
66464 448
66504 448
66544 448
66584 448
66624 448
66664 448
66708 448
66748 448
66788 448
66828 448
66868 448
66908 448
66948 448
66992 448
67032 448
67072 448
67116 448
67156 448
67196 448
67236 448
67276 448
67316 448
67356 448
67396 448
67440 448
67480 448
67520 448
67560 448
67600 448
67640 448
67680 448
67720 448
67764 448
67804 448
67844 448
67884 448
67924 448
67964 448
68012 448
68052 448
68092 448
68132 448
68172 448
68216 448
68256 448
68296 448
68336 448
68376 448
68416 448
68456 448
68496 448
68540 448
68580 448
68620 448
68660 448
68700 448
68740 448
68780 448
68820 448
68864 448
68904 448
68944 448
68984 448
69032 448
69072 448
69112 448
69152 448
69192 448
69232 448
69272 448
69312 448
69356 448
69396 448
69436 448
69476 448
69516 448
69556 448
69596 448
69636 448
69680 448
69720 448
69760 448
69800 448
69840 448
69880 448
69920 448
69960 448
70004 448
70048 448
70088 448
70128 448
70172 448
70212 448
70252 448
70292 448
70332 448
70372 448
70412 448
70452 448
70496 448
70536 448
70576 448
70616 448
70656 448
70696 448
70736 448
70776 448
70820 448
70860 448
70900 448
70940 448
70980 448
71020 448
71068 448
71108 448
71148 448
71188 448
71228 448
71272 448
71312 448
71352 448
71392 448
71432 448
71472 448
71512 448
71552 448
71596 448
71636 448
71676 448
71716 448
71756 448
71796 448
71836 448
71876 448
71920 448
71960 448
72000 448
72040 448
72088 448
72128 448
72168 448
72208 448
72248 448
72288 448
72328 448
72368 448
72412 448
72452 448
72492 448
72532 448
72572 448
72612 448
72652 448
72692 448
72736 448
72776 448
72816 448
72856 448
72896 448
72936 448
72976 448
73016 448
73056 448
73096 448
73140 448
73180 448
73220 448
73260 448
73300 448
73340 448
73380 448
73420 448
73464 448
73504 448
73544 448
73584 448
73624 448
73664 448
73704 448
73744 448
73788 448
73828 448
73868 448
73912 448
73956 448
73996 448
74036 448
74076 448
74116 448
74156 448
74196 448
74236 448
74280 448
74320 448
74360 448
74400 448
74440 448
74480 448
74520 448
74560 448
74604 448
74644 448
74684 448
74724 448
74764 448
74804 448
74844 448
74884 448
74932 448
74972 448
75012 448
75052 448
75096 448
75136 448
75176 448
75216 448
75256 448
75296 448
75336 448
75376 448
75420 448
75460 448
75500 448
75540 448
75580 448
75620 448
75660 448
75700 448
75744 448
75784 448
75824 448
75864 448
75904 448
75952 448
75992 448
76032 448
76072 448
76112 448
76152 448
76196 448
76236 448
76276 448
76316 448
76356 448
76396 448
76436 448
76476 448
76520 448
76560 448
76600 448
76640 448
76680 448
76720 448
76760 448
76800 448
76844 448
76884 448
76924 448
76968 448
77012 448
77052 448
77092 448
77132 448
77172 448
77212 448
77252 448
77292 448
77336 448
77376 448
77416 448
77456 448
77496 448
77536 448
77576 448
77616 448
77660 448
77700 448
77740 448
77780 448
77820 448
77860 448
77900 448
77940 448
77988 448
78028 448
78068 448
78108 448
78152 448
78192 448
78232 448
78272 448
78312 448
78352 448
78392 448
78432 448
78476 448
78516 448
78556 448
78596 448
78636 448
78676 448
78716 448
78756 448
78800 448
78840 448
78880 448
78920 448
78960 448
79008 448
79048 448
79088 448
79128 448
79168 448
79208 448
79252 448
79292 448
79332 448
79372 448
79412 448
79452 448
79492 448
79532 448
79576 448
79616 448
79656 448
79696 448
79736 448
79776 448
79816 448
79856 448
79900 448
79940 448
79980 448
80024 448
80068 448
80108 448
80148 448
80188 448
80228 448
80268 448
80308 448
80348 448
80392 448
80432 448
80472 448
80512 448
80552 448
80592 448
80632 448
80672 448
80716 448
80756 448
80796 448
80836 448
80876 448
80916 448
80956 448
80996 448
81040 448
81084 448
81124 448
81168 448
81208 448
81248 448
81288 448
81328 448
81368 448
81408 448
81448 448
81492 448
81532 448
81572 448
81612 448
81652 448
81692 448
81732 448
81772 448
81816 448
81856 448
81896 448
81936 448
81976 448
82016 448
82056 448
82100 448
82140 448
82184 448
82224 448
82264 448
82304 448
82344 448
82384 448
82424 448
82464 448
82508 448
82548 448
82588 448
82628 448
82668 448
82708 448
82748 448
82788 448
82832 448
82872 448
82912 448
82952 448
82992 448
83032 448
83072 448
83120 448
83160 448
83200 448
83240 448
83280 448
83324 448
83364 448
83404 448
83444 448
83488 448
83528 448
83568 448
83608 448
83656 448
83696 448
83736 448
83776 448
83816 448
83860 448
83900 448
83940 448
83980 448
84020 448
84060 448
84100 448
84140 448
84184 448
84224 448
84264 448
84304 448
84344 448
84384 448
84424 448
84464 448
84508 448
84548 448
84588 448
84628 448
84676 448
84716 448
84756 448
84796 448
84836 448
84876 448
84916 448
84960 448
85000 448
85040 448
85080 448
85120 448
85160 448
85200 448
85240 448
85284 448
85324 448
85364 448
85404 448
85444 448
85484 448
85524 448
85564 448
85608 448
85648 448
85692 448
85732 448
85776 448
85816 448
85856 448
85896 448
85936 448
85976 448
86016 448
86056 448
86100 448
86140 448
86180 448
86220 448
86260 448
86300 448
86340 448
86380 448
86424 448
86464 448
86504 448
86544 448
86584 448
86624 448
86664 448
86712 448
86752 448
86792 448
86832 448
86872 448
86916 448
86956 448
86996 448
87036 448
87076 448
87116 448
87156 448
87196 448
87240 448
87280 448
87320 448
87360 448
87400 448
87440 448
87480 448
87520 448
87564 448
87604 448
87644 448
87684 448
87724 448
87772 448
87812 448
87852 448
87892 448
87932 448
87972 448
88016 448
88056 448
88096 448
88136 448
88176 448
88216 448
88256 448
88296 448
88340 448
88380 448
88420 448
88460 448
88500 448
88540 448
88580 448
88620 448
88664 448
88704 448
88744 448
88788 448
88828 448
88868 448
88912 448
88952 448
88992 448
89032 448
89072 448
89112 448
89152 448
89192 448
89236 448
89276 448
89316 448
89356 448
89396 448
89436 448
89476 448
89516 448
89560 448
89600 448
89640 448
89680 448
89720 448
89760 448
89808 448
89848 448
89888 448
89928 448
89968 448
90012 448
90052 448
90092 448
90132 448
90172 448
90212 448
90252 448
90292 448
90336 448
90376 448
90416 448
90456 448
90496 448
90536 448
90576 448
90616 448
90660 448
90700 448
90740 448
90780 448
90828 448
90868 448
90908 448
90948 448
90988 448
91028 448
91068 448
91108 448
91152 448
91192 448
91232 448
91272 448
91312 448
91352 448
91392 448
91432 448
91476 448
91516 448
91556 448
91596 448
91636 448
91676 448
91716 448
91756 448
91800 448
91844 448
91884 448
91924 448
91968 448
92008 448
92048 448
92088 448
92128 448
92168 448
92208 448
92248 448
92292 448
92332 448
92372 448
92412 448
92452 448
92492 448
92532 448
92572 448
92616 448
92656 448
92696 448
92736 448
92776 448
92816 448
92864 448
92904 448
92944 448
92984 448
93024 448
93068 448
93108 448
93148 448
93188 448
93228 448
93268 448
93308 448
93348 448
93392 448
93432 448
93472 448
93512 448
93552 448
93592 448
93632 448
93672 448
93716 448
93756 448
93796 448
93836 448
93884 448
93936 448
93976 448
94016 448
94056 448
94096 448
94136 448
94180 448
94220 448
94260 448
94300 448
94340 448
94380 448
94420 448
94460 448
94504 448
94544 448
94584 448
94624 448
94664 448
94704 448
94744 448
94784 448
94828 448
94872 448
94912 448
94952 448
94996 448
95036 448
95076 448
95116 448
95156 448
95196 448
95236 448
95276 448
95320 448
95360 448
95400 448
95440 448
95480 448
95520 448
95560 448
95600 448
95644 448
95684 448
95724 448
95764 448
95804 448
95844 448
95884 384
95932 304
95972 240
96012 176
96052 124
96092 71
96136 38
96176 15
96216 3
96256 1
96296 15
96336 35
96376 71
96416 120
96460 167
96500 224
96540 287
96580 353
96620 432
96660 496
96700 568
96740 624
96784 675
96824 736
96864 768
96904 798
96948 824
96988 828
97032 824
97072 799
97112 775
97152 768
97192 704
97232 639
97272 583
97312 524
97356 455
97396 391
97436 327
97476 270
97516 224
97556 159
97596 124
97636 96
97680 63
97720 56
97760 48
97800 60
97840 71
97880 97
97920 135
97968 192
98008 240
98048 291
98088 352
98128 415
98172 480
98212 540
98252 591
98292 639
98332 704
98372 736
98412 768
98452 769
98496 775
98536 775
98576 768
98616 768
98656 716
98696 679
98736 638
98776 583
98820 527
98860 480
98900 415
98940 353
98988 287
99028 248
99068 195
99108 159
99148 127
99188 112
99228 96
99268 96
99312 96
99352 112
99392 127
99432 159
99472 199
99512 248
99552 291
99592 352
99636 399
99676 455
99716 511
99756 568
99796 608
99836 639
99876 688
99916 710
99960 736
100004 768
100044 768
100088 736
100128 711
100168 704
100208 655
100248 624
100288 574
100328 524
100368 480
100412 419
100452 384
100492 319
100532 271
100572 240
100612 193
100652 163
100692 143
100736 127
100776 126
100816 127
100856 135
100896 158
100936 192
100976 224
101024 255
101064 312
101104 352
101144 398
101184 448
101228 496
101268 542
101308 582
101348 624
101388 652
101428 675
101468 704
101508 704
101552 707
101592 704
101632 704
101672 670
101712 639
101752 608
101792 572
101832 527
101876 480
101916 448
101956 387
101996 352
102044 304
102084 255
102124 224
102164 195
102204 192
102244 159
102284 158
102324 159
102368 163
102408 192
102448 199
102488 240
102528 255
102568 312
102608 352
102648 385
102692 448
102732 480
102772 513
102812 560
102852 590
102892 624
102932 639
102972 664
103016 671
103060 675
103100 671
103144 664
103184 639
103224 624
103264 591
103304 560
103344 519
103384 480
103424 448
103468 399
103508 368
103548 319
103588 287
103628 255
103668 240
103708 207
103748 192
103792 192
103832 192
103872 192
103912 199
103952 224
103992 248
104032 271
104072 316
104120 352
104160 384
104200 432
104240 480
104284 508
104324 540
104376 504
104416 531
104456 568
104504 608
104544 624
104584 638
104624 639
104664 639
104704 639
104748 639
104788 632
104828 608
104868 575
104908 551
104948 519
104988 481
105028 448
105072 412
105112 384
105152 352
105192 312
105232 280
105272 255
105312 240
105352 224
105396 224
105436 224
105476 224
105520 224
105564 248
105604 255
105644 287
105684 316
105724 352
105764 384
105804 415
105844 448
105888 480
105928 513
105968 543
106008 574
106048 591
106088 608
106128 624
106168 632
106212 632
106252 624
106292 608
106332 591
106372 574
106412 543
106452 519
106492 496
106540 449
106580 415
106620 384
106664 352
106704 319
106744 304
106784 275
106824 255
106864 248
106904 240
106944 240
106988 240
107028 248
107068 255
107108 271
107148 287
107188 318
107228 352
107268 384
107312 408
107352 448
107392 480
107432 504
107472 519
107512 543
107560 574
107600 583
107640 608
107680 608
107720 608
107760 608
107804 591
107844 575
107884 568
107924 542
107964 512
108004 496
108044 455
108084 432
108128 399
108168 384
108208 352
108248 319
108288 304
108328 284
108368 263
108408 255
108452 255
108492 255
108532 255
108572 271
108620 287
108660 312
108700 319
108740 352
108780 384
108820 399
108860 448
108900 455
108944 481
108984 511
109024 527
109064 547
109104 568
109144 575
109184 583
109224 583
109268 582
109308 575
109348 572
109388 547
109428 529
109468 511
109508 496
109548 463
109592 448
109636 408
109676 384
109720 368
109760 335
109800 318
109840 304
109880 287
109920 280
109960 271
110000 271
110044 280
110084 286
110124 295
110164 316
110204 327
110244 352
110284 384
110324 398
110368 419
110408 448
110448 480
110488 496
110528 512
110568 527
110608 543
110656 560
110696 568
110736 572
110776 572
110816 568
110860 551
110900 542
110940 524
110980 508
111020 496
111060 463
111100 448
111140 415
111184 391
111224 384
111264 352
111304 332
111344 319
111384 312
111424 295
111464 287
111508 287
111548 287
111588 304
111628 312
111676 319
111716 352
111756 352
111796 384
111836 391
111876 415
111916 448
111956 462
112000 480
112040 504
112080 515
112120 527
112160 542
112200 543
112240 550
112280 551
112324 543
112364 543
112404 527
112444 515
112484 508
112524 496
112564 480
112604 448
112648 423
112692 399
112732 384
112776 384
112816 352
112856 327
112896 319
112936 316
112976 312
113016 304
113056 304
113100 312
113140 318
113180 326
113220 352
113260 353
113300 384
113340 391
113380 414
113424 448
113464 449
113504 480
113544 496
113584 508
113624 513
113664 527
113712 536
113752 542
113792 543
113832 540
113872 527
113916 519
113956 511
113996 504
114036 480
114076 480
114116 448
114156 432
114196 412
114240 391
114280 384
114320 368
114360 352
114400 334
114440 319
114480 319
114520 318
114564 318
114604 319
114644 319
114684 334
114732 352
114772 384
114816 414
114856 432
114896 448
114936 455
114976 480
115020 496
115060 504
115100 508
115140 512
115180 515
115220 515
115260 515
115300 512
115344 508
115384 504
115424 496
115464 480
115504 462
115544 448
115584 448
115624 415
115668 399
115712 385
115752 384
115796 384
115836 352
115876 352
115916 352
115956 335
115996 335
116036 352
116076 352
116120 352
116160 368
116200 384
116240 384
116280 391
116320 412
116360 419
116400 448
116444 449
116484 463
116524 480
116564 496
116604 496
116644 504
116684 508
116732 510
116772 508
116812 508
116852 504
116892 496
116936 480
116976 480
117016 455
117056 448
117096 448
117136 415
117176 401
117216 391
117260 384
117300 384
117340 384
117380 352
117420 352
117460 352
117500 352
117540 352
117584 352
117624 368
117664 384
117704 384
117752 384
117792 396
117832 412
117872 419
117912 448
117952 448
117992 455
118032 480
118076 480
118116 496
118156 496
118196 504
118236 504
118276 504
118316 496
118356 496
118400 481
118440 480
118480 480
118520 451
118560 448
118600 448
118640 415
118680 412
118724 398
118768 384
118808 384
118852 384
118892 384
118932 368
118972 353
119012 353
119052 353
119092 368
119132 384
119176 384
119216 384
119256 385
119296 398
119336 412
119376 415
119416 448
119456 448
119500 449
119540 462
119580 480
119620 480
119660 480
119700 496
119740 496
119788 496
119828 496
119868 480
119908 480
119948 480
119992 460
120032 449
120072 448
120112 448
120152 419
120192 414
120232 399
120272 391
120316 384
120356 384
120396 384
120436 384
120476 384
120516 384
120556 384
120596 384
120640 384
120680 384
120720 384
120760 390
120808 399
120848 412
120888 415
120928 448
120968 448
121008 448
121048 455
121088 480
121132 480
121172 480
121212 480
121252 480
121292 480
121332 480
121372 480
121412 480
121456 480
121496 455
121536 449
121576 448
121616 448
121656 432
121696 415
121736 408
121780 396
121820 387
121864 384
121908 384
121948 384
121988 384
122028 384
122068 384
122108 384
122148 384
122188 384
122232 384
122272 391
122312 399
122352 412
122392 415
122432 432
122472 448
122512 448
122556 451
122596 455
122636 463
122676 480
122716 480
122756 480
122796 480
122836 480
122884 480
122924 480
122964 463
123004 455
123048 448
123088 448
123128 448
123168 423
123208 415
123248 412
123288 399
123328 391
123372 385
123412 384
123452 384
123492 384
123532 384
123572 384
123612 384
123652 384
123696 384
123736 387
123776 391
123816 399
123856 412
123904 415
123944 432
123984 448
124024 448
124064 448
124104 451
124144 460
124188 463
124228 480
124268 480
124308 480
124348 480
124388 480
124428 463
124468 455
124512 451
124552 448
124592 448
124632 448
124672 432
124712 415
124752 414
124792 408
124836 398
124876 391
124920 385
124964 384
125004 384
125044 384
125084 384
125124 384
125164 384
125204 387
125244 399
125284 412
125328 415
125368 432
125408 448
125448 448
125488 449
125528 455
125568 463
125608 480
125652 480
125696 480
125736 480
125776 480
125820 480
125860 480
125900 460
125940 451
125980 448
126020 448
126060 448
126100 432
126144 415
126184 412
126224 399
126264 391
126304 387
126344 384
126384 384
126424 384
126468 384
126508 384
126548 384
126588 384
126628 384
126668 387
126716 396
126756 399
126796 412
126836 415
126876 423
126920 448
126960 448
127000 448
127040 451
127080 455
127120 462
127160 463
127200 480
127244 480
127284 480
127324 480
127364 462
127404 455
127444 451
127484 448
127524 448
127568 448
127608 432
127648 415
127688 414
127736 408
127776 399
127816 391
127856 387
127896 384
127936 384
127976 384
128016 384
128060 384
128100 384
128140 385
128180 391
128220 396
128260 399
128300 412
128340 415
128384 419
128424 448
128464 448
128504 448
128544 448
128584 451
128624 455
128664 455
128708 463
128752 463
128792 463
128832 462
128876 455
128916 455
128956 449
128996 448
129036 448
129076 448
129116 432
129156 419
129200 415
129240 412
129280 399
129320 398
129360 391
129400 387
129440 385
129480 384
129524 384
129564 384
129604 385
129644 387
129684 391
129724 391
129764 399
129808 412
129848 415
129888 419
129932 432
129972 448
130012 448
130052 448
130092 448
130132 451
130172 455
130212 455
130256 460
130296 455
130336 455
130376 455
130416 451
130456 449
130496 448
130536 448
130580 448
130620 448
130660 423
130700 415
130740 414
130780 408
130828 399
130868 396
130908 391
130948 387
130988 387
131032 387
131072 387
131112 387
131152 391
131192 391
131232 399
131272 408
131312 412
131356 415
131396 419
131436 432
131476 448
131516 448
131556 448
131596 448
131636 448
131680 451
131720 455
131760 455
131800 455
131848 455
131888 451
131928 449
131968 448
132008 448
132048 448
132088 448
132128 432
132172 419
132212 415
132252 414
132292 408
132332 399
132372 399
132412 396
132452 391
132496 391
132536 387
132576 390
132616 391
132656 391
132696 396
132736 399
132776 401
132820 412
132864 415
132904 423
132944 432
132988 448
133028 448
133068 448
133108 448
133148 448
133188 449
133228 451
133268 451
133312 451
133352 451
133392 451
133432 449
133472 448
133512 448
133552 448
133592 448
133636 448
133676 432
133716 415
133756 415
133796 414
133836 408
133884 399
133924 399
133964 391
134004 391
134044 391
134088 391
134128 391
134168 391
134208 398
134248 399
134288 403
134328 412
134368 415
134412 415
134452 422
134492 432
134532 448
134572 448
134612 448
134652 448
134692 448
134736 448
134776 449
134816 449
134856 451
134904 448
134944 448
134984 448
135024 448
135064 448
135104 448
135144 448
135184 448
135228 419
135268 415
135308 414
135348 412
135388 403
135428 399
135468 398
135508 396
135552 391
135592 391
135632 391
135680 408
135720 408
135760 412
135800 415
135840 415
135884 415
135924 423
135964 432
136004 448
136044 448
136084 448
136124 448
136164 448
136208 448
136248 448
136288 448
136328 448
136368 448
136408 448
136448 448
136488 448
136532 448
136572 448
136616 448
136656 432
136696 423
136736 415
136776 415
136816 415
136856 414
136896 412
136940 408
136980 403
137020 399
137060 399
137100 399
137140 401
137180 408
137220 412
137264 412
137304 414
137344 415
137384 415
137424 419
137464 432
137504 432
137552 448
137592 448
137632 448
137672 448
137712 448
137756 448
137796 448
137836 448
137876 448
137916 448
137956 448
137996 448
138036 448
138080 448
138120 448
138160 432
138200 423
138240 415
138280 415
138320 415
138360 414
138404 412
138444 408
138484 408
138524 403
138572 401
138612 408
138652 403
138692 408
138732 412
138772 414
138812 415
138852 415
138896 415
138936 419
138976 432
139016 432
139056 448
139096 448
139136 448
139176 448
139220 448
139260 448
139300 448
139340 448
139380 448
139420 448
139460 448
139500 448
139544 448
139588 448
139628 448
139672 432
139712 423
139752 415
139792 415
139832 415
139872 414
139912 412
139952 412
139996 408
140036 408
140076 408
140116 408
140156 408
140196 408
140236 412
140276 412
140320 414
140360 415
140400 415
140440 415
140480 423
140520 432
140560 448
140608 448
140648 448
140688 448
140728 448
140768 448
140812 448
140852 448
140892 448
140932 448
140972 448
141012 448
141052 448
141092 448
141136 448
141176 432
141216 423
141256 419
141296 415
141336 415
141376 415
141416 414
141460 412
141500 412
141540 408
141580 408
141628 408
141668 408
141708 412
141748 412
141788 414
141828 415
141868 415
141908 415
141952 415
141992 419
142032 432
142072 432
142112 448
142152 448
142192 448
142232 448
142276 448
142316 448
142356 448
142396 448
142436 448
142476 448
142516 448
142556 448
142600 448
142644 448
142684 432
142728 423
142768 419
142808 415
142848 415
142888 415
142928 414
142968 414
143008 412
143052 412
143092 408
143132 408
143172 408
143212 412
143252 412
143292 448
143332 481
143376 508
143416 513
143456 519
143496 524
143536 524
143576 519
143616 515
143656 512
143700 508
143740 504
143784 496
143824 496
143864 481
143904 480
143944 480
143984 480
144024 480
144064 480
144108 480
144148 480
144188 463
144228 463
144268 462
144308 455
144348 455
144388 455
144432 455
144472 455
144512 451
144552 451
144592 451
144632 451
144672 449
144720 449
144760 448
144800 448
144840 448
144880 448
144924 448
144964 448
145004 448
145044 448
145084 448
145124 448
145164 448
145204 448
145248 448
145288 448
145328 448
145368 448
145408 448
145448 448
145488 448
145528 448
145572 448
145612 448
145652 448
145692 448
145740 448
145780 448
145820 448
145860 448
145900 448
145940 448
145980 448
146020 448
146064 448
146108 448
146148 448
146188 448
146232 448
146272 448
146312 448
146356 448
146400 448
146440 448
146480 448
146520 448
146560 448
146600 448
146640 448
146680 448
146724 448
146764 448
146804 448
146844 448
146884 448
146924 448
146964 448
147004 448
147048 448
147088 448
147128 448
147168 448
147208 448
147248 448
147288 448
147328 448
147372 448
147416 448
147456 448
147500 448
147540 448
147580 448
147620 448
147660 448
147700 448
147740 448
147780 448
147824 448
147864 448
147904 448
147944 448
147984 448
148024 448
148064 448
148104 448
148148 448
148188 448
148228 448
148268 448
148308 448
148348 448
148388 448
148432 448
148472 448
148516 448
148556 448
148596 448
148636 448
148676 448
148716 448
148756 448
148796 448
148840 448
148880 448
148920 448
148960 448
149000 448
149040 448
149080 448
149120 448
149164 448
149204 448
149244 448
149284 448
149324 448
149364 448
149404 448
149452 448
149492 448
149532 448
149572 448
149612 448
149656 448
149696 448
149736 448
149776 448
149816 448
149856 448
149896 448
149936 448
149980 448
150020 448
150060 448
150100 448
150140 448
150180 448
150220 448
150260 448
150304 448
150344 448
150384 448
150424 448
150472 448
150512 448
150552 448
150592 448
150632 448
150672 448
150712 448
150752 448
150796 448
150836 448
150876 448
150916 448
150956 448
150996 448
151036 448
151076 448
151120 448
151160 448
151200 448
151240 448
151280 448
151320 448
151360 448
151400 448
151444 448
151488 448
151528 448
151572 448
151612 448
151652 448
151692 448
151732 448
151772 448
151812 448
151852 448
151896 448
151936 448
151976 448
152016 448
152056 448
152096 448
152136 448
152176 448
152220 448
152260 448
152300 448
152340 448
152380 448
152420 448
152460 448
152508 448
152548 448
152588 448
152628 448
152668 448
152712 448
152752 448
152792 448
152832 448
152872 448
152912 448
152952 448
152992 448
153036 448
153076 448
153116 448
153156 448
153196 448
153236 448
153276 448
153316 448
153360 448
153400 448
153440 448
153480 448
153528 448
153568 448
153608 448
153648 432
153688 448
153728 448
153768 448
153808 448
153852 448
153892 448
153932 448
153972 448
154012 448
154052 448
154092 448
154132 448
154176 448
154216 448
154256 448
154296 448
154336 448
154376 448
154416 448
154456 448
154500 448
154544 448
154584 448
154628 448
154668 448
154708 448
154748 448
154788 448
154828 448
154868 448
154908 448
154952 448
154992 448
155032 448
155072 448
155112 448
155152 448
155192 448
155232 448
155276 448
155316 448
155356 448
155396 448
155436 448
155476 448
155516 448
155556 448
155600 448
155640 448
155684 448
155724 448
155764 448
155804 448
155844 448
155884 448
155924 448
155964 448
156008 448
156048 448
156088 448
156128 448
156168 448
156208 448
156248 448
156288 448
156332 448
156372 448
156412 448
156452 448
156492 448
156536 448
156576 448
156616 448
156656 448
156696 448
156736 448
156776 448
156816 448
156860 448
156900 448
156940 448
156980 448
157020 448
157060 448
157100 448
157140 448
157184 448
157224 448
157264 448
157304 448
157344 448
157384 448
157432 448
157472 448
157512 448
157552 448
157592 448
157632 448
157676 448
157716 448
157756 448
157796 448
157836 448
157876 448
157916 448
157956 448
158000 448
158040 448
158080 448
158120 448
158160 448
158200 448
158240 448
158280 448
158324 448
158364 448
158404 448
158448 448
158492 448
158532 448
158572 448
158612 448
158652 448
158692 448
158732 448
158772 448
158816 448
158856 448
158896 448
158936 448
158976 448
159016 448
159056 448
159096 448
159140 448
159180 448
159220 448
159260 448
159300 448
159340 448
159380 448
159420 448
159468 448
159508 448
159548 448
159592 448
159632 448
159672 448
159712 448
159752 448
159792 448
159832 448
159872 448
159916 448
159956 448
159996 448
160036 448
160076 448
160116 448
160156 448
160196 448
160240 448
160280 448
160320 448
160360 448
160400 448
160440 448
160488 448
160528 448
160568 448
160608 448
160648 448
160688 448
160732 448
160772 448
160812 448
160852 448
160892 448
160932 448
160972 448
161012 448
161056 448
161096 448
161136 448
161176 448
161216 448
161256 448
161296 448
161336 448
161380 448
161420 448
161460 448
161504 448
161548 448
161588 448
161628 448
161668 448
161708 448
161748 448
161788 448
161828 448
161872 448
161912 448
161952 448
161992 448
162032 448
162072 448
162112 448
162152 448
162196 448
162236 448
162276 448
162316 448
162356 448
162396 448
162436 448
162476 448
162520 448
162564 448
162604 448
162648 448
162688 448
162728 448
162768 448
162808 448
162848 448
162888 448
162928 448
162972 448
163012 448
163052 448
163092 448
163132 448
163172 448
163212 448
163252 448
163296 448
163336 448
163376 448
163416 448
163456 448
163496 448
163536 448
163584 448
163624 448
163664 448
163704 448
163744 448
163788 448
163828 448
163868 448
163908 448
163948 448
163988 448
164028 448
164068 448
164112 448
164152 448
164192 448
164232 448
164272 448
164312 448
164352 448
164392 448
164436 448
164476 448
164516 448
164556 448
164604 448
164644 448
164684 448
164724 448
164764 448
164804 448
164844 448
164884 448
164928 448
164968 448
165008 448
165048 448
165088 448
165128 448
165168 448
165208 448
165252 448
165292 448
165332 448
165372 448
165412 448
165452 448
165492 448
165532 448
165576 448
165620 448
165660 448
165704 448
165744 448
165784 448
165824 448
165864 448
165904 448
165944 448
165984 448
166028 448
166068 448
166108 448
166148 448
166188 448
166228 448
166268 448
166308 448
166352 448
166392 448
166432 448
166472 448
166512 448
166552 448
166592 448
166640 448
166680 448
166720 448
166760 448
166800 448
166844 448
166884 448
166924 448
166968 448
167008 448
167048 448
167092 448
167132 448
167172 448
167212 448
167252 448
167292 448
167332 448
167372 448
167416 448
167456 448
167496 448
167536 448
167576 448
167616 448
167656 448
167696 448
167740 448
167780 448
167820 448
167860 448
167908 448
167948 448
167988 448
168028 448
168068 448
168108 448
168148 448
168188 432
168232 448
168272 448
168312 448
168352 448
168392 448
168432 448
168472 448
168512 448
168556 448
168596 448
168636 448
168676 448
168716 448
168756 448
168796 448
168836 448
168880 448
168924 448
168964 448
169004 448
169048 448
169088 448
169128 448
169168 448
169208 448
169248 448
169288 448
169328 448
169372 448
169412 448
169452 448
169492 448
169532 448
169572 448
169612 448
169652 448
169696 448
169736 448
169776 448
169816 448
169856 448
169896 448
169944 448
169984 448
170024 448
170064 448
170104 448
170148 448
170188 448
170228 448
170268 448
170308 448
170348 448
170388 448
170428 448
170472 432
170512 448
170552 448
170592 448
170632 448
170672 448
170712 448
170752 448
170796 448
170836 448
170876 448
170916 448
170956 448
171004 448
171044 448
171084 448
171124 448
171164 448
171204 448
171244 448
171288 448
171328 448
171368 448
171408 448
171448 448
171488 448
171528 448
171568 448
171612 448
171652 448
171692 448
171732 448
171772 448
171812 448
171852 448
171892 448
171936 448
171976 448
172020 448
172060 448
172100 448
172144 448
172184 448
172224 448
172264 448
172304 448
172344 448
172384 448
172424 448
172468 448
172508 448
172548 448
172588 448
172628 448
172668 448
172708 448
172748 448
172792 448
172832 448
172872 448
172912 448
172952 448
172992 448
173040 448
173080 448
173120 448
173160 448
173200 448
173240 448
173284 448
173324 448
173364 448
173404 448
173444 448
173484 448
173524 448
173564 448
173608 448
173648 448
173688 448
173728 448
173768 448
173808 448
173848 448
173888 448
173932 448
173972 448
174012 448
174056 448
174100 448
174140 448
174180 448
174220 448
174260 448
174300 448
174340 448
174380 448
174424 448
174464 448
174504 448
174544 448
174584 448
174624 448
174664 448
174704 448
174748 448
174788 448
174828 448
174868 448
174908 448
174948 448
174988 448
175028 448
175076 448
175116 448
175156 448
175200 448
175240 448
175280 448
175320 448
175360 448
175400 448
175440 448
175480 448
175524 448
175564 448
175604 448
175644 448
175684 448
175724 448
175764 448
175804 448
175848 448
175888 448
175928 448
175968 448
176008 448
176048 448
176096 448
176136 432
176176 448
176216 448
176256 448
176296 448
176340 448
176380 448
176420 448
176460 448
176500 448
176540 448
176580 448
176620 448
176664 448
176704 448
176744 448
176784 448
176824 448
176864 448
176904 448
176944 448
176988 448
177028 448
177068 448
177112 448
177156 448
177196 448
177236 448
177276 448
177316 448
177356 448
177404 448
177444 448
177484 448
177524 448
177564 448
177608 448
177648 448
177688 448
177728 448
177768 448
177808 448
177848 448
177888 448
177932 448
177972 448
178012 448
178052 448
178092 448
178132 448
178172 448
178212 448
178256 448
178296 448
178336 448
178376 448
178424 448
178464 448
178504 448
178544 448
178584 448
178624 448
178664 448
178708 448
178748 448
178788 448
178828 448
178868 448
178908 448
178948 448
178988 448
179032 448
179072 448
179112 448
179152 448
179192 448
179232 448
179272 448
179312 448
179356 448
179396 448
179440 448
179480 448
179520 448
179564 448
179604 448
179644 448
179684 448
179724 448
179764 448
179804 448
179844 448
179888 448
179928 448
179968 448
180008 448
180048 448
180088 448
180128 448
180168 448
180212 448
180252 448
180292 448
180332 448
180372 448
180412 448
180460 448
180500 448
180540 448
180580 448
180620 448
180660 448
180704 448
180744 448
180784 448
180824 448
180864 448
180904 448
180944 448
180984 448
181028 448
181068 448
181108 448
181148 448
181188 448
181228 448
181268 448
181308 448
181352 448
181392 448
181432 448
181476 448
181520 448
181560 448
181600 448
181640 448
181680 448
181720 448
181760 448
181800 448
181844 448
181884 448
181924 448
181964 448
182004 448
182044 448
182084 448
182124 448
182168 448
182208 448
182248 448
182288 448
182328 448
182368 448
182408 448
182448 448
182496 448
182536 448
182576 448
182620 448
182660 448
182700 448
182740 448
182780 448
182820 448
182860 448
182900 448
182944 448
182984 448
183024 448
183064 448
183104 448
183144 448
183184 448
183224 448
183268 448
183308 448
183348 448
183388 448
183428 448
183468 448
183516 448
183556 448
183596 448
183636 448
183676 448
183716 448
183760 448
183800 448
183840 448
183880 448
183920 448
183960 448
184000 448
184040 448
184084 448
184124 448
184164 448
184204 448
184244 448
184284 448
184324 448
184364 448
184408 448
184448 448
184488 448
184532 448
184576 448
184616 448
184656 448
184696 448
184736 448
184776 448
184816 448
184856 448
184900 448
184940 448
184980 448
185020 448
185060 448
185100 448
185140 448
185180 448
185224 448
185264 448
185304 448
185344 448
185384 448
185424 448
185464 448
185504 448
185548 448
185592 448
185632 448
185676 448
185716 448
185756 448
185796 448
185836 448
185876 448
185916 448
185956 448
186000 448
186040 448
186080 448
186120 448
186160 448
186200 448
186240 448
186280 448
186324 448
186364 448
186404 448
186444 448
186484 448
186524 448
186564 448
186608 448
186648 448
186692 448
186732 448
186772 448
186812 448
186852 448
186892 448
186932 448
186972 448
187016 448
187056 448
187096 448
187136 448
187176 448
187216 448
187256 448
187296 448
187340 448
187380 448
187420 448
187460 448
187500 448
187540 448
187580 448
187628 448
187668 448
187708 448
187748 448
187788 448
187840 448
187880 448
187920 448
187960 448
188000 448
188044 448
188084 448
188124 448
188164 448
188204 448
188244 448
188284 448
188324 448
188368 448
188408 448
188448 448
188492 448
188536 448
188576 448
188616 448
188656 448
188696 448
188736 448
188776 448
188816 448
188860 448
188900 448
188940 448
188980 448
189020 448
189060 448
189100 448
189140 448
189184 448
189224 448
189264 448
189304 448
189344 448
189384 448
189424 448
189464 448
189512 448
189552 448
189592 448
189632 448
189676 448
189716 448
189756 448
189796 448
189836 448
189876 448
189916 448
189956 448
190000 448
190040 448
190080 448
190120 448
190160 448
190200 448
190240 448
190280 448
190324 448
190364 448
190404 448
190444 448
190484 448
190532 448
190572 448
190612 448
190652 448
190692 448
190732 448
190776 448
190816 448
190856 448
190896 448
190936 448
190976 448
191016 448
191056 448
191100 448
191140 448
191180 448
191220 448
191260 448
191300 448
191340 448
191380 448
191424 448
191464 448
191504 448
191548 448
191592 448
191632 448
191672 399
191712 327
191752 255
191792 193
191832 135
191872 96
191916 56
191956 28
191996 7
192036 1
192076 7
192116 30
192156 62
192196 96
192240 143
192280 199
192320 255
192360 327
192400 398
192440 480
192480 536
192520 608
192568 668
192608 711
192648 768
192688 792
192732 816
192772 824
192812 824
192852 807
192892 783
192932 768
192972 711
193012 668
193056 608
193096 543
193136 496
193176 415
193216 353
193256 291
193296 240
193336 192
193380 135
193420 112
193460 71
193500 60
193540 56
193588 60
193628 67
193668 96
193708 127
193748 176
193788 224
193832 271
193872 327
193912 391
193952 451
193992 512
194032 574
194072 632
194112 671
194156 707
194196 768
194236 768
194276 774
194316 775
194356 769
194396 768
194436 736
194480 704
194520 647
194560 608
194604 543
194648 496
194688 448
194728 384
194768 319
194808 255
194848 224
194888 192
194928 143
194972 124
195012 99
195052 96
195092 96
195132 112
195172 126
195212 156
195252 192
195296 240
195336 271
195376 319
195416 384
195456 448
195496 496
195536 540
195576 583
195620 638
195664 671
195704 704
195748 736
195788 736
195828 768
195868 736
195908 719
195948 704
195988 670
196028 636
196072 590
196112 543
196152 496
196192 448
196232 391
196272 352
196312 294
196352 254
196396 224
196436 192
196476 158
196516 135
196556 127
196596 127
196636 135
196680 156
196720 192
196764 206
196804 248
196844 284
196884 327
196924 384
196964 419
197004 480
197044 515
197088 568
197128 608
197168 638
197208 664
197248 688
197288 704
197328 704
197368 704
197412 704
197452 671
197492 647
197532 624
197572 583
197612 543
197652 508
197700 449
197740 408
197780 384
197820 319
197860 280
197904 248
197944 224
197984 192
198024 176
198064 159
198104 159
198144 163
198184 192
198228 193
198276 163
198316 159
198356 159
198396 176
198436 192
198480 224
198520 248
198560 271
198600 316
198640 352
198680 391
198720 448
198764 481
198804 524
198844 568
198888 608
198928 632
198968 639
199008 664
199048 671
199088 671
199128 670
199168 655
199212 639
199252 624
199292 583
199332 551
199372 513
199412 480
199452 448
199492 391
199536 352
199576 319
199616 286
199656 255
199696 240
199736 224
199784 193
199824 192
199864 192
199904 195
199944 224
199984 240
200028 255
200068 286
200108 319
200148 352
200188 390
200228 432
200268 480
200308 508
200352 540
200392 572
200432 608
200472 624
200512 636
200552 639
200592 639
200632 639
200676 638
200716 624
200756 608
200804 574
200844 543
200884 510
200924 480
200964 448
201004 399
201044 384
201088 327
201128 304
201168 271
201208 254
201248 240
201288 224
201328 224
201368 224
201412 224
201452 240
201492 252
201532 255
201572 287
201612 319
201652 352
201692 384
201736 415
201776 451
201820 496
201860 519
201904 547
201944 575
201984 608
202024 608
202064 624
202104 624
202144 624
202184 624
202228 608
202268 583
202308 568
202348 536
202388 510
202428 480
202468 448
202508 414
202552 384
202592 352
202632 319
202672 295
202712 271
202752 255
202792 248
202840 240
202880 240
202920 248
202960 252
203000 255
203044 284
203084 312
203124 327
203164 368
203204 385
203244 419
203284 448
203324 480
203368 508
203408 527
203448 560
203488 574
203528 583
203568 608
203608 608
203648 608
203692 608
203732 583
203772 574
203812 560
203860 527
203900 508
203940 480
203980 448
204020 415
204060 387
204100 384
204144 335
204184 316
204224 291
204264 280
204304 255
204344 255
204384 255
204424 255
204468 255
204508 275
204548 287
204588 316
204628 332
204668 368
204708 384
204748 412
204792 448
204832 480
204876 496
204916 515
204960 540
205000 560
205040 572
205080 575
205120 575
205160 575
205200 575
205240 574
205284 560
205324 543
205364 519
205404 504
205444 480
205484 449
205524 423
205564 399
205608 384
205648 352
205688 327
205728 316
205768 295
205808 287
205848 271
205888 271
205932 271
205972 284
206016 287
206056 304
206096 319
206136 352
206176 368
206216 384
206256 408
206296 448
206340 455
206380 480
206420 504
206460 519
206500 536
206540 547
206580 560
206620 568
206664 572
206704 568
206744 560
206784 543
206824 536
206864 518
206904 504
206952 480
206992 451
207032 448
207072 408
207112 384
207156 384
207196 352
207236 326
207276 316
207316 304
207356 291
207396 287
207436 287
207480 287
207520 304
207560 316
207600 319
207640 352
207680 384
207720 384
207760 399
207804 423
207844 448
207884 480
207924 496
207972 510
208012 519
208052 536
208092 543
208132 543
208172 547
208212 547
208252 543
208296 536
208336 519
208376 511
208416 496
208456 480
208496 454
208536 448
208576 415
208620 391
208660 384
208708 316
208748 312
208788 312
208828 312
208868 316
208908 319
208948 332
208992 352
209032 384
209072 384
209112 396
209152 415
209192 448
209232 455
209272 480
209316 496
209356 508
209396 515
209436 527
209484 536
209524 540
209564 536
209604 531
209644 526
209684 515
209724 508
209768 496
209808 480
209848 455
209888 448
209928 419
209968 401
210008 384
210048 384
210092 353
210132 352
210172 334
210212 319
210252 319
210292 319
210332 319
210372 319
210416 327
210456 352
210496 352
210540 384
210584 384
210624 399
210664 415
210704 448
210744 448
210784 480
210824 480
210864 496
210908 508
210948 512
210988 518
211028 519
211068 519
211108 519
211148 515
211188 511
211232 504
211272 496
211312 480
211352 455
211392 448
211432 432
211472 414
211512 396
211560 384
211600 384
211640 353
211680 352
211724 352
211764 334
211804 327
211844 327
211884 335
211924 352
211964 352
212004 368
212048 384
212088 384
212128 396
212168 414
212208 432
212248 448
212288 454
212328 480
212372 480
212412 496
212452 504
212492 508
212532 511
212580 512
212620 511
212660 510
212700 504
212740 496
212780 480
212824 480
212864 455
212904 448
212944 448
212984 415
213024 399
213064 387
213104 384
213148 384
213188 368
213228 352
213268 352
213308 352
213348 352
213388 352
213428 352
213472 352
213512 384
213552 384
213596 384
213640 396
213680 412
213720 419
213760 448
213800 448
213840 460
213880 480
213920 480
213964 496
214004 496
214044 504
214084 504
214124 504
214164 504
214204 496
214244 496
214288 480
214328 480
214368 455
214408 448
214448 448
214488 419
214528 412
214568 396
214616 384
214656 384
214696 384
214736 368
214780 352
214820 352
214860 352
214900 352
214940 353
214980 384
215020 384
215060 384
215104 384
215144 391
215184 408
215224 415
215264 448
215304 448
215344 451
215384 463
215428 480
215468 480
215508 496
215548 496
215588 496
215636 496
215676 496
215716 496
215756 480
215796 480
215836 480
215880 455
215920 448
215960 448
216000 419
216040 414
216080 399
216120 391
216160 384
216204 384
216244 384
216284 384
216324 384
216364 368
216404 368
216444 384
216484 384
216528 384
216568 384
216608 385
216652 396
216696 408
216736 415
216776 432
216816 448
216856 448
216896 455
216936 463
216976 480
217020 480
217060 480
217100 480
217140 481
217180 480
217220 480
217260 480
217300 480
217344 463
217384 451
217424 448
217464 448
217504 432
217544 415
217584 408
217624 398
217668 387
217712 384
217752 384
217796 384
217836 384
217876 384
217916 384
217956 384
217996 384
218036 384
218076 384
218120 387
218160 398
218200 408
218240 415
218280 423
218320 448
218360 448
218400 448
218444 455
218484 463
218524 480
218564 480
218604 480
218644 480
218684 480
218728 480
218768 480
218812 480
218852 460
218892 451
218932 448
218972 448
219012 448
219052 415
219092 414
219136 455
219176 448
219216 448
219256 448
219296 423
219336 415
219376 408
219420 399
219460 391
219500 384
219540 384
219580 384
219620 384
219660 384
219700 384
219744 384
219784 384
219828 384
219868 387
219912 391
219952 399
219992 414
220032 415
220072 432
220112 448
220152 448
220192 448
220236 454
220276 460
220316 463
220356 480
220396 480
220436 480
220476 480
220516 480
220560 463
220600 455
220640 451
220680 448
220720 448
220760 448
220800 432
220844 415
220884 412
220924 401
220968 398
221008 391
221048 385
221088 384
221128 384
221168 384
221208 384
221248 384
221292 384
221332 385
221372 391
221412 398
221452 399
221492 412
221532 415
221572 419
221616 448
221656 448
221696 448
221736 448
221776 451
221816 455
221864 460
221904 463
221944 463
221984 463
222024 463
222064 455
222108 455
222148 449
222188 448
222228 448
222268 448
222308 432
222348 419
222388 415
222432 412
222472 401
222512 398
222552 391
222592 387
222632 385
222672 384
222712 384
222756 384
222796 385
222836 387
222884 391
222924 399
222964 401
223004 412
223044 415
223084 419
223124 432
223164 448
223208 448
223248 448
223288 448
223328 451
223368 455
223408 455
223448 455
223488 460
223532 455
223572 455
223612 451
223652 448
223692 448
223732 448
223772 448
223812 448
223856 423
223900 415
223940 414
223980 408
224024 399
224064 398
224104 391
224144 391
224184 390
224224 387
224264 390
224304 391
224348 391
224388 396
224428 399
224468 408
224508 412
224548 415
224588 419
224628 432
224672 448
224712 448
224752 448
224792 448
224832 448
224872 449
224920 451
224960 454
225000 455
225040 451
225080 451
225120 448
225164 448
225204 448
225244 448
225284 448
225324 432
225364 423
225404 415
225444 415
225488 412
225528 408
225568 399
225608 399
225648 398
225688 391
225728 391
225768 391
225812 391
225852 398
225892 399
225940 401
225980 408
226020 414
226060 415
226100 419
226140 432
226180 448
226220 448
226264 448
226304 448
226344 448
226384 448
226424 448
226464 449
226504 449
226544 449
226588 448
226628 448
226668 448
226708 448
226748 448
226788 448
226828 448
226868 432
226912 419
226956 415
226996 414
227036 412
227080 408
227120 399
227160 399
227200 399
227240 399
227280 399
227320 399
227360 399
227404 399
227444 399
227484 412
227524 414
227564 415
227604 415
227644 422
227684 432
227728 448
227768 448
227808 448
227848 448
227888 448
227928 448
227968 448
228012 448
228052 448
228092 448
228136 448
228176 448
228216 448
228256 448
228296 448
228336 448
228376 448
228416 423
228460 415
228500 415
228540 415
228580 412
228620 412
228660 408
228700 403
228740 399
228784 399
228824 399
228864 399
228904 408
228944 408
228984 412
229032 414
229072 415
229112 415
229152 419
229192 432
229232 432
229276 448
229316 448
229356 448
229396 448
229436 448
229476 448
229516 448
229564 448
229604 448
229644 432
229684 423
229724 415
229764 415
229804 415
229848 414
229888 414
229928 412
229968 412
230008 408
230048 408
230088 408
230128 412
230172 412
230212 414
230252 415
230292 415
230332 415
230372 422
230412 423
230452 432
230496 432
230536 448
230580 448
230620 448
230660 448
230704 448
230744 448
230784 448
230824 448
230864 448
230904 448
230944 448
230984 448
231028 448
231068 448
231108 432
231148 432
231188 423
231228 419
231268 415
231308 415
231352 415
231392 415
231432 414
231472 414
231512 412
231552 412
231600 414
231640 414
231680 415
231720 415
231760 415
231800 415
231844 415
231884 419
231924 423
231964 432
232004 432
232044 448
232084 448
232124 448
232168 448
232208 448
232248 448
232288 448
232328 448
232368 448
232408 448
232448 448
232492 448
232532 448
232572 432
232620 432
232660 423
232700 419
232740 419
232780 415
232820 415
232860 415
232900 415
232944 415
232984 414
233024 414
233064 414
233104 415
233144 414
233184 415
233224 415
233268 415
233308 415
233348 415
233388 419
233428 423
233468 423
233508 432
233548 432
233592 448
233636 448
233676 448
233716 448
233760 448
233800 448
233840 448
233880 448
233920 448
233960 448
234000 448
234040 448
234084 432
234124 432
234164 423
234204 422
234244 415
234284 415
234324 415
234364 415
234408 415
234448 415
234488 415
234528 414
234568 414
234608 415
234656 415
234696 415
234736 415
234776 415
234816 415
234856 415
234900 419
234940 419
234980 432
235020 432
235060 432
235100 448
235140 448
235180 448
235224 448
235264 448
235304 448
235344 448
235384 448
235424 448
235464 448
235504 448
235548 432
235588 432
235628 432
235676 423
235716 419
235756 415
235796 415
235836 415
235876 415
235916 415
235956 415
236000 415
236040 415
236080 415
236120 415
236160 415
236200 415
236240 415
236280 415
236324 415
236364 419
236404 419
236444 423
236484 432
236524 432
236564 432
236604 448
236648 448
236692 448
236732 448
236772 448
236816 448
236856 448
236896 448
236936 448
236976 448
237016 432
237056 432
237096 432
237140 423
237180 423
237220 419
237260 419
237300 415
237340 415
237380 415
237420 415
237464 415
237504 415
237544 415
237584 415
237624 415
237664 415
237704 415
237748 415
237788 415
237828 419
237872 419
237912 422
237952 423
237992 432
238032 432
238072 432
238112 432
238152 432
238196 448
238236 448
238276 448
238316 448
238356 448
238396 432
238436 432
238476 432
238520 432
238560 432
238600 423
238640 423
238680 419
238720 419
238768 415
238808 415
238848 415
238888 415
238928 415
238968 415
239012 415
239052 415
239092 415
239132 415
239172 415
239212 415
239252 432
239292 480
239336 504
239376 512
239416 519
239456 519
239496 524
239536 519
239576 515
239616 512
239660 510
239700 504
239740 496
239784 496
239828 481
239868 480
239908 480
239948 480
240000 510
240040 504
240080 496
240120 496
240160 481
240208 480
240248 480
240288 480
240328 480
240368 480
240408 480
240452 480
240492 463
240532 463
240572 462
240612 460
240652 455
240692 455
240732 455
240776 455
240816 455
240856 451
240896 451
240936 451
240976 451
241016 448
241056 449
241100 449
241140 448
241180 448
241224 448
241268 448
241308 448
241348 448
241388 448
241428 448
241468 448
241508 448
241548 448
241592 448
241632 448
241672 448
241712 448
241752 448
241792 448
241832 448
241872 448
241916 448
241956 448
241996 448
242036 448
242076 448
242116 448
242156 448
242196 448
242244 448
242284 448
242324 448
242364 448
242408 448
242448 448
242488 448
242528 448
242568 448
242608 448
242648 448
242688 448
242732 448
242772 448
242812 448
242852 448
242892 448
242932 448
242972 448
243012 448
243056 448
243096 448
243136 448
243176 448
243216 448
243264 448
243304 448
243344 448
243384 448
243424 448
243464 448
243508 448
243548 448
243588 448
243628 448
243668 448
243708 448
243748 448
243788 448
243832 448
243872 448
243912 448
243952 448
243992 448
244032 448
244072 448
244112 448
244156 448
244196 448
244236 448
244280 448
244324 448
244364 448
244404 448
244444 448
244484 448
244524 448
244564 448
244604 448
244648 448
244688 448
244728 448
244768 448
244808 448
244848 448
244888 448
244928 448
244972 448
245012 448
245052 448
245092 448
245132 448
245172 448
245212 448
245252 448
245296 448
245340 448
245384 448
245424 448
245464 448
245504 448
245544 448
245584 448
245624 448
245664 448
245708 448
245748 448
245788 448
245828 448
245868 448
245908 448
245948 448
245988 448
246032 448
246072 448
246112 448
246152 448
246192 448
246232 448
246272 448
246312 448
246356 448
246396 448
246440 448
246480 448
246520 448
246560 448
246600 448
246640 448
246680 448
246720 448
246764 448
246804 448
246844 448
246884 448
246924 448
246964 448
247004 448
247044 448
247088 448
247128 448
247168 448
247208 448
247248 448
247288 448
247328 448
247376 448
247416 448
247456 448
247496 448
247536 448
247580 448
247620 448
247660 448
247700 448
247740 448
247780 448
247820 448
247860 448
247904 448
247944 448
247984 448
248024 448
248064 448
248104 448
248144 448
248184 448
248228 448
248268 448
248308 448
248348 448
248396 448
248436 448
248476 448
248516 448
248556 448
248596 448
248636 448
248676 448
248720 448
248760 448
248800 448
248840 448
248880 448
248920 448
248960 448
249000 448
249044 448
249084 448
249124 448
249164 448
249204 448
249244 448
249284 448
249324 448
249368 448
249412 448
249452 448
249496 448
249536 448
249576 448
249616 448
249656 448
249696 448
249736 448
249776 448
249820 448
249860 448
249900 448
249940 448
249980 448
250020 448
250060 448
250100 448
250144 448
250184 448
250224 448
250264 448
250304 448
250344 448
250384 448
250424 448
250464 448
250504 448
250548 448
250588 448
250628 448
250668 448
250708 448
250748 448
250788 448
250828 448
250876 448
250916 448
250956 448
250996 448
251040 448
251080 448
251120 448
251160 448
251200 448
251240 448
251280 448
251320 448
251364 448
251404 448
251444 448
251484 448
251524 448
251564 448
251604 448
251644 448
251688 448
251728 448
251768 448
251808 448
251848 448
251896 448
251936 448
251976 448
252016 448
252056 448
252096 448
252136 448
252180 448
252220 448
252260 448
252300 448
252340 448
252380 448
252420 448
252460 448
252504 448
252544 448
252584 448
252624 448
252664 448
252704 448
252744 448
252784 448
252828 448
252868 448
252912 448
252956 448
252996 448
253036 448
253076 448
253116 448
253156 448
253196 448
253236 448
253280 448
253320 448
253360 448
253400 448
253440 448
253480 448
253520 448
253560 448
253604 448
253644 448
253684 448
253724 448
253764 448
253804 448
253844 448
253884 448
253932 448
253972 448
254012 448
254052 448
254096 448
254136 448
254176 448
254216 448
254256 448
254296 448
254336 448
254376 448
254420 448
254460 448
254500 448
254540 448
254580 448
254620 448
254660 448
254700 448
254744 448
254784 448
254824 448
254864 448
254904 448
254944 448
254992 448
255032 448
255072 448
255112 448
255152 448
255192 448
255236 448
255276 448
255316 448
255356 448
255396 448
255436 448
255476 448
255516 448
255560 448
255600 448
255640 448
255680 448
255720 448
255760 448
255800 448
255840 448
255884 448
255924 448
255964 448
256008 448
256048 448
256092 448
256132 448
256172 448
256212 448
256252 448
256292 448
256332 448
256372 448
256416 448
256456 448
256496 448
256536 448
256576 448
256616 448
256656 448
256696 448
256740 448
256780 448
256820 448
256860 448
256900 448
256940 448
256980 448
257028 448
257068 448
257108 448
257148 448
257188 448
257232 448
257272 448
257312 448
257352 448
257392 448
257432 448
257472 448
257512 448
257556 448
257596 448
257636 448
257676 448
257716 448
257756 448
257796 448
257836 448
257880 448
257920 432
257960 448
258000 448
258048 448
258088 448
258128 448
258168 448
258208 448
258248 448
258288 448
258328 448
258372 448
258412 448
258452 448
258492 448
258532 448
258572 448
258612 448
258652 448
258696 448
258736 448
258776 448
258816 448
258856 448
258896 448
258936 448
258976 448
259020 448
259064 448
259104 448
259148 448
259188 448
259228 448
259268 448
259308 448
259348 448
259388 448
259428 448
259472 448
259512 448
259552 448
259592 448
259632 448
259672 448
259712 448
259752 448
259796 448
259836 448
259876 448
259916 448
259956 448
259996 448
260036 448
260084 448
260124 448
260164 448
260204 448
260244 448
260288 448
260328 448
260368 448
260408 448
260448 448
260488 448
260528 448
260568 448
260612 448
260652 448
260692 448
260732 448
260772 448
260812 448
260864 448
260904 448
260944 448
260984 448
261024 448
261064 448
261108 448
261148 448
261188 448
261228 448
261268 448
261308 448
261348 448
261388 448
261432 448
261472 448
261512 448
261552 448
261592 448
261632 448
261672 448
261712 448
261756 448
261796 448
261840 448
261880 448
261924 448
261964 448
262004 448
262044 448
262084 448
262124 448
262164 448
262204 448
262248 448
262288 448
262328 448
262368 448
262408 448
262448 448
262488 448
262528 448
262572 448
262612 448
262652 448
262692 448
262732 448
262772 448
262812 448
262852 448
262900 448
262940 448
262980 448
263024 448
263064 448
263104 448
263144 448
263184 448
263224 448
263264 448
263304 448
263348 448
263388 448
263428 448
263468 448
263508 448
263548 448
263588 448
263628 448
263672 448
263712 448
263752 448
263792 448
263832 448
263872 448
263916 448
263956 448
263996 448
264040 448
264080 448
264120 448
264160 448
264200 448
264240 448
264280 448
264320 448
264364 448
264404 448
264444 448
264484 448
264524 448
264564 448
264604 448
264644 448
264688 448
264728 448
264768 448
264808 448
264848 448
264888 448
264936 448
264976 448
265016 448
265056 448
265096 448
265140 448
265180 448
265220 448
265260 448
265300 448
265340 448
265380 448
265420 448
265464 448
265504 448
265544 448
265584 448
265624 448
265664 448
265704 448
265744 448
265788 448
265828 448
265868 432
265908 448
265956 448
265996 448
266036 448
266076 448
266116 448
266156 448
266196 448
266236 448
266280 448
266320 448
266360 448
266400 448
266440 448
266480 448
266520 448
266560 448
266604 448
266644 448
266684 448
266724 448
266764 448
266804 448
266844 448
266884 448
266928 448
266972 448
267012 448
267052 448
267096 448
267136 448
267176 448
267216 448
267256 448
267296 448
267336 448
267376 448
267420 448
267460 448
267500 448
267540 448
267580 448
267620 448
267660 448
267700 448
267744 448
267784 448
267824 448
267864 448
267904 448
267944 448
267992 448
268032 448
268072 448
268112 448
268152 448
268196 448
268236 448
268276 448
268316 448
268356 448
268396 448
268436 448
268476 448
268520 448
268560 448
268600 448
268640 448
268680 448
268720 448
268760 448
268800 448
268844 448
268884 448
268924 448
268964 448
269012 448
269052 448
269092 448
269132 448
269172 448
269212 448
269252 448
269292 448
269336 448
269376 448
269416 448
269456 448
269496 448
269536 448
269576 448
269616 448
269660 448
269700 448
269740 448
269780 448
269820 448
269860 448
269900 448
269940 448
269984 448
270028 448
270068 448
270108 448
270152 448
270192 448
270232 448
270272 448
270312 448
270352 448
270392 448
270432 448
270476 448
270516 448
270556 448
270596 448
270636 448
270676 448
270716 448
270756 448
270800 448
270840 448
270880 448
270920 448
270960 448
271000 448
271040 448
271084 448
271124 448
271168 448
271208 448
271248 448
271292 448
271336 448
271376 448
271420 448
271464 448
271504 448
271544 448
271584 448
271624 448
271664 448
271704 448
271744 448
271788 448
271828 448
271868 448
271908 448
271948 448
271988 448
272028 448
272068 448
272112 448
272152 448
272192 448
272232 448
272272 448
272312 448
272352 448
272392 448
272436 448
272480 448
272520 448
272560 448
272604 448
272644 448
272684 448
272724 448
272764 448
272804 448
272844 448
272884 448
272928 448
272968 448
273008 448
273048 448
273088 448
273128 448
273168 448
273208 448
273252 448
273292 448
273332 448
273372 448
273412 448
273452 448
273500 448
273540 448
273580 448
273620 448
273660 448
273704 448
273744 448
273784 448
273824 448
273864 448
273904 448
273944 448
273984 448
274028 448
274068 448
274108 448
274148 448
274188 448
274228 448
274268 448
274308 448
274352 448
274392 448
274432 448
274472 448
274520 448
274560 448
274600 448
274640 448
274680 448
274720 448
274760 448
274800 448
274844 448
274884 448
274924 448
274964 448
275004 448
275044 448
275084 448
275124 448
275168 448
275208 448
275248 448
275288 448
275328 448
275368 448
275408 448
275448 448
275492 448
275536 448
275576 448
275616 448
275660 448
275700 448
275740 448
275780 448
275820 448
275860 448
275900 448
275940 448
275984 448
276024 448
276064 448
276104 448
276144 448
276184 448
276224 448
276264 448
276308 448
276348 448
276388 448
276428 448
276468 448
276508 448
276556 448
276596 448
276636 448
276676 448
276716 448
276760 448
276800 448
276840 448
276880 448
276920 448
276960 448
277000 448
277040 448
277084 448
277124 448
277164 448
277204 448
277244 448
277284 448
277324 448
277364 448
277408 448
277448 448
277488 448
277528 448
277576 448
277616 448
277656 448
277696 448
277736 448
277776 448
277816 448
277856 448
277900 448
277940 448
277980 448
278020 448
278060 448
278100 448
278140 448
278180 448
278224 448
278264 448
278304 448
278344 448
278384 448
278424 448
278464 448
278504 448
278548 448
278592 448
278632 448
278672 448
278716 448
278756 448
278796 448
278836 448
278876 448
278916 448
278956 448
278996 448
279040 448
279080 448
279120 448
279160 448
279200 448
279240 448
279280 448
279320 448
279364 448
279404 448
279444 448
279484 448
279524 448
279564 448
279604 448
279652 448
279692 448
279732 448
279772 448
279816 448
279856 448
279896 448
279936 448
279976 448
280016 448
280056 448
280096 448
280140 448
280180 448
280220 448
280260 448
280300 448
280340 448
280380 448
280420 448
280464 448
280504 448
280544 448
280584 448
280624 448
280668 448
280708 448
280752 448
280792 448
280832 448
280872 448
280912 448
280952 448
280992 448
281032 448
281076 448
281116 448
281156 448
281196 448
281236 448
281276 448
281316 448
281356 448
281400 448
281440 448
281480 448
281520 448
281560 448
281600 448
281640 448
281688 448
281736 448
281776 448
281816 448
281856 448
281896 448
281936 448
281976 448
282020 448
282060 448
282100 448
282140 448
282180 448
282220 448
282260 448
282300 448
282348 448
282388 448
282428 448
282468 448
282512 448
282552 448
282592 448
282632 448
282672 448
282712 448
282752 448
282792 448
282836 448
282876 448
282916 448
282956 448
282996 448
283036 448
283076 448
283116 448
283160 448
283200 448
283240 448
283280 448
283320 448
283368 448
283408 448
283448 448
283488 448
283528 448
283568 448
283612 448
283652 448
283692 448
283732 448
283772 448
283812 448
283852 448
283892 448
283936 448
283976 448
284016 448
284056 448
284096 448
284136 448
284176 448
284216 448
284260 448
284300 448
284340 448
284384 448
284428 448
284468 448
284508 448
284548 448
284588 448
284628 448
284668 448
284708 448
284752 448
284792 448
284832 448
284872 448
284912 448
284952 448
284992 448
285032 448
285076 448
285116 448
285156 448
285196 448
285236 448
285276 448
285316 448
285356 448
285404 448
285444 448
285484 448
285524 448
285568 448
285608 448
285648 448
285688 448
285728 448
285768 448
285808 448
285848 448
285892 448
285932 448
285972 448
286012 448
286052 448
286092 448
286132 448
286172 448
286216 448
286256 448
286296 448
286336 448
286376 448
286424 448
286464 448
286504 448
286544 448
286584 448
286624 448
286668 448
286708 448
286748 448
286788 448
286828 448
286868 448
286908 448
286948 448
286992 448
287032 448
287072 448
287112 448
287152 448
287192 448
287232 384
287272 287
287316 224
287356 159
287396 112
287440 62
287484 31
287524 7
287564 0
287604 1
287644 15
287684 48
287724 79
287764 127
287808 192
287848 248
287888 312
287928 384
287968 448
288008 512
288048 575
288088 639
288132 704
288172 768
288212 775
288252 799
288292 824
288332 828
288372 824
288412 799
288456 768
288500 736
288540 688
288580 632
288624 572
288664 508
288704 448
288744 384
288784 316
288824 254
288864 195
288904 152
288948 112
288988 79
289028 60
289068 48
289108 48
289148 60
289188 78
289228 112
289272 143
289312 192
289352 252
289392 312
289432 384
289472 432
289520 504
289560 560
289600 608
289640 655
289680 704
289724 736
289764 768
289804 775
289844 780
289884 775
289924 768
289964 768
290004 704
290048 668
290088 624
290128 572
290168 512
290208 451
290248 391
290288 352
290328 286
290372 240
290412 192
290452 156
290492 126
290540 99
290580 96
290620 96
290660 96
290700 120
290740 135
290780 176
290820 224
290864 255
290904 316
290944 384
290984 415
291024 480
291064 527
291104 575
291144 624
291188 659
291228 704
291268 718
291308 736
291348 768
291388 768
291428 736
291468 711
291512 704
291556 639
291596 608
291636 568
291680 511
291720 455
291760 412
291800 368
291840 312
291880 255
291920 224
291960 192
292004 159
292044 135
292084 127
292124 126
292164 271
292208 240
292248 193
292288 167
292328 143
292368 127
292408 126
292448 127
292488 135
292532 158
292572 192
292612 224
292652 255
292692 295
292732 352
292772 398
292820 448
292860 496
292900 542
292940 575
292980 624
293024 647
293064 675
293104 704
293144 704
293184 704
293224 704
293264 704
293304 670
293348 639
293388 608
293428 572
293468 524
293508 480
293548 448
293588 385
293628 352
293672 304
293712 255
293752 240
293792 199
293836 192
293876 159
293916 159
293960 159
294000 167
294040 192
294080 199
294120 240
294160 255
294200 312
294240 352
294284 385
294324 448
294364 480
294404 513
294444 560
294484 588
294524 624
294564 639
294608 659
294648 671
294688 671
294728 671
294768 664
294808 639
294856 624
294896 590
294936 560
294976 519
295016 480
295056 448
295100 399
295140 368
295180 319
295220 287
295260 255
295300 240
295340 224
295380 193
295424 192
295464 192
295504 192
295544 206
295584 224
295624 252
295664 271
295704 312
295748 352
295788 384
295828 415
295876 463
295916 504
295956 536
295996 572
296036 608
296076 624
296116 636
296156 639
296200 639
296240 639
296280 639
296320 632
296360 608
296400 575
296440 551
296480 519
296524 496
296564 448
296604 414
296644 384
296684 352
296724 316
296764 284
296804 255
296848 240
296892 224
296932 224
296972 224
297016 224
297056 225
297096 248
297136 255
297176 287
297216 318
297256 352
297296 384
297340 415
297380 448
297420 481
297460 513
297500 543
297540 572
297580 591
297620 608
297664 624
297704 632
297744 632
297784 624
297824 608
297864 591
297912 572
297952 543
297992 512
298032 481
298072 448
298112 415
298156 384
298196 353
298236 319
298276 304
298316 280
298356 255
298396 252
298436 240
298480 240
298520 240
298560 252
298600 255
298640 271
298680 295
298720 319
298760 352
298804 384
298844 408
298884 448
298932 480
298972 508
299012 527
299052 550
299092 574
299132 583
299172 608
299212 608
299256 608
299296 608
299336 590
299376 575
299416 560
299456 536
299496 511
299536 481
299580 451
299620 432
299660 396
299700 384
299740 352
299780 319
299820 304
299860 284
299904 263
299948 255
299988 255
300028 255
300072 255
300112 271
300152 287
300192 312
300232 327
300272 352
300312 384
300352 408
300396 448
300436 460
300476 496
300516 511
300556 527
300596 543
300636 568
300676 575
300720 575
300760 575
300800 575
300840 574
300880 568
300920 543
300960 527
301004 508
301044 480
301084 455
301128 448
301168 403
301208 384
301248 353
301288 335
301328 318
301368 304
301408 287
301452 280
301492 271
301532 271
301572 280
301612 287
301652 304
301692 318
301732 334
301776 352
301816 384
301856 399
301896 423
301936 448
301976 480
302024 504
302064 515
302104 536
302144 543
302184 560
302224 568
302268 572
302308 568
302348 560
302388 543
302428 540
302468 519
302508 504
302548 480
302588 352
302632 332
302672 319
302712 312
302752 304
302792 295
302832 295
302872 304
302912 312
302956 318
302996 327
303036 352
303080 384
303124 384
303164 399
303204 423
303244 448
303284 463
303324 481
303364 504
303408 512
303448 527
303488 536
303528 543
303568 543
303608 543
303648 540
303688 527
303732 519
303772 510
303812 496
303852 480
303892 455
303932 448
303972 415
304012 398
304056 384
304100 384
304140 352
304180 332
304224 319
304264 318
304304 316
304344 316
304384 316
304424 319
304464 319
304504 352
304548 352
304588 384
304628 384
304668 399
304708 415
304748 448
304788 454
304828 480
304872 496
304912 504
304952 512
304992 519
305032 527
305072 527
305120 527
305160 524
305200 518
305240 511
305280 504
305320 496
305364 480
305404 451
305444 448
305484 415
305524 399
305564 385
305604 384
305644 368
305688 352
305728 352
305768 327
305808 319
305848 319
305888 319
305928 327
305968 335
306012 352
306052 353
306092 384
306136 384
306180 399
306220 415
306260 448
306300 448
306340 480
306380 480
306420 496
306464 504
306504 510
306544 512
306584 515
306624 515
306664 513
306704 511
306744 508
306788 504
306828 481
306868 480
306908 455
306948 448
306988 432
307028 412
307068 391
307112 384
307156 384
307196 368
307236 352
307280 352
307320 335
307360 335
307400 335
307440 352
307480 352
307520 352
307560 384
307604 384
307644 384
307684 399
307724 415
307764 432
307804 448
307844 455
307884 480
307928 480
307968 496
308008 504
308048 508
308088 510
308128 510
308168 508
308216 508
308256 504
308296 496
308336 480
308376 480
308420 451
308460 448
308500 432
308540 415
308580 399
308620 385
308660 384
308700 384
308744 368
308784 352
308824 352
308864 352
308904 352
308944 352
308984 352
309024 368
309068 384
309108 384
309148 385
309188 399
309232 415
309272 432
309316 448
309356 449
309396 463
309436 480
309476 480
309516 496
309556 496
309596 504
309640 504
309680 504
309720 496
309760 496
309800 480
309840 480
309880 463
309920 451
309964 448
310004 448
310044 415
310084 408
310124 391
310164 384
310204 384
310252 384
310292 384
310332 368
310372 353
310412 353
310456 368
310496 384
310536 384
310576 384
310616 384
310656 387
310696 399
310736 414
310780 419
310820 448
310860 448
310900 451
310940 463
310980 480
311020 480
311060 481
311104 496
311144 496
311184 496
311224 496
311272 480
311312 480
311352 480
311392 460
311432 449
311472 448
311512 448
311552 415
311596 412
311636 399
311676 391
311716 384
311756 384
311796 384
311836 384
311876 384
311920 384
311960 384
312000 384
312040 384
312080 384
312120 384
312160 391
312200 399
312244 414
312288 419
312328 448
312372 448
312412 449
312452 455
312492 480
312532 480
312572 480
312612 480
312652 480
312696 480
312736 480
312776 480
312816 480
312856 480
312896 455
312936 448
312976 448
