20 480
84 448
144 384
208 352
272 304
332 255
396 224
456 195
524 167
588 152
652 127
712 127
776 126
836 127
900 135
960 158
1024 192
1084 199
1148 240
1212 255
1272 304
1336 352
1396 384
1460 448
1528 480
1592 519
1652 572
1716 608
1776 639
1840 704
1900 736
1964 768
2028 775
2088 798
2152 816
2212 824
2276 830
2336 828
2400 824
2460 807
2532 792
2592 768
2656 768
2716 711
2780 678
2840 639
2904 608
2968 572
3028 519
3092 480
3152 448
3216 399
3276 384
3340 319
3400 287
3464 255
3528 240
3596 224
3656 193
3720 192
3780 192
3844 176
3908 192
3968 192
4032 195
4092 224
4156 240
4216 255
4280 287
4344 319
4404 384
4468 391
4528 448
4596 480
4660 513
4724 560
4784 591
4848 632
4908 655
4972 704
5032 711
5096 768
5156 768
5220 768
5284 775
5344 783
5408 783
5468 780
5532 768
5600 768
5664 768
5724 711
5788 704
5848 655
5912 632
5972 608
6036 568
6100 519
6160 496
6224 449
6284 415
6348 384
6408 352
6472 319
6532 287
6596 271
6664 254
6728 240
6788 224
6852 224
6912 224
6976 224
7040 224
7100 240
7164 254
7224 268
7288 287
7348 318
7412 352
7476 384
7536 408
7600 448
7668 480
7728 511
7792 543
7856 575
7916 608
7980 638
8040 664
8104 704
8164 704
8228 736
8288 768
8352 768
8416 768
8476 768
8540 768
8600 768
8668 736
8732 705
8796 704
8856 668
8920 638
8980 624
9044 575
9104 551
9168 519
9232 496
9292 455
9356 432
9416 398
9480 384
9540 352
9604 319
9664 304
9736 280
9796 263
9860 255
9920 254
9984 252
10044 254
10108 255
10172 255
10232 284
10296 291
10356 318
10420 335
10480 384
10544 384
10608 415
10668 448
10736 480
10800 510
10860 536
10924 568
10988 590
11048 624
11112 639
11172 655
11236 671
11296 704
11360 704
11420 707
11484 711
11548 711
11608 711
11672 704
11740 704
11800 675
11864 668
11928 639
11988 624
12052 608
12112 575
12176 543
12236 519
12300 496
12364 480
12424 448
12488 414
12548 384
12612 384
12672 352
12736 319
12804 316
12868 295
12928 287
12992 286
13052 284
13116 286
13176 287
13240 291
13304 312
13364 319
13428 335
13488 368
13552 384
13612 399
13676 419
13740 448
13808 480
13868 508
13932 527
13992 551
14056 575
14120 608
14180 624
14244 638
14304 652
14368 668
14428 671
14492 688
14552 704
14616 704
14680 640
14740 675
14808 670
14872 655
14932 639
14996 632
15060 608
15120 583
15184 568
15244 542
15308 513
15368 496
15432 480
15496 448
15556 419
15620 399
15680 384
15744 384
15804 352
15872 327
15936 319
16000 316
16060 312
16124 312
16188 316
16248 316
16312 319
16372 327
16436 352
16504 368
16564 384
16628 391
16692 415
16752 448
16816 455
16876 480
16940 508
17000 519
17064 543
17128 572
17188 583
17252 608
17312 624
17376 636
17436 639
17504 647
17568 655
17632 664
17692 664
17756 655
17816 654
17880 639
17940 638
18004 632
18068 608
18128 591
18192 575
18252 560
18316 536
18376 512
18440 496
18500 480
18572 448
18632 448
18696 412
18756 391
18820 384
18880 384
18944 352
19008 352
19068 352
19132 327
19192 327
19256 327
19316 335
19380 352
19444 352
19504 384
19572 384
19636 385
19696 408
19760 419
19824 448
19884 455
19948 480
20008 504
20072 515
20132 540
20196 560
20256 574
20320 583
20384 608
20444 624
20508 624
20568 636
20636 638
20700 639
20764 638
20824 638
20888 636
20948 632
21012 624
21072 608
21136 591
21200 575
21260 568
21324 543
21384 526
21448 511
21508 496
21572 480
21640 451
21704 448
21764 415
21828 401
21888 387
21952 384
22012 384
22076 384
22140 352
22200 352
22264 352
22324 352
22388 352
22448 384
22512 384
22576 384
22644 385
22704 399
22768 415
22828 448
22892 448
22956 463
23016 480
23080 504
23140 518
23204 527
23264 543
23328 568
23388 575
23452 583
23516 608
23576 608
23640 624
23708 624
23768 624
23832 624
23896 624
23956 609
24020 608
24080 608
24144 591
24204 575
24268 572
24332 551
24392 540
24456 519
24516 510
24580 496
24640 480
24708 455
24772 448
24836 448
24896 415
24960 411
25020 391
25084 384
25144 384
25208 384
25272 384
25332 384
25396 384
25456 384
25520 384
25580 384
25644 387
25712 399
25776 415
25836 419
25900 448
25960 449
26024 480
26088 480
26148 504
26212 511
26272 526
26336 540
26396 551
26460 568
26520 575
26584 575
26648 590
26708 608
26776 608
26840 608
26900 608
26964 608
27028 608
27088 591
27152 583
27212 575
27276 572
27336 560
27400 543
27464 529
27524 515
27588 508
27648 496
27712 480
27780 463
27844 448
27904 448
27968 432
28028 415
28092 408
28152 399
28216 391
28276 385
28340 384
28404 384
28464 384
28528 385
28588 385
28652 396
28712 399
28784 414
28844 419
28908 448
28968 448
29032 455
29092 480
29156 480
29220 504
29280 510
29344 519
29404 527
29468 543
29528 550
29592 568
29652 572
29716 575
29780 575
29844 583
29908 583
29972 583
30032 583
30096 575
30156 575
30220 574
30280 568
30344 560
30408 543
30468 540
30532 527
30592 513
30656 508
30716 496
30780 480
30848 480
30912 455
30972 448
31036 448
31096 432
31160 415
31220 415
31284 408
31348 399
31408 399
31472 399
31532 399
31596 399
31656 408
31720 412
31784 415
31852 423
31912 448
31976 448
32036 448
32096 455
32160 480
32220 480
32284 496
32344 504
32408 512
32472 519
32532 529
32596 543
32656 543
32720 560
32780 568
32844 572
32908 572
32976 575
33036 575
33100 575
33160 575
33224 572
33284 568
33348 560
33412 551
33472 543
33536 540
33596 524
33660 515
33720 508
33784 504
33848 480
33908 480
33976 480
34040 451
34100 448
34164 448
34228 448
34288 419
34352 415
34412 415
34476 414
34536 412
34600 412
34660 412
34724 415
34788 415
34848 419
34912 432
34972 448
35040 448
35104 449
35168 455
35228 480
35292 480
35352 496
35416 504
35476 510
35540 515
35604 526
35664 536
35728 543
35788 543
35852 551
35912 560
35976 568
36044 568
36108 568
36168 568
36232 568
36292 568
36356 560
36416 547
36480 543
36544 540
36604 527
36668 519
36728 512
36792 508
36852 496
36916 496
36980 480
37048 480
37108 455
37172 448
37232 448
37296 448
37360 448
37420 432
37484 419
37544 415
37608 415
37668 415
37732 415
37792 419
37856 432
37920 448
37980 448
38044 448
38108 448
38172 455
38236 480
38296 480
38360 480
38420 496
38484 504
38544 510
38608 513
38672 519
38732 527
38796 540
38856 543
38920 543
38980 547
39044 560
39112 560
39176 560
39236 560
39300 560
39360 551
39424 547
39484 543
39548 542
39608 536
39672 527
39736 518
39796 512
39860 508
39920 504
39984 496
40044 480
40116 480
40176 463
40240 455
40300 448
40364 448
40424 448
40488 448
40548 448
40612 448
40676 448
40736 448
40800 448
40860 448
40924 448
40984 448
41048 448
41112 448
41180 451
41240 460
41304 480
41364 480
41428 480
41492 496
41552 504
41616 510
41676 511
41740 519
41800 519
41864 527
41924 536
41988 542
42052 543
42112 543
42180 543
42244 543
42304 543
42368 543
42432 543
42492 542
42556 540
42616 527
42680 527
42740 519
42804 515
42868 510
42928 508
42992 496
43052 496
43116 480
43184 480
43248 480
43308 455
43372 451
43432 448
43496 448
43556 448
43620 448
43680 448
43744 448
43808 448
43868 448
43932 448
43992 448
44056 448
44116 448
44180 451
44248 455
44312 480
44372 480
44436 480
44496 481
44560 496
44624 504
44684 508
44748 511
44808 513
44872 519
44932 524
44996 527
45056 531
45120 540
45184 540
45252 542
45312 543
45376 542
45436 542
45500 540
45564 536
45624 529
45688 527
45748 519
45812 515
45872 512
45936 510
46000 504
46060 496
46124 496
46184 480
46252 480
46316 480
46380 480
46440 455
46504 455
46564 449
46628 448
46688 448
46752 448
46812 448
46876 448
46940 448
47000 448
47064 448
47124 448
47188 451
47248 455
47320 463
47380 480
47444 480
47504 480
47568 481
47628 496
47692 504
47756 504
47816 510
47880 512
47940 515
48004 519
48064 519
48128 526
48188 527
48252 527
48316 527
48376 527
48444 527
48508 527
48568 527
48632 526
48696 524
48756 519
48820 515
48880 512
48944 512
49004 508
49068 504
49132 504
49192 496
49256 496
49316 480
49380 480
49448 480
49512 480
49572 460
49636 455
49696 451
49760 451
49820 449
49884 448
49944 448
50008 448
50072 451
50132 451
50196 455
50256 455
50320 463
50380 480
50444 480
50512 480
50576 480
50636 496
50700 496
50760 496
50824 504
50888 508
50948 508
51012 511
51072 512
51136 515
51196 515
51260 519
51320 519
51384 527
51448 524
51516 527
51576 527
51640 524
51700 524
51764 519
51828 519
51888 513
51952 512
52012 510
52076 508
52136 504
52200 504
52264 496
52324 496
52388 480
52448 480
52516 480
52580 480
52644 480
52704 463
52768 462
52828 455
52892 512
52952 543
53016 568
53076 575
53140 575
53204 583
53264 583
53328 588
53388 588
53452 583
53512 583
53584 575
53644 575
53708 574
53768 572
53832 568
53892 568
53956 560
54020 560
54080 547
54144 543
54204 543
54268 543
54328 542
54392 542
54452 540
54516 540
54584 536
54648 536
54708 531
54772 527
54832 527
54896 527
54960 527
55020 527
55084 526
55144 526
55208 524
55268 526
55332 524
55396 519
55456 519
55520 519
55580 513
55648 519
55712 519
55776 519
55836 519
55900 519
55960 515
56024 515
56084 515
56148 515
56208 512
56272 513
56336 513
56396 513
56460 515
56520 513
56584 512
56652 512
56716 512
56776 512
56840 512
56900 512
56964 512
57024 512
57088 512
57152 511
57212 511
57276 511
57336 511
57400 511
57460 511
57524 511
57584 511
57656 511
57716 511
57780 511
57840 511
57904 510
57964 511
58028 511
58092 511
58152 510
58216 510
58276 510
58340 510
58400 510
58464 510
58528 510
58588 512
58652 510
58720 508
58780 510
58844 510
58908 510
58968 510
59032 512
59092 508
59156 510
59216 508
59280 510
59340 508
59404 510
59468 508
59528 510
59592 510
59652 510
59720 510
59784 508
59848 510
59908 508
59972 508
60032 508
60096 510
60156 508
60220 510
60284 508
60344 510
60408 510
60468 510
60532 510
60592 508
60656 510
60724 508
60788 510
60848 508
60912 510
60972 508
61036 508
61096 508
61160 508
61224 508
61284 508
61348 508
61408 508
61472 508
61532 508
61596 508
61660 508
61720 508
61784 508
61848 510
61912 508
61972 508
62036 508
62096 508
62160 508
62220 508
62284 508
62344 512
62408 508
62472 508
62532 508
62596 508
62656 508
62720 508
62788 508
62852 508
62912 508
62976 508
63036 508
63100 508
63160 508
63224 508
63284 508
63348 508
63412 508
63472 508
63536 508
63596 508
63660 508
63720 508
63792 508
63852 508
63916 508
63976 508
64040 508
64100 508
64160 508
64224 508
64284 508
64352 508
64416 511
64480 508
64540 508
64604 508
64664 508
64728 508
64788 508
64852 508
64916 508
64976 508
65040 508
65100 508
65164 508
65224 508
65288 510
65352 508
65420 508
65480 508
65544 508
65604 508
65668 508
65732 508
65792 508
65856 508
65916 508
65980 508
66040 508
66104 508
66164 508
66228 508
66292 508
66352 508
66420 508
66484 508
66544 508
66608 508
66672 508
66732 508
66796 508
66856 508
66920 508
66980 508
67044 508
67108 508
67168 508
67232 508
67292 508
67356 508
67424 508
67488 508
67548 508
67612 508
67672 508
67736 508
67796 508
67860 508
67920 508
67984 508
68048 508
68108 508
68172 508
68232 508
68296 508
68356 508
68420 508
68488 508
68552 508
68612 508
68676 508
68736 508
68800 508
68864 508
68924 508
68988 508
69048 508
69112 508
69172 508
69236 508
69296 508
69360 508
69424 508
69492 508
69552 510
69616 508
69676 508
69740 508
69804 508
69864 508
69928 508
69988 508
70052 508
70112 508
70176 508
70240 508
70300 508
70364 508
70424 508
70492 508
70556 508
70620 508
70680 508
70744 508
70804 508
70868 508
70928 508
70992 508
71052 508
71116 508
71180 508
71240 508
71304 508
71364 508
71428 508
71488 508
71560 508
71620 508
71684 508
71744 508
71808 508
71868 508
71932 508
71996 508
72056 508
72120 508
72180 508
72244 508
72304 508
72368 508
72428 508
72492 508
72560 508
72624 508
72684 508
72748 508
72808 508
72872 508
72936 508
72996 510
73060 508
73120 508
73184 508
73244 508
73308 508
73372 508
73432 508
73496 508
73556 508
73624 508
73688 508
73752 508
73812 508
73876 508
73936 508
74000 508
74060 508
74124 508
74184 508
74248 508
74312 508
74372 508
74436 508
74496 508
74560 508
74628 508
74692 508
74752 508
74816 508
74876 508
74940 508
75000 508
75064 508
75128 508
75188 508
75252 508
75312 508
75376 504
75436 508
75500 508
75560 508
75632 508
75692 508
75756 508
75816 508
75880 508
75940 508
76004 508
76068 508
76128 508
76192 508
76252 508
76316 508
76376 508
76440 508
76504 508
76564 510
76628 508
76696 508
76756 508
76820 508
76884 508
76944 508
77008 508
77068 508
77132 508
77192 508
77256 508
77316 508
77380 508
77444 508
77504 508
77568 508
77628 508
77696 508
77760 508
77824 508
77884 508
77948 508
78008 508
78072 508
78132 508
78196 508
78260 508
78320 508
78384 508
78444 510
78508 508
78568 508
78632 508
78700 508
78764 508
78824 508
78888 508
78948 508
79012 508
79072 508
79136 508
79200 508
79260 508
79324 508
79384 508
79448 508
79508 508
79572 508
79636 510
79696 508
79760 508
79824 508
79888 508
79948 508
80012 508
80072 508
80136 508
80196 508
80260 508
80324 508
80384 508
80448 508
80508 508
80576 508
80640 508
80700 508
80764 508
80828 508
80888 508
80952 508
81012 508
81076 508
81136 508
81200 508
81260 508
81324 508
81388 508
81448 508
81512 508
81572 508
81640 508
81704 508
81768 508
81828 508
81892 508
81952 508
82016 508
82076 508
82140 508
82200 508
82264 508
82328 508
82388 508
82452 508
82512 508
82576 508
82644 508
82708 508
82768 508
82832 508
82892 508
82956 508
83016 510
83080 508
83144 508
83204 508
83268 508
83328 508
83392 508
83452 508
83516 508
83576 508
83648 508
83708 508
83772 508
83832 508
83896 510
83956 508
84020 508
84084 508
84144 508
84208 508
84268 508
84332 508
84392 508
84456 508
84520 508
84580 508
84644 508
84712 510
84772 508
84836 508
84900 508
84960 508
85024 508
85084 510
85148 508
85208 508
85272 508
85332 508
85396 508
85460 508
85520 508
85584 508
85644 508
85712 508
85776 508
85840 508
85900 508
85964 508
86024 508
86088 508
86148 508
86212 508
86276 508
86336 508
86400 508
86460 508
86524 508
86584 508
86648 508
86716 508
86780 508
86840 508
86904 508
86964 508
87028 508
87088 508
87152 508
87216 508
87276 508
87340 508
87400 508
87464 508
87524 508
87588 508
87652 508
87712 508
87780 508
87844 508
87904 508
87968 508
88032 508
88092 508
88156 508
88216 508
88280 508
88340 508
88404 508
88464 508
88528 508
88592 508
88652 508
88716 508
88784 508
88844 508
88908 508
88972 508
89032 508
89096 508
89156 508
89220 508
89280 508
89344 508
89408 508
89468 508
89532 508
89592 508
89656 510
89716 508
89784 508
89848 508
89912 508
89972 508
90036 508
90096 508
90160 508
90220 508
90284 508
90348 508
90408 508
90472 508
90532 508
90596 508
90656 508
90720 508
90784 508
90852 508
90912 508
90976 508
91036 508
91100 508
91164 508
91224 508
91288 508
91348 508
91412 508
91472 508
91536 508
91596 508
91660 508
91724 508
91784 508
91852 508
91916 508
91976 508
92040 508
92104 508
92164 508
92228 508
92288 508
92352 508
92412 508
92476 508
92536 508
92600 508
92664 508
92724 508
92788 508
92848 508
92916 508
92980 508
93044 508
93104 508
93168 508
93228 508
93292 508
93352 508
93416 508
93480 508
93540 508
93604 508
93664 508
93728 508
93788 508
93852 508
93920 508
93984 508
94044 508
94108 508
94168 508
94232 508
94292 508
94356 508
94420 508
94480 508
94544 508
94604 508
94668 508
94728 508
94792 508
94856 508
94924 508
94984 508
95048 508
95108 508
95172 508
95236 508
95296 508
95360 508
95420 508
95484 510
95544 508
95608 508
95668 508
95732 508
95796 508
95856 508
95920 508
95988 508
96048 508
96112 508
96176 508
96240 508
96300 508
96364 508
96424 508
96488 508
96548 508
96612 508
96672 508
96736 508
96800 508
96860 508
96924 508
96992 508
97052 508
97116 508
97176 508
97240 508
97304 508
97364 508
97428 508
97488 508
97552 508
97612 508
97676 508
97740 508
97800 508
97864 508
97924 508
97988 508
98056 508
98116 508
98180 508
98244 508
98304 508
98368 508
98428 508
98492 508
98552 510
98616 508
98680 510
98740 508
98804 510
98864 508
98928 510
98988 508
99056 451
99120 412
99184 384
99244 319
99308 284
99368 248
99432 224
99492 192
99556 159
99620 143
99680 135
99744 127
99804 127
99868 135
99928 147
99992 163
100060 192
100124 224
100184 254
100248 287
100308 319
100372 384
100436 412
100496 449
100560 504
100620 542
100684 575
100744 632
100808 664
100868 704
100932 736
100996 768
101056 783
101124 799
101188 816
101248 824
101312 828
101376 824
101436 816
101500 799
101560 775
101624 768
101684 736
101748 704
101812 664
101872 632
101936 583
101996 543
102060 508
102128 460
102192 415
102252 384
102316 352
102376 312
102440 280
102500 254
102564 225
102624 206
102688 192
102752 192
102812 192
102876 192
102936 192
103000 192
103060 204
103132 240
103192 254
103256 284
103316 316
103380 352
103440 384
103504 415
103568 455
103628 496
103692 531
103752 572
103816 608
103876 639
103940 671
104000 704
104064 736
104128 768
104192 768
104256 769
104320 775
104380 782
104444 775
104504 769
104568 768
104628 768
104692 736
104756 704
104816 671
104880 639
104940 624
105004 575
105064 543
105128 508
105196 480
105260 448
105320 399
105384 384
105444 335
105508 312
105568 286
105632 255
105696 248
105756 240
105820 224
105880 224
105944 224
106004 224
106068 225
106132 248
106200 255
106260 284
106324 312
106384 327
106448 384
106512 390
106572 419
106636 455
106696 496
106760 519
106820 560
106884 583
106944 624
107008 639
107072 670
107132 704
107196 707
107264 736
107324 768
107388 768
107452 768
107512 768
107576 768
107636 736
107700 711
107760 704
107824 671
107888 647
107948 632
108012 608
108072 572
108136 540
108196 510
108264 480
108328 448
108392 415
108452 384
108516 368
108576 327
108640 316
108700 287
108764 280
108828 255
108888 255
108952 254
109012 254
109076 255
109136 255
109200 271
109268 287
109332 312
109392 319
109456 352
109516 384
109580 399
109644 448
109704 455
109768 496
109828 515
109892 543
109952 574
110016 608
110076 632
110140 639
110204 668
110264 679
110332 704
110396 704
110456 707
110520 711
110584 711
110644 704
110708 704
110768 704
110832 671
110892 655
110956 636
111020 609
111080 588
111144 568
111204 540
111268 510
111336 480
111400 449
111460 423
111524 399
111584 384
111648 352
111708 335
111772 319
111832 312
111896 295
111960 287
112020 286
112084 286
112144 287
112208 287
112268 312
112332 319
112392 352
112456 384
112516 384
112580 399
112648 448
112712 455
112772 481
112836 511
112896 536
112960 568
113020 575
113084 608
113148 632
113208 639
113272 655
113332 671
113396 671
113456 704
113520 704
113580 704
113652 688
113712 671
113776 668
113836 652
113900 639
113960 624
114024 608
114088 575
114148 560
114212 529
114272 511
114336 481
114396 460
114460 448
114524 415
114584 387
114648 384
114716 352
114776 352
114840 319
114904 318
114964 312
115028 312
115088 312
115152 312
115212 316
115276 319
115336 327
115400 352
115464 368
115524 384
115588 391
115648 415
115716 448
115780 455
115844 480
115904 508
115968 526
116028 543
116092 572
116152 588
116216 608
116280 624
116340 638
116404 639
116464 654
116528 655
116588 664
116652 664
116712 655
116784 652
116844 639
116908 636
116968 624
117032 608
117092 583
117156 572
117220 543
117280 527
117344 510
117404 496
117468 480
117528 448
117592 423
117656 408
117716 387
117784 384
117848 384
117908 352
117972 352
118036 332
118096 327
118160 327
118220 327
118284 334
118344 352
118408 352
118468 384
118532 384
118596 387
118656 408
118720 423
118788 448
118848 480
118912 496
118976 508
119036 524
119100 543
119160 568
119224 575
119284 591
119348 608
119412 624
119472 632
119536 638
119596 639
119660 639
119720 639
119784 639
119852 636
119916 632
119976 624
120040 608
120100 591
120164 575
120224 568
120288 543
120352 526
120412 510
120476 496
120536 480
120600 449
120660 448
120724 415
120788 399
120856 385
120916 384
120980 384
121040 384
121104 352
121168 352
121228 352
121292 352
121352 352
121416 384
121476 384
121540 384
121600 387
121664 399
121728 415
121788 448
121856 448
121920 480
121980 480
122044 508
122108 515
122168 536
122232 547
122292 572
122356 575
122416 591
122480 608
122544 608
122604 624
122668 624
122728 632
122792 624
122852 624
122924 624
122984 608
123048 608
123108 591
123172 575
123232 572
123296 547
123356 540
123420 519
123484 508
123544 496
123608 480
123668 455
123732 448
123792 432
123856 415
123924 399
123988 387
124048 384
124112 384
124172 384
124236 384
124300 384
124360 384
124424 384
124484 384
124548 384
124608 391
124672 399
124732 415
124796 432
124860 448
124928 451
124988 480
125052 496
125112 508
125176 512
125240 527
125300 543
125364 560
125424 572
125488 575
125548 583
125612 608
125676 608
125736 608
125800 608
125860 608
125924 608
125988 608
126052 608
126116 583
126176 575
126240 572
126300 560
126364 543
126424 531
126488 515
126548 508
126612 496
126676 480
126736 462
126800 448
126860 448
126924 423
126992 415
127056 399
127116 398
127180 387
127240 385
127304 384
127364 384
127428 384
127488 385
127552 391
127616 396
127676 401
127740 415
127800 419
127864 448
127924 448
127996 455
128056 480
128120 496
128180 504
128244 511
