20 480
60 448
104 415
148 384
188 352
232 319
272 304
316 271
356 252
400 224
448 199
492 192
532 167
576 158
616 143
660 135
700 127
744 127
784 127
828 127
872 127
912 143
956 156
996 163
1040 192
1080 199
1124 224
1168 248
1208 255
1252 287
1292 318
1336 352
1376 384
1420 399
1468 448
1512 480
1552 504
1596 527
1636 560
1680 585
1720 624
1764 639
1808 670
1848 704
1892 711
1932 768
1976 768
2016 771
2060 792
2100 799
2144 816
2188 828
2228 830
2272 830
2312 831
2356 830
2396 828
2440 824
2488 799
2532 798
2572 775
2616 768
2656 768
2700 736
2744 704
2784 675
2828 654
2868 632
2912 608
2952 575
2996 543
3036 515
3080 496
3124 460
3164 448
3208 408
3248 384
3292 353
3332 327
3376 312
3420 286
3460 255
3508 248
3552 225
3592 224
3636 199
3680 192
3720 192
3764 192
3804 192
3848 192
3888 192
3932 192
3972 192
4016 192
4060 206
4100 224
4144 240
4184 252
4228 263
4268 287
4312 316
4356 327
4396 353
4440 384
4480 408
4528 448
4572 460
4616 496
4656 513
4700 542
4740 568
4784 590
4824 624
4868 639
4908 655
4952 679
4996 704
5036 711
5080 736
5120 768
5164 768
5204 768
5248 771
5292 775
5332 782
5376 783
5416 782
5460 775
5500 771
5544 768
5592 768
5636 768
5676 736
5720 711
5760 704
5804 671
5844 655
5888 638
5932 624
5972 591
6016 572
6056 543
6100 519
6140 504
6184 480
6228 448
6268 419
6312 399
6352 384
6396 353
6436 334
6480 318
6520 295
6564 284
6608 255
6652 254
6696 248
6736 240
6780 224
6820 224
6864 224
6904 224
6948 224
6992 224
7032 224
7076 240
7116 240
7160 252
7200 255
7244 271
7284 287
7328 312
7372 319
7412 352
7456 384
7496 385
7540 412
7580 448
7628 455
7672 480
7716 508
7756 527
7800 543
7840 572
7884 591
7924 608
7968 636
8012 639
8052 668
8096 688
8136 704
8180 705
8220 718
8264 736
8304 768
8348 768
8392 768
8432 768
8476 768
8516 768
8560 768
8600 768
8652 736
8692 711
8736 704
8776 704
8820 671
8860 664
8904 639
8944 632
8988 608
9032 583
9072 572
9116 543
9156 526
9200 508
9240 480
9284 462
9328 448
9368 415
9412 399
9452 384
9496 384
9536 352
9580 327
9620 316
9672 304
9712 287
9756 275
9796 263
9840 255
9880 255
9924 254
9968 252
10008 254
10052 255
10092 255
10136 255
10176 255
10220 271
10260 287
10304 295
10348 316
10388 319
10432 352
10472 368
10516 384
10556 391
10600 414
10644 448
10692 451
10732 480
10776 496
10816 512
10860 536
10900 560
10944 575
10984 591
11028 608
11068 632
11112 639
11152 654
11196 670
11244 679
11288 704
11328 704
11372 704
11412 705
11456 711
11496 711
11540 711
11584 711
11624 707
11668 704
11708 704
11752 704
11792 675
11836 670
11880 655
11920 639
11964 632
12004 609
12048 608
12088 575
12132 568
12172 543
12216 524
12264 508
12308 481
12348 463
12392 448
12432 448
12476 412
12520 391
12560 384
12604 384
12644 352
12688 335
12728 319
12772 318
12816 312
12856 295
12900 287
12940 286
12984 284
13024 284
13068 284
13108 284
13152 286
13196 287
13236 287
13284 312
13328 318
13368 319
13412 335
13456 352
13496 384
13540 384
13580 387
13624 408
13664 423
13708 448
13752 455
13792 480
13836 496
13876 511
13920 527
13960 543
14004 568
14044 575
14088 588
14132 608
14172 624
14216 636
14256 639
14304 639
14348 655
14392 670
14432 671
14476 675
14516 688
14560 688
14600 688
14644 679
14688 675
14728 671
14772 671
14812 664
14856 655
14896 639
14940 638
14980 632
15024 609
15068 608
15108 583
15152 572
15192 560
15236 540
15276 519
15328 508
15368 496
15412 480
15452 455
15496 448
15536 423
15580 412
15624 391
15664 384
15708 384
15748 256
15792 352
15832 335
15876 327
15916 319
15960 318
16004 316
16044 316
16088 312
16128 312
16172 312
16212 316
16256 316
16300 319
16348 319
16388 327
16432 352
16472 352
16516 384
16560 384
16600 384
16644 399
16684 414
16728 432
16768 448
16812 455
16852 480
16896 496
16940 508
16980 513
17024 527
17064 543
17108 568
17148 575
17192 583
17236 608
17276 608
17320 624
17368 632
17408 638
17452 639
17496 639
17536 647
17580 655
17620 655
17664 655
17704 655
17748 655
17788 652
17832 639
17876 639
17916 639
17960 632
18000 624
18044 608
18084 608
18128 588
18172 575
18212 568
18256 551
18296 540
18340 521
18388 510
18428 496
18472 480
18516 480
18556 451
18600 448
18640 432
18684 415
18724 399
18768 387
18812 384
18852 384
18896 384
18936 352
18980 352
19020 352
19064 352
19104 335
19148 334
19192 334
19232 332
19276 335
19316 352
19360 352
19408 352
19452 352
19492 384
19536 384
19576 384
19620 385
19660 398
19704 412
19748 419
19788 448
19832 448
19872 455
19916 480
19956 496
20000 504
20040 512
20084 524
20128 540
20168 543
20212 568
20252 574
20296 575
20336 591
20380 608
20424 608
20472 624
20512 624
20556 632
20596 636
20640 638
20684 638
20724 639
20768 638
20808 638
20852 636
20892 636
20936 632
20976 624
21020 624
21064 608
21104 608
21148 588
21188 575
21232 572
21272 560
21316 543
21360 536
21400 519
21444 510
21492 504
21532 496
21576 480
21620 460
21660 448
21704 448
21744 423
21788 415
21832 408
21876 391
21916 384
21960 384
22000 384
22044 384
22084 384
22128 384
22168 352
22212 352
22256 352
22296 352
22340 352
22380 352
22424 368
22464 368
22508 384
22552 384
22592 384
22640 385
22684 391
22724 399
22768 414
22808 419
22852 448
22896 448
22936 455
22980 480
23020 480
23064 496
23104 508
23148 512
23192 524
23232 527
23276 543
23316 560
23360 568
23400 575
23444 575
23484 591
23528 608
23572 608
23612 608
23656 609
23704 624
23744 624
23788 624
23832 624
23872 624
23916 624
23956 624
24000 608
24040 608
24084 608
24128 608
24168 583
24212 575
24252 572
24296 568
24336 551
24380 543
24420 536
24464 519
24508 512
24548 504
24592 496
24632 480
24676 480
24720 455
24764 448
24808 448
24848 432
24892 415
24932 412
24976 399
25016 391
25060 387
25100 384
25144 384
25188 384
25228 384
25272 384
25312 384
25356 384
25396 384
25440 384
25484 384
25524 384
25568 384
25608 384
25652 387
25692 391
25740 401
25784 414
25828 419
25868 448
25912 448
25952 448
25996 455
26036 480
26080 480
26124 496
26164 504
26208 510
26248 515
26292 527
26332 540
26376 543
26420 560
26460 568
26504 574
26544 575
26588 582
26628 588
26672 608
26712 608
26764 608
26804 608
26848 608
26888 608
26932 608
26972 608
27016 608
27060 608
27100 608
27144 588
27184 583
27228 575
27268 574
27312 568
27356 560
27396 547
27440 542
27480 529
27524 519
27564 512
27608 508
27648 504
27692 496
27736 480
27784 480
27824 455
27868 448
27908 448
27952 448
27996 423
28036 415
28080 412
28120 403
28164 399
28204 391
28248 387
28292 385
28332 384
28376 384
28416 384
28460 384
28500 384
28544 385
28584 387
28628 391
28672 396
28712 399
28756 408
28804 415
28844 415
28888 448
28932 448
28972 448
29016 449
29056 460
29100 480
29140 480
29184 496
29228 496
29268 508
29312 512
29352 519
29396 527
29436 540
29480 543
29520 547
29564 560
29608 568
29648 574
29692 575
29732 575
29776 575
29824 583
29868 583
29908 590
29952 588
29992 583
30036 583
30076 583
30120 583
30160 575
30204 575
30248 575
30288 572
30332 568
30372 560
30416 547
30456 543
30500 540
30544 527
30584 519
30628 511
30668 508
30712 504
30752 496
30796 480
30844 480
30888 460
30928 451
30972 448
31012 448
31056 448
31096 432
31140 415
31184 415
31224 414
31268 408
31308 403
31352 399
31392 398
31436 396
31480 391
31520 396
31564 399
31604 399
31648 399
31688 401
31732 408
31772 412
31816 415
31864 419
31908 432
31948 448
31992 448
32032 448
32076 454
32120 463
32160 480
32204 480
32244 496
32288 496
32328 504
32372 511
32416 515
32456 519
32500 527
32540 540
32584 543
32624 547
32672 547
32716 560
32756 568
32800 568
32844 572
32884 574
32928 575
32968 575
33012 575
33052 575
33096 575
33140 575
33180 574
33224 572
33264 572
33308 568
33348 560
33392 560
33440 547
33484 543
33524 540
33568 527
33608 526
33652 515
33692 512
33736 508
33780 504
33820 496
33864 481
33904 480
33948 480
33988 463
34032 455
34076 448
34116 448
34160 448
34200 448
34244 448
34284 432
34328 419
34368 415
34412 415
34460 415
34504 414
34544 414
34588 415
34628 414
34672 414
34716 415
34756 415
34800 415
34840 419
34884 432
34924 448
34968 448
35012 448
35052 448
35096 448
35136 455
35180 463
35220 480
35264 480
35304 480
35348 496
35392 504
35432 508
35480 511
35524 515
35564 519
35608 527
35652 529
35692 540
35736 543
35776 543
35820 551
35860 560
35904 560
35948 560
35988 568
36032 568
36072 568
36116 568
36156 568
36200 568
36240 568
36284 560
36328 560
36368 560
36412 550
36452 543
36500 543
36544 540
36588 529
36628 527
36672 519
36712 515
36756 511
36796 508
36840 504
36884 496
36924 496
36968 480
37008 480
37052 480
37092 460
37136 455
37176 448
37220 448
37264 448
37304 448
37348 448
37388 448
37432 432
37472 423
37524 423
37564 419
37608 415
37648 415
37692 415
37732 419
37776 423
37820 423
37860 432
37904 448
37944 448
37988 448
38028 448
38072 448
38112 448
38156 451
38200 455
38240 480
38284 480
38324 480
38368 481
38408 496
38452 496
38496 504
38544 510
38584 512
38628 515
38668 519
38712 527
38756 527
38796 536
38840 542
38880 543
38924 543
38964 547
39008 551
39048 551
39092 551
39136 560
39176 560
39220 560
39260 560
39304 551
39344 551
39388 547
39432 543
39472 543
39516 543
39564 540
39604 531
39648 527
39688 524
39732 519
39776 512
39816 511
39860 508
39900 504
39944 504
39984 496
40028 481
40072 480
40112 480
40156 480
40196 462
40240 455
40280 451
40324 448
40364 448
40408 448
40452 448
40492 448
40536 448
40576 448
40624 448
40668 448
40712 432
40752 448
40796 448
40836 448
40880 448
40920 448
40964 448
41008 448
41048 448
41092 448
41132 448
41176 451
41216 455
41260 460
41300 480
41344 480
41388 480
41428 481
41472 496
41512 496
41556 504
41596 508
41648 510
41688 512
41732 515
41772 519
41816 527
41856 527
41900 536
41944 540
41984 540
42028 543
42068 543
42112 543
42152 543
42196 543
42236 543
42280 543
42324 543
42364 543
42408 543
42448 543
42492 536
42532 540
42576 536
42620 527
42664 527
42708 521
42752 518
42792 513
42836 511
42876 510
42920 508
42960 504
43004 496
43044 496
43088 480
43132 480
43172 480
43216 480
43256 480
43300 455
43340 455
43384 451
43428 448
43468 448
43512 448
43560 448
43604 448
43644 448
43688 448
43732 448
43772 448
43816 448
43856 448
43900 448
43940 448
43984 448
44028 448
44068 448
44112 448
44160 448
44200 451
44244 455
44288 463
44328 480
44372 480
44412 480
44456 480
44496 481
44540 496
44580 496
44624 504
44668 508
44708 508
44752 510
44792 512
44836 515
44876 519
44920 524
44964 527
45004 527
45048 529
45088 536
45132 540
45172 540
45224 542
45264 542
45308 542
45348 543
45392 543
45432 542
45476 540
45516 536
45560 536
45604 527
45644 527
45688 527
45728 524
45772 519
45812 513
45856 512
45900 511
45940 508
45984 508
46024 504
46068 496
46108 496
46152 481
46192 480
46244 480
46284 480
46328 480
46368 463
46412 460
46452 455
46496 455
46540 451
46580 448
46624 448
46664 448
46708 448
46748 448
46792 448
46836 448
46876 448
46920 448
46960 448
47004 448
47044 448
47088 448
47128 449
47172 451
47216 455
47260 455
47304 463
47348 480
47388 480
47432 480
47472 480
47516 480
47556 496
47600 496
47644 496
47684 504
47728 504
47768 508
47812 510
47852 511
47896 512
47936 515
47980 515
48024 519
48064 526
48108 527
48148 527
48192 527
48232 531
48284 536
48324 536
48368 536
48408 536
48452 536
48492 536
48536 536
48580 527
48620 527
48664 527
48704 527
48748 519
48788 519
48832 515
48872 513
48916 512
48960 510
49000 508
49044 504
49084 504
49128 496
49168 496
49212 496
49256 481
49304 480
49344 480
49388 480
49428 480
49472 480
49516 463
49556 459
49600 455
49640 455
49684 451
49724 451
49768 449
49808 448
49852 448
49896 448
49936 448
49980 448
50020 448
50064 449
50104 449
50148 451
50192 455
50232 455
50276 455
50324 462
50364 480
50408 480
50452 480
50492 480
50536 480
50576 480
50620 481
50660 496
50704 496
50744 496
50788 504
50832 504
50872 508
50916 508
50956 511
51000 511
51040 512
51084 515
51128 515
51168 519
51212 519
51252 519
51296 524
51344 526
51384 526
51428 526
51472 527
51512 526
51556 526
51596 524
51640 521
51680 519
51724 519
51768 515
51808 515
51852 513
51892 512
51936 511
51976 510
52020 508
52060 504
52104 504
52148 504
52188 496
52232 496
52272 496
52316 481
52364 480
52408 480
52448 480
52492 480
52532 480
52576 480
52616 463
52660 462
52704 460
52744 455
52788 455
52828 496
52872 515
52912 542
52956 560
52996 568
53040 574
53084 575
53124 575
53168 583
53208 588
53252 588
53292 590
53336 588
53384 583
53428 583
53468 583
53512 575
53552 575
53596 575
53640 575
53680 574
53724 572
53764 572
53808 568
53848 568
53892 560
53932 551
53976 551
54020 551
54060 547
54104 543
54144 543
54188 543
54228 542
54272 542
54316 542
54356 542
54404 540
54448 542
54488 540
54532 536
54572 536
54616 536
54660 529
54700 536
54744 531
54784 529
54828 527
54868 527
54920 527
54960 527
55004 527
55044 527
55088 527
55128 524
55172 521
55212 526
55256 524
55300 524
55340 519
55384 519
55424 519
55468 519
55508 519
55552 519
55596 519
55636 515
55680 519
55720 519
55764 519
55804 519
55848 515
55888 515
55940 515
55980 515
56024 515
56064 515
56108 515
56148 515
56192 513
56236 512
56276 513
56320 513
56360 513
56404 513
56444 513
56488 513
56532 513
56572 512
56616 512
56656 512
56700 512
56740 513
56784 512
56824 512
56868 512
56912 512
56956 512
57000 512
57044 515
57084 512
57128 512
57168 512
57212 511
57252 512
57296 512
57340 512
57380 512
57424 511
57464 511
57508 511
57548 512
57592 512
57632 511
57676 511
57720 512
57760 511
57804 511
57844 512
57888 511
57928 511
57980 511
58020 511
58064 511
58104 511
58148 511
58188 511
58232 511
58276 511
58316 511
58360 511
58400 511
58444 510
58484 510
58528 511
58568 511
58612 511
58656 510
58696 511
58740 510
58780 510
58824 511
58864 511
58908 510
58952 510
59000 510
59040 511
59084 510
59124 510
59168 510
59212 510
59252 510
59296 510
59336 510
59380 510
59420 510
59464 510
59504 510
59548 510
59592 510
59632 510
59676 510
59716 510
59760 510
59800 510
59844 510
59888 510
59928 508
59972 510
60020 510
60060 510
60104 508
60148 510
60188 510
60232 510
60272 510
60316 508
60356 510
60400 508
60440 510
60484 508
60528 510
60568 508
60612 510
60652 508
60696 508
60736 508
60780 508
60824 508
60864 510
60908 508
60948 508
60992 508
61040 510
61084 508
61124 508
61168 508
61208 508
61252 508
61292 508
61336 508
61376 508
61420 508
61464 508
61504 508
61548 508
61588 508
61632 508
61672 508
61716 508
61760 508
61800 508
61844 508
61884 508
61928 508
61968 508
62012 508
62060 510
62104 508
62144 508
62188 508
62228 508
62272 508
62312 508
62356 508
62400 508
62440 508
62484 508
62524 508
62568 508
62608 508
62652 508
62696 508
62736 508
62780 508
62820 508
62864 508
62904 508
62948 508
62988 508
63032 508
63080 508
63124 508
63164 508
63208 508
63248 508
63292 508
63336 508
63376 508
63420 508
63460 508
63504 508
63544 508
63588 508
63628 508
63672 508
63716 508
63756 508
63800 508
63840 508
63884 508
63924 508
63968 508
64012 508
64052 508
64100 508
64144 508
64184 508
64228 508
64272 508
64312 508
64356 508
64396 508
64440 508
64480 508
64524 508
64564 508
64608 508
64652 508
64692 508
64736 508
64776 510
64820 508
64860 508
64904 508
64948 508
64988 508
65032 508
65072 508
65120 508
65164 508
65208 508
65248 508
65292 508
65336 508
65376 508
65420 508
65464 508
65504 508
65548 508
65588 508
65632 508
65672 508
65716 508
65760 508
65800 508
65844 508
65884 508
65928 511
65968 508
66012 508
66052 508
66096 508
66140 508
66180 508
66224 508
66272 508
66312 508
66356 508
66400 508
66440 508
66484 508
66524 508
66568 508
66608 508
66652 508
66696 508
66736 508
66780 508
66820 508
66864 508
66904 508
66948 508
66988 508
67032 508
67076 508
67116 508
67160 508
67200 508
67244 508
67292 508
67336 508
67376 508
67420 508
67460 508
67504 508
67544 510
67588 508
67632 508
67672 508
67716 508
67756 508
67800 510
67840 510
67884 510
67924 508
67968 508
68012 508
68052 508
68096 508
68136 508
68180 508
68220 508
68264 508
68312 508
68356 508
68396 508
68440 508
68480 508
68524 508
68568 508
68608 508
68652 508
68692 508
68736 508
68776 508
68820 508
68860 508
68904 510
68948 508
68988 508
69032 508
69072 508
69116 508
69156 508
69200 508
69244 508
69284 508
69332 508
69376 508
69416 510
69460 508
69504 508
69544 508
69588 508
69628 508
69672 508
69712 508
69756 508
69796 508
69840 508
69884 508
69924 508
69968 508
70008 508
70052 508
70092 508
70136 508
70180 508
70220 508
70264 508
70304 508
70352 508
70396 508
70440 508
70480 508
70524 508
70564 508
70608 508
70648 508
70692 508
70732 508
70776 508
70820 508
70860 508
70904 508
70944 508
70988 508
71028 508
71072 508
71116 508
71156 508
71200 508
71240 508
71284 508
71324 508
71372 508
71416 508
71460 508
71500 508
71544 508
71584 508
71628 508
71668 508
71712 508
71756 508
71796 508
71840 508
71880 508
71924 508
71964 508
72008 508
72052 508
72092 508
72136 508
72176 508
72220 508
72260 508
72304 508
72344 508
72396 508
72436 508
72480 508
72520 508
72564 508
72604 508
72648 508
72692 508
72732 508
72776 508
72816 508
72860 508
72900 508
72944 508
72988 508
73028 508
73072 508
73112 508
73156 508
73196 508
73240 508
73280 508
73324 508
73368 508
73416 508
73456 508
73500 508
73540 508
73584 508
73628 508
73668 508
73712 508
73752 508
73796 508
73836 508
73880 508
73924 508
73964 508
74008 508
74048 508
74092 508
74132 508
74176 508
74216 508
74260 508
74304 508
74344 508
74388 508
74428 508
74476 508
74520 508
74564 508
74604 508
74648 508
74688 508
74732 508
74772 508
74816 508
74860 508
74900 508
74944 508
74984 508
75028 508
75068 508
75112 508
75152 508
75196 508
75240 508
75280 508
75324 508
75364 508
75408 508
75448 508
75500 508
75540 508
75584 508
75624 508
75668 508
75708 508
75752 508
75796 508
75836 508
75880 508
75920 508
75964 508
76004 508
76048 508
76088 508
76132 508
76176 508
76216 508
76260 508
76300 508
76352 508
76392 508
76436 508
76476 508
76520 508
76560 508
76604 508
76648 508
76688 508
76732 508
76772 508
76816 508
76856 508
76900 508
76944 508
76984 508
77028 508
77068 508
77112 508
77152 508
77196 508
77236 508
77280 508
77324 508
77372 508
77412 508
77456 508
77496 508
77540 508
77584 508
77624 508
77668 508
77708 508
77752 508
77792 508
77836 508
77880 508
77920 508
77964 508
78004 508
78048 508
78088 508
78132 508
78172 508
78216 508
78260 508
78300 508
78344 508
78392 508
78432 508
78476 508
78520 508
78560 508
78604 508
78644 508
78688 508
78728 508
78772 508
78816 508
78856 508
78900 508
78940 508
78984 508
79024 508
79068 508
79108 508
79152 508
79196 508
79236 508
79280 508
79320 508
79364 508
79412 508
79456 508
79496 508
79540 508
79580 508
79624 508
79664 508
79708 508
79752 508
79792 508
79836 508
79876 508
79920 508
79960 508
80004 508
80044 508
80088 508
80132 508
80172 508
80216 508
80256 508
80300 508
80340 508
80384 508
80428 508
80476 508
80516 508
80560 508
80600 508
80644 508
80688 508
80728 508
80772 508
80812 508
80856 508
80896 508
80940 508
80980 508
81024 508
81068 508
81108 508
81152 508
81192 508
81236 508
81276 508
81320 508
81364 508
81404 508
81448 508
81496 508
81536 508
81580 508
81624 508
81664 508
81708 508
81748 508
81792 508
81832 508
81876 508
81916 508
81960 508
82004 508
82044 508
82088 508
82128 508
82172 508
82212 508
82256 508
82300 508
82340 508
82384 508
82424 508
82468 508
82512 508
82556 508
82600 508
82640 508
82684 508
82724 508
82768 508
82808 508
82852 508
82892 508
82936 508
82980 508
83020 508
83064 508
83104 508
83148 508
83188 508
83232 508
83276 508
83316 508
83360 508
83400 508
83444 508
83484 508
83532 508
83576 508
83620 508
83660 508
83704 508
83744 508
83788 508
83828 508
83872 508
83916 508
83956 508
84000 508
84040 508
84084 508
84124 508
84168 508
84208 508
84252 508
84296 508
84336 508
84380 508
84420 508
84464 508
84504 508
84556 508
84596 508
84640 508
84680 508
84724 508
84764 508
84808 508
84852 508
84892 508
84936 508
84976 508
85020 508
85060 508
85104 508
85144 508
85188 508
85232 508
85272 508
85316 508
85356 508
85400 508
85440 508
85484 508
85528 508
85576 508
85616 508
85660 508
85700 508
85744 508
85788 508
85828 508
85872 508
85912 508
85956 510
85996 508
86040 508
86080 508
86124 508
86168 508
86208 508
86252 508
86292 508
86336 508
86376 508
86420 508
86464 508
86504 508
86548 508
86596 508
86636 508
86680 508
86720 510
86764 508
86808 508
86848 508
86892 508
86932 508
86976 508
87016 508
87060 508
