#62.657547630679041	2.4824681692986204
20 455
80 384
148 287
212 224
276 159
336 112
400 71
460 56
524 48
584 60
648 78
708 120
772 159
836 224
896 291
960 384
1020 448
1084 527
1144 609
1216 704
1276 768
1340 803
1400 864
1464 896
1524 903
1588 903
1648 897
1712 896
1776 831
1836 783
1900 768
1960 664
2024 608
2084 515
2148 448
2216 384
2280 287
2340 240
2404 192
2464 135
2528 112
2592 96
2652 96
2716 112
2776 126
2840 159
2900 207
2964 255
3024 319
3088 391
3152 480
3220 543
3280 624
3344 671
3404 768
3468 783
3532 824
3592 864
3656 864
3716 864
3780 864
3840 831
3904 796
3968 768
4028 704
4092 638
4152 574
4216 508
4280 448
4344 384
4408 312
4468 254
4532 204
4592 167
4656 143
4716 127
4780 127
4840 135
4904 163
4968 195
5028 248
5092 287
5152 352
5216 415
5284 496
5348 547
5408 608
5472 670
5532 718
5596 768
5656 798
5720 824
5780 830
5844 830
5908 824
5968 796
6032 768
6092 716
6156 670
6216 609
6288 543
6348 496
6412 419
6472 384
6536 316
6596 255
6660 224
6724 193
6784 192
6848 159
6908 167
6972 192
7032 204
7096 240
7156 280
7220 319
7284 384
7352 448
7412 504
7476 560
7536 624
7600 664
7664 705
7724 768
7788 768
7848 783
7912 798
7972 796
8036 775
8100 768
8160 736
8224 688
8284 639
8352 575
8416 526
8480 480
8540 415
8604 384
8664 318
8728 271
8788 248
8852 224
8912 199
8976 192
9040 195
9100 224
9164 240
9224 255
9288 312
9356 353
9420 403
9480 455
9544 511
9604 568
9668 608
9728 652
9792 704
9856 736
9916 768
9980 768
10040 768
10104 768
10164 768
10228 736
10288 704
10352 655
10420 608
10484 568
10544 512
10608 462
10668 414
10732 384
10796 327
10856 287
10920 255
10980 248
11044 225
11104 224
11168 225
11232 248
11292 255
11356 295
11424 335
11484 384
11548 419
11612 480
11672 515
11736 568
11796 608
11860 639
11920 679
11984 704
12044 736
12108 768
12172 768
12232 768
12296 719
12356 704
12424 664
12488 636
12552 583
12612 543
12676 504
12736 451
12800 412
12860 384
12924 335
12988 304
13048 284
13112 255
13172 255
13236 252
13296 255
13360 268
13420 291
13492 319
13552 368
13616 399
13676 448
13740 480
13800 519
13864 572
13928 608
13988 639
14052 664
14112 704
14176 704
14236 711
14300 707
14364 704
14424 704
14492 668
14556 639
14616 608
14680 574
14744 527
14804 496
14868 448
14928 412
14992 384
15052 352
15116 318
15176 295
15240 284
15304 271
15364 271
15428 284
15496 304
15556 319
15620 352
15684 384
15744 414
15808 448
15868 496
15932 524
15992 568
16060 608
16124 636
16184 655
16248 671
16308 704
16380 704
16440 704
16504 688
16564 670
16628 639
16688 624
16752 588
16816 560
16876 515
16940 480
17000 448
17064 414
17124 384
17188 352
17248 327
17312 316
17380 304
17444 287
17504 304
17568 312
17628 319
17692 352
17756 384
17816 396
17880 432
17940 480
18004 504
18064 536
18128 568
18192 608
18252 624
18316 639
18384 664
18444 670
18508 671
18572 670
18632 664
18696 639
18756 632
18820 608
18880 575
18944 543
19004 510
19068 480
19132 448
19192 415
19256 384
19316 384
19380 352
19448 319
19512 318
19572 316
19636 319
19696 319
19760 352
19820 384
19884 384
19948 414
20008 448
20072 480
20132 508
20196 540
20256 568
20320 591
20380 624
20452 636
20512 639
20576 655
20636 655
20700 647
20760 639
20824 632
20888 608
20948 583
21012 568
21072 527
21136 504
21196 480
21260 448
21324 415
21384 385
21452 384
21516 352
21576 335
21640 327
21704 327
21764 335
21828 352
21888 384
21952 384
22012 399
22076 432
22136 451
22200 480
22264 511
22324 540
22388 568
22448 588
22516 608
22580 632
22644 636
22704 639
22768 639
22828 636
22892 632
22952 608
23016 608
23080 572
23140 543
23204 515
23264 496
23328 480
23388 448
23452 415
23520 391
23584 384
23644 384
23708 352
23768 352
23832 352
23892 352
23956 384
24020 384
24080 387
24144 412
24204 448
24268 455
24328 496
24392 511
24456 536
24524 568
24584 575
24648 608
24708 608
24772 624
24832 624
24896 624
24960 624
25020 608
25084 591
25144 575
25208 560
25268 540
25332 511
25396 496
25456 463
25520 448
25588 415
25648 398
25712 384
25776 384
25836 384
25900 384
25960 384
26024 384
26084 384
26148 385
26208 399
26272 419
26336 448
26396 480
26460 496
26520 512
26588 540
26652 560
26716 575
26776 588
26840 608
26900 608
26964 608
27024 608
27088 608
27152 591
27212 575
27276 568
27336 543
27400 526
27460 508
27524 480
27584 460
27656 448
27716 419
27780 399
27840 391
27904 384
27964 384
28028 384
28092 384
28152 384
28216 385
28276 399
28340 415
28400 448
28464 451
28528 480
28588 496
28656 515
28720 540
28780 551
28844 574
28908 575
28968 591
29032 608
29092 608
29156 591
29216 591
29280 575
29340 574
29404 560
29468 540
29528 515
29592 504
29660 480
29720 455
29784 448
29848 419
29908 414
29972 396
30032 387
30096 384
30156 384
30220 384
30284 387
30344 399
30408 412
30468 432
30532 448
30592 460
30656 480
30724 504
30788 515
30848 536
30912 560
30972 568
31036 575
31096 575
31160 583
31224 583
31284 583
31348 575
31408 574
31472 568
31532 543
31596 527
31660 512
31728 496
31788 480
31852 455
31912 448
31976 423
32040 415
32104 401
32164 398
32228 391
32288 391
32352 396
32412 399
32476 414
32540 419
32600 448
32664 451
32724 480
32788 496
32848 508
32912 515
32976 536
33036 543
33104 568
33168 572
33228 575
33292 575
33352 575
33416 575
33480 572
33540 568
33604 547
33664 540
33728 519
33788 508
33852 496
33916 480
33976 455
34040 448
34108 448
34168 415
34232 415
34296 408
34356 399
34420 403
34480 408
34544 415
34604 419
34668 448
34728 448
34792 455
34856 480
34916 496
34980 508
35040 515
35104 527
35168 543
35232 560
35296 568
35356 572
35420 572
35480 572
35544 568
35604 568
35668 551
35728 543
35792 527
35856 515
35916 504
35980 496
36040 480
36104 460
36172 448
36236 448
36296 432
36360 415
36420 415
36484 412
36544 415
36608 415
36672 419
36732 432
36796 448
36856 448
36920 463
36980 480
37044 496
37104 508
37176 515
37236 529
37300 542
37360 547
37424 560
37484 568
37548 568
37612 568
37672 568
37736 547
37796 543
37860 529
37920 519
37984 510
38048 504
38108 480
38172 480
38240 460
38300 448
38364 448
38428 448
38488 432
38552 415
38612 419
38676 415
38736 432
38800 448
38860 448
38924 448
38988 455
39048 480
39112 480
39172 504
39240 510
39304 519
39368 527
39428 540
39492 543
39552 547
39616 551
39676 551
39740 551
39804 543
39864 543
39928 536
39988 527
40052 513
40112 508
40176 496
40244 480
40308 480
40368 455
40432 449
40492 448
40556 448
40616 448
40680 432
40744 432
40804 448
40868 448
40928 448
40992 448
41052 449
41116 480
41180 480
41240 496
41308 504
41372 510
41432 519
41496 524
41560 540
41620 542
41684 543
41744 543
41808 543
41868 543
41932 543
41992 540
42056 527
42120 519
42180 512
42244 508
42312 496
42372 480
42436 480
42500 455
42560 449
42624 448
42684 448
42748 448
42808 448
42872 448
42936 448
42996 448
43060 448
43120 448
43184 455
43244 480
43312 480
43376 496
43440 504
43500 508
43564 512
43624 519
43688 527
43748 536
43812 540
43876 542
43936 542
44000 540
44060 536
44124 527
44184 521
44248 513
44312 510
44380 504
44440 496
44504 480
44564 480
44628 460
44692 451
44752 448
44816 448
44876 448
44940 448
45000 448
45064 448
45124 448
45188 448
45252 451
45312 462
45380 480
45444 480
45504 496
45568 504
45632 508
45692 512
45756 519
45816 527
45880 527
45940 536
46004 536
46068 536
46128 536
46192 527
46252 527
46316 519
46384 511
46448 508
46508 496
46572 496
46632 480
46696 480
46756 460
46820 455
46880 448
46944 448
47008 448
47068 448
47132 448
47192 448
47256 448
47316 449
47380 460
47448 480
47512 480
47572 480
47636 496
47696 504
47760 510
47824 513
47884 515
47948 526
48008 526
48072 527
48144 527
48208 527
48268 524
48332 524
48392 515
48456 512
48516 508
48580 504
48644 496
48704 496
48768 480
48828 480
48892 480
48952 460
49016 451
49076 448
49140 448
49208 448
49272 448
49332 448
49396 451
49456 455
49520 480
49584 480
49644 480
49708 481
49768 496
49832 504
49892 508
49956 512
50016 515
50080 519
50144 526
50212 524
50272 527
50336 524
50396 519
50460 519
50524 513
50584 512
50648 508
50708 504
50772 496
50832 496
50896 480
50960 480
51020 463
51084 455
51144 455
51212 451
51276 449
51340 449
51400 451
51464 455
51524 455
51588 463
51648 480
51712 480
51772 480
51836 496
51900 504
51960 508
52024 510
52084 512
52148 515
52208 519
52280 524
52340 526
52404 524
52464 524
52528 519
52588 515
52652 512
52716 510
52776 508
52840 504
52900 511
52964 551
53024 572
53088 575
53148 575
53212 575
53280 575
53344 575
53404 574
53468 572
53528 568
53592 560
53656 551
53716 543
53780 543
53840 543
53904 542
53964 540
54028 536
54092 536
54152 536
54216 529
54284 527
54344 527
54408 527
54472 527
54532 526
54596 527
54656 519
54720 519
54780 519
54844 519
54904 519
54968 515
55032 519
55092 515
55156 515
55216 515
55280 515
55348 515
55412 512
55472 513
55536 512
55596 513
55660 511
55720 512
55784 511
55848 512
55908 511
55972 511
56032 511
56096 511
56156 511
56220 512
56280 512
56352 511
56412 511
56476 511
56536 510
56600 511
56660 510
56724 511
56788 510
56848 510
56912 508
56972 510
57036 508
57096 510
57160 508
57224 510
57284 510
57352 508
57416 510
57476 508
57540 508
57604 508
57664 508
57728 508
57788 508
57852 510
57912 508
57976 510
58036 508
58100 508
58164 508
58224 508
58288 508
58348 508
58416 508
58480 508
58544 508
58604 508
58668 508
58728 508
58792 508
58852 508
58916 508
58980 508
59040 508
59104 508
59164 508
59228 508
59288 508
59352 508
59420 508
59484 508
59544 508
59608 508
59668 508
59732 508
59792 508
59856 508
59920 508
59980 508
60044 508
60104 508
60168 508
60228 508
60292 508
60356 508
60416 508
60484 508
60548 508
60608 508
60672 508
60736 504
60796 508
60860 504
60920 508
60984 508
61044 508
61108 508
61168 508
61232 508
61296 508
61356 508
61420 508
61488 508
61548 508
61612 508
61676 508
61736 508
61800 504
61860 508
61924 508
61984 504
62048 504
62112 508
62172 508
62236 504
62296 508
62360 508
62420 508
62488 504
62552 508
62616 508
62676 508
62740 508
62800 508
62864 508
62924 508
62988 504
63052 504
63112 504
63176 504
63236 504
63300 504
63360 504
63424 504
63488 504
63556 504
63616 508
63680 504
63740 508
63804 504
63868 504
63928 504
63992 504
64052 508
64116 504
64180 504
64240 504
64304 504
64368 504
64428 508
64496 504
64560 508
64620 504
64684 504
64748 504
64808 504
64872 504
64932 504
64996 508
65056 504
65120 508
65184 504
65244 508
65308 504
65368 504
65432 504
65500 504
65564 508
65624 504
65688 508
65748 504
65812 504
65872 504
65936 504
65996 504
66060 504
66124 508
66184 504
66248 508
66308 504
66372 508
66432 504
66496 508
66564 508
66628 504
66688 510
66752 504
66812 504
66876 504
66940 504
67000 504
67064 508
67124 508
67188 504
67248 508
67312 504
67372 508
67436 504
67500 508
67568 504
67628 504
67692 504
67752 504
67816 504
67880 504
67940 504
68004 504
68064 504
68128 504
68188 504
68252 504
68316 508
68376 504
68440 508
68500 504
68568 504
68632 508
68696 504
68756 504
68820 504
68880 504
68944 504
69004 504
69068 504
69128 504
69192 504
69256 504
69316 504
69380 504
69440 508
69504 504
69564 508
69636 508
69696 504
69760 508
69820 504
69884 508
69944 504
70008 508
70072 504
70132 504
70196 504
70256 504
70320 504
70380 504
70444 504
70504 504
70568 504
70636 504
70700 504
70760 504
70824 504
70884 504
70948 504
71012 504
71072 504
71136 504
71196 504
71260 504
71320 504
71384 504
71448 504
71508 504
71572 504
71640 504
71700 504
71764 504
71828 504
71888 504
71952 504
72012 508
72076 504
72136 504
72200 504
72260 504
72324 504
72388 504
72448 504
72512 508
72572 504
72636 504
72704 504
72768 508
72828 504
72892 504
72952 508
73016 508
73076 508
73140 504
73200 504
73264 504
73328 508
73388 508
73452 508
73512 508
73576 508
73636 508
73708 504
73768 508
73832 508
73892 508
73956 508
74016 508
74080 508
74144 504
74204 508
74268 510
74328 508
74392 504
74452 508
74516 504
74576 508
74640 508
74704 504
74772 508
74832 504
74896 508
74956 504
75020 508
75084 504
75144 508
75208 508
75268 504
75332 508
75392 504
75456 508
75520 504
75580 508
75644 504
75704 508
75772 508
75836 508
75900 508
75960 504
76024 508
76084 504
76148 508
76208 504
76272 508
76332 504
76396 508
76460 504
76520 504
76584 508
76644 504
76708 508
76776 504
76840 504
76900 504
76964 504
77024 508
77088 508
77148 508
77212 504
77276 508
77336 504
77400 508
77460 504
77524 508
77584 504
77648 504
77708 504
77772 504
77840 508
77904 504
77964 504
78028 504
78088 504
78152 504
78216 504
78276 508
78340 504
78400 508
78464 504
78524 508
78588 504
78652 504
78712 504
78776 504
78844 504
78904 504
78968 508
79032 504
79092 504
79156 504
79216 504
79280 508
79340 504
79404 504
79464 504
79528 508
79592 508
79652 504
79716 508
79776 504
79844 508
79908 508
79972 504
80032 508
80096 504
80156 508
80224 508
80284 504
80348 508
80408 504
80472 508
80532 504
80596 508
80660 504
80720 508
80784 508
80844 508
80908 508
80968 508
81032 508
81100 508
81164 504
81224 504
81288 508
81348 504
81412 508
81476 508
81536 508
81600 508
81660 508
81724 508
81784 508
81848 504
81908 508
81972 508
82036 508
82104 504
82164 508
82228 504
82288 504
82352 504
82416 504
82476 504
82540 504
82600 508
82664 504
82724 504
82788 504
82852 504
82912 504
82976 508
83036 504
83100 504
83168 508
83232 504
83292 504
83356 504
83416 504
83480 504
83540 504
83604 504
83664 504
83728 504
83792 504
83852 504
83916 504
83976 508
84040 504
84100 504
84172 504
84232 504
84296 504
84356 504
84420 508
84480 504
84544 504
84608 504
84668 504
84732 504
84792 504
84856 504
84916 504
84980 504
85040 504
85104 508
85172 504
85236 504
85296 508
85360 504
85420 508
85484 504
85548 508
85608 504
85672 508
85732 504
85796 504
85856 504
85920 504
85984 504
86044 504
86108 508
86168 504
86236 504
86300 504
86364 504
86424 508
86488 504
86548 508
86612 504
86672 508
86736 504
86796 504
86860 504
86924 508
86984 504
87048 508
87108 504
87172 504
87240 508
87304 504
87364 508
87428 504
87488 508
87552 504
87612 504
87676 504
87740 504
87800 508
87864 504
87924 508
87988 504
88048 508
88112 504
88172 508
88244 504
88304 504
88368 504
88428 504
88492 508
88552 504
88616 508
88680 504
88740 508
88804 504
88864 508
88928 504
88988 504
89052 504
89116 508
89176 504
89240 504
89308 504
89368 504
89432 504
89496 504
89556 508
89620 504
89680 504
89744 504
89804 504
89868 508
89928 504
89992 508
90056 504
90116 508
90180 504
90240 508
90308 504
90372 504
90436 508
90496 504
90560 508
90620 504
90684 504
90744 504
90808 504
90872 504
90932 504
90996 504
91056 504
91120 504
91180 504
91244 504
91304 504
91376 504
91436 504
91500 504
91560 504
91624 504
91684 504
91748 504
91812 504
91872 504
91936 504
91996 504
92060 504
92120 504
92184 504
92248 504
92308 504
92376 504
92440 504
92500 504
92564 504
92628 508
92688 504
92752 504
92812 504
92876 504
92936 504
93000 508
93060 504
93124 504
93188 504
93248 504
93312 504
93380 504
93440 504
93504 504
93568 504
93628 504
93692 504
93752 504
93816 504
93876 508
93940 504
94004 508
94064 508
94128 508
94188 508
94252 504
94312 508
94376 504
94444 508
94508 504
94568 508
94632 508
94692 504
94756 508
94816 504
94880 508
94944 504
95004 508
95068 504
95128 508
95192 504
95252 508
95316 508
95380 508
95448 508
95508 504
95572 508
95632 508
95696 508
95760 504
95820 504
95884 508
95944 504
96008 508
96068 504
96132 508
96192 504
96256 504
96320 508
96380 504
96444 504
96512 504
96576 508
96636 504
96700 504
96760 508
96824 504
96884 508
96948 504
97012 508
97072 504
97136 508
97196 504
97260 508
97320 504
97384 508
97448 504
97516 504
97576 508
97640 504
97700 508
97764 504
97828 508
97888 504
97952 508
98012 504
98076 504
98136 508
98200 504
98260 508
98324 504
98388 508
98448 504
98516 504
98580 508
98640 508
98704 508
98768 504
98828 508
98892 504
98952 508
99016 496
99076 408
99140 319
99204 254
99264 192
99328 127
99388 96
99452 62
99512 56
99584 56
99644 63
99708 97
99768 143
99832 199
99892 255
99956 352
100016 415
100080 504
100144 575
100204 647
100268 736
100328 782
100392 831
100452 880
100516 896
100584 911
100648 903
100708 896
100772 864
100832 816
100896 768
100960 704
101020 632
101084 547
101144 480
101208 399
101268 327
101332 255
101392 199
101456 159
101520 126
101588 96
101648 96
101712 96
101772 120
101836 143
101900 192
101960 248
102024 304
102084 384
102148 448
102208 512
102272 583
102336 647
102396 711
102460 768
102520 807
102584 839
102648 864
102712 880
102776 864
102836 839
102900 816
102960 769
103024 736
103084 664
103148 608
103208 527
103272 460
103336 391
103396 327
103460 271
103520 224
103584 192
103652 143
103716 127
103776 127
103840 127
103900 156
103964 192
104024 224
104088 271
104148 327
104212 391
104276 455
104336 519
104400 583
104460 639
104524 704
104584 768
104656 783
104716 816
104780 830
104840 831
104904 828
104964 799
105028 771
105092 768
105152 704
105216 636
105276 575
105340 512
105400 449
105464 387
105524 334
105588 287
105652 248
105720 199
105780 192
105844 163
105904 159
105968 176
106032 192
106092 224
106156 255
106216 312
106280 368
106340 414
106404 480
106468 527
106528 583
106592 639
106652 704
106720 768
106784 768
106848 783
106908 798
106972 799
107032 783
107096 768
107156 768
107220 704
107280 655
107344 608
107408 560
107468 504
107532 448
107592 387
107656 352
107724 287
107788 255
107848 224
107912 206
107972 193
108036 193
108096 206
108160 224
108224 255
108284 287
108348 335
108408 384
108472 448
108532 481
108596 540
108656 583
108720 638
108788 679
108852 711
108912 768
108976 768
109036 768
109100 768
109164 768
109224 768
109288 705
109348 671
109412 636
109472 583
109536 536
109600 496
109660 448
109724 387
109792 352
109852 304
109916 263
109980 252
110040 240
110104 224
110164 224
110228 240
110288 255
110352 286
110412 319
110476 368
110540 399
110600 448
110664 504
110724 543
110792 591
110856 636
110920 670
110980 704
111044 719
111104 736
111168 768
111228 768
111292 736
111356 704
111416 671
111480 639
111540 608
111604 572
111664 521
111728 480
111788 448
111860 384
111920 352
111984 316
112044 287
112108 255
112168 254
112232 252
112300 248
112364 252
112428 255
112488 280
112552 312
112612 335
112676 384
112736 414
112804 455
112868 508
112932 543
112992 588
113056 632
113116 655
113180 679
113240 704
113304 711
113368 718
113428 711
113492 704
113552 704
113616 655
113676 636
113740 591
113808 551
113872 511
113932 480
113996 448
114056 387
114120 368
114180 319
114244 304
114308 284
114368 271
114432 268
114492 271
114556 287
114616 312
114680 327
114744 368
114804 391
114872 448
114936 480
114996 512
115060 547
115124 583
115184 624
115248 639
115308 668
115372 688
115432 704
115496 704
115556 704
115620 671
115684 655
115744 638
115808 608
115876 574
115936 540
116000 504
116064 462
116124 423
116188 391
116248 384
116312 335
116372 318
116436 304
116500 291
116560 287
116624 304
116684 316
116748 327
116808 352
116876 384
116940 414
117004 448
117064 480
117128 515
117188 547
117252 575
117312 608
117376 636
117440 652
117500 668
117564 671
117624 671
117688 670
117748 655
117812 639
117876 624
117944 583
118004 560
118068 519
118128 496
118192 455
118256 423
118316 398
118380 384
118440 352
118504 327
118564 319
118628 316
118688 316
118752 319
118816 327
118876 352
118944 384
119008 391
119068 423
119132 455
119196 496
119256 519
119320 547
119380 575
119444 608
119504 632
119568 639
119632 652
119692 655
119756 655
119816 647
119880 639
119948 624
120012 608
120072 575
120136 543
120196 513
120260 496
120320 455
120384 432
120444 399
120508 384
120572 368
120632 352
120696 332
120756 327
120820 327
120880 335
120944 352
121012 384
121076 385
121136 414
121200 448
121260 480
121324 504
121388 524
121448 547
121512 575
121572 608
121636 624
121696 632
121760 639
121820 639
121884 639
121948 636
122016 624
122076 608
122140 583
122200 568
122264 536
122328 511
122388 480
122452 451
122512 448
122576 408
122636 384
122700 384
122764 368
122824 352
122888 352
122948 352
123016 353
123080 384
123144 384
123204 399
123268 423
123328 448
123392 480
123452 504
123516 519
123576 547
123640 572
123704 591
123764 608
123828 624
123888 624
123952 632
124012 624
124084 624
124144 608
124208 583
124268 574
124332 543
124392 526
124456 504
124520 480
124580 449
124644 448
124704 412
124768 387
124828 384
124892 384
124952 384
125016 368
125084 384
125148 384
125208 384
125272 391
125332 415
125396 448
125460 455
125520 481
125584 508
125644 527
125708 543
125768 572
125832 583
125896 608
125956 608
126020 624
126080 624
126148 608
126212 608
126276 591
126336 575
126400 560
126460 540
126524 515
126584 496
126648 480
126708 448
126772 448
126836 414
126896 391
126960 384
127020 384
127084 384
127152 384
127216 384
127276 384
127340 391
127400 412
127464 432
127524 448
127588 480
127652 496
127712 510
127776 527
127836 543
127900 568
127960 575
128024 583
128084 608
128156 608
128216 608
128280 608
