#62.63800683927699	2.4367688116195865
20 448
80 316
144 207
208 126
268 71
332 56
392 63
456 120
516 192
580 287
644 399
704 519
768 638
836 768
896 831
960 896
1024 903
1084 897
1148 864
1208 783
1272 704
1332 588
1396 480
1456 384
1520 255
1584 192
1644 124
1708 96
1768 96
1836 127
1900 192
1964 280
2024 384
2088 496
2148 608
2212 704
2272 775
2336 831
2400 880
2460 896
2524 839
2584 792
2648 711
2708 624
2772 515
2840 399
2904 312
2964 224
3028 159
3088 127
3152 126
3212 143
3276 192
3340 255
3400 352
3464 448
3524 551
3588 639
3648 736
3712 792
3776 831
3836 839
3904 828
3968 775
4028 711
4092 636
4156 540
4216 448
4280 352
4340 263
4404 206
4464 159
4528 152
4588 159
4652 195
4716 255
4776 327
4840 415
4908 519
4968 624
5032 704
5096 768
5156 798
5220 816
5280 799
5344 771
5404 719
5468 639
5532 568
5592 480
5656 385
5716 316
5780 248
5840 199
5908 192
5972 192
6036 224
6096 255
6160 319
6220 408
6284 496
6344 575
6408 647
6472 711
6532 768
6596 783
6656 783
6720 768
6780 736
6844 655
6904 583
6976 504
7036 415
7100 352
7160 280
7224 240
7284 224
7348 199
7412 224
7472 255
7536 319
7596 384
7660 480
7720 543
7784 624
7848 679
7908 736
7976 768
8040 768
8100 768
8164 711
8228 664
8288 608
8352 519
8412 448
8476 384
8536 318
8600 255
8660 240
8724 224
8788 240
8848 255
8912 316
8972 384
9040 448
9104 519
9168 590
9228 654
9292 704
9352 768
9416 768
9476 768
9540 707
9604 668
9664 608
9728 542
9788 480
9852 399
9912 352
9976 287
10044 255
10108 248
10168 252
10232 271
10292 316
10356 384
10416 448
10480 504
10544 568
10604 632
10668 671
10728 704
10792 736
10852 736
10916 704
10980 670
11048 609
11108 547
11172 496
11232 423
11296 384
11360 319
11420 284
11484 255
11544 255
11608 280
11668 316
11732 368
11792 415
11856 480
11920 540
11980 608
12044 639
12112 704
12172 704
12236 711
12300 704
12360 668
12424 624
12484 572
12548 511
12608 448
12672 391
12736 352
12796 312
12860 284
12920 280
12984 286
13044 316
13112 352
13176 399
13240 455
13300 515
13364 575
13424 624
13488 655
13548 704
13612 704
13676 704
13736 668
13800 636
13860 583
13924 527
13984 480
14048 415
14116 384
14180 327
14240 312
14304 287
14364 304
14428 319
14492 352
14552 391
14616 448
14676 504
14740 547
14800 608
14864 638
14924 664
14988 675
15052 671
15112 655
15180 636
15244 588
15304 543
15368 496
15432 448
15492 391
15556 352
15616 319
15680 316
15740 312
15804 319
15868 352
15928 384
15992 448
16060 480
16124 527
16184 575
16248 624
16308 639
16372 655
16436 655
16496 647
16560 632
16620 608
16684 560
16744 511
16808 462
16872 415
16932 384
17000 352
17064 327
17124 319
17188 327
17252 352
17312 384
17376 415
17436 463
17500 510
17560 560
17624 591
17684 624
17748 639
17812 639
17872 639
17936 632
18004 608
18064 568
18128 519
18192 480
18252 448
18316 398
18376 384
18440 352
18500 335
18564 352
18628 352
18688 384
18752 412
18812 448
18876 496
18936 536
19000 572
19068 608
19132 632
19192 638
19256 638
19316 624
19380 608
19440 574
19504 536
19568 496
19628 451
19692 415
19752 385
19816 384
19876 352
19940 352
20004 384
20072 384
20132 412
20196 448
20256 480
20320 515
20384 551
20444 575
20508 608
20568 624
20632 632
20692 624
20756 608
20816 574
20880 543
20944 510
21004 480
21072 448
21136 399
21196 384
21260 384
21324 384
21384 384
21448 384
21508 408
21572 448
21632 480
21696 508
21760 536
21820 568
21884 583
21944 608
22008 608
22068 608
22136 591
22200 572
22264 543
22324 512
22388 480
22448 448
22512 415
22572 391
22636 384
22700 384
22760 384
22824 385
22884 403
22948 448
23008 455
23072 496
23140 524
23204 551
23264 575
23328 590
23388 608
23452 608
23516 583
23576 574
23640 543
23700 518
23764 496
23824 455
23888 448
23948 412
24012 391
24076 384
24136 384
24204 391
24268 408
24328 448
24392 455
24456 481
24516 512
24580 542
24640 568
24704 575
24764 588
24828 591
24892 583
24952 574
25016 547
25076 526
25140 504
25208 480
25272 448
25332 415
25396 399
25456 391
25520 387
25580 396
25644 412
25704 448
25768 448
25832 480
25892 508
25956 527
26016 547
26080 574
26140 575
26212 575
26272 575
26336 572
26396 551
26460 527
26520 508
26584 480
26648 451
26708 448
26772 415
26832 399
26896 399
26956 399
27020 414
27080 423
27144 448
27208 480
27276 504
27336 519
27400 543
27460 568
27524 572
27588 575
27648 575
27712 572
27772 547
27836 536
27896 510
27960 496
28024 460
28084 448
28148 415
28208 412
28276 399
28340 399
28404 414
28464 419
28528 448
28588 463
28652 496
28712 511
28776 536
28836 547
28900 572
28964 574
29024 574
29088 572
29148 560
29212 540
29280 512
29344 496
29404 480
29468 448
29528 448
29592 415
29652 408
29716 408
29780 414
29840 423
29904 448
29964 455
30028 480
30088 508
30152 519
30212 543
30276 560
30340 568
30404 572
30468 568
30528 560
30592 540
30652 519
30716 504
30776 480
30840 455
30904 448
30964 423
31028 415
31088 412
31152 415
31212 419
31276 448
31344 451
31408 480
31468 496
31532 512
31592 529
31656 543
31716 560
31780 568
31840 568
31904 560
31968 543
32028 527
32088 511
32152 496
32212 480
32276 455
32340 448
32400 448
32464 432
32524 432
32592 448
32656 448
32720 451
32780 480
32844 496
32904 508
32968 519
33028 536
33092 543
33156 547
33216 547
33280 543
33340 542
33404 527
33464 512
33528 504
33596 480
33660 462
33720 448
33784 448
33844 448
33908 448
33968 448
34032 448
34096 449
34156 480
34220 481
34280 504
34344 512
34404 527
34468 540
34532 543
34600 543
34660 543
34724 540
34784 526
34848 512
34912 504
34972 480
35036 480
35096 451
35160 448
35220 448
35284 448
35344 448
35408 448
35472 449
35532 463
35596 480
35664 504
35724 511
35788 519
35852 536
35912 542
35976 543
36036 543
36100 536
36160 527
36224 512
36288 508
36348 496
36412 480
36472 455
36536 448
36596 448
36664 448
36728 448
36792 448
36852 451
36916 463
36976 480
37040 496
37100 510
37164 519
37228 527
37288 540
37352 542
37412 543
37476 536
37536 527
37600 513
37668 508
37732 496
37792 480
37856 463
37916 449
37980 448
38040 448
38104 448
38168 448
38228 451
38292 462
38352 480
38416 496
38476 508
38540 512
38604 524
38664 536
38728 540
38792 542
38856 540
38916 527
38980 519
39040 511
39104 504
39164 480
39228 480
39288 455
39352 448
39416 448
39476 448
39540 448
39600 448
39664 455
39732 480
39796 496
39856 504
39920 511
39980 515
40044 527
40104 536
40168 540
40228 536
40292 527
40356 519
40416 512
40480 508
40540 496
40604 480
40664 480
40736 451
40796 448
40860 448
40920 448
40984 448
41044 451
41108 480
41172 480
41232 496
41296 504
41356 511
41420 519
41480 527
41544 527
41604 529
41668 527
41732 519
41800 513
41860 508
41924 496
41984 480
42048 480
42112 455
42172 449
42236 448
42296 448
42360 448
42420 451
42484 462
42548 480
42608 481
42672 496
42732 508
42800 513
42864 519
42928 527
42988 527
43052 527
43112 519
43176 513
43236 510
43300 504
43360 496
43424 480
43488 480
43548 455
43612 451
43672 449
43736 449
43804 455
43868 463
43928 480
43992 480
44052 496
44116 504
44176 510
44240 513
44304 519
44364 524
44428 519
44488 519
44552 513
44612 511
44676 504
44736 496
44800 480
44868 480
44932 480
44992 455
45056 455
45116 451
45180 455
45244 463
45304 480
45368 480
45428 496
45492 504
45552 510
45616 511
45680 515
45740 519
45804 519
45872 515
45932 512
45996 511
46060 504
46120 496
46184 496
46244 480
46308 480
46368 480
46432 455
46492 460
46556 455
46620 480
46680 480
46744 480
46804 480
46872 496
46936 504
47000 508
47060 512
47124 512
47184 515
47248 512
47308 512
47372 508
47436 508
47496 496
47560 496
47620 480
47684 480
47744 480
47808 480
47868 463
47940 480
48000 480
48064 480
48132 480
48192 496
48260 496
48324 504
48388 508
48448 511
48512 512
48572 511
48636 512
48696 510
48760 508
48820 504
48884 496
48948 496
49008 480
49072 480
49132 480
49196 480
49256 480
49328 480
49388 480
49452 480
49512 480
49576 496
49636 496
49700 504
49760 508
49824 510
49888 511
49948 511
50012 511
50072 510
50136 508
50196 504
50260 496
50328 481
50392 480
50452 480
50516 480
50576 480
50640 480
50704 480
50764 480
50828 480
50888 480
50952 496
51012 496
51076 504
51136 508
51200 511
51264 512
51332 512
51392 512
51456 511
51516 508
51580 504
51644 496
51704 496
51768 480
51828 480
51892 480
51952 480
52016 480
52080 480
52140 480
52204 480
52264 480
52328 496
52392 496
52456 504
52520 508
52580 510
52644 511
52704 512
52768 511
52828 511
52892 543
52952 575
53016 583
53080 583
53140 575
53204 572
53264 568
53328 551
53396 543
53460 543
53520 540
53584 536
53644 527
53708 527
53768 527
53832 526
53892 519
53956 519
54020 519
54080 518
54144 515
54204 515
54268 515
54328 513
54400 512
54460 512
54524 511
54584 511
54648 512
54708 511
54772 512
54836 510
54896 511
54960 510
55020 511
55084 508
55144 510
55208 508
55268 510
55332 508
55396 508
55464 508
55524 508
55588 508
55648 508
55712 508
55776 508
55836 508
55900 504
55960 508
56024 508
56084 508
56148 508
56212 508
56272 508
56336 504
56396 508
56464 504
56528 504
56592 504
56652 504
56716 504
56776 504
56840 504
56900 504
56964 504
57024 504
57088 504
57152 504
57212 504
57276 504
57336 508
57400 504
57468 504
57532 504
57592 504
57656 504
57716 504
57780 504
57840 504
57904 504
57968 504
58028 504
58092 504
58152 504
58216 504
58276 504
58340 504
58400 504
58464 504
58532 504
58596 504
58656 504
58720 504
58780 504
58844 504
58908 504
58968 504
59032 504
59092 504
59156 504
59216 504
59280 504
59344 504
59404 504
59468 504
59536 504
59596 504
59660 504
59724 504
59784 504
59848 504
59908 504
59972 504
60032 504
60096 504
60156 504
60220 504
60284 504
60344 504
60408 504
60468 504
60536 504
60600 504
60664 504
60724 504
60788 504
60848 504
60912 504
60972 504
61036 504
61100 504
61160 504
61224 504
61284 504
61348 504
61408 504
61472 504
61532 504
61604 504
61664 504
61728 504
61788 504
61852 504
61912 504
61976 504
62040 504
62100 504
62164 504
62224 504
62288 504
62348 504
62412 504
62476 504
62536 504
62604 504
62668 504
62728 504
62792 504
62856 504
62916 504
62980 504
63040 504
63104 504
63164 504
63228 504
63288 504
63352 504
63416 504
63476 504
63540 504
63608 504
63668 504
63732 504
63796 504
63856 504
63920 504
63980 504
64044 504
64104 504
64164 504
64228 504
64292 504
64352 504
64416 504
64476 504
64540 504
64600 504
64664 504
64724 504
64788 504
64852 504
64912 504
64976 504
65044 504
65104 504
65168 504
65232 504
65292 504
65356 504
65416 504
65480 504
65540 504
65604 504
65664 504
65728 504
65792 504
65852 504
65916 504
65976 504
66044 504
66108 504
66172 504
66232 504
66296 504
66356 504
66420 504
66480 504
66544 504
66608 504
66668 504
66732 504
66792 504
66856 504
66916 504
66980 504
67040 504
67112 504
67172 504
67236 504
67296 504
67360 504
67420 504
67484 504
67548 504
67608 504
67672 504
67732 504
67796 504
67856 504
67920 504
67984 504
68044 504
68112 504
68176 504
68236 504
68300 504
68364 504
68424 504
68488 504
68548 504
68612 504
68672 504
68736 504
68796 504
68860 504
68924 504
68984 504
69048 504
69116 504
69176 504
69240 504
69304 504
69364 504
69428 504
69488 504
69552 504
69612 504
69676 504
69740 504
69800 504
69864 504
69924 504
69988 504
70048 504
70112 504
70180 504
70244 504
70304 504
70368 504
70428 504
70492 504
70552 504
70616 496
70680 504
70740 504
70804 504
70864 504
70928 504
70988 504
71052 504
71116 504
71184 504
71244 504
71308 504
71368 504
71432 504
71496 504
71556 504
71620 504
71680 504
71744 504
71804 504
71868 504
71928 504
71992 504
72056 504
72116 504
72184 504
72248 504
72308 504
72372 504
72436 504
72496 504
72560 504
72620 504
72684 504
72744 504
72808 504
72872 504
72932 504
72996 504
73056 504
73120 504
73180 504
73248 504
73312 504
73376 504
73436 504
73500 504
73560 504
73624 504
73684 504
73748 504
73812 504
73872 504
73936 504
73996 504
74060 504
74120 504
74184 504
74252 504
74316 504
74376 504
74440 504
74500 504
74564 504
74628 504
74688 504
74752 504
74812 504
74876 504
74936 504
75000 504
75060 504
75124 504
75188 504
75248 504
75316 504
75380 504
75440 508
75504 504
75568 504
75628 504
75692 504
75752 504
75816 504
75876 504
75940 504
76004 504
76064 504
76128 504
76188 504
76252 504
76320 504
76384 504
76444 504
76508 504
76568 504
76632 504
76692 504
76756 504
76816 504
76880 504
76944 504
77004 504
77068 504
77128 504
77192 504
77252 504
77324 504
77384 504
77448 504
77508 504
77572 504
77632 504
77696 504
77760 504
77820 504
77884 504
77944 504
78008 504
78068 504
78132 504
78192 504
78256 504
78320 504
78388 504
78448 504
78512 504
78572 504
78636 504
78700 504
78760 504
78824 504
78884 504
78948 504
79008 504
79072 504
79136 504
79196 504
79260 504
79320 504
79388 504
79452 504
79516 504
79576 504
79640 504
79700 504
79764 504
79824 504
79888 504
79948 504
80012 504
80076 504
80136 504
80196 504
80264 504
80328 504
80388 504
80452 504
80516 504
80576 504
80640 504
80700 504
80764 504
80824 504
80888 504
80948 504
81012 504
81076 504
81136 504
81200 504
81268 504
81328 504
81392 504
81456 504
81516 504
81580 504
81640 504
81704 504
81764 504
81828 504
81892 504
81952 504
82016 504
82076 504
82140 504
82200 496
82264 504
82328 504
82392 504
82456 504
82516 504
82580 504
82640 504
82704 504
82764 504
82828 504
82892 504
82952 504
83016 504
83076 504
83140 504
83200 504
83264 504
83332 504
83396 504
83456 504
83520 504
83580 504
83644 504
83704 504
83768 504
83832 504
83892 504
83956 504
84016 504
84080 504
84140 504
84204 504
84268 504
84336 504
84396 504
84460 504
84520 504
84584 504
84648 504
84708 504
84772 504
84832 504
84896 504
84956 504
85020 504
85080 504
85144 504
85208 504
85268 504
85332 504
85400 504
85460 504
85524 504
85588 504
85648 504
85712 504
85772 504
85836 504
85896 504
85960 504
86024 504
86084 504
86148 504
86208 504
86272 504
86332 504
86400 504
86464 504
86528 504
86588 504
86652 504
86712 504
86776 504
86836 504
86900 504
86964 504
87024 504
87088 504
87148 504
87212 504
87272 504
87336 504
87404 504
87468 504
87528 504
87592 504
87652 504
87716 504
87776 504
87840 504
87904 504
87964 504
88028 504
88088 504
88152 504
88212 504
88276 504
88340 504
88400 504
88468 504
88532 504
88592 504
88656 504
88720 504
88780 504
88844 504
88904 504
88968 504
89028 504
89092 504
89152 504
89216 504
89280 504
89340 504
89404 504
89472 504
89532 504
89596 504
89660 504
89720 504
89784 504
89844 504
89908 504
89968 504
90032 504
90096 504
90156 504
90220 496
90280 504
90344 504
90404 504
90472 504
90536 504
90600 504
90660 504
90724 504
90784 504
90848 504
90908 504
90972 504
91036 504
91096 504
91160 504
91220 504
91284 504
91344 504
91408 504
91472 504
91540 504
91600 504
91664 504
91724 504
91788 504
91852 504
91912 504
91976 504
92036 504
92100 504
92160 504
92224 504
92284 504
92348 504
92412 504
92472 504
92540 504
92604 504
92664 504
92728 504
92792 504
92852 504
92916 504
92976 504
93040 504
93100 504
93164 504
93228 504
93288 504
93352 504
93412 504
93476 504
93544 504
93608 504
93668 504
93732 504
93792 504
93856 504
93916 504
93980 504
94040 504
94104 504
94168 504
94228 504
94292 504
94352 504
94416 504
94476 504
94540 504
94608 504
94672 504
94732 504
94796 504
94856 504
94920 504
94984 504
95044 504
95108 504
95168 504
95232 504
95292 504
95356 504
95416 504
95480 504
95544 504
95612 504
95672 504
95736 504
95796 504
95860 504
95924 504
95984 504
96048 504
96108 504
96172 504
96232 504
96296 504
96356 504
96420 504
96480 504
96544 504
96608 504
96668 504
96732 504
96792 504
96856 504
96916 496
96980 504
97048 504
97112 504
97172 504
97236 504
97296 504
97360 504
97424 504
97484 504
97548 504
97608 504
97672 504
97732 504
97796 504
97856 504
97920 504
97984 504
98052 504
98112 504
98176 504
98236 504
98300 504
98364 504
98424 504
98488 504
98548 504
98612 504
98672 504
98736 504
98800 504
98860 504
98924 504
98984 504
99048 504
99116 504
99180 504
99240 480
99304 352
99364 248
99428 152
99488 96
99552 60
99612 63
99676 96
99740 163
99800 255
99864 384
99924 481
99988 608
100048 705
100120 799
100180 880
100244 903
100304 903
100368 896
100428 816
100492 736
100556 632
100616 512
100680 398
100740 287
100804 199
100864 127
100928 96
100988 96
101052 112
101120 163
101184 252
101244 352
101308 449
101368 568
101432 668
101496 768
101556 828
101620 864
101680 896
101744 864
101804 816
101868 768
101932 639
101992 543
102056 448
102116 352
102184 248
102248 192
102312 127
102372 120
102436 127
102496 176
102560 240
102620 319
102684 415
102744 519
102808 624
102872 704
102932 771
102996 828
103056 844
103120 831
103188 799
103252 768
103312 659
103376 572
103436 480
103500 384
103560 287
103624 224
103688 176
103748 143
103812 152
103872 192
103936 240
103996 312
104060 387
104120 480
104192 575
104252 670
104316 768
104376 783
104440 816
104500 824
104564 792
104628 768
104688 671
104752 608
104812 508
104876 415
104936 327
105000 255
105064 224
105124 192
105188 192
105256 192
105316 248
105380 304
105444 384
105504 455
105568 543
105628 632
105692 704
105752 768
105816 782
105876 792
105940 775
106004 768
106064 704
106128 624
106188 536
106256 448
106320 384
106384 304
106444 248
106508 224
106568 195
106632 224
106692 248
106756 287
106820 384
106880 448
106944 512
107004 583
107068 655
107128 707
107192 768
107252 768
107324 768
107384 736
107448 688
107508 624
107572 547
107632 480
107696 399
107760 335
107820 280
107884 248
107944 224
108008 240
108068 252
108132 287
108196 352
108256 414
108324 496
108388 568
108448 632
108512 688
108576 736
108636 768
108700 768
108760 736
108824 688
108884 636
108948 572
109008 504
109072 448
109136 384
109196 316
109260 271
109328 252
109388 252
109452 255
109516 304
109576 352
109640 408
109700 480
109764 540
109824 608
109888 647
109952 704
110012 711
110076 718
110136 705
110200 675
110260 638
110324 575
110392 512
110456 448
110516 387
110580 352
110640 304
110704 271
110764 255
110828 271
110892 304
110952 352
111016 391
111076 451
111140 512
111200 574
111264 632
111328 668
111396 704
111456 704
111520 704
111580 671
111644 639
111708 588
111768 529
111832 480
111892 415
111956 384
112016 319
112080 304
112140 286
112204 287
112264 319
112328 384
112388 412
112456 480
112520 527
112580 575
112644 632
112708 664
112768 704
112832 704
112892 688
112956 655
113016 624
113080 574
113140 515
113204 480
113268 414
113328 384
113392 327
113460 312
113520 295
113584 312
113648 319
113708 384
113772 401
113832 451
113896 510
113956 568
114020 608
114080 639
114144 668
114208 671
114268 671
114332 654
114392 632
114460 575
114524 527
114588 480
114648 448
114712 384
114772 352
114836 319
114896 316
114960 316
115024 327
115084 368
115148 391
115208 448
115272 496
115332 540
115396 575
115456 624
115528 639
115588 664
115652 664
115712 639
115776 632
115836 583
115900 543
115964 504
116024 449
116088 408
116148 384
116212 352
116272 319
116336 319
116400 327
116460 368
116528 387
116592 448
116652 480
116716 519
116780 568
116840 608
116904 632
116964 639
117028 639
117088 639
117152 632
117212 591
117276 560
117340 512
117400 480
117464 432
117532 384
117592 384
117656 352
117720 335
117780 352
117844 384
117904 384
117968 415
118028 455
118092 508
118156 543
118216 575
118280 608
118340 632
118404 639
118464 638
118528 632
118596 608
118660 568
118720 524
118784 496
118844 448
118908 412
118968 384
119032 384
119096 352
119156 352
119220 384
119280 384
119344 414
119404 448
119468 496
119532 519
119600 568
119660 591
119724 624
119784 632
119848 632
119912 624
119972 608
120036 574
120096 536
120160 504
120220 462
120284 448
120344 399
120408 384
120472 384
120532 384
120600 384
120664 384
120724 412
120788 448
120852 480
120912 511
120976 543
121036 575
121100 608
121160 609
121224 624
121288 608
121348 608
121412 575
121472 543
121536 512
121596 480
121664 448
121728 415
121792 387
121852 384
121916 384
121976 384
122040 385
122100 412
122164 448
122228 480
122288 504
122352 527
122412 560
122476 575
122536 608
122600 608
122668 608
122732 583
122792 572
122856 543
122916 513
122980 496
123044 451
123104 432
123168 408
123228 387
123292 384
123352 384
123416 387
123476 408
123540 448
123604 455
123672 496
123732 515
123796 543
123856 572
123920 575
123984 591
124044 591
124108 583
124168 572
124232 543
124292 519
124356 496
124420 480
124480 448
124544 415
124604 399
124668 391
124736 387
124800 391
124860 412
124924 448
124984 451
125048 480
125108 510
125172 529
125232 560
125296 574
125360 575
125420 583
125484 575
125544 572
125608 547
125668 527
125740 504
125800 480
125864 448
125924 432
125988 414
126048 399
126112 398
126176 399
126236 414
126300 448
126360 448
126424 480
126484 504
126548 524
126608 547
126672 568
126736 574
126804 575
126864 575
126928 568
126988 550
127052 527
127116 510
127176 480
127240 455
127300 448
127364 419
127424 412
127488 403
127552 401
127612 415
127676 432
127736 448
127804 480
127868 496
127932 515
127992 536
128056 560
128116 568
128180 574
128240 572
