64 412
104 327
144 318
184 304
224 287
264 271
308 255
348 252
388 240
428 224
468 224
508 199
548 192
596 192
636 176
676 163
716 159
756 159
800 159
840 159
880 159
920 163
960 176
1000 192
1040 192
1080 195
1124 224
1164 224
1204 240
1244 255
1284 271
1324 287
1364 312
1404 319
1448 352
1488 384
1528 384
1568 399
1616 432
1656 448
1696 480
1736 496
1776 510
1816 524
1856 543
1896 568
1940 575
1980 591
2020 608
2060 624
2100 636
2140 639
2180 639
2220 655
2264 664
2304 668
2344 670
2384 671
2424 670
2464 670
2504 664
2544 655
2588 647
2628 639
2672 636
2716 624
2756 608
2796 608
2836 575
2876 572
2916 551
2956 536
2996 515
3040 504
3080 480
3120 463
3160 448
3200 423
3240 408
3280 385
3320 384
3364 352
3404 335
3444 319
3484 304
3524 287
3564 271
3604 255
3644 252
3692 240
3732 225
3772 224
3812 224
3856 207
3896 199
3936 199
3976 199
4016 195
4056 199
4096 199
4136 224
4180 224
4220 224
4260 240
4300 240
4340 252
4380 255
4420 271
4460 287
4504 304
4544 318
4584 327
4624 352
4664 384
4712 384
4752 399
4792 415
4832 448
4872 451
4912 480
4952 496
4996 508
5036 515
5076 527
5116 543
5156 560
5196 574
5236 575
5276 591
5320 608
5360 608
5400 624
5440 624
5480 632
5520 632
5560 636
5600 636
5644 636
5684 632
5728 632
5772 624
5812 609
5852 608
5892 608
5932 583
5972 575
6012 568
6052 551
6096 540
6136 524
6176 511
6216 504
6256 480
6296 463
6336 448
6376 448
6420 415
6460 399
6500 385
6540 384
6580 368
6620 352
6660 327
6700 318
6748 304
6788 287
6828 284
6868 271
6912 255
6952 255
6992 252
7032 248
7072 248
7112 240
7152 240
7192 240
7236 240
7276 240
7316 248
7356 248
7396 254
7436 255
7476 255
7516 271
7560 284
7600 287
7640 312
7680 318
7720 327
7768 352
7808 353
7848 384
7888 384
7928 399
7968 414
8008 432
8052 448
8092 455
8132 480
8172 481
8212 504
8252 511
8292 519
8332 536
8376 543
8416 560
8456 568
8496 574
8536 575
8576 583
8616 588
8656 591
8700 608
8740 608
8784 608
8828 608
8868 608
8908 608
8948 590
8988 583
9028 575
9068 574
9108 568
9152 560
9192 543
9232 540
9272 526
9312 513
9352 508
9392 496
9432 480
9476 480
9516 449
9556 448
9596 432
9636 414
9676 399
9716 384
9756 384
9800 368
9844 352
9884 335
9928 319
9968 318
10008 312
10048 304
10088 287
10128 286
10168 280
10208 271
10252 270
10292 263
10332 255
10372 255
10412 255
10456 263
10496 271
10536 271
10580 280
10620 286
10660 287
10700 291
10740 304
10780 316
10820 319
10860 327
10904 352
10944 352
10984 384
11024 384
11064 384
11104 391
11144 408
11184 419
11232 448
11272 448
11312 455
11352 480
11396 480
11436 496
11476 504
11516 511
11556 519
11596 527
11636 536
11676 543
11720 547
11760 560
11800 568
11840 568
11880 568
11920 572
11960 572
12000 572
12044 572
12084 568
12124 568
12164 568
12204 560
12248 547
12288 543
12332 540
12372 527
12412 519
12452 512
12492 508
12532 496
12572 481
12612 480
12656 463
12696 449
12736 448
12776 448
12816 415
12856 412
12896 398
12936 385
12980 384
13020 384
13060 368
13100 352
13140 352
13180 327
13220 319
13268 318
13308 316
13348 312
13388 304
13428 295
13472 291
13512 287
13552 287
13592 287
13632 287
13672 287
13712 291
13752 304
13796 304
13836 312
13876 316
13916 319
13956 319
13996 327
14036 352
14076 352
14120 353
14160 384
14200 384
14240 384
14288 391
14328 408
14368 415
14408 432
14448 448
14488 448
14528 451
14568 480
14612 480
14652 481
14692 496
14732 504
14772 510
14812 512
14852 519
14892 526
14936 527
14976 536
15016 542
15056 542
15096 543
15136 543
15176 543
15216 543
15260 543
15304 543
15344 542
15388 536
15428 536
15468 527
15508 519
15548 515
15588 511
15628 508
15668 504
15712 496
15752 480
15792 480
15832 462
15872 451
15912 448
15952 448
15992 423
16036 415
16076 408
16116 398
16156 387
16196 384
16236 384
16276 384
16324 353
16364 352
16404 352
16444 335
16484 327
16528 319
16568 319
16608 319
16648 318
16688 316
16728 316
16768 316
16808 316
16852 316
16892 318
16932 318
16972 319
17012 319
17052 319
17092 327
17132 335
17176 352
17216 352
17256 353
17296 384
17344 384
17384 384
17424 385
17464 391
17504 399
17544 414
17584 419
17624 448
17668 448
17708 448
17748 451
17788 462
17828 480
17868 480
17908 496
17948 496
17992 504
18032 508
18072 510
18112 512
18152 515
18192 519
18232 519
18272 526
18316 526
18360 527
18400 527
18444 527
18484 526
18524 524
18564 519
18604 515
18644 512
18684 511
18724 508
18768 504
18808 496
18848 496
18888 480
18928 480
18968 480
19008 460
19048 451
19092 448
19132 448
19172 432
19212 419
19252 415
19292 408
19332 399
19372 391
19416 384
19456 384
19500 384
19540 384
19580 368
19620 352
19660 352
19700 352
19740 352
19780 335
19824 334
19864 332
19904 327
19944 327
19984 327
20024 327
20064 327
20104 327
20148 334
20188 335
20228 352
20268 352
20308 352
20348 352
20388 368
20436 384
20476 384
20516 384
20556 384
20596 387
20640 391
20680 399
20720 412
20760 415
20800 423
20840 448
20888 448
20928 448
20968 451
21012 460
21052 480
21092 480
21132 480
21172 481
21220 496
21260 496
21300 504
21340 508
21380 508
21420 510
21460 511
21504 510
21544 511
21584 512
21624 511
21664 511
21704 511
21744 510
21784 508
21828 508
21868 504
21908 496
21948 496
21988 496
22028 481
22068 480
22108 480
22152 463
22192 455
22232 448
22276 448
22320 448
22360 448
22400 423
22440 415
22480 414
22520 403
22560 398
22600 391
22644 384
22684 384
22724 384
22764 384
22804 384
22844 384
22884 368
22924 352
22968 352
23008 352
23048 352
23088 352
23128 352
23168 352
23208 352
23248 352
23296 352
23336 352
23376 352
23420 352
23460 353
23500 368
23540 384
23580 384
23620 384
23660 384
23700 384
23744 385
23784 391
23824 399
23864 399
23904 412
23944 415
23984 419
24024 432
24068 448
24108 448
24148 448
24188 449
24228 455
24268 463
24316 480
24356 480
24396 480
24436 480
24476 496
24516 496
24560 496
24600 496
24640 504
24680 504
24720 504
24760 504
24800 504
24840 504
24884 504
24924 504
24964 496
25004 496
25044 496
25084 496
25124 480
25164 480
25208 480
25248 480
25288 480
25332 455
25376 451
25416 448
25456 448
25496 448
25536 448
25576 432
25616 415
25656 415
25700 412
25740 399
25780 399
25820 391
25860 387
25900 384
25940 384
25980 384
26024 384
26064 384
26104 384
26144 384
26184 384
26224 368
26264 368
26304 368
26352 353
26392 353
26432 353
26476 368
26516 368
26556 384
26596 384
26636 384
26676 384
26716 384
26756 384
26800 384
26840 384
26880 384
26920 387
26960 391
27000 399
27040 403
27080 412
27124 415
27164 415
27204 423
27244 448
27284 448
27324 448
27372 448
27412 449
27452 455
27492 460
27532 463
27572 480
27616 480
27656 480
27696 480
27736 480
27776 480
27816 481
27856 496
27896 496
27940 496
27980 496
28020 496
28060 496
28100 496
28140 483
28180 480
28220 480
28264 480
28304 480
28344 480
28388 480
28432 480
28472 462
28512 455
28552 451
28592 448
28632 448
28672 448
28712 448
28756 448
28796 423
28836 415
28876 415
28916 412
28956 408
28996 399
29036 396
29080 391
29120 387
29160 384
29200 384
29240 384
29280 384
29320 384
29360 384
29404 384
29448 384
29488 384
29532 384
29572 384
29612 384
29652 384
29692 384
29732 384
29772 384
29812 384
29856 384
29896 384
29936 384
29976 384
30016 384
30056 387
30096 391
30136 398
30180 399
30220 408
30260 412
30300 412
30340 415
30380 422
30420 432
30464 448
30504 448
30548 448
30588 448
30628 448
30668 449
30708 455
30748 455
30788 463
30828 480
30872 480
30912 480
30952 480
30992 480
31032 480
31072 480
31112 480
31152 480
31196 480
31236 480
31276 480
31316 480
31360 480
31400 480
31440 480
31480 480
31520 463
31560 463
31600 460
31640 455
31684 451
31724 448
31764 448
31804 448
31844 448
31884 448
31924 448
31964 432
32008 423
32048 415
32088 415
32128 414
32168 412
32208 403
32248 399
32296 398
32336 391
32376 391
32416 387
32456 384
32500 384
32540 384
32580 384
32620 384
32660 384
32700 384
32740 384
32780 384
32824 384
32864 384
32904 384
32944 384
32984 384
33024 384
33064 384
33104 384
33148 385
33188 387
33228 391
33268 396
33316 399
33356 412
33396 408
33436 412
33476 415
33516 415
33556 415
33596 423
33640 432
33680 448
33720 448
33760 448
33800 448
33840 448
33880 448
33920 448
33964 451
34004 455
34044 455
34084 460
34124 462
34164 463
34204 463
34244 480
34288 480
34332 480
34372 480
34416 480
34456 480
34496 480
34536 480
34576 480
34616 463
34656 462
34696 455
34740 455
34780 455
34820 451
34860 448
34900 448
34940 448
34980 448
35020 448
35064 448
35104 448
35144 432
35184 423
35224 419
35264 415
35304 415
35352 414
35392 412
35432 408
35472 399
35512 399
35556 399
35596 391
35636 391
35676 387
35716 387
35756 385
35796 384
35836 384
35880 384
35920 384
35960 384
36000 384
36040 384
36080 384
36120 384
36160 384
36204 384
36244 385
36284 387
36324 391
36364 391
36412 391
36452 398
36492 399
36532 401
36572 408
36612 412
36652 414
36696 415
36736 415
36776 419
36816 423
36856 432
36896 448
36936 448
36976 448
37020 448
37060 448
37100 448
37140 448
37180 448
37220 449
37260 451
37300 451
37344 455
37384 455
37428 455
37468 455
37508 455
37552 460
37592 460
37632 460
37672 460
37712 455
37752 455
37792 455
37832 455
37876 454
37916 451
37956 449
37996 448
38036 449
38076 448
38116 448
38156 448
38200 448
38240 448
38280 448
38320 448
38360 432
38400 423
38448 415
38488 415
38528 415
38568 414
38608 412
38648 408
38692 403
38732 399
38772 399
38812 399
38852 396
38892 391
38932 391
38972 391
39016 391
39056 387
39096 387
39136 387
39176 387
39216 387
39256 387
39296 387
39340 387
39380 391
39420 391
39468 391
39508 391
39548 398
39588 399
39628 399
39668 399
39708 408
39748 412
39792 408
39832 415
39872 415
39912 415
39952 415
39992 423
40032 432
40072 432
40116 448
40156 448
40196 448
40236 448
40276 448
40316 448
40356 448
40396 448
40440 448
40484 448
40524 449
40564 451
40608 451
40648 451
40688 454
40728 455
40768 455
40808 455
40848 455
40888 451
40932 451
40972 451
41012 449
41052 449
41092 448
41132 448
41172 448
41212 448
41256 448
41296 448
41336 448
41376 448
41416 448
41456 448
41504 432
41544 432
41584 423
41624 419
41664 415
41704 415
41748 415
41792 414
41832 412
41872 408
41912 408
41952 399
41992 399
42032 399
42072 399
42116 398
42160 396
42200 391
42244 391
42284 391
42324 391
42364 391
42404 391
42444 391
42484 391
42524 396
42568 396
42608 399
42648 399
42688 399
42728 399
42768 399
42808 408
42848 408
42892 412
42932 412
42972 414
43012 415
43052 415
43092 415
43132 419
43176 423
43216 432
43256 432
43300 448
43340 448
43380 448
43420 448
43460 448
43500 448
43540 448
43580 448
43624 448
43664 448
43704 448
43744 448
43784 448
43824 448
43864 448
43904 448
43948 448
43988 448
44028 448
44068 448
44108 448
44148 448
44196 448
44236 448
44276 448
44316 448
44356 448
44396 448
44440 448
44480 448
44520 448
44560 448
44600 448
44640 448
44680 432
44720 432
44764 423
44804 419
44844 415
44884 415
44924 415
44964 415
45004 415
45044 414
45088 412
45128 412
45168 408
45212 408
45256 399
45296 399
45336 399
45376 399
45416 399
45456 399
45496 399
45536 399
45580 399
45620 399
45660 399
45700 399
45740 399
45780 399
45820 399
45860 399
45904 408
45944 408
45984 412
46024 412
46064 414
46104 414
46144 415
46184 415
46232 415
46272 415
46312 415
46356 419
46396 423
46436 432
46476 432
46516 448
46556 448
46596 448
46636 448
46680 448
46720 448
46760 448
46800 448
46840 448
46880 448
46920 448
46960 448
47004 448
47044 448
47084 448
47124 448
47164 448
47204 448
47252 448
47292 448
47332 448
47372 448
47412 448
47452 455
47496 480
47536 480
47576 496
47616 496
47656 504
47696 504
47736 508
47776 508
47820 510
47860 510
47900 510
47940 510
47980 508
48020 508
48060 508
48100 504
48144 504
48184 504
48224 496
48268 496
48312 496
48352 496
48392 481
48432 480
48472 480
48512 480
48552 480
48592 480
48636 480
48676 480
48716 480
48756 480
48796 480
48836 463
48876 463
48916 462
48960 462
49000 460
49040 455
49080 455
49120 455
49160 455
49200 455
49240 455
49284 451
49328 451
49368 451
49412 451
49452 449
49492 449
49532 449
49572 449
49612 448
49652 448
49692 448
49736 448
49776 448
49816 448
49856 448
49896 448
49936 448
49976 448
50016 448
50060 448
50100 448
50140 448
50180 448
50220 448
50260 448
50300 448
50344 448
50384 448
50428 448
50468 448
50508 448
50548 448
50588 448
50628 448
50668 448
50708 448
50752 448
50792 448
50832 448
50872 448
50912 448
50952 448
50992 448
51032 448
51076 448
51116 448
51156 448
51196 448
51236 448
51276 448
51316 448
51364 448
51404 448
51444 448
51484 448
51524 448
51568 448
51608 448
51648 448
51688 448
51728 448
51768 448
51808 448
51848 448
51892 448
51932 448
51972 448
52012 448
52052 448
52092 448
52132 448
52172 448
52216 448
52256 448
52296 448
52336 448
52376 448
52416 448
52456 448
52496 448
52540 448
52580 448
52620 448
52660 448
52700 448
52748 448
52788 448
52828 448
52868 448
52908 448
52948 448
52988 448
53032 448
53072 448
53112 448
53152 448
53192 448
53232 448
53272 448
53312 448
53356 448
53396 448
53436 448
53476 448
53516 448
53556 448
53596 448
53636 448
53680 448
53720 448
53764 448
53808 448
53848 448
53888 448
53928 448
53968 448
54008 448
54048 448
54088 448
54132 448
54172 448
54212 448
54252 448
54292 448
54332 448
54372 448
54412 448
54456 448
54496 448
54536 448
54576 448
54616 448
54656 448
54696 448
54736 448
54780 448
54824 448
54864 448
54908 448
54948 448
54988 448
55028 448
55068 448
55108 448
55148 448
55188 448
55232 448
55272 448
55312 448
55352 448
55392 448
55432 448
55472 448
55512 448
55556 448
55596 448
55636 448
55676 448
55716 448
55756 448
55796 448
55840 448
55880 448
55920 448
55964 448
56004 448
56044 448
56084 448
56124 448
56164 448
56204 448
56244 448
56288 448
56328 448
56368 448
56408 448
56448 448
56488 448
56528 448
56568 448
56612 448
56652 448
56692 448
56732 448
56772 448
56812 448
56860 448
56900 448
56940 448
56980 448
57020 448
57064 448
57104 448
57144 448
57184 448
57224 448
57264 448
57304 448
57344 448
57388 448
57428 448
57468 448
57508 448
57548 448
57588 448
57628 448
57668 448
57712 448
57752 448
57792 448
57832 448
57880 448
57920 448
57960 448
58000 448
58040 448
58080 448
58120 448
58160 448
58204 448
58244 448
58284 448
58324 448
58364 448
58404 448
58444 448
58484 448
58528 448
58568 448
58608 448
58648 448
58688 448
58728 448
58768 448
58808 448
58852 448
58896 448
58936 448
58976 448
59020 448
59060 448
59100 448
59140 448
59180 448
59220 448
59260 448
59300 448
59344 448
59384 448
59424 448
59464 448
59504 448
59544 448
59584 448
59624 448
59668 448
59708 448
59748 448
59788 448
59828 448
59868 448
59916 448
59956 448
59996 448
60036 448
60076 448
60120 448
60160 448
60200 448
60240 448
60280 448
60320 448
60360 448
60400 448
60444 448
60484 448
60524 448
60564 448
60604 448
60644 448
60684 448
60724 448
60768 448
60808 448
60848 448
60888 448
60936 448
60976 448
61016 448
61056 448
61096 448
61136 448
61176 448
61216 448
61260 448
61300 448
61340 448
61380 448
61420 448
61460 448
61500 448
61540 448
61584 448
61624 448
61664 448
61704 448
61744 448
61784 448
61824 448
61864 448
61908 448
61952 448
61992 448
62032 448
62076 448
62116 448
62156 448
62196 448
62236 448
62276 448
62316 448
62356 448
62400 448
62440 448
62480 448
62520 448
62560 448
62612 448
62652 448
62692 448
62732 448
62772 448
62812 448
62852 448
62896 448
62936 448
62976 448
63016 448
63056 448
63096 448
63136 448
63176 448
63220 448
63260 448
63300 448
63340 448
63380 448
63420 448
63460 448
63500 448
63548 448
63588 448
63628 448
63672 448
63712 448
63752 448
63792 448
63832 448
63872 448
63912 448
63952 448
63996 448
64036 448
64076 448
64116 448
64156 448
64196 448
64236 448
64276 448
64320 448
64360 448
64400 448
64440 448
64480 448
64520 448
64568 448
64608 448
64648 448
64688 448
64728 448
64768 448
64812 448
64852 448
64892 448
64932 448
64972 448
65012 448
65052 448
65092 448
65136 448
65176 448
65216 448
65256 448
65296 448
65336 448
65376 448
65416 448
65460 448
65500 448
65540 448
65580 448
65628 448
65668 448
65708 448
65748 448
65788 448
65828 448
65868 448
65908 448
65952 448
65992 448
66032 448
66072 448
66112 448
66152 448
66192 448
66232 448
66276 448
66316 448
66356 448
66396 448
66436 448
66476 448
66516 448
66556 448
66600 448
66644 448
66684 448
66728 448
66768 448
66808 448
66848 448
66888 448
66928 448
66968 448
67008 448
67052 448
67092 448
67132 448
67172 448
67212 448
67252 448
67292 448
67332 448
67376 448
67416 448
67456 448
67496 448
67536 448
67576 448
67616 448
67664 448
67704 448
67744 448
67784 448
67824 448
67868 448
67908 448
67948 448
67988 448
68028 448
68068 448
68108 448
68148 448
68192 448
68232 448
68272 448
68312 448
68352 448
68392 448
68432 448
68472 448
68516 448
68556 448
68596 448
68636 448
68684 448
68724 448
68764 448
68804 448
68844 448
68884 448
68924 448
68964 448
69008 448
69048 448
69088 448
69128 448
69168 448
69208 448
69248 448
69288 448
69332 448
69372 448
69412 448
69452 448
69492 448
69532 448
69572 448
69612 448
69656 448
69700 448
69740 448
69784 448
69824 448
69864 448
69904 448
69944 448
69984 448
70024 448
70064 448
70108 448
70148 448
70188 448
70228 448
70268 448
70308 448
70348 448
70388 448
70432 448
70472 448
70512 448
70552 448
70592 448
70632 448
70672 448
70720 448
70760 448
70800 448
70840 448
70880 448
70924 448
70964 448
71004 448
71044 448
71084 448
71124 448
71164 448
71204 448
71248 448
71288 448
71328 448
71368 448
71408 448
71448 448
71488 448
71528 448
71572 448
71612 448
71652 448
71692 448
71740 448
71780 448
71820 448
71860 448
71900 448
71940 448
71980 448
72020 448
72064 448
72104 448
72144 448
72184 448
72224 448
72264 448
72304 448
72344 448
72388 448
72428 448
72468 448
72508 448
72548 448
72588 448
72628 448
72668 448
72712 448
72756 448
72796 448
72840 448
72880 448
72920 448
72960 448
73000 448
73044 448
73084 448
73124 448
73164 448
73204 448
73244 448
73284 448
73328 448
73368 448
73408 448
73448 448
73488 448
73532 448
73572 448
73616 448
73656 448
73696 448
73736 448
73776 448
73816 448
73856 448
73896 448
73940 448
73980 448
74020 448
74060 448
74100 448
74140 448
74180 448
74220 448
74264 448
74304 448
74344 448
74384 448
74424 448
74464 448
74504 448
74552 448
74592 448
74632 448
74672 448
74712 448
74756 448
74796 448
74836 448
74876 448
74916 448
74956 448
74996 448
75036 448
75080 448
75120 448
75160 448
75200 448
75240 448
75280 448
75320 448
75360 448
75404 448
75444 448
75484 448
75524 448
75572 448
75612 448
75652 448
75692 448
75732 448
75772 448
75812 448
75852 448
75896 448
75936 448
75976 448
76016 448
76056 448
76096 448
76136 448
76176 448
76220 448
76260 448
76300 448
76340 448
76380 448
76420 448
76460 448
76500 448
76544 448
76588 448
76628 448
76672 448
76712 448
76752 448
76792 448
76832 448
76872 448
76912 448
76952 448
76996 448
77036 448
77076 448
77116 448
77156 448
77196 448
77236 448
77276 448
77320 448
77360 448
77400 448
77440 448
77480 448
77520 448
77560 448
77608 448
77648 448
77688 448
77728 448
77768 448
77812 448
77852 448
77892 448
77932 448
77972 448
78012 448
78052 448
78092 448
78136 448
78176 448
78216 448
78256 448
78296 448
78336 448
78376 448
78416 448
78460 448
78500 448
78540 448
78580 448
78628 448
78668 448
78708 448
78748 448
78788 448
78828 448
78868 448
78908 448
78952 448
78992 448
79032 448
79072 448
79112 448
79152 448
79192 448
79232 448
79276 448
79316 448
79356 448
79396 448
79436 448
79476 448
79516 448
79556 448
79600 448
79644 448
79684 448
79728 448
79768 448
79808 448
79848 448
79888 448
79928 448
79968 448
80008 448
80052 448
80092 448
80132 448
80172 448
80212 448
80252 448
80292 448
80332 448
80376 448
80416 448
80456 448
80496 448
80536 448
80576 448
80616 448
80656 448
80704 448
80744 448
80784 448
80824 448
80868 448
80908 448
80948 448
80988 448
81028 448
81068 448
81108 448
81148 448
81192 448
81232 448
81272 448
81312 448
81352 448
81392 448
81432 448
81472 448
81516 448
81556 448
81596 448
81636 448
81676 448
81724 448
81764 448
81804 448
81844 448
81884 448
81924 448
81964 448
82008 448
82048 448
82088 448
82128 448
82168 448
82208 448
82248 448
82288 448
82332 448
82372 448
82412 448
82452 448
82492 448
82532 448
82572 448
82612 448
82656 448
82696 448
82740 448
82784 448
82824 448
82864 448
82904 448
82944 448
82984 448
83024 448
83064 448
83108 448
83148 448
83188 448
83228 448
83268 448
83308 448
83348 448
83388 448
83432 448
83484 448
83524 448
83564 448
83604 448
83644 448
83684 448
83728 448
83768 448
83808 448
83848 448
83888 448
83928 448
83968 448
84008 448
84052 448
84092 448
84132 448
84172 448
84212 448
84252 448
84292 448
84332 448
84376 448
84416 448
84460 448
84504 448
84544 448
84584 448
84624 448
84664 448
84704 448
84744 448
84784 448
84828 448
84868 448
84908 448
84948 448
84988 448
85028 448
85068 448
85108 448
85152 448
85192 448
85232 448
85272 448
85312 448
85352 448
85392 448
85432 448
85480 448
85520 448
85560 448
85600 448
85644 448
85684 448
85724 448
85764 448
85804 448
85844 448
85884 448
85924 448
85968 448
86008 448
86048 448
86088 448
86128 448
86168 448
86208 448
86248 448
86292 448
86332 448
86372 448
86412 448
86452 448
86500 448
86540 448
86580 448
86620 448
86660 448
86700 448
86740 448
86784 448
86824 448
86864 448
86904 448
86944 448
86984 448
87024 448
87064 448
87108 448
87148 448
87188 448
87228 448
87268 448
87308 448
87348 448
87388 448
87432 448
87472 448
87516 448
87560 448
87600 448
87640 448
87680 448
87720 448
87760 448
87800 448
87840 448
87884 448
87924 448
87964 448
88004 448
88044 448
88084 448
88124 448
88164 448
88208 448
88248 448
88288 448
88328 448
88368 448
88408 448
88448 448
88488 448
88536 448
88576 448
88616 448
88656 448
88700 448
88740 448
88780 448
88820 448
88860 448
88900 448
88940 448
88980 448
89024 448
89064 448
89104 448
89144 448
89184 448
89224 448
89264 448
89304 448
89348 448
89388 448
89428 448
89468 448
89508 448
89548 448
89596 448
89636 448
89676 448
89716 448
89756 448
89796 448
89840 448
89880 448
89920 448
89960 448
90000 448
90040 448
90080 448
90120 448
90164 448
90204 448
90244 448
90284 448
90324 448
90364 448
90404 448
90444 448
90488 448
90528 448
90568 448
90612 448
90652 448
90692 448
90736 448
90776 448
90816 448
90856 448
90896 448
90936 448
90976 448
91016 448
91060 448
91100 448
91140 448
91180 448
91220 448
91260 448
91300 448
91340 448
91384 448
91424 448
91464 448
91504 448
91544 448
91584 448
91632 448
91672 448
91712 448
91752 448
91792 448
91832 448
91876 448
91916 448
91956 448
91996 448
92036 448
92076 448
92116 448
92156 448
92200 448
92240 448
92280 448
92320 448
92360 448
92400 448
92440 448
92480 448
92524 448
92564 448
92604 448
92648 448
92692 448
92732 448
92772 448
92812 448
92852 448
92892 448
92932 448
92972 448
93016 448
93056 448
93096 448
93136 448
93176 448
93216 448
93256 448
93296 448
93340 448
93380 448
93420 448
93460 448
93500 448
93540 448
93580 448
93620 448
93668 448
93708 448
93748 448
93792 448
93832 448
93872 448
93912 448
93952 448
93996 448
94036 448
94076 448
94116 448
94164 448
94204 448
94244 448
94284 448
94324 448
94364 448
94404 448
94448 448
94488 448
94528 448
94568 448
94608 448
94648 448
94688 448
94728 448
94772 448
94812 448
94852 448
94892 448
94932 448
94972 448
95012 448
95052 448
95096 448
95136 448
95180 448
95220 448
95264 448
95304 448
95344 448
95384 448
95424 448
95464 448
95504 448
95544 448
95588 448
95628 448
95668 448
95708 448
95748 448
95788 448
95828 448
95868 412
95912 385
95952 384
95992 352
96032 319
96072 312
96112 287
96152 268
96192 252
96240 240
96280 224
96320 207
96360 193
96404 192
96444 192
96484 176
96524 163
96564 159
96604 159
96644 159
96684 159
96728 163
96768 176
96808 192
96848 192
96888 193
96928 206
96968 224
97008 240
97052 248
97092 255
97132 280
97172 295
97212 316
97256 335
97296 352
97336 384
97380 391
97420 415
97460 448
97500 451
97540 480
97580 496
97620 511
97660 527
97704 543
97744 568
97784 575
97824 591
97864 608
97904 624
97944 636
97984 639
98028 639
98068 654
98108 655
98148 664
98188 668
98228 668
98276 668
98316 664
98356 655
98396 647
98436 639
98476 638
98520 632
98560 624
98600 608
98640 590
98680 575
98720 568
98760 543
98800 527
98844 511
98884 496
98924 480
98964 463
99004 448
99044 415
99084 399
99124 384
99168 384
99208 352
99248 327
99296 316
99336 304
99376 286
99416 271
99456 255
99496 252
99536 240
99576 225
99620 224
99660 224
99700 224
99740 199
99780 199
99820 199
99860 199
99900 199
99944 207
99984 224
100024 224
100064 224
100104 240
100144 248
100184 255
100224 255
100268 280
100312 291
100352 312
100392 319
100436 352
100476 368
100516 384
100556 387
100596 408
100636 419
100676 448
100716 455
100760 480
100800 496
100840 508
100880 519
100920 536
100960 543
101000 568
101040 574
101084 575
101124 591
101164 608
101204 608
101244 624
101284 624
101332 632
101372 632
101412 632
101452 632
101492 632
101532 632
101576 624
101616 624
101656 608
101696 608
101736 590
101776 575
101816 574
101856 568
101900 543
101940 536
101980 519
102020 508
102060 496
102100 480
102140 460
102180 448
102224 448
102264 415
102304 399
102352 384
102392 384
102432 352
102472 335
102512 319
102552 316
102592 304
102632 287
102676 280
102716 271
102756 255
102796 255
102836 252
102876 248
102916 248
102956 240
103000 240
103040 240
103080 240
103120 248
103160 248
103200 252
103240 254
103280 255
103324 263
103368 280
103408 287
103448 304
103492 312
103532 319
103572 332
103612 352
103652 368
103692 384
103732 385
103772 399
103816 415
103856 448
103896 448
103936 455
103976 480
104016 496
104056 504
104096 511
104140 519
104180 531
104220 543
104260 551
104300 568
104344 591
104388 608
104428 608
104468 608
104508 608
104548 608
104588 608
104632 608
104672 591
104716 583
104756 575
104796 575
104836 572
104876 560
104916 543
104956 540
104996 527
105040 515
105080 508
105120 496
105160 480
105200 480
105240 451
105280 448
105320 432
105364 415
105404 399
105444 385
105484 384
105524 384
105564 352
105604 352
105652 319
105692 318
105732 312
105772 304
105812 287
105856 286
105896 280
105936 271
105976 270
106016 255
106056 255
106096 255
106136 255
106180 255
106220 263
106260 270
106300 271
106340 280
106380 286
106420 287
106460 304
106504 312
106544 318
106584 319
106624 335
106672 352
106712 368
106752 384
106792 384
106832 391
106872 408
106912 415
106952 448
106996 448
107036 455
107076 480
107116 480
107156 496
107196 504
107236 511
107276 519
107320 527
107360 540
107400 543
107440 550
107480 560
107520 568
107560 572
107600 572
107644 574
107688 574
107728 574
107772 574
107812 572
107852 572
107892 568
107932 560
107972 560
108012 543
108052 542
108096 529
108136 524
108176 513
108216 508
108256 504
108296 496
108336 480
108376 463
108420 451
108460 448
108500 448
108540 415
108580 408
108620 396
108660 384
108708 384
108748 384
108788 352
108828 352
108868 335
108912 327
108952 319
108992 316
109032 312
109072 304
109112 304
109152 291
109192 287
109236 287
109276 287
109316 287
109356 287
109396 287
109436 287
109476 291
109516 304
109560 304
109600 312
109640 318
109680 319
109728 327
109768 352
109808 352
109848 353
109888 384
109928 384
109968 384
110008 391
110052 403
110092 415
110132 432
110172 448
110212 448
110252 454
110292 480
110332 480
110376 481
110416 496
110456 504
110496 511
110536 513
110576 519
110616 527
110656 536
110700 540
110744 543
110784 543
110828 543
110868 543
110908 543
110948 543
110988 543
111028 543
111068 543
111108 540
111152 536
111192 527
111232 524
111272 515
111312 512
111352 508
111392 504
111432 496
111476 480
111516 480
111556 463
111596 451
111636 448
111676 448
111716 423
111756 415
111804 403
111844 391
111884 384
111924 384
111968 384
112008 384
112048 352
112088 352
112128 352
112168 334
112208 335
112248 319
112292 319
112332 318
112372 316
112412 316
112452 316
112492 316
112532 312
112572 316
112616 316
112656 318
112696 319
112736 319
112776 319
112824 327
112864 335
112904 352
112944 352
112984 353
113024 384
113064 384
113108 384
113148 385
113188 391
113228 399
113268 414
113308 419
113348 448
113388 448
113432 448
113472 454
113512 463
113552 480
113592 480
113632 496
113672 496
113712 504
113756 508
113796 510
113840 512
113884 515
113924 519
113964 524
114004 526
114044 527
114084 527
114124 527
114164 527
114208 526
114248 524
114288 519
114328 515
114368 512
114408 511
114448 508
114488 504
114532 496
114572 496
114612 480
114652 480
114692 480
114732 455
114780 455
114820 448
114860 448
114904 448
114944 423
114988 415
115032 412
115072 399
115112 391
115152 384
115192 384
115232 384
115272 384
115312 384
115356 352
115396 352
115436 352
115476 352
115516 335
115556 334
115596 327
115636 327
115680 327
115720 327
115760 327
115800 327
115840 327
115880 327
115920 334
115960 335
116008 352
116048 352
116088 352
116128 352
116172 368
116212 384
116252 384
116292 384
116332 384
116372 391
116412 399
116452 408
116496 415
116536 415
116576 432
116616 448
116656 448
116696 448
116736 455
116776 463
116820 480
116860 480
116900 480
116940 496
116980 496
117028 504
117068 504
117108 508
117148 510
117188 511
117228 511
117268 512
117312 512
117352 512
117392 511
117432 512
117472 511
117512 510
117552 508
117592 508
117636 504
117676 496
117716 496
117756 496
117796 480
117836 480
117876 480
117916 463
117960 455
118000 448
118044 448
118088 448
118128 432
118168 419
118208 415
118248 412
118288 399
118328 391
118368 387
118412 384
118452 384
118492 384
118532 384
118572 384
118612 368
118652 353
118692 352
118736 352
118776 352
118816 352
118856 352
118896 352
118936 352
118976 352
119016 352
119064 352
119104 352
119144 352
119184 352
119228 353
119268 368
119308 384
119348 384
119388 384
119428 384
119468 384
119508 385
119552 391
119592 399
119632 408
119672 412
119712 415
119752 423
119792 448
119832 448
119876 448
119916 448
119956 451
119996 455
120036 480
120084 480
120124 480
120164 480
120204 481
120244 496
120284 496
120324 496
120368 496
120408 504
120448 504
120488 504
120528 504
120568 504
120608 504
120648 504
120692 504
120732 496
120772 496
120812 496
120852 483
120892 480
120932 480
120972 480
121016 480
121056 463
121100 455
121144 449
121184 448
121224 448
121264 448
121304 448
121344 423
121384 415
121424 414
121468 408
121508 399
121548 396
121588 391
121628 385
121668 384
121708 384
121748 384
121792 384
121832 384
121872 384
121912 384
121952 384
121992 368
122032 368
122072 368
122116 368
122160 368
122200 368
122244 368
122284 368
122324 384
122364 384
122404 384
122444 384
122484 384
122524 384
122568 384
122608 384
122648 385
122688 391
122728 398
122768 399
122808 408
122848 414
122892 415
122932 423
122972 432
123012 448
123052 448
123092 448
123132 448
123176 449
123216 455
123256 460
123300 480
123340 480
123380 480
123420 480
123460 480
123500 480
123540 480
123580 496
123624 496
123664 496
123704 496
123744 496
123784 496
123824 496
123864 496
123904 481
123948 480
123988 480
124028 480
124068 480
124108 480
124148 480
124196 463
124236 455
124276 451
124316 448
124356 448
124400 448
124440 448
124480 448
124520 432
124560 419
124600 415
124640 415
124680 412
124724 399
124764 399
124804 391
124844 391
124884 385
124924 384
124964 384
125004 384
125048 384
125088 384
125128 384
125168 384
125212 384
125252 384
125292 384
125332 384
125376 384
125416 384
125456 384
125496 384
125536 384
125576 384
125616 384
125656 384
125700 384
125740 384
125784 384
125824 387
125868 391
125908 391
125948 399
125988 399
126028 412
126068 414
126108 415
126148 419
126192 432
126232 448
126272 448
126312 448
126352 448
126392 448
126432 449
126472 451
126516 455
126556 460
126596 463
126636 480
126676 480
126716 480
126756 480
126804 480
126844 480
126884 480
126924 480
126968 480
127008 480
127048 480
127088 480
127128 480
127168 480
127208 480
127248 480
127292 480
127332 463
127372 455
127412 455
127452 451
127492 448
127532 448
127572 448
127616 448
127656 448
127696 448
127736 432
127776 419
127824 415
127864 415
127904 412
127944 408
127984 399
128024 399
128064 391
128108 391
128148 387
128188 385
128228 384
128268 384
128308 384
128348 384
128388 384
128432 384
128472 384
128512 384
128552 384
128592 384
128632 384
128672 384
128712 384
128756 384
128796 384
128840 384
128880 384
128924 385
128964 387
129004 391
129044 391
129084 399
129124 399
129164 408
129204 412
129248 415
129288 415
129328 415
129368 423
129408 432
129448 448
129488 448
129528 448
129572 448
129612 448
129652 448
129692 449
129732 451
129772 455
129812 455
129852 462
129900 463
129940 480
129980 480
130024 480
130064 480
130104 480
130144 480
130184 480
130224 480
130264 480
130304 480
130348 463
130388 463
130428 460
130468 455
130508 455
130548 451
130588 449
130628 448
130672 448
130712 448
130752 448
130792 448
130832 448
130872 448
130916 432
130956 419
131000 415
131040 415
131080 415
131120 412
131160 408
131200 399
131240 399
131280 399
131324 391
131364 391
131404 391
131444 387
131484 385
131524 384
131564 384
131604 384
131648 384
131688 384
131728 384
131768 384
131808 384
131848 384
131888 384
131936 384
131976 385
132016 385
132056 387
132096 391
132140 391
132180 391
132220 399
132260 399
132300 401
132340 408
132380 412
132420 415
132464 415
132504 415
132544 419
132584 432
132624 432
132664 448
132704 448
132744 448
132788 448
132828 448
132868 448
132908 448
132956 449
132996 451
133036 455
133076 455
133116 455
133156 455
133196 455
133236 460
133280 460
133320 462
133360 460
133400 460
133440 460
133480 455
133520 455
133560 455
133604 455
133644 454
133684 451
133724 449
133764 448
133804 448
133844 448
133884 448
133928 448
133972 448
134012 448
134056 448
134096 432
134136 423
134176 419
134216 415
134256 415
134296 415
134336 414
134380 412
134420 408
134460 399
134500 399
134540 399
134580 398
134620 391
134660 391
134704 391
134744 391
134784 391
134824 387
134864 387
134904 387
134944 387
134992 387
135032 390
135072 391
135112 391
135152 391
135196 391
135236 391
135276 396
135316 399
135356 399
135396 399
135436 408
135476 408
135520 412
135560 414
135600 415
135644 415
135688 415
135728 419
135768 432
135808 432
135848 448
135888 448
135928 448
135968 448
136012 448
136052 448
136092 448
136132 448
136172 448
136212 448
136252 448
136292 449
136336 451
136380 451
136420 451
136460 451
136504 454
136544 451
136584 451
136624 451
136664 451
136704 451
136744 449
136784 449
136828 451
136868 448
136908 448
136948 448
136988 448
137028 448
137068 448
137108 448
137152 448
137192 448
137232 448
137272 432
137312 432
137352 423
137400 419
137440 415
137480 415
137520 415
137560 414
137600 412
137644 412
137684 408
137724 401
137764 399
137804 399
137844 399
137884 399
137924 398
137968 398
138008 396
138048 391
138088 391
138128 399
138168 391
138208 391
138248 396
138292 396
138332 398
138372 399
138416 399
138460 399
138500 399
138540 399
138580 408
138620 408
138660 412
138700 414
138744 415
138784 415
138824 415
138864 415
138904 419
138944 423
138984 432
139024 432
139068 448
139108 448
139148 448
139188 448
139228 448
139268 448
139308 448
139348 448
139392 448
139436 448
139476 448
139516 448
139560 448
139600 448
139640 448
139680 448
139720 448
139760 448
139800 448
139840 448
139884 448
139924 448
139964 448
140004 448
140044 448
140084 448
140124 448
140164 448
140208 448
140248 448
140288 448
140328 448
140368 448
140408 448
140456 448
140496 432
140536 432
140576 423
140616 419
140656 415
140700 415
140740 415
140780 415
140820 414
140860 414
140900 412
140940 408
140980 408
141024 408
141064 403
141104 399
141144 399
141184 399
141224 399
141264 399
141304 399
141348 399
141388 399
141428 399
141468 399
141516 399
141556 399
141596 399
141636 403
141676 408
141716 408
141756 412
141800 412
141840 414
141880 414
141920 415
141960 415
142000 415
142040 415
142080 415
142124 419
142164 419
142204 432
142244 432
142284 432
142324 448
142364 448
142404 448
142448 448
142488 448
142532 448
142572 448
142612 448
142656 448
142696 448
142736 448
142776 448
142816 448
142856 448
142896 448
142936 448
142980 448
143020 448
143060 448
143100 448
143140 448
143180 460
143220 480
143260 480
143304 496
143344 496
143384 504
143424 508
143464 508
143504 508
143552 510
143592 511
143632 510
143672 510
143712 510
143752 508
143796 508
143836 504
143876 504
143916 504
143956 496
143996 496
144036 496
144076 496
144120 496
144160 480
144200 480
144240 480
144280 480
144320 480
144360 480
144400 480
144444 480
144484 480
144524 480
144568 480
144612 463
144652 462
144692 460
144732 460
144772 455
144812 455
144852 455
144892 455
144936 455
144976 455
145016 451
145056 451
145096 451
145136 451
145176 451
145216 449
145260 449
145300 449
145340 449
145380 448
145420 448
145460 448
145500 448
145540 448
145588 448
145628 448
145668 448
145712 448
145752 448
145792 448
145832 448
145872 448
145912 448
145952 448
145992 448
146036 448
146080 448
146120 448
146160 448
146204 448
146244 448
146288 448
146328 448
146368 448
146408 448
146448 448
146488 448
146528 448
146568 448
146612 448
146652 448
146692 448
146732 448
146772 448
146812 448
146852 448
146892 448
146936 448
146976 448
147016 448
147056 448
147096 448
147136 448
147176 448
147224 448
147264 448
147304 448
147344 448
147384 448
147428 448
147468 448
147508 448
147548 448
147588 448
147628 448
147668 448
147708 448
147752 448
147792 448
147832 448
147872 448
147912 448
147952 448
147992 448
148032 448
148076 448
148116 448
148156 448
148196 448
148244 448
148284 448
148324 448
148364 448
148404 448
148444 448
148484 448
148524 448
148568 448
148608 448
148648 448
148688 448
148728 448
148768 448
148808 448
148848 448
148892 448
148932 448
148972 448
149012 448
149052 448
149092 448
149132 448
149172 448
149216 448
149260 448
149300 448
149344 448
149384 448
149424 448
149464 448
149504 448
149544 448
149584 448
149624 448
149668 448
149708 448
149748 448
149788 448
149828 448
149868 448
149908 448
149948 448
149992 448
150032 448
150072 448
150112 448
150152 448
150192 448
150232 448
150280 448
150320 448
150360 448
150400 448
150440 448
150484 448
150524 448
150564 448
150604 448
150644 448
150684 448
150724 448
150764 448
150808 448
150848 448
150888 448
150928 448
150968 448
151008 448
151048 448
151088 448
151132 448
151172 448
151212 448
151252 448
151300 448
151340 448
151380 448
151420 448
151460 448
151500 448
151540 448
151580 448
151624 448
151664 448
151704 448
151744 448
151784 448
151824 448
151864 448
151904 448
151948 448
151988 448
152028 448
152068 448
152108 448
152148 448
152188 448
152228 448
152272 448
152316 448
152356 448
152400 448
152440 448
152480 448
152520 448
152560 448
152600 448
152640 448
152680 448
152724 448
152764 448
152804 448
152844 448
152884 448
152924 448
152964 448
153004 448
153048 448
153088 448
153128 448
153168 448
153208 448
153248 448
153288 448
153328 448
153376 448
153416 448
153456 448
153496 448
153540 448
153580 448
153620 448
153660 448
153700 448
153740 448
153780 448
153820 448
153864 448
153904 448
153944 448
153984 448
154024 448
154064 448
154104 448
154144 448
154188 448
154228 448
154268 448
154308 448
154348 448
154396 448
154436 448
154476 448
154516 448
154556 448
154596 448
154636 448
154680 448
154720 448
154760 448
154800 448
154840 448
154880 448
154920 448
154960 448
155004 448
155044 448
155084 448
155124 448
155164 448
155204 448
155244 448
155284 448
155328 448
155368 448
155412 448
155456 448
155496 448
155536 448
155576 448
155616 448
155656 448
155696 448
155736 448
155780 448
155820 448
155860 448
155900 448
155940 448
155980 448
156020 448
156060 448
156104 448
156144 448
156184 448
156224 448
156264 448
156304 448
156344 448
156384 448
156432 448
156472 448
156512 448
156556 448
156596 448
156636 448
156676 448
156716 448
156756 448
156796 448
156836 448
156880 448
156920 448
156960 448
157000 448
157040 448
157080 448
157120 448
157160 448
157204 448
157248 448
157288 448
157332 448
157372 448
157412 448
157452 448
157492 448
157532 448
157572 448
157612 448
157656 448
157696 448
157736 448
157776 448
157816 448
157856 448
157896 448
157936 448
157980 448
158020 448
158060 448
158100 448
158140 448
158180 448
158220 448
158268 448
158308 448
158348 448
158388 448
158428 448
158472 448
158512 448
158552 448
158592 448
158632 448
158672 448
158712 448
158752 448
158796 448
158836 448
158876 448
158916 448
158956 448
158996 448
159036 448
159076 448
159120 448
159160 448
159200 448
159240 448
159288 448
159328 448
159368 448
159408 448
159448 448
159488 448
159528 448
159568 448
159612 448
159652 448
159692 448
159732 448
159772 448
159812 448
159852 448
159892 448
159936 448
159976 448
160016 448
160056 448
160096 448
160136 448
160176 448
160216 448
160260 448
160304 448
160344 448
160388 448
160428 448
160468 448
160508 448
160548 448
160588 448
160628 448
160668 448
160712 448
160752 448
160792 448
160832 448
160872 448
160912 448
160952 448
160992 448
161036 448
161076 448
161116 448
161156 448
161196 448
161236 448
161276 448
161324 448
161364 448
161404 448
161444 448
161484 448
161528 448
161568 448
161608 448
161648 448
161688 448
161728 448
161768 448
161808 448
161852 448
161892 448
161932 448
161972 448
162012 448
162052 448
162092 448
162132 448
162176 448
162216 448
162256 448
162296 448
162344 448
162384 448
162424 448
162464 448
162504 448
162544 448
162584 448
162624 448
162668 448
162708 448
162748 448
162788 448
162828 448
162868 448
162908 448
162948 448
162992 448
163032 448
163072 448
163112 448
163152 448
163192 448
163232 448
163272 448
163316 448
163360 448
163400 448
163444 448
163484 448
163524 448
163564 448
163604 448
163644 448
163684 448
163724 448
163768 448
163808 448
163848 448
163888 448
163928 448
163968 448
164008 448
164048 448
164092 448
164132 448
164172 448
164212 448
164252 448
164292 448
164332 448
164372 448
164420 448
164460 448
164500 448
164540 448
164584 448
164624 448
164664 448
164704 448
164744 448
164784 448
164824 448
164864 448
164908 448
164948 448
164988 448
165028 448
165068 448
165108 448
165148 448
165188 448
165232 448
165272 448
165312 448
165352 448
165392 448
165436 448
165476 448
165516 448
165560 448
165600 448
165640 448
165680 448
165720 448
165760 448
165800 448
165840 448
165884 448
165924 448
165964 448
166004 448
166044 448
166084 448
166124 448
166164 448
166208 448
166248 448
166288 448
166328 448
166368 448
166408 448
166456 448
166496 448
166536 448
166576 448
166616 448
166656 448
166700 448
166740 448
166780 448
166820 448
166860 448
166900 448
166944 448
166988 448
167028 448
167068 448
167108 448
167148 448
167188 448
167228 448
167268 448
167312 448
167352 448
167396 448
167440 448
167480 448
167520 448
167560 448
167600 448
167640 448
167680 448
167720 448
167764 448
167804 448
167844 448
167884 448
167924 448
167964 448
168004 448
168044 448
168088 448
168128 448
168168 448
168208 448
168248 448
168288 448
168328 448
168368 448
168412 448
168456 448
168496 448
168536 448
168580 448
168620 448
168660 448
168700 448
168740 448
168780 448
168820 448
168860 448
168904 448
168944 448
168984 448
169024 448
169064 448
169104 448
169144 448
169184 448
169228 448
169268 448
169308 448
169348 448
169388 448
169428 448
169476 448
169516 448
169556 448
169596 448
169636 448
169676 448
169720 448
169760 448
169800 448
169840 448
169880 448
169920 448
169960 448
170000 448
170044 448
170084 448
170124 448
170164 448
170204 448
170244 448
170284 448
170324 448
170368 448
170408 448
170448 448
170496 448
170536 448
170576 448
170616 448
170656 448
170696 448
170736 448
170776 448
170820 448
170860 448
170900 448
170940 448
170980 448
171020 448
171060 448
171100 448
171144 448
171184 448
171224 448
171264 448
171304 448
171344 448
171384 448
171424 448
171468 448
171512 448
171552 448
171592 448
171636 448
171676 448
171716 448
171756 448
171796 448
171836 448
171876 448
171916 448
171960 448
172000 448
172040 448
172080 448
172120 448
172160 448
172200 448
172240 448
172284 448
172324 448
172364 448
172404 448
172444 448
172484 448
172532 448
172572 448
172612 448
172652 448
172692 448
172732 448
172776 448
172816 448
172856 448
172896 448
172936 448
172976 448
173016 448
173056 448
173100 448
173140 448
173180 448
173220 448
173260 448
173300 448
173340 448
173380 448
173424 448
173464 448
173504 448
173552 448
173592 448
173632 448
173672 448
173712 448
173752 448
173792 448
173832 448
173876 448
173916 448
173956 448
173996 448
174036 448
174076 448
174116 448
174156 448
174200 448
174240 448
174280 448
174320 448
174360 448
174400 448
174440 448
174480 448
174524 448
174568 448
174608 448
174648 448
174692 448
174732 448
174772 448
174812 448
174852 448
174892 448
174932 448
174972 448
175016 448
175056 448
175096 448
175136 448
175176 448
175216 448
175256 448
175296 448
175340 448
175380 448
175420 448
175460 448
175500 448
175540 448
175580 448
175628 448
175668 448
175708 448
175748 448
175788 448
175832 448
175872 448
175912 448
175952 448
175992 448
176032 448
176072 448
176112 448
176156 448
176196 448
176236 448
176276 448
176316 448
176356 448
176396 448
176436 448
176480 448
176520 448
176560 448
176600 448
176644 448
176684 448
176724 448
176768 448
176808 448
176848 448
176888 448
176928 448
176968 448
177008 448
177048 448
177092 448
177132 448
177172 448
177212 448
177252 448
177292 448
177332 448
177376 448
177416 448
177456 448
177496 448
177536 448
177580 448
177624 448
177664 448
177704 448
177748 448
177788 448
177828 448
177868 448
177908 448
177948 448
177988 448
178028 448
178072 448
178112 448
178152 448
178192 448
178232 448
178272 448
178312 448
178352 448
178396 448
178436 448
178476 448
178516 448
178556 448
178596 448
178644 448
178684 448
178724 448
178764 448
178804 448
178848 448
178888 448
178928 448
178968 448
179008 448
179048 448
179088 448
179128 448
179172 448
179212 448
179252 448
179292 448
179332 448
179372 448
179412 448
179452 448
179496 448
179536 448
179576 448
179616 448
179664 448
179704 448
179744 448
179784 448
179824 448
179864 448
179904 448
179944 448
179988 448
180028 448
180068 448
180108 448
180148 448
180188 448
180228 448
180268 448
180312 448
180352 448
180392 448
180432 448
180472 448
180512 448
180552 448
180592 448
180636 448
180680 448
180720 448
180760 448
180804 448
180844 448
180884 448
180924 448
180964 448
181004 448
181044 448
181084 448
181128 448
181168 448
181208 448
181248 448
181288 448
181328 448
181368 448
181408 448
181452 448
181492 448
181532 448
181572 448
181612 448
181652 448
181700 448
181740 448
181780 448
181820 448
181860 448
181904 448
181944 448
181984 448
182024 448
182064 448
182104 448
182144 448
182184 448
182228 448
182268 448
182308 448
182348 448
182388 448
182428 448
182468 448
182508 448
182552 448
182592 448
182632 448
182672 448
182720 448
182760 448
182800 448
182840 448
182880 448
182920 448
182960 448
183000 448
183044 448
183084 448
183124 448
183164 448
183204 448
183244 448
183284 448
183324 448
183368 448
183408 448
183448 448
183488 448
183528 448
183568 448
183608 448
183648 448
183692 448
183736 448
183776 448
183816 448
183860 448
183900 448
183940 448
183980 448
184020 448
184060 448
184100 448
184140 448
184184 448
184224 448
184264 448
184304 448
184344 448
184384 448
184424 448
184464 448
184508 448
184548 448
184588 448
184628 448
184668 448
184708 448
184748 448
184792 448
184832 448
184872 448
184916 448
184956 448
184996 448
185036 448
185076 448
185116 448
185156 448
185196 448
185240 448
185280 448
185320 448
185360 448
185400 448
185440 448
185480 448
185520 448
185564 448
185604 448
185644 448
185684 448
185724 448
185764 448
185812 448
185852 448
185892 448
185932 448
185972 448
186012 448
186056 448
186096 448
186136 448
186176 448
186216 448
186256 448
186296 448
186336 448
186380 448
186420 448
186460 448
186500 448
186540 448
186580 448
186620 448
186660 448
186704 448
186744 448
186784 448
186832 448
186872 448
186912 448
186952 448
186992 448
187032 448
187072 448
187112 448
187156 448
187196 448
187236 448
187276 448
187316 448
187356 448
187396 448
187436 448
187480 448
187520 448
187560 448
187600 448
187640 448
187680 448
187720 448
187760 448
187808 448
187848 448
187888 448
187928 448
187968 448
188008 448
188052 448
188092 448
188132 448
188172 448
188212 448
188252 448
188292 448
188332 448
188376 448
188416 448
188456 448
188496 448
188536 448
188576 448
188616 448
188656 448
188700 448
188740 448
188784 448
188824 448
188868 448
188908 448
188948 448
188988 448
189028 448
189068 448
189108 448
189148 448
189192 448
189232 448
189272 448
189312 448
189352 448
189392 448
189432 448
189472 448
189516 448
189556 448
189596 448
189636 448
189676 448
189716 448
189756 448
189804 448
189844 448
189884 448
189924 448
189964 448
190008 448
190048 448
190088 448
190128 448
190168 448
190208 448
190248 448
190288 448
190332 448
190372 448
190412 448
190452 448
190492 448
190532 448
190572 448
190612 448
190656 448
190696 448
190736 448
190776 448
190816 448
190864 448
190904 448
190944 448
190984 448
191024 448
191064 448
191108 448
191148 448
191188 448
191228 448
191268 448
191308 448
191348 448
191388 448
191432 448
191472 448
191512 448
191552 448
191592 415
191632 391
191672 384
191712 352
191756 327
191796 316
191836 287
191880 271
191920 255
191960 248
192004 224
192044 224
192084 198
192124 192
192164 192
192204 176
192244 166
192284 159
192328 159
192368 159
192408 159
192448 159
192488 167
192528 176
192568 192
192608 192
192652 199
192692 224
192732 224
192772 240
192812 255
192852 270
192900 287
192940 312
192980 327
193020 352
193060 384
193104 384
193144 408
193184 432
193224 448
193264 480
193304 496
193344 508
193384 519
193428 543
193468 560
193508 575
193548 588
193588 608
193628 624
193668 632
193708 639
193752 639
193792 652
193832 655
193872 664
193920 668
193960 670
194000 668
194040 668
194080 664
194120 655
194160 639
194200 639
194244 636
194284 624
194324 608
194364 608
194404 575
194444 572
194484 551
194524 536
194568 515
194608 504
194648 480
194688 463
194728 448
194768 432
194808 412
194848 387
194892 384
194936 352
194976 335
195016 319
195060 312
195100 287
195140 271
195180 255
195220 252
195260 248
195300 240
195340 224
195384 224
195424 224
195464 206
195504 199
195544 199
195584 199
195624 199
195664 204
195708 224
195748 224
195788 224
195828 240
195868 248
195908 252
195956 255
195996 273
196036 287
196076 312
196116 319
196160 335
196200 352
196240 384
196280 384
196320 399
196360 415
196400 448
196440 449
196484 480
196524 496
196564 504
196604 513
196644 527
196684 543
196724 560
196764 572
196808 575
196848 591
196888 608
196928 608
196976 624
197016 624
197056 632
197096 632
197136 632
197176 632
197216 632
197256 632
197300 624
197340 624
197380 608
197420 608
197460 608
197500 583
197540 575
197580 568
197624 547
197664 540
197704 524
197744 511
197784 504
197824 480
197864 480
197904 448
197948 448
197992 415
198032 399
198072 384
198116 384
198156 353
198196 352
198240 319
198280 312
198320 291
198360 286
198400 271
198440 255
198484 255
198528 254
198568 248
198608 248
198652 240
198692 240
198732 240
198772 240
198812 240
198852 248
198892 248
198932 252
198976 255
199016 255
199056 271
199096 284
199136 287
199176 304
199216 316
199256 319
199300 352
199340 352
199380 384
199420 384
199460 391
199500 408
199548 423
199588 448
199628 451
199668 480
199708 480
199748 496
199792 508
199832 515
199872 527
199912 542
199952 547
199992 568
200032 572
200072 575
200116 575
200156 583
200196 591
200236 608
200276 608
200316 608
200356 608
200396 608
200440 608
200480 590
200520 583
200564 575
200608 575
200648 568
200688 560
200728 543
200768 542
200808 527
200848 515
200892 508
200932 496
200972 480
201012 480
201052 451
201092 448
201132 432
201172 415
201216 399
201256 387
201296 384
201336 384
201376 352
201416 352
201456 327
201496 319
201540 316
201584 304
201624 287
201664 287
201708 280
201748 271
201788 270
201828 263
201868 255
201908 255
201948 255
201988 255
202032 255
202072 270
202112 271
202152 280
202192 286
202232 287
202272 304
202312 312
202356 318
202396 319
202436 335
202476 352
202516 353
202556 384
202604 384
202644 391
202684 408
202724 415
202764 448
202804 448
202848 451
202888 480
202928 480
202968 496
203008 504
203048 510
203088 515
203128 527
203172 536
203212 543
203252 543
203292 560
203332 560
203372 568
203412 572
203452 572
203496 572
203536 574
203576 572
203620 572
203664 568
203704 568
203744 560
203784 551
203824 543
203864 542
203904 536
203948 524
203988 515
204028 510
204068 504
204108 496
204148 480
204188 480
204228 454
204272 448
204312 448
204352 419
204392 412
204432 399
204472 387
204512 384
204552 384
204596 368
204640 352
204680 352
204720 327
204764 319
204804 318
204844 316
204884 312
204924 304
204964 295
205004 287
205044 287
205088 287
205128 287
205168 287
205208 287
205248 287
205288 295
205328 304
205368 312
205412 312
205452 318
205492 319
205532 327
205572 335
205612 352
205652 353
205700 384
205740 384
205780 384
205820 391
205860 399
205904 415
205944 423
205984 448
206024 448
206064 451
206104 463
206144 480
206184 481
206228 496
206268 504
206308 510
206348 513
206388 519
206428 527
206468 529
206508 540
206552 542
206592 543
206632 543
206672 543
206716 543
206756 543
206800 543
206840 543
206880 543
206920 542
206960 540
207000 527
207040 526
207080 519
207124 512
207164 508
207204 504
207244 496
207284 480
207324 480
207364 463
207404 455
207448 448
207488 448
207528 432
207568 415
207608 412
207648 399
207688 387
207736 384
207776 384
207816 384
207856 368
207896 352
207940 352
207980 335
208020 327
208060 319
208100 319
208140 319
208180 318
208220 316
208264 316
208304 316
208344 316
208384 316
208424 316
208464 318
208504 319
208544 319
208588 319
208628 327
208676 352
208716 384
208756 384
208796 384
208836 384
208880 391
208920 399
208960 412
209000 415
209040 432
209080 448
209128 448
209168 451
209208 462
209248 480
209288 480
209328 483
209372 496
209412 504
209452 508
209492 510
209532 512
209572 515
209612 519
209652 519
209696 524
209736 527
209776 527
209816 527
209856 527
209896 526
209936 524
209976 519
210020 519
210060 513
210100 511
210140 510
210188 504
210228 504
210268 496
210308 480
210348 480
210388 480
210428 460
210472 451
210512 448
210552 448
210592 448
210632 419
210672 415
210712 408
210752 399
210796 390
210836 384
210876 384
210916 384
210956 384
210996 368
211036 352
211076 352
211120 352
211160 352
211204 335
211244 334
211288 327
211328 327
211368 327
211408 327
211448 327
211488 327
211528 327
211568 334
211612 335
211652 352
211692 352
211732 352
211772 352
211812 368
211852 384
211892 384
211936 384
211976 384
212016 385
212056 391
212096 399
212136 412
212176 415
212224 423
212264 448
212304 448
212344 448
212384 451
212428 455
212468 480
212508 480
212548 480
212588 481
212628 496
212668 496
212708 504
212752 504
212792 508
212832 510
212872 510
212912 511
212952 511
212992 512
213032 511
213076 511
213116 511
213156 510
213196 508
213244 508
213284 504
213324 504
213364 496
213404 496
213444 480
213484 480
213524 480
213568 480
213608 455
213648 451
213688 448
213728 448
213768 448
213808 432
213848 415
213892 414
213932 408
213972 399
214012 391
214052 385
214092 384
214132 384
214172 384
214216 384
214260 384
214300 368
214344 352
214384 352
214424 352
214464 352
214504 352
214544 352
214584 352
214624 352
214668 352
214708 352
214748 352
214788 352
214828 352
214868 352
214908 368
214948 384
214992 384
215032 384
215072 384
215112 384
215152 384
215192 387
215232 391
215280 399
215320 412
215360 415
215400 415
215440 432
215484 448
215524 448
215564 448
215604 448
215644 455
215684 460
215724 480
215764 480
215808 480
215848 480
215888 481
215928 496
215968 496
216008 496
216048 496
216088 504
216132 504
216172 504
216212 504
216252 504
216300 504
216340 504
216380 496
216420 496
216460 496
216500 496
216540 481
216580 480
216624 480
216664 480
216704 480
216744 462
216784 455
216824 449
216864 448
216904 448
216948 448
216988 448
217028 423
217068 415
217108 414
217148 408
217188 399
217228 398
217272 391
217316 384
217356 384
217400 384
217440 384
217480 384
217520 384
217560 384
217600 384
217640 384
217680 368
217724 368
217764 368
217804 368
217844 368
217884 368
217924 368
217964 384
218004 384
218048 384
218088 384
218128 384
218168 384
218208 384
218248 384
218288 384
218328 385
218372 391
218412 398
218456 399
218496 412
218536 415
218576 415
218616 423
218656 432
218696 448
218736 448
218780 448
218820 448
218860 451
218900 455
218940 460
218980 480
219020 480
219060 480
219104 480
219144 480
219184 480
219224 480
219264 480
219304 480
219352 481
219392 483
219432 496
219472 496
219512 496
219556 496
219596 481
219636 481
219676 480
219716 480
219756 480
219796 480
219836 480
219880 480
219920 480
219960 462
220000 455
220040 451
220080 448
220120 448
220160 448
220204 448
220244 448
220284 432
220324 419
220372 415
220412 414
220452 408
220492 408
220532 399
220572 391
220612 391
220652 385
220696 384
220736 384
220776 384
220816 384
220856 384
220896 384
220936 384
220976 384
221020 384
221060 384
221100 384
221140 384
221180 384
221220 384
221260 384
221300 384
221344 384
221388 384
221428 384
221472 384
221512 384
221552 387
221592 391
221632 391
221672 399
221712 399
221752 408
221796 414
221836 415
221876 415
221916 423
221956 432
221996 448
222036 448
222076 448
222120 448
222160 448
222200 451
222240 455
222280 455
222320 463
222360 480
222408 480
222448 480
222488 480
222528 480
222568 480
222612 480
222652 480
222692 480
222732 480
222772 480
222812 480
222852 480
222892 480
222936 480
222976 480
223016 480
223056 480
223096 462
223136 455
223176 455
223216 449
223260 448
223300 448
223340 448
223380 448
223428 448
223468 432
223508 432
223548 415
223588 415
223628 414
223668 412
223708 408
223752 399
223792 398
223832 391
223872 391
223912 387
223952 385
223992 384
224032 384
224076 384
224116 384
224156 384
224196 384
224236 384
224276 384
224316 384
224356 384
224400 384
224444 384
224484 384
224528 384
224568 384
224608 384
224648 385
224688 387
224728 391
224768 391
224808 398
224852 399
224892 403
224932 408
224972 414
225012 415
225052 415
225092 419
225132 432
225176 448
225216 448
225256 448
225296 448
225336 448
225376 448
225416 448
225456 451
225500 455
225540 455
225584 455
225624 462
225664 463
225704 463
225744 480
225784 480
225824 480
225864 480
225908 480
225948 480
225988 480
226028 480
226068 480
226108 463
226148 463
226188 460
226232 460
226272 455
226312 451
226352 449
226392 448
226432 448
226472 448
226520 448
226560 448
226600 448
226640 448
226680 432
226724 419
226764 415
226804 415
226844 414
226884 412
226924 408
226964 399
227004 399
227048 398
227088 391
227128 391
227168 390
227208 387
227248 385
227288 384
227328 384
227372 384
227412 384
227452 384
227492 384
227540 384
227580 384
227620 384
227660 384
227700 384
227740 385
227780 387
227820 387
227864 391
227904 391
227944 398
227984 399
228024 399
228064 403
228104 412
228144 414
228188 415
228228 415
228268 415
228308 423
228348 432
228388 448
228428 448
228468 448
228512 448
228556 448
228596 448
228640 448
228680 448
228720 449
228760 451
228800 451
228840 455
228880 455
228920 455
228964 455
229004 460
229044 460
229084 462
229124 460
229164 460
229204 455
229244 455
229288 455
229328 455
229368 455
229408 451
229448 451
229488 448
229536 448
229576 448
229616 448
229656 448
229700 448
229740 448
229780 432
229820 432
229860 419
229908 419
229948 415
229988 415
230028 414
230068 412
230108 408
230148 403
230192 399
230232 399
230272 399
230312 396
230352 391
230392 391
230432 391
230472 391
230516 391
230556 387
230596 387
230636 387
230676 387
230716 387
230756 391
230796 391
230840 391
230880 391
230924 391
230964 398
231008 399
231048 399
231088 399
231128 403
231168 408
231208 412
231248 414
231288 415
231332 415
231372 415
231412 419
231452 423
231492 432
231532 432
231572 448
231612 448
231656 448
231696 448
231736 448
231776 448
231816 448
231856 448
231896 448
231936 448
231984 448
232024 449
232064 451
232108 451
232148 451
232188 455
232228 451
232268 451
232308 451
232348 451
232388 451
232432 449
232472 449
232512 448
232552 448
232592 448
232632 448
232672 448
232712 448
232756 448
232796 448
232836 448
232876 448
232916 448
232956 432
233004 432
233044 422
233084 419
233124 415
233164 415
233204 415
233248 414
233288 412
233328 412
233368 408
233408 403
233448 399
233488 399
233528 399
233572 399
233612 399
233652 398
233692 399
233732 391
233772 391
233812 391
233852 391
233896 391
233936 391
233976 396
234020 396
234064 399
234104 399
234144 399
234184 399
234224 399
234264 408
234304 408
234344 412
234388 412
234428 414
234468 415
234508 415
234548 415
234588 415
234628 419
234668 432
234712 432
234752 432
234792 448
234832 448
234872 448
234912 448
234952 448
234992 448
235040 448
235080 448
235120 448
235164 448
235204 448
235244 448
235284 448
235324 448
235364 448
235404 448
235444 448
235488 448
235528 448
235568 448
235608 448
235648 448
235688 448
235728 448
235768 448
235812 448
235852 448
235892 448
235932 448
235972 448
236012 448
236060 448
236100 448
236140 448
236180 432
236220 432
236260 423
236304 419
236344 415
236384 415
236424 415
236464 415
236504 414
236544 412
236584 412
236628 408
236668 408
236708 408
236748 401
236788 399
236828 399
236868 399
236908 399
236952 399
236992 399
237032 399
237076 399
237120 399
237160 399
237200 399
237240 399
237280 399
237320 399
237360 399
237400 408
237444 408
237484 408
237524 412
237564 414
237604 414
237644 415
237684 415
237724 415
237768 415
237808 415
237848 419
237888 423
237928 432
237968 432
238008 448
238048 448
238096 448
238136 448
238176 448
238220 448
238260 448
238300 448
238340 448
238380 448
238420 448
238460 448
238500 448
238544 448
238584 448
238624 448
238664 448
238704 448
238744 448
238784 448
238824 448
238868 448
238908 455
238948 480
238988 480
239028 496
239068 496
239108 504
239156 504
239196 508
239236 508
239276 510
239316 510
239360 510
239400 510
239440 508
239480 508
239520 508
239560 504
239600 504
239640 504
239684 496
239724 496
239764 496
239804 496
239844 483
239884 480
239924 480
239972 480
240016 480
240056 480
240096 480
240136 480
240184 480
240224 463
240264 463
240304 460
240344 462
240384 455
240424 455
240464 455
240508 455
240548 455
240588 455
240628 455
240668 454
240708 451
240748 451
240788 451
240832 451
240872 449
240912 449
240952 449
240992 448
241032 448
241072 448
241112 448
241156 448
241200 448
241240 448
241280 448
241324 448
241364 448
241404 448
241444 448
241484 448
241524 448
241564 448
241604 448
241648 448
241688 448
241728 448
241768 448
241808 448
241848 448
241888 448
241928 448
241972 448
242012 448
242052 448
242092 448
242132 448
242172 448
242220 448
242260 448
242300 448
242340 448
242380 448
242424 448
242464 448
242504 448
242544 448
242584 448
242624 448
242664 448
242704 448
242748 448
242788 448
242828 448
242868 448
242908 448
242948 448
242988 448
243028 448
243072 448
243112 448
243152 448
243192 448
243240 448
243280 448
243320 448
243360 448
243400 448
243440 448
243480 448
243520 448
243564 448
243604 448
243644 448
243684 448
243724 448
243764 448
243804 448
243844 448
243888 448
243928 448
243968 448
244008 448
244048 448
244088 448
244128 448
244168 448
244212 448
244252 448
244296 448
244336 448
244380 448
244420 448
244460 448
244500 448
244540 448
244580 448
244620 448
244660 448
244704 448
244744 448
244784 448
244824 448
244864 448
244904 448
244944 448
244984 448
245028 448
245068 448
245108 448
245148 448
245188 448
245228 448
245268 448
245316 448
245356 448
245396 448
245436 448
245480 448
245520 448
245560 448
245600 448
245640 448
245680 448
245720 448
245760 448
245804 448
245844 448
245884 448
245924 448
245964 448
246004 448
246044 448
246084 448
246128 448
246168 448
246208 448
246248 448
246288 448
246336 448
246376 448
246416 448
246456 448
246496 448
246536 448
246576 448
246620 448
246660 448
246700 448
246740 448
246780 448
246820 448
246860 448
246900 448
246944 448
246984 448
247024 448
247064 448
247104 448
247144 448
247184 448
247224 448
247268 448
247308 448
247352 448
247392 448
247436 448
247476 448
247516 448
247556 448
247596 448
247636 448
247676 448
247716 448
247760 448
247800 448
247840 448
247880 448
247920 448
247960 448
248000 448
248040 448
248084 448
248124 448
248164 448
248204 448
248244 448
248284 448
248324 448
248372 448
248412 448
248452 448
248492 448
248536 448
248576 448
248616 448
248656 448
248696 448
248736 448
248776 448
248816 448
248860 448
248900 448
248940 448
248980 448
249020 448
249060 448
249100 448
249140 448
249184 448
249224 448
249264 448
249304 448
249344 448
249392 448
249432 448
249472 448
249512 448
249552 448
249592 448
249632 448
249676 448
249716 448
249756 448
249796 448
249836 448
249876 448
249916 448
249956 448
250000 448
250040 448
250080 448
250120 448
250160 448
250200 448
250240 448
250280 448
250324 448
250364 448
250412 448
250452 448
250492 448
250536 448
250576 448
250616 448
250656 448
250696 448
250736 448
250776 448
250816 448
250860 448
250900 448
250940 448
250980 448
251020 448
251060 448
251100 448
251140 448
251184 448
251228 448
251268 448
251308 448
251352 448
251392 448
251432 448
251472 448
251512 448
251552 448
251592 448
251632 448
251676 448
251716 448
251756 448
251796 448
251836 448
251876 448
251916 448
251956 448
252000 448
252040 448
252080 448
252120 448
252160 448
252200 448
252248 448
252288 448
252328 448
252368 448
252408 448
252448 448
252492 448
252532 448
252572 448
252612 448
252652 448
252692 448
252732 448
252772 448
252816 448
252856 448
252896 448
252936 448
252976 448
253016 448
253056 448
253096 448
253140 448
253180 448
253220 448
253268 448
253308 448
253348 448
253388 448
253428 448
253468 448
253508 448
253548 448
253592 448
253632 448
253672 448
253712 448
253752 448
253792 448
253832 448
253872 448
253916 448
253956 448
253996 448
254036 448
254076 448
254116 448
254156 448
254196 448
254240 448
254284 448
254324 448
254364 448
254408 448
254448 448
254488 448
254528 448
254568 448
254608 448
254648 448
254688 448
254732 448
254772 448
254812 448
254852 448
254892 448
254932 448
254972 448
255012 448
255056 448
255096 448
255136 448
255176 448
255216 448
255256 448
255304 448
255344 448
255384 448
255424 448
255464 448
255504 448
255548 448
255588 448
255628 448
255668 448
255708 448
255748 448
255788 448
255828 448
255872 448
255912 448
255952 448
255992 448
256032 448
256072 448
256112 448
256152 448
256196 448
256236 448
256276 448
256324 448
256364 448
256404 448
256444 448
256484 448
256524 448
256564 448
256604 448
256648 448
256688 448
256728 448
256768 448
256808 448
256848 448
256888 448
256928 448
256972 448
257012 448
257052 448
257092 448
257132 448
257172 448
257212 448
257252 448
257296 448
257340 448
257380 448
257420 448
257464 448
257504 448
257544 448
257584 448
257624 448
257664 448
257704 448
257744 448
257788 448
257828 448
257868 448
257908 448
257948 448
257988 448
258028 448
258068 448
258112 448
258152 448
258192 448
258232 448
258272 448
258312 448
258352 448
258400 448
258440 448
258480 448
258520 448
258560 448
258604 448
258644 448
258684 448
258724 448
258764 448
258804 448
258844 448
258884 448
258928 448
258968 448
259008 448
259048 448
259088 448
259128 448
259168 448
259208 448
259252 448
259292 448
259332 448
259372 448
259416 448
259456 448
259496 448
259540 448
259580 448
259620 448
259660 448
259700 448
259740 448
259780 448
259820 448
259864 448
259904 448
259944 448
259984 448
260024 448
260064 448
260104 448
260144 448
260188 448
260228 448
260268 448
260308 448
260348 448
260388 448
260436 448
260476 448
260516 448
260556 448
260596 448
260640 448
260680 448
260720 448
260760 448
260800 448
260840 448
260884 448
260924 448
260964 448
261008 448
261052 448
261092 448
261132 448
261172 448
261212 448
261252 448
261292 448
261332 448
261376 448
261416 448
261456 448
261496 448
261536 448
261576 448
261616 448
261656 448
261700 448
261740 448
261780 448
261820 448
261860 448
261900 448
261940 448
261980 448
262028 448
262068 448
262108 448
262148 448
262192 448
262232 448
262272 448
262312 448
262352 448
262392 448
262432 448
262472 448
262516 448
262556 448
262596 448
262636 448
262676 448
262716 448
262756 448
262796 448
262840 448
262880 448
262920 448
262960 448
263000 448
263048 448
263088 448
263128 448
263168 448
263208 448
263248 448
263292 448
263332 448
263372 448
263412 448
263452 448
263492 448
263532 448
263572 448
263616 448
263656 448
263696 448
263736 448
263776 448
263816 448
263856 448
263896 448
263940 448
263980 448
264020 448
264064 448
264108 448
264148 448
264188 448
264228 448
264268 448
264308 448
264348 448
264388 448
264432 448
264472 448
264512 448
264552 448
264592 448
264632 448
264672 448
264712 448
264756 448
264796 448
264836 448
264876 448
264916 448
264956 448
264996 448
265036 448
265080 448
265124 448
265164 448
265208 448
265248 448
265288 448
265328 448
265368 448
265408 448
265448 448
265488 448
265532 448
265572 448
265612 448
265652 448
265692 448
265732 448
265772 448
265812 448
265856 448
265896 448
265936 448
265976 448
266016 448
266056 448
266096 448
266140 448
266180 448
266224 448
266264 448
266304 448
266344 448
266384 448
266424 448
266464 448
266504 448
266548 448
266588 448
266628 448
266668 448
266708 448
266748 448
266788 448
266828 448
266872 448
266912 448
266952 448
266992 448
267032 448
267072 448
267112 448
267160 448
267200 448
267240 448
267280 448
267320 448
267364 448
267404 448
267444 448
267484 448
267524 448
267564 448
267604 448
267644 448
267688 448
267728 448
267768 448
267808 448
267848 448
267888 448
267928 448
267968 448
268012 448
268052 448
268092 448
268132 448
268180 448
268220 448
268260 448
268300 448
268340 448
268380 448
268420 448
268460 448
268504 448
268544 448
268584 448
268624 448
268664 448
268704 448
268744 448
268784 448
268828 448
268868 448
268908 448
268948 448
268988 448
269028 448
269068 448
269108 448
269152 448
269196 448
269236 448
269280 448
269320 448
269360 448
269400 448
269440 448
269480 448
269520 448
269560 448
269604 448
269644 448
269684 448
269724 448
269764 448
269804 448
269844 448
269884 448
269928 448
269968 448
270008 448
270048 448
270088 448
270128 448
270168 448
270216 448
270256 448
270296 448
270336 448
270376 448
270420 448
270460 448
270500 448
270540 448
270580 448
270620 448
270660 448
270700 448
270744 448
270784 448
270824 448
270864 448
270904 448
270944 448
270984 448
271024 448
271068 448
271108 448
271148 448
271188 448
271236 448
271276 448
271320 448
271360 448
271400 448
271440 448
271480 448
271520 448
271560 448
271600 448
271644 448
271688 448
271728 448
271772 448
271812 448
271852 448
271892 448
271932 448
271972 448
272012 448
272052 448
272096 448
272136 448
272176 448
272216 448
272256 448
272296 448
272336 448
272376 448
272420 448
272460 448
272500 448
272540 448
272580 448
272620 448
272660 448
272704 448
272744 448
272788 448
272828 448
272868 448
272908 448
272948 448
272988 448
273028 448
273068 448
273112 448
273152 448
273192 448
273232 448
273272 448
273312 448
273352 448
273392 448
273436 448
273476 448
273516 448
273556 448
273596 448
273636 448
273676 448
273724 448
273764 448
273804 448
273844 448
273884 448
273928 448
273968 448
274008 448
274048 448
274088 448
274128 448
274168 448
274208 448
274252 448
274292 448
274332 448
274372 448
274412 448
274452 448
274492 448
274532 448
274576 448
274616 448
274656 448
274696 448
274744 448
274784 448
274824 448
274864 448
274904 448
274944 448
274984 448
275024 448
275068 448
275108 448
275148 448
275188 448
275228 448
275268 448
275308 448
275348 448
275392 448
275432 448
275472 448
275512 448
275552 448
275592 448
275632 448
275672 448
275716 448
275760 448
275800 448
275844 448
275884 448
275924 448
275964 448
276004 448
276044 448
276084 448
276124 448
276168 448
276208 448
276248 448
276288 448
276328 448
276368 448
276408 448
276448 448
276492 448
276532 448
276572 448
276612 448
276652 448
276692 448
276732 448
276780 448
276820 448
276860 448
276900 448
276940 448
276984 448
277024 448
277064 448
277104 448
277144 448
277184 448
277224 448
277264 448
277308 448
277348 448
277388 448
277428 448
277468 448
277508 448
277548 448
277588 448
277632 448
277672 448
277712 448
277752 448
277800 448
277840 448
277880 448
277920 448
277960 448
278000 448
278040 448
278084 448
278124 448
278164 448
278204 448
278244 448
278284 448
278324 448
278364 448
278408 448
278448 448
278488 448
278528 448
278568 448
278608 448
278648 448
278688 448
278732 448
278772 448
278816 448
278856 448
278900 448
278940 448
278980 448
279020 448
279060 448
279100 448
279140 448
279180 448
279224 448
279264 448
279304 448
279344 448
279384 448
279424 448
279464 448
279504 448
279548 448
279588 448
279628 448
279668 448
279708 448
279748 448
279788 448
279828 448
279876 448
279916 448
279956 448
279996 448
280040 448
280080 448
280120 448
280160 448
280200 448
280240 448
280280 448
280320 448
280364 448
280404 448
280444 448
280484 448
280524 448
280564 448
280604 448
280644 448
280688 448
280728 448
280768 448
280808 448
280848 448
280896 448
280936 448
280976 448
281016 448
281056 448
281096 448
281140 448
281180 448
281220 448
281260 448
281300 448
281340 448
281380 448
281420 448
281464 448
281504 448
281544 448
281584 448
281624 448
281664 448
281708 448
281748 448
281788 448
281828 448
281868 448
281908 448
281948 448
281992 448
282032 448
282072 448
282112 448
282152 448
282192 448
282232 448
282272 448
282316 448
282356 448
282396 448
282436 448
282476 448
282524 448
282564 448
282604 448
282644 448
282684 448
282724 448
282764 448
282808 448
282848 448
282888 448
282928 448
282968 448
283008 448
283048 448
283088 448
283132 448
283172 448
283212 448
283252 448
283292 448
283332 448
283372 448
283412 448
283456 448
283496 448
283540 448
283580 448
283624 448
283664 448
283704 448
283744 448
283784 448
283824 448
283864 448
283904 448
283948 448
283988 448
284028 448
284068 448
284108 448
284148 448
284188 448
284228 448
284272 448
284312 448
284352 448
284392 448
284432 448
284472 448
284512 448
284560 448
284600 448
284640 448
284680 448
284724 448
284764 448
284804 448
284844 448
284884 448
284924 448
284964 448
285004 448
285048 448
285088 448
285128 448
285168 448
285208 448
285248 448
285288 448
285328 448
285372 448
285412 448
285452 448
285492 448
285532 448
285580 448
285620 448
285660 448
285700 448
285740 448
285780 448
285820 448
285864 448
285904 448
285944 448
285984 448
286024 448
286064 448
286104 448
286144 448
286188 448
286228 448
286268 448
286308 448
286348 448
286388 448
286428 448
286468 448
286512 448
286552 448
286596 448
286636 448
286680 448
286720 448
286760 448
286800 448
286840 448
286880 448
286920 448
286960 448
287004 448
287044 448
287084 448
287124 448
287164 448
287204 448
287244 448
287284 448
287328 448
287368 448
287408 448
287448 451
287488 415
287528 387
287568 384
287616 352
287656 319
287696 312
287736 287
287780 263
287820 254
287860 240
287900 224
287940 224
287980 195
288020 192
288060 192
288104 176
288144 163
288184 159
288224 159
288264 159
288304 159
288344 159
288384 176
288428 192
288468 192
288508 192
288548 199
288588 224
288628 240
288676 248
288716 255
288756 280
288796 294
288836 316
288876 327
288920 352
288960 384
289000 391
289040 414
289080 448
289120 449
289160 480
289200 496
289244 511
289284 527
289324 543
289364 568
289404 575
289444 591
289484 608
289524 624
289568 632
289608 639
289648 639
289692 655
289732 659
289776 664
289816 668
289856 668
289896 668
289936 664
289976 655
290016 654
290056 639
290100 639
290140 632
290180 624
290220 608
290260 591
290300 575
290340 568
290380 543
290424 529
290464 512
290504 504
290544 480
290584 460
290624 448
290664 423
290712 399
290752 384
290792 384
290832 352
290872 327
290916 318
290956 304
290996 287
291036 271
291076 255
291116 252
291156 240
291196 240
291240 224
291280 224
291320 224
291360 199
291400 199
291440 199
291480 199
291520 199
291564 207
291604 224
291644 224
291684 224
291732 240
291772 248
291812 255
291852 255
291892 280
291932 287
291972 312
292012 319
292056 335
292096 352
292136 568
292184 574
292224 583
292264 608
292304 608
292344 609
292388 624
292428 632
292468 632
292508 636
292548 636
292588 636
292628 636
292668 632
292712 632
292752 624
292792 609
292832 608
292872 608
292912 583
292952 575
292992 568
293036 551
293076 542
293116 526
293156 511
293204 496
293244 480
293284 463
293324 448
293364 448
293404 415
293444 399
293484 384
293528 384
293568 353
293608 352
293648 327
293688 318
293728 304
293768 287
293808 284
293852 271
293892 255
293932 255
293972 252
294012 248
294052 248
294092 240
294132 240
294176 240
294216 240
294260 240
294300 248
294344 248
294384 254
294424 255
294464 255
294504 271
294544 286
294584 291
294624 312
294668 318
294708 327
294748 352
294788 353
294828 384
294868 384
294908 398
294948 414
294992 432
295032 448
295072 455
295112 480
295152 481
295192 504
295232 511
295280 519
295320 536
295360 543
295400 560
295444 568
295484 574
295524 575
295564 583
295604 590
295644 608
295684 608
295724 608
295768 608
295808 608
295848 608
295888 608
295928 591
295968 583
296008 575
296048 574
296092 572
296132 560
296172 543
296212 540
296252 527
296300 512
296340 508
296380 496
296420 480
296460 463
296500 448
296540 448
296584 423
296624 414
296664 398
296704 384
296744 384
296784 384
296824 352
296864 335
296908 319
296948 319
296988 312
297028 304
297068 287
297108 286
297148 280
297188 271
297232 271
297272 263
297316 255
297356 255
297400 255
297440 255
297480 263
297520 271
297560 271
297600 284
297640 287
297680 291
297724 304
297764 312
297804 319
297844 327
297884 352
297924 352
297964 384
298004 384
298048 384
298088 391
298128 408
298168 415
298208 448
298248 448
298288 455
298336 480
298376 480
298416 496
298456 504
298500 512
298540 519
298580 527
298620 540
298660 543
298700 551
298740 560
298780 568
298824 568
298864 572
298904 572
298944 572
298984 574
299024 572
299064 572
299104 568
299148 568
299188 560
299228 551
299268 543
299308 540
299356 527
299396 519
299436 512
299476 508
299516 496
299556 481
299596 480
299640 463
299680 449
299720 448
299760 432
299800 415
299840 408
299880 391
299920 384
299964 384
300004 384
300044 353
300084 352
300124 352
300164 327
300204 319
300244 318
300288 316
300328 312
300372 304
300412 295
300456 287
300496 287
300536 287
300576 287
300616 287
300656 287
300696 291
300736 295
300780 304
300820 312
300860 316
300900 318
300940 319
300980 327
301020 352
301060 352
301104 353
301144 384
301184 384
301224 384
301264 391
301304 401
301344 415
301384 432
301432 448
301472 448
301512 455
301556 480
301596 480
301636 481
301676 496
301716 504
301756 510
301796 513
301836 519
301880 527
301920 536
301960 540
302000 542
302040 543
302080 543
302120 543
302160 543
302204 543
302244 543
302284 543
302324 543
302364 540
302404 536
302448 527
302488 519
302532 515
302576 543
302616 543
302656 543
302704 542
302744 540
302784 527
302824 527
302864 519
302904 513
302944 510
302988 504
303028 496
303068 496
303108 480
303148 480
303188 455
303228 448
303268 448
303312 448
303352 423
303392 415
303432 403
303472 391
303512 384
303552 384
303592 384
303636 384
303676 353
303720 352
303760 352
303804 335
303844 327
303884 319
303924 319
303964 319
304004 318
304044 318
304084 316
304128 316
304168 316
304208 316
304248 318
304288 319
304328 319
304368 319
304408 327
304452 334
304492 352
304532 352
304572 352
304612 368
304652 384
304692 384
304732 384
304780 387
304820 398
304860 408
304904 415
304944 423
304984 448
305024 448
305064 448
305104 455
305144 463
305184 480
305228 480
305268 496
305308 496
305348 504
305388 508
305428 510
305468 512
305508 515
305552 519
305592 519
305632 524
305672 526
305712 526
305752 527
305800 526
305840 524
305880 519
305920 519
305960 515
306000 512
306044 510
306084 508
306124 504
306164 496
306204 496
306244 480
306284 480
306324 480
306368 455
306408 449
306448 448
306488 448
306528 432
306568 415
306608 414
306648 403
306692 396
306732 387
306772 384
306816 384
306860 384
306900 384
306940 368
306980 352
307020 352
307060 352
307100 352
307140 335
307184 335
307224 327
307264 327
307304 327
307344 327
307384 327
307424 327
307464 334
307508 335
307548 352
307588 352
307628 352
307668 352
307708 352
307748 384
307788 384
307836 384
307876 384
307916 384
307960 391
308000 399
308040 408
308080 414
308120 415
308160 432
308200 448
308240 448
308284 448
308324 451
308364 460
308404 480
308444 480
308484 480
308524 496
308564 496
308608 496
308648 504
308688 504
308728 508
308768 510
308808 510
308856 511
308896 511
308936 511
308976 511
309016 511
309056 510
309100 508
309140 508
309180 504
309220 504
309260 496
309300 496
309340 496
309380 480
309424 480
309464 480
309504 463
309544 455
309584 448
309624 448
309664 448
309704 448
309748 423
309788 415
309828 412
309872 399
309916 396
309956 387
309996 384
310036 384
310076 384
310116 384
310156 384
310196 384
310240 368
310280 352
310320 352
310360 352
310400 352
310440 352
310480 352
310520 352
310564 352
310604 352
310644 352
310684 352
310724 352
310764 352
310804 352
310844 368
310892 384
310932 384
310972 384
311016 384
311056 384
311096 385
311136 391
311176 398
311216 399
311256 412
311296 415
311340 419
311380 432
311420 448
311460 448
311500 448
311540 449
311580 455
311620 462
311664 480
311704 480
311744 480
311784 480
311824 481
311864 496
311904 496
311952 496
311992 496
312032 504
312072 504
312112 504
312156 504
312196 504
312236 496
312276 496
312316 496
312356 496
312396 496
312436 481
312480 480
312520 480
312560 480
312600 480
312640 463
312680 455
312720 451
312760 448
312804 448
312844 448
312884 448
312924 432
312968 415
