24 1023
116 352
208 271
300 224
392 156
484 120
576 96
668 63
760 71
852 96
944 127
1044 192
1136 240
1228 312
1320 384
1412 463
1504 542
1596 624
1688 675
1780 768
1876 775
1968 816
2064 830
2156 831
2248 824
2340 792
2436 768
2528 704
2620 639
2712 583
2804 519
2896 455
2988 391
3084 335
3176 287
3268 252
3360 224
3452 199
3544 195
3636 206
3728 224
3820 255
3916 291
4008 352
4104 391
4196 448
4288 508
4380 560
4476 608
4568 639
4660 679
4752 704
4844 736
4936 736
5028 736
5128 707
5220 704
5312 655
5404 624
5496 575
5588 527
5680 496
5772 448
5864 399
5956 384
6048 327
6148 312
6240 287
6332 287
6424 287
6516 304
6608 318
6700 352
6792 384
6884 408
6976 448
7072 480
7168 519
7260 560
7352 583
7444 624
7536 638
7632 647
7724 655
7816 655
7908 647
8000 638
8092 624
8188 591
8284 568
8376 536
8468 508
8560 480
8652 448
8744 414
8836 384
8928 384
9020 353
9112 352
9212 352
9304 352
9396 384
9488 384
9580 391
9672 415
9764 448
9856 480
9948 504
10040 526
10132 547
10232 572
10324 583
10416 608
10508 608
10600 608
10692 608
10788 608
10880 583
10972 572
11064 547
11156 527
11252 510
11348 496
11440 463
11532 448
11624 432
11716 412
11808 399
11900 391
11992 387
12084 387
12176 391
12276 408
12368 415
12460 448
12552 448
12644 480
12736 496
12828 510
12920 524
13012 542
13104 551
13196 568
13296 572
13388 574
13480 572
13572 572
13664 568
13756 547
13848 540
13940 524
14036 510
14128 496
14220 480
14316 463
14408 448
14500 448
14596 448
14688 423
14780 419
14872 415
14964 423
15056 448
15148 448
15240 448
15340 455
15432 480
15524 496
15616 504
15708 511
15800 519
15892 527
15984 542
16076 543
16168 543
16260 543
16360 543
16452 543
16544 540
16636 527
16728 515
16820 510
16912 504
17004 496
17096 480
17192 480
17284 455
17380 448
17472 448
17564 448
17656 448
17752 448
17844 448
17936 449
18028 455
18120 480
18212 480
18304 480
18404 496
18496 504
18588 510
18680 515
18772 519
18864 527
18956 527
19048 527
19140 527
19232 526
19324 519
19424 519
19516 512
19608 508
19700 504
19792 496
19884 480
19976 480
20068 480
20160 480
20252 462
20348 455
20444 455
20536 455
20628 455
20720 462
20812 480
20908 480
21000 480
21092 481
21184 496
21276 504
21368 504
21464 510
21560 512
21652 513
21744 515
21836 519
21928 515
22020 515
22112 513
22204 512
22296 511
22388 508
22488 504
22580 496
22672 496
22764 480
22856 480
22948 480
23040 480
23132 480
23224 480
23316 480
23408 480
23508 480
23600 480
23692 480
23788 480
23880 480
23972 481
24064 496
24160 504
24252 504
24344 508
24436 508
24528 510
24624 511
24720 511
24812 511
24904 510
24996 510
25088 508
25180 508
25272 504
25364 496
25456 496
25548 496
25640 481
25740 480
25832 480
25924 480
26016 480
26108 480
26200 480
26292 480
26384 480
26476 480
26568 480
26660 480
26760 481
26852 496
26944 496
27036 496
27128 504
27220 504
27316 508
27408 508
27500 508
27592 508
27684 508
27780 508
27872 508
27964 504
28056 504
28148 504
28240 496
28332 496
28424 496
28516 496
28608 481
28704 480
28800 480
28892 480
28984 480
29076 480
29168 480
29260 480
29356 480
29448 480
29540 496
29632 496
29724 496
29820 496
29916 496
30008 504
30100 504
30192 504
30284 504
30376 504
30468 504
30560 504
30652 504
30744 504
30844 504
30936 496
31028 496
31120 496
31212 496
31304 496
31396 496
31488 496
31580 481
31672 480
31764 480
31864 480
31956 480
32048 481
32140 481
32232 481
32324 496
32416 496
32512 496
32604 496
32696 496
32788 496
32884 504
32976 504
33072 504
33164 504
33256 504
33348 504
33440 504
33532 504
33624 504
33716 504
33808 496
33908 496
34000 496
34092 496
34184 496
34276 496
34368 496
34460 496
34552 481
34644 481
34736 496
34828 481
34928 496
35020 496
35112 496
35204 496
35296 496
35388 496
35480 496
35572 496
35668 496
35760 496
35852 496
35948 496
36040 504
36132 504
36228 504
36320 504
36412 504
36504 504
36596 496
36688 496
36780 496
36872 496
36972 496
37064 496
37156 496
37248 496
37340 496
37432 496
37524 496
37616 496
37708 496
37800 496
37892 496
37992 496
38084 496
38176 496
38268 496
38360 496
38452 496
38544 496
38636 496
38728 496
38824 496
38916 496
39012 496
39104 496
39196 496
39288 496
39384 496
39476 496
39568 496
39660 496
39752 496
39844 496
39936 496
40036 496
40128 496
40220 496
40312 496
40404 496
40496 496
40588 496
40680 496
40772 496
40864 496
40956 496
41056 496
41148 496
41240 496
41332 496
41424 496
41516 496
41608 496
41700 496
41792 496
41884 496
41980 496
42076 496
42168 496
42260 496
42352 496
42444 496
42536 496
42632 496
42724 496
42816 496
42908 496
43000 496
43096 496
43192 496
43284 496
43376 496
43468 496
43560 496
43652 496
43744 496
43836 496
43928 496
44020 496
44120 496
44212 496
44304 496
44396 496
44488 496
44580 496
44672 496
44764 496
44856 496
44948 496
45040 496
45140 496
45232 496
45324 496
45416 496
45508 496
45600 496
45692 496
45788 496
45880 496
45972 496
46064 496
46160 496
46252 496
46348 496
46440 496
46532 496
46624 496
46716 496
46808 496
46900 496
46992 496
47084 496
47184 496
47276 496
47368 496
47460 496
47560 496
47652 496
47744 496
47836 496
47928 496
48020 496
48112 496
48204 496
48296 496
48396 496
48488 496
48580 496
48672 496
48764 496
48856 496
48948 496
49040 496
49132 496
49224 496
49320 496
49416 496
49508 496
49600 496
49692 496
49784 496
49880 496
49972 496
50064 496
50156 496
50248 496
50340 496
50436 496
50532 496
50624 496
50716 496
50808 496
50900 496
50992 496
51084 496
51176 496
51268 496
51360 496
51460 496
51552 496
51644 496
51736 496
51828 496
51920 496
52012 496
52104 496
52196 496
52288 496
52380 496
52480 496
52572 496
52664 496
52756 496
52848 481
52940 560
53036 583
53128 608
53220 608
53312 608
53404 608
53500 608
53596 583
53688 575
53780 574
53872 572
53964 568
54056 560
54148 560
54240 547
54332 543
54424 543
54524 543
54616 543
54708 542
54800 540
54892 536
54984 536
55076 536
55168 529
55260 531
55352 529
55444 527
55544 527
55636 527
55728 526
55820 526
55912 526
56004 526
56096 526
56192 526
56284 526
56376 519
56468 519
56564 519
56656 519
56752 519
56844 519
56936 519
57028 519
57120 515
57212 515
57304 515
57396 513
57488 515
57588 515
57680 515
57772 515
57864 515
57956 513
58048 513
58140 513
58232 513
58324 515
58416 513
58508 513
58608 512
58700 512
58792 513
58884 512
58976 512
59068 512
59160 512
59252 512
59344 512
59440 512
59532 512
59628 512
59720 512
59812 512
59904 512
60000 512
60092 511
60184 511
60276 511
60368 511
60460 512
60552 512
60652 511
60744 511
60836 511
60928 512
61020 511
61112 511
61204 511
61296 511
61388 511
61480 511
61572 511
61672 511
61764 511
61856 511
61948 511
62040 511
62132 511
62224 511
62316 511
62408 511
62500 511
62596 511
62692 511
62784 511
62876 511
62968 511
63060 511
63156 511
63248 511
63340 511
63432 511
63524 511
63616 511
63712 511
63808 511
63900 511
63992 511
64084 511
64176 511
64268 511
64360 511
64452 511
64544 511
64636 511
64736 510
64828 511
64920 511
65012 511
65104 511
65196 511
65288 511
65380 511
65472 510
65564 511
65656 510
65756 511
65848 511
65940 511
66032 511
66124 511
66216 510
66312 510
66404 510
66496 510
66588 511
66680 511
66776 511
66872 510
66964 510
67056 510
67148 510
67240 510
67332 511
67424 512
67516 511
67608 511
67700 511
67800 510
67892 510
67984 510
68076 511
68168 511
68260 510
68352 511
68444 510
68536 510
68628 510
68720 510
68820 511
68912 511
69004 510
69096 510
69188 510
69280 511
69372 511
69468 511
69560 511
69652 511
69744 510
69840 510
69932 510
70028 511
70120 511
70212 511
70304 511
70396 511
70488 510
70580 510
70672 511
70764 511
70864 510
70956 511
71048 511
71140 511
71232 511
71324 511
71416 511
71508 510
71600 511
71696 511
71788 510
71880 510
71972 510
72068 511
72160 510
72256 511
72348 511
72440 510
72532 510
72624 510
72716 510
72808 510
72900 510
72992 510
73092 510
73184 511
73276 510
73368 510
73460 510
73552 508
73644 510
73736 510
73828 511
73920 510
74012 510
74112 510
74204 510
74296 510
74388 510
74480 510
74572 510
74664 510
74756 510
74848 510
74944 510
75036 510
75132 511
75224 510
75316 510
75408 510
75504 510
75596 510
75688 510
75780 510
75872 510
75964 510
76056 510
76156 510
76248 510
76340 511
76432 510
76524 510
76616 510
76708 510
76800 510
76892 510
76984 510
77076 510
77176 510
77268 510
77360 510
77452 510
77544 510
77636 510
77728 511
77820 511
77912 511
78004 512
78100 511
78196 510
78288 510
78380 510
78472 510
78564 511
78660 511
78752 511
78844 511
78936 511
79028 510
79120 510
79216 511
79312 511
79404 511
79496 511
79588 511
79680 510
79772 510
79864 510
79956 510
80048 510
80140 510
80240 511
80332 511
80424 510
80516 510
80608 510
80700 510
80792 510
80884 511
80976 511
81068 511
81160 510
81260 510
81352 510
81444 510
81536 511
81628 511
81720 510
81816 511
81908 511
82000 510
82092 510
82184 510
82280 510
82376 510
82468 510
82560 510
82652 510
82744 511
82836 510
82928 510
83020 511
83112 511
83204 510
83304 510
83396 510
83488 511
83580 511
83672 511
83764 511
83856 511
83948 511
84040 511
84132 510
84224 511
84324 510
84416 511
84508 510
84600 511
84692 511
84784 511
84876 510
84972 511
85064 511
85156 510
85248 510
85344 511
85436 511
85532 510
85624 510
85716 511
85808 511
85900 510
85992 510
86084 510
86176 510
86268 510
86368 510
86460 510
86552 510
86644 510
86736 511
86828 510
86920 511
87012 510
87104 510
87196 510
87288 510
87388 510
87480 510
87572 510
87664 510
87756 510
87848 510
87940 510
88032 510
88128 511
88220 511
88312 511
88408 508
88500 510
88592 510
88688 511
88780 511
88872 510
88964 510
89056 510
89148 510
89240 510
89332 510
89432 511
89524 510
89616 511
89708 510
89800 510
89892 510
89984 510
90076 510
90168 511
90260 511
90352 511
90452 510
90544 510
90636 510
90728 510
90820 510
90912 511
91004 511
91096 510
91188 511
91284 510
91376 510
91472 510
91564 510
91656 510
91748 510
91844 511
91936 511
92028 511
92120 510
92212 510
92304 510
92396 510
92488 510
92588 510
92680 510
92772 510
92864 510
92956 510
93048 510
93140 510
93232 508
93324 510
93416 511
93508 510
93608 510
93700 510
93792 508
93884 508
93976 510
94068 510
94160 510
94252 510
94344 510
94440 510
94532 510
94628 510
94720 510
94812 510
94904 510
94996 510
95092 510
95188 511
95280 511
95372 511
95464 511
95556 510
95648 510
95740 510
95832 510
95924 511
96024 511
96116 512
96208 510
96300 510
96392 510
96484 510
96576 511
96668 510
96760 510
96852 510
96944 511
97044 511
97136 511
97228 511
97320 511
97412 511
97504 511
97596 510
97692 510
97784 510
97876 511
97968 511
98064 510
98156 510
98252 510
98344 510
98436 510
98528 511
98620 511
98712 510
98804 510
98896 510
98988 448
99088 352
99180 255
99272 192
99364 135
99456 97
99548 71
99640 63
99732 79
99824 112
99916 152
100008 199
100108 271
100200 352
100292 423
100384 504
100476 575
100568 639
100660 704
100752 768
100848 792
100940 824
101032 828
101128 824
101220 798
101312 768
101408 736
101500 671
101592 624
101684 547
101776 496
101868 419
101960 384
102052 316
102152 255
102244 240
102336 224
102428 195
102520 199
102612 224
102704 240
102796 271
102888 319
102980 384
103072 415
103172 480
103264 527
103356 575
103448 632
103540 664
103632 704
103724 716
103816 736
103908 736
104004 719
104096 704
104192 671
104284 638
104376 608
104468 560
104564 511
104656 480
104748 415
104840 384
104932 352
105024 319
105116 304
105216 287
105308 287
105400 287
105492 312
105584 319
105676 352
105768 385
105860 423
105952 462
106044 504
106136 540
106236 575
106328 608
106420 632
106512 639
106604 655
106696 655
106788 655
106880 639
106972 632
107064 608
107160 575
107256 543
107348 513
107440 496
107532 451
107624 432
107720 399
107812 384
107904 384
107996 352
108088 352
108180 352
108276 368
108372 384
108464 384
108556 412
108648 448
108740 455
108832 496
108924 511
109016 540
109108 568
109200 575
109300 608
109392 608
109484 608
109576 608
109668 608
109760 608
109852 575
109944 568
110036 543
110128 519
110220 504
110316 480
110412 451
110504 448
110596 415
110688 408
110780 391
110876 391
110968 387
111060 391
111152 399
111244 414
111336 432
111436 448
111528 460
111620 480
111712 504
111804 513
111896 529
111988 543
112080 560
112172 572
112264 574
112356 575
112456 575
112548 572
112640 560
112732 543
112824 529
112916 515
113008 508
113100 496
113192 480
113284 463
113376 448
113476 448
113568 432
113660 419
113752 415
113844 415
113936 423
114028 448
114120 448
114212 448
114304 462
114400 480
114496 496
114588 508
114680 512
114772 519
114864 536
114956 543
115052 543
115144 547
115236 547
115328 543
115420 543
115516 536
115612 526
115704 515
115796 508
115888 496
115980 481
116072 480
116164 463
116256 451
116348 448
116440 448
116540 448
116632 448
116724 448
116816 448
116908 449
117000 455
117092 480
117184 480
117276 496
117368 504
117460 508
117560 511
117652 515
117744 526
117836 527
117928 529
118020 527
118112 527
118208 527
118300 519
118392 515
118484 512
118580 508
118672 504
118764 496
118860 480
118952 480
119044 462
119136 455
119228 451
119320 451
119412 451
119504 451
119596 455
119688 463
119788 480
119880 480
119972 481
120064 496
120156 504
120248 508
120340 510
120436 512
120528 515
120620 519
120712 519
120808 519
120900 515
120996 512
121088 511
121180 508
121272 504
121364 496
121456 496
121548 496
121640 480
121732 480
121832 480
121924 480
122016 463
122108 463
122200 480
122292 480
122384 480
122476 480
122568 480
122660 480
122752 481
122852 496
122944 496
123036 504
123128 504
123220 508
123312 510
123404 511
123496 511
123592 511
123684 510
123776 510
123872 510
123964 508
124056 504
124152 504
124244 496
124336 496
124428 480
124520 480
124612 480
124704 480
124796 480
124896 480
124988 480
125080 480
125172 480
125264 480
125356 480
125448 480
125540 496
125632 496
125724 496
125816 504
125916 504
126008 504
126100 508
126192 508
126284 510
126376 510
126468 510
126560 508
126652 508
126748 508
126840 504
126936 504
127028 496
127120 496
127212 496
127308 496
127400 480
127492 480
127584 480
127676 480
127768 480
127860 480
127952 480
128052 480
128144 480
128236 481
128328 496
128420 496
128512 496
128604 496
128696 504
128788 504
128880 504
128972 504
129072 508
129164 508
129256 504
129348 504
129440 504
129532 504
129624 504
129716 504
129808 496
129904 496
129996 496
130092 496
130184 496
130276 481
130368 480
130460 480
130552 480
130644 480
130736 480
130828 480
130924 481
131016 496
131112 496
131204 496
131296 496
131388 496
131484 496
131576 504
131668 504
131760 504
131852 504
131944 504
132036 508
132136 504
132228 504
132320 504
132412 504
132504 496
132596 496
132688 496
132780 496
132872 496
132964 496
133056 496
133156 496
133248 481
133340 480
133432 481
133524 481
133616 496
133708 496
133800 496
133892 496
133984 496
134080 496
134176 496
134268 496
134360 496
134452 504
134544 504
134640 504
134732 504
134824 504
134916 504
135008 504
135100 504
135196 496
135292 496
135384 496
135476 496
135568 496
135660 496
135752 496
135844 496
135936 496
136028 481
136120 481
136220 481
136312 481
136404 481
136496 481
136588 496
136680 496
136772 496
136864 496
136956 496
137048 496
137140 496
137240 496
137332 496
137424 496
137516 504
137608 496
137700 496
137792 496
137888 496
137980 496
138072 496
138164 496
138260 496
138352 496
138448 496
138540 496
138632 496
138724 496
138816 496
138908 481
139000 481
139092 481
139184 496
139284 496
139376 496
139468 496
139560 496
139652 496
139744 496
139836 496
139928 496
140020 496
140112 496
140204 496
140304 496
140396 496
140488 496
140580 496
140672 496
140764 496
140856 496
140948 496
141044 496
141136 496
141228 496
141324 496
141416 496
141508 496
141604 496
141696 496
141788 496
141880 496
141972 496
142064 496
142156 496
142248 496
142348 496
142440 496
142532 496
142624 496
142716 496
142808 496
142900 496
142992 496
143092 496
143184 496
143276 496
143368 496
143460 496
143552 496
143648 496
143740 496
143832 496
143924 496
144016 496
144112 496
144204 496
144296 496
144392 496
144484 496
144576 496
144668 496
144760 496
144852 496
144944 496
145036 496
145132 496
145224 496
145316 496
145408 496
145500 496
145592 496
145684 496
145776 496
145868 496
145964 496
146056 496
146152 496
146244 496
146336 496
146428 496
146524 496
146616 496
146708 496
146800 496
146892 496
146984 496
147076 496
147176 496
147268 496
147360 496
147452 496
147544 496
147636 496
147728 496
147820 496
147912 496
148004 496
148096 496
148196 496
148288 496
148380 496
148472 496
148564 496
148656 496
148748 496
148840 496
148932 496
149024 496
149120 496
149216 496
149308 496
149400 496
149492 496
149584 496
149680 496
149772 496
149864 496
149956 496
150048 496
150140 496
150236 496
150332 496
150424 496
150516 496
150608 496
150700 496
150792 496
150884 496
150976 496
151068 496
151160 496
151260 496
151352 496
151444 496
151536 496
151628 496
151720 542
151812 575
151904 608
151996 608
152088 608
152180 608
152280 608
152372 588
152464 575
152556 575
152648 572
152740 568
152836 560
152928 560
153020 547
153112 543
153204 543
153300 543
153396 543
153488 542
153580 542
153672 540
153764 540
153856 536
153948 536
154040 527
154132 527
154224 527
154324 527
154416 527
154508 527
154600 527
154692 527
154784 526
154876 524
154968 521
155060 519
155152 519
155244 519
155344 519
155436 519
155528 519
155620 519
155712 518
155804 515
155896 515
155992 519
156084 519
156176 519
156268 515
156364 513
156456 513
156552 513
156644 515
156736 515
156828 515
156920 513
157012 513
157104 513
157196 512
157288 512
157388 513
157480 515
157572 513
157664 513
157756 512
157848 512
157940 512
158032 512
158124 512
158216 512
158308 512
158408 512
158500 512
158592 512
158684 512
158776 512
158868 511
158960 512
159052 512
159148 512
159240 511
159332 511
159428 512
159520 511
159612 511
159708 511
159800 511
159892 512
159984 512
160076 512
160168 512
160260 511
160352 511
160452 511
160544 511
160636 511
160728 511
160820 511
160912 511
161004 511
161096 511
161188 511
161280 511
161372 511
161472 511
161564 511
161656 511
161748 511
161840 511
161932 511
162024 511
162116 511
162208 511
162304 512
162396 511
162492 511
162584 511
162676 511
162768 510
162864 511
162956 511
163048 511
163140 511
163232 511
163324 511
163416 511
163516 510
163608 511
163700 511
163792 511
163884 511
163976 511
164068 511
164160 511
164252 511
164344 511
164436 511
164536 511
164628 511
164720 511
164812 511
164904 510
164996 511
165088 510
165180 510
165272 510
165364 511
165460 511
165556 511
165648 511
165740 510
165832 510
165924 510
166020 510
166112 511
166204 511
166296 511
166388 511
166480 511
166572 511
166672 511
166764 511
166856 511
166948 511
167040 511
167132 511
167224 510
167316 511
167412 511
167504 510
167596 510
167692 511
167784 511
167876 510
167972 510
168064 510
168156 510
168248 510
168340 510
168432 510
168524 510
168616 511
168716 510
168808 510
168900 510
168992 510
169084 510
169176 510
169268 510
169360 511
169452 511
169544 510
169636 510
169728 510
169828 510
169920 510
170012 510
170104 511
170196 511
170288 510
170380 510
170472 510
170568 510
170660 510
170752 511
170848 511
170940 511
171032 511
171128 511
171220 510
171312 510
171404 510
171496 508
171588 510
171680 510
171772 510
171868 511
171960 510
172052 511
172144 510
172236 510
172328 510
172420 510
172512 510
172604 510
172696 510
172792 510
172888 510
172980 510
173072 510
173164 510
173256 510
173348 510
173440 508
173536 510
173628 510
173720 511
173812 511
173908 508
174000 508
174092 510
174188 510
174280 511
174372 511
174464 511
174556 510
174648 510
174740 510
174832 510
174932 510
175024 510
175116 510
175208 510
175300 510
175392 510
175484 510
175576 510
175668 510
175760 510
175852 510
175952 510
176044 510
176136 510
176228 510
176320 510
176412 510
176504 510
176596 510
176688 510
176784 510
176876 510
176972 510
177064 510
177156 510
177248 510
177344 510
177436 510
177528 510
177620 510
177712 510
177804 510
177896 510
177996 510
178088 511
178180 511
178272 510
178364 511
178456 511
178548 510
178640 511
178732 512
178824 510
178916 510
179016 511
179108 511
179200 511
179292 511
179384 510
179476 510
179568 510
179660 510
179752 510
179844 511
179940 511
180036 510
180128 510
180220 510
180312 510
180404 510
180496 511
180592 511
180684 511
180776 510
180868 510
180960 510
181056 511
181152 510
181244 511
181336 511
181428 511
181520 510
181612 510
181704 510
181796 510
181888 510
181980 511
182080 511
182172 510
182264 510
182356 510
182448 510
182540 510
182632 510
182724 511
182816 510
182908 510
183000 510
183100 510
183192 510
183284 510
183376 510
183468 510
183560 510
183652 511
183748 510
183840 510
183932 510
184024 510
184120 511
184212 511
184308 511
184400 511
184492 510
184584 510
184676 510
184768 510
184860 511
184952 511
185044 511
185144 511
185236 510
185328 511
185420 511
185512 511
185604 510
185696 511
185788 510
185880 510
185972 511
186064 511
186164 511
186256 510
186348 510
186440 511
186532 510
186624 510
186716 511
186808 510
186904 510
186996 510
187088 511
187184 511
187276 510
187368 510
187464 510
187556 510
187648 510
187740 510
187832 510
187924 511
188016 510
188108 510
188208 510
188300 510
188392 510
188484 510
188576 510
188668 510
188760 508
188852 510
188944 510
189036 511
189128 511
189228 510
189320 510
189412 510
189504 510
189596 508
189688 510
189780 511
189872 510
189964 511
190060 510
