24 480
84 399
148 327
208 255
272 199
332 152
396 112
460 63
520 31
584 3
644 0
708 0
768 0
832 7
892 31
964 63
1024 112
1088 152
1148 199
1212 255
1272 318
1336 384
1400 448
1460 504
1524 568
1584 624
1648 671
1708 736
1772 768
1836 807
1896 839
1960 864
2024 896
2088 896
2152 896
2212 896
2276 880
2336 846
2400 824
2460 783
2524 768
2584 704
2648 652
2712 608
2772 551
2836 508
2896 448
2960 399
3028 352
3088 304
3152 255
3216 240
3276 199
3340 192
3400 159
3464 143
3524 143
3588 143
3652 158
3712 167
3776 192
3836 224
3900 252
3960 284
4028 319
4092 384
4156 408
4216 449
4280 496
4340 540
4404 575
4464 624
4528 647
4592 704
4652 711
4716 768
4776 768
4840 768
4900 769
4964 771
5024 768
5096 768
5156 768
5220 736
5280 704
5344 671
5404 639
5468 608
5532 575
5592 540
5656 508
5716 480
5780 448
5840 396
5904 384
5968 335
6028 316
6096 287
6160 271
6220 255
6284 252
6348 252
6408 252
6472 255
6532 255
6596 280
6656 295
6720 319
6780 352
6844 384
6908 396
6968 432
7032 455
7100 496
7160 519
7224 547
7288 575
7348 608
7412 632
7472 639
7536 664
7596 671
7660 688
7724 704
7784 704
7848 704
7908 688
7972 671
8032 655
8096 639
8164 624
8228 608
8288 575
8352 560
8412 527
8476 508
8536 480
8600 449
8664 448
8724 408
8788 384
8848 384
8912 352
8972 352
9036 327
9100 319
9168 319
9228 319
9292 319
9352 327
9416 352
9480 353
9540 384
9604 384
9664 408
9728 423
9788 448
9852 480
9912 496
9976 510
10040 527
10100 543
10168 572
10232 583
10292 608
10356 609
10420 624
10480 632
10544 636
10604 636
10668 636
10728 632
10792 624
10856 608
10916 608
10980 583
11040 574
11104 560
11164 540
11232 519
11296 504
11360 481
11420 480
11484 448
11544 448
11608 415
11668 403
11732 391
11796 384
11856 384
11920 384
11980 384
12044 384
12104 384
12168 384
12236 384
12300 391
12360 399
12424 415
12484 432
12548 448
12612 455
12672 480
12736 496
12796 508
12860 513
12920 527
12984 543
13044 560
13108 568
13172 575
13240 575
13300 583
13364 588
13424 583
13488 588
13552 583
13612 575
13676 574
13736 572
13800 560
13860 543
13924 536
13988 526
14048 512
14112 504
14172 496
14236 480
14304 480
14368 449
14428 448
14492 448
14552 432
14616 415
14676 415
14740 412
14800 408
14864 412
14928 412
14988 415
15052 415
15112 419
15176 448
15236 448
15308 448
15368 455
15432 480
15492 480
15556 496
15616 504
15680 510
15744 515
15804 526
15868 536
15928 543
15992 543
16064 560
16124 560
16188 568
16248 568
16312 568
16376 560
16436 560
16500 547
16560 543
16624 540
16684 527
16748 519
16812 512
16872 510
16936 504
16996 496
17064 480
17128 480
17188 460
17252 455
17316 448
17376 448
17440 448
17500 448
17564 448
17624 448
17688 448
17748 448
17812 448
17876 448
17936 448
18000 448
18060 448
18128 455
18192 480
18256 480
18316 480
18380 496
18440 496
18504 504
18564 510
18628 513
18688 519
18752 527
18816 527
18876 536
18940 540
19000 542
19064 543
19132 542
19196 542
19256 540
19320 536
19380 527
19444 526
19504 519
19568 513
19632 511
19692 508
19756 504
19816 496
19880 496
19940 480
20004 480
20064 480
20128 463
20196 455
20260 451
20320 449
20384 448
20444 448
20508 448
20572 448
20632 448
20696 451
20756 455
20820 455
20880 462
20944 480
21008 480
21068 480
21132 480
21200 496
21260 496
21324 504
21388 508
21448 510
21512 511
21572 513
21636 515
21696 519
21760 519
21820 526
21884 526
21948 524
22008 521
22072 524
22132 519
22200 519
22264 513
22328 512
22388 510
22452 508
22512 504
22576 504
22636 496
22700 496
22764 480
22824 480
22888 480
22948 480
23012 480
23072 480
23136 463
23196 460
23268 462
23328 455
23392 462
23452 455
23516 480
23576 463
23640 480
23704 480
23764 480
23828 480
23888 480
23952 480
24012 496
24076 496
24140 504
24200 504
24268 504
24332 508
24392 510
24456 511
24520 511
24580 512
24644 512
24704 515
24768 513
24828 513
24892 512
24952 512
25016 511
25080 511
25140 510
25204 508
25272 508
25332 504
25396 504
25460 496
25520 496
25584 496
25644 481
25708 480
25768 480
25832 480
25896 480
25956 480
26020 480
26080 480
26144 480
26204 480
26268 480
26332 480
26396 480
26460 480
26520 480
26584 480
26644 480
26708 481
26768 481
26832 496
26896 496
26956 496
27020 504
27080 504
27144 504
27204 504
27268 508
27336 508
27400 510
27460 510
27524 510
27584 510
27648 510
27708 510
27772 510
27836 510
27896 508
27960 508
28020 508
28084 504
28144 504
28208 504
28272 496
28340 496
28400 496
28464 496
28524 481
28588 480
28652 480
28712 480
28776 480
28836 480
28900 480
28960 480
29024 480
29084 480
29148 480
29212 480
29272 480
29336 480
29404 480
29464 480
29528 480
29592 481
29652 496
29716 496
29776 496
29840 496
29900 496
29964 504
30024 504
30088 504
30152 504
30212 504
30276 508
30336 504
30404 504
30468 508
30532 508
30592 504
30656 504
30716 504
30780 504
30840 504
30904 504
30968 496
31028 496
31092 496
31152 496
31216 496
31276 496
31340 496
31408 496
31472 481
31532 480
31596 480
31656 480
31720 480
31780 480
31844 480
31908 480
31968 480
32032 480
32096 480
32156 480
32220 481
32280 481
32344 496
32408 496
32468 496
32532 496
32592 496
32656 496
32720 496
32784 496
32848 496
32908 496
32972 504
33032 504
33096 504
33156 504
33220 504
33284 504
33344 504
33408 504
33468 504
33532 504
33592 504
33656 504
33724 504
33788 496
33848 496
33912 496
33972 496
34036 496
34096 496
34160 496
34224 496
34284 496
34348 496
34408 481
34472 496
34532 481
34596 481
34660 480
34728 481
34788 481
34852 496
34912 481
34976 496
35040 496
35100 496
35164 496
35224 496
35288 496
35348 496
35412 496
35472 496
35536 496
35600 496
35660 496
35724 496
35792 496
35852 496
35916 504
35980 496
36040 504
36104 504
36164 504
36228 504
36288 504
36352 504
36416 504
36476 504
36540 496
36600 496
36664 496
36724 496
36792 496
36856 496
36920 496
36980 496
37044 496
37104 496
37168 496
37228 496
37292 496
37356 496
37416 496
37480 496
37540 496
37604 496
37664 496
37728 496
37796 496
37860 496
37920 496
37984 496
38044 496
38108 496
38172 496
38232 496
38296 496
38356 496
38420 496
38480 496
38544 496
38604 496
38668 496
38732 496
38792 496
38860 496
38924 504
38984 496
39048 504
39112 496
39172 504
39236 496
39296 504
39360 496
39420 496
39484 496
39548 496
39608 496
39672 496
39732 496
39796 496
39864 496
39928 496
39988 496
40052 496
40112 496
40176 496
40236 496
40300 496
40360 496
40424 496
40488 496
40548 496
40612 496
40672 496
40736 496
40796 496
40868 496
40928 496
40992 496
41052 496
41116 496
41176 496
41240 496
41304 496
41364 496
41428 496
41488 496
41552 496
41612 496
41676 496
41736 496
41800 496
41864 496
41932 496
41992 496
42056 496
42116 496
42180 496
42244 496
42304 496
42368 496
42428 496
42492 496
42552 496
42616 496
42680 496
42740 496
42804 496
42864 496
42932 496
42996 496
43060 496
43120 496
43184 496
43244 496
43308 496
43368 496
43432 496
43492 496
43556 496
43620 496
43680 496
43744 496
43804 496
43868 496
43936 496
44000 496
44060 496
44124 496
44184 496
44248 496
44308 496
44372 496
44432 496
44496 496
44560 496
44620 496
44684 496
44744 496
44808 496
44868 496
44932 496
45000 496
45064 496
45124 496
45188 496
45248 496
45312 496
45376 496
45436 496
45500 496
45560 496
45624 496
45684 496
45748 496
45808 496
45872 496
45936 496
46004 496
46064 496
46128 496
46188 496
46252 496
46316 496
46376 496
46440 496
46500 496
46564 496
46624 496
46688 496
46752 496
46812 496
46876 496
46936 496
47004 496
47068 496
47132 496
47192 496
47256 496
47316 496
47380 496
47440 496
47504 496
47564 496
47628 496
47692 496
47752 496
47816 496
47876 496
47940 496
48000 496
48072 496
48132 496
48196 496
48256 496
48320 496
48384 496
48452 496
48512 496
48576 496
48636 496
48700 496
48764 496
48824 496
48888 496
48948 496
49012 496
49072 496
49136 496
49196 496
49260 496
49324 496
49384 496
49452 496
49516 496
49576 496
49640 496
49704 496
49764 496
49828 496
49888 496
49952 496
50012 496
50076 496
50140 496
50200 496
50264 496
50324 496
50388 496
50448 496
50520 496
50580 496
50644 496
50704 496
50768 496
50828 496
50892 496
50952 496
51016 496
51080 496
51140 496
51204 496
51264 496
51328 496
51388 496
51452 496
51520 496
51584 496
51644 496
51708 496
51768 496
51832 496
51896 496
51956 496
52020 496
52080 496
52144 496
52204 496
52268 496
52328 496
52392 496
52456 496
52524 496
52584 496
52648 496
52708 496
52772 496
52836 540
52896 575
52960 608
53020 608
53084 624
53144 624
53208 624
53272 624
53332 609
53396 608
53456 608
53520 608
53584 591
53648 583
53712 575
53772 575
53836 575
53896 574
53960 572
54020 568
54084 568
54144 568
54208 560
54272 560
54332 560
54396 551
54456 551
54520 547
54588 547
54652 543
54712 543
54776 543
54836 543
54900 543
54960 543
55024 543
55084 543
55148 542
55212 542
55272 540
55336 540
55396 540
55460 540
55520 536
55592 536
55652 536
55716 536
55776 536
55840 531
55900 536
55964 527
56028 527
56088 527
56152 529
56212 527
56276 527
56336 527
56400 527
56460 527
56524 527
56588 527
56656 527
56716 527
56780 527
56840 526
56904 526
56968 526
57028 524
57092 527
57152 524
57216 526
57276 519
57340 524
57404 519
57464 524
57528 519
57588 523
57656 519
57720 519
57784 519
57844 519
57908 519
57968 519
58032 519
58092 519
58156 519
58216 515
58280 519
58344 515
58404 519
58468 515
58528 519
58592 518
58660 519
58724 519
58784 515
58848 519
58908 515
58972 519
59032 515
59096 515
59156 515
59220 515
59284 515
59344 515
59408 515
59468 515
59532 515
59592 515
59656 515
59724 515
59788 515
59848 515
59912 515
59972 515
60036 515
60100 515
60160 513
60224 515
60284 515
60348 515
60408 513
60472 513
60532 515
60596 513
60660 513
60728 515
60788 512
60852 515
60912 512
60976 512
61040 512
61100 515
61164 512
61224 513
61288 512
61348 513
61412 513
61476 513
61536 513
61600 512
61660 512
61728 512
61792 512
61856 512
61916 512
61980 512
62040 512
62104 512
62164 512
62228 512
62288 512
62352 512
62416 512
62476 512
62540 512
62600 512
62664 512
62724 512
62796 512
62856 512
62920 512
62980 512
63044 512
63104 512
63168 512
63232 512
63292 512
63356 512
63416 512
63480 512
63540 512
63604 512
63664 512
63728 512
63796 512
63860 512
63920 512
63984 512
64044 512
64108 512
64172 512
64232 512
64296 512
64356 512
64420 512
64484 512
64544 512
64608 512
64668 512
64732 512
64792 512
64856 512
64924 512
64988 512
65048 512
65112 512
65172 512
65236 512
65296 512
65360 512
65424 512
65484 512
65548 512
65608 512
65672 512
65732 512
65796 512
65856 512
65928 512
65988 511
66052 512
66112 511
66176 512
66236 511
66300 512
66364 512
66424 512
66488 512
66548 512
66612 512
66672 512
66736 512
66796 512
66860 512
66928 512
66992 512
67052 511
67116 512
67176 511
67240 512
67304 512
67364 512
67428 511
67488 512
67552 512
67612 512
67676 512
67740 512
67800 512
67864 511
67924 512
67992 511
68056 512
68120 511
68180 512
68244 511
68304 512
68368 511
68428 512
68492 511
68552 512
68616 512
68680 512
68740 512
68804 512
68864 512
68928 512
68996 512
69060 511
69120 512
69184 511
69244 512
69308 511
69368 512
69432 512
69496 512
69556 512
69620 510
69680 512
69744 512
69804 511
69868 512
69928 511
70000 512
70060 512
70124 511
70184 512
70248 512
70308 512
70372 512
70436 512
70496 512
70560 512
70620 512
70684 512
70744 511
70808 512
70872 511
70932 512
70996 511
71064 511
71124 512
71188 512
71252 512
71312 511
71376 512
71436 511
71500 512
71560 511
71624 512
71684 512
71748 512
71812 512
71872 511
71936 512
71996 511
72064 512
72128 511
72192 511
72252 511
72316 511
72376 511
72440 511
72500 512
72564 512
72624 512
72688 512
72752 511
72812 511
72876 511
72936 511
73000 512
73068 512
73132 511
73192 511
73256 512
73316 511
73380 511
73440 512
73504 511
73568 512
73628 511
73692 512
73752 512
73816 511
73876 512
73940 512
74000 512
74064 512
74132 511
74196 512
74256 511
74320 512
74380 512
74444 511
74508 511
74568 511
74632 511
74692 512
74756 510
74816 512
74880 512
74944 512
75004 511
75068 512
75136 512
75196 512
75260 512
75324 512
75384 512
75448 512
75508 512
75572 512
75632 512
75696 512
75756 511
75820 512
75884 511
75944 512
76008 511
76068 512
76136 512
76200 512
76264 511
76324 512
76388 512
76448 512
76512 512
76572 511
76636 512
76700 511
76760 512
76824 511
76884 512
76948 511
77008 512
77072 511
77132 512
77204 512
77264 512
77328 511
77388 511
77452 512
77512 1023
77576 512
77640 511
77700 512
77764 511
77824 512
77888 511
77948 512
78012 511
78076 512
78136 511
78204 512
78268 511
78328 512
78392 512
78456 512
78516 512
78580 511
78640 512
78704 511
78764 512
78828 511
78888 512
78952 511
79016 512
79076 512
79140 512
79200 512
79268 512
79332 512
79396 512
79456 512
79520 511
79580 512
79644 511
79704 512
79768 511
79832 512
79892 511
79956 512
80016 511
80080 511
80140 512
80204 512
80264 511
80328 512
80388 511
80452 512
80512 511
80576 512
80636 511
80700 511
80768 512
80832 511
80892 512
80956 511
81016 512
81080 511
81140 511
81204 511
81268 511
81328 511
81392 511
81452 512
81516 511
81576 511
81640 511
81704 511
81772 511
81832 511
81896 511
81956 511
82020 511
82080 511
82144 511
82208 511
82268 511
82332 511
82392 511
82456 511
82516 511
82580 511
82644 512
82704 511
82768 511
82836 511
82896 511
82960 511
83024 511
83084 511
83148 511
83208 511
83272 512
83332 512
83396 512
83456 512
83520 511
83584 511
83644 512
83708 512
83768 512
83836 512
83900 512
83964 511
84024 511
84088 512
84148 512
84212 512
84272 511
84336 512
84400 511
84460 511
84524 512
84584 512
84648 512
84708 512
84772 512
84840 512
84904 512
84964 512
85028 512
85088 512
85152 511
85212 512
85276 1023
85340 512
85400 511
85464 512
85524 511
85588 512
85648 511
85712 512
85772 511
85836 512
85900 512
85964 512
86028 512
86088 512
86152 512
86212 511
86276 512
86336 511
86400 512
86464 511
86524 512
86588 511
86648 512
86712 511
86772 512
86836 511
86904 511
86968 512
87028 511
87092 512
87152 511
87216 512
87276 511
87340 512
87400 512
87464 511
87528 512
87588 512
87652 512
87712 511
87776 512
87836 511
87908 512
87968 512
88032 512
88092 512
88156 511
88216 512
88280 511
88340 512
88404 511
88468 512
88528 511
88592 512
88652 511
88716 512
88776 511
88840 512
88904 512
88972 511
89032 512
89096 511
89156 512
89220 511
89284 512
89344 511
89408 512
89468 511
89532 511
89592 511
89656 511
89716 512
89780 512
89844 512
89904 512
89972 512
90036 512
90096 512
90160 512
90224 512
90284 512
90348 512
90408 512
90472 512
90532 512
90596 512
90660 512
90720 511
90784 512
90844 511
90908 512
90976 512
91040 512
91100 512
91164 512
91224 512
91288 512
91348 512
91412 512
91472 512
91536 512
91600 512
91660 512
91724 512
91784 512
91848 512
91908 512
91972 511
92040 512
92104 512
92164 512
92228 512
92288 512
92352 512
92416 512
92476 512
92540 512
92600 512
92664 512
92724 512
92788 512
92848 512
92912 512
92976 512
93044 512
93104 512
93168 512
93228 512
93292 512
93356 512
93416 512
93480 512
93540 512
93604 512
93664 512
93728 512
93792 512
93852 512
93916 512
93976 512
94044 512
94108 512
94172 512
94232 511
94296 512
94356 511
94420 511
94480 512
94544 511
94604 511
94668 512
94732 511
94792 511
94856 511
94916 512
94980 511
95040 512
95112 512
95172 511
95236 511
95296 511
95360 512
95420 511
95484 512
95548 511
95608 512
95672 511
95732 512
95796 511
95856 512
95920 511
95980 512
96044 511
96112 511
96176 511
96240 511
96300 512
96364 511
96424 512
96488 511
96548 512
96612 512
96676 512
96744 512
96804 511
96868 512
96928 511
96992 512
97056 512
97116 512
97180 511
97240 512
97304 511
97364 512
97428 511
97492 512
97552 511
97616 512
97676 511
97740 512
97808 512
97872 511
97932 512
97996 511
98056 512
98120 511
98180 512
98244 511
98304 512
98368 511
98432 511
98492 512
98556 512
98616 511
98680 512
98740 511
98812 511
98872 512
98936 480
98996 414
99060 352
99120 271
99184 224
99248 159
99308 112
99372 63
99432 31
99496 7
99556 0
99620 0
99680 0
99744 7
99812 31
99876 63
99936 112
100000 143
100060 195
100124 254
100188 316
100248 384
100312 448
100372 504
100436 560
100496 624
100560 671
100624 736
100684 768
100748 799
100808 831
100876 864
100940 896
101004 896
101064 896
101128 896
101188 880
101252 847
101312 828
101376 783
101436 768
101500 704
101564 655
101624 608
101688 560
101748 508
101812 451
101880 399
101944 352
102004 312
102068 255
102128 240
102192 199
102252 192
102316 159
102380 152
102440 143
102504 143
102564 158
102628 176
102688 192
102752 224
102812 252
102884 286
102944 319
103008 384
103068 408
103132 448
103192 496
103256 536
103320 575
103380 624
103444 647
103504 688
103568 707
103628 768
103692 768
103756 768
103816 769
103880 771
103948 768
104008 768
104072 768
104136 736
104196 704
104260 671
104320 639
104384 609
104444 575
104508 542
104568 508
104632 480
104696 448
104756 399
104820 384
104880 352
104948 316
105012 287
105076 271
105136 255
105200 254
105260 252
105324 252
105384 254
105448 255
105512 280
105572 295
105636 319
105696 352
105760 384
105820 399
105884 432
105944 455
106016 496
106076 519
106140 543
106200 575
106264 608
106324 632
106388 639
106452 655
106512 671
106576 688
106636 704
106700 704
106760 704
106824 679
106888 671
106948 655
107016 639
107080 624
107140 608
107204 575
107268 560
107328 527
107392 508
107452 480
107516 451
107576 432
107640 408
107700 384
107764 384
107828 352
107888 352
107952 327
108020 319
108080 319
108144 319
108208 319
108268 327
108332 352
108392 352
108456 384
108516 384
108580 403
108644 419
108704 448
108768 463
108828 496
108892 510
108952 527
109016 547
109084 572
109148 575
109208 608
109272 608
109332 624
109396 632
109456 632
109520 636
109584 632
109644 632
109708 624
109768 608
109832 608
109892 583
109956 572
110020 560
110088 536
110148 515
110212 504
110272 480
110336 480
110400 448
110460 448
110524 415
110584 403
110648 391
110708 384
110772 384
110832 384
110896 384
110960 384
111020 384
111088 384
111152 384
111212 391
111276 399
111340 415
111400 432
111464 448
111524 451
111588 480
111648 496
111712 508
111776 513
111836 527
111900 543
111960 551
112024 568
112084 574
112156 575
112216 575
112288 588
112348 591
112412 588
112472 583
112536 575
112600 575
112668 568
112728 560
112792 543
112852 536
112916 519
112980 511
113040 504
113104 496
113164 480
113228 455
113288 448
113352 448
113416 448
113476 415
113540 415
113600 412
113664 408
113732 408
113796 408
113856 412
113920 414
113980 415
114044 419
114104 448
114168 448
114228 448
114292 455
114356 480
114416 480
114480 496
114540 504
114604 511
114664 519
114736 527
114796 540
114860 543
114920 551
114984 560
115044 560
115108 560
115172 568
115232 568
115296 560
115356 560
115420 547
115480 543
115544 540
115604 527
115668 519
115736 512
115800 508
115860 504
115924 496
115984 480
116048 480
116112 463
116172 455
116236 448
116296 448
116360 448
116420 448
116484 448
116548 448
116608 448
116672 448
116732 448
116800 448
116864 448
116928 448
116988 451
117052 455
117112 480
117176 480
117236 480
117300 496
117360 504
117424 508
117488 511
117548 515
117612 519
117672 527
117736 531
117804 536
117868 540
117928 542
117992 542
118052 540
118116 540
118176 536
118240 527
118304 527
118364 519
118428 515
118488 512
118552 510
118612 504
118676 496
118736 496
118808 480
118868 480
118932 480
118992 463
119056 455
119116 451
119180 449
119244 448
119304 448
119368 448
119428 448
119492 448
119552 451
119616 449
119680 451
119740 455
119804 463
119868 480
119932 480
119996 480
120056 480
120120 496
120180 496
120244 504
120304 508
120368 510
120428 512
120492 513
120556 515
120616 519
120680 519
120740 524
120804 524
120872 524
120932 519
120996 519
121060 519
121120 513
121184 512
121244 510
121308 510
121368 504
121432 504
121496 496
121556 496
121620 480
121680 480
121744 480
121804 480
121872 480
121936 480
122000 480
122060 460
122124 462
122184 455
122248 462
122308 459
122372 463
122436 462
122496 480
122560 480
122620 480
122684 480
122744 480
122808 480
122868 496
122940 496
123000 504
123064 504
123124 504
123188 508
123248 508
123312 511
123376 511
123436 512
123500 512
123560 513
123624 512
123684 513
123748 512
123812 512
123872 511
123940 510
124004 510
124064 508
124128 504
124192 504
124252 504
124316 496
124376 496
124440 481
124500 481
124564 480
124624 480
124688 480
124752 480
124812 480
124876 480
124944 480
125004 480
125068 480
125132 480
125192 480
125256 480
125316 480
125380 480
125440 480
125504 480
125568 480
125628 481
125692 496
125752 496
125816 496
125876 496
125940 504
126008 504
126072 504
126132 508
126196 508
126256 508
126320 510
126380 510
126444 510
126508 510
126568 510
126632 510
126692 508
126756 508
126816 504
126880 508
126944 504
127012 504
127072 496
127136 496
127196 496
127260 496
127324 481
127384 480
127448 480
127508 480
127572 480
127632 480
127696 480
127756 480
127820 480
127884 480
127944 480
128012 480
128076 480
128136 480
128200 480
128264 480
