24 1023
68 352
112 304
152 271
196 248
236 224
280 192
320 163
364 143
404 124
448 96
492 78
532 62
576 48
616 31
660 17
700 12
744 6
788 3
828 3
872 7
912 15
956 28
1004 39
1044 60
1088 71
1132 96
1172 120
1216 135
1256 159
1300 192
1340 224
1384 252
1424 284
1468 316
1512 352
1552 384
1596 414
1636 448
1680 480
1720 510
1764 542
1808 574
1848 608
1892 636
1932 655
1976 675
2016 704
2064 736
2108 768
2152 768
2192 769
2236 783
2276 792
2320 798
2360 799
2404 799
2448 799
2488 798
2532 783
2572 775
2616 768
2656 768
2700 736
2740 711
2784 704
2828 671
2868 639
2912 624
2952 591
2996 568
3036 536
3088 508
3128 480
3172 448
3212 414
3256 384
3296 352
3340 319
3384 295
3424 263
3468 248
3508 224
3552 192
3592 176
3636 156
3676 127
3720 120
3764 99
3804 96
3848 96
3888 71
3932 67
3972 71
4016 67
4060 71
4104 79
4148 96
4192 96
4232 112
4276 124
4316 140
4360 158
4400 192
4444 195
4484 224
4528 248
4572 270
4612 304
4656 319
4696 352
4740 384
4780 408
4824 448
4868 462
4908 496
4952 513
4992 542
5036 572
5076 590
5124 624
5168 639
5212 655
5252 671
5296 704
5336 704
5380 711
5420 736
5464 736
5508 768
5548 768
5592 768
5632 768
5676 768
5716 736
5760 736
5804 711
5844 704
5888 704
5928 671
5972 655
6012 638
6056 624
6096 608
6148 574
6188 543
6232 519
6272 504
6316 480
6356 448
6400 415
6444 391
6484 384
6528 352
6568 319
6612 295
6652 271
6696 254
6740 240
6780 224
6824 195
6864 192
6908 167
6948 158
6992 143
7032 135
7076 127
7120 126
7168 127
7208 127
7252 127
7292 127
7336 135
7380 143
7420 156
7464 163
7504 192
7548 193
7588 224
7632 240
7676 252
7716 270
7760 287
7800 316
7844 335
7884 368
7928 384
7968 399
8012 432
8056 449
8096 480
8140 504
8188 519
8228 543
8272 568
8316 582
8356 608
8400 624
8440 636
8484 639
8524 655
8568 671
8608 671
8652 688
8696 704
8736 704
8780 704
8820 704
8864 704
8904 688
8948 678
8992 671
9032 664
9076 639
9116 638
9160 624
9208 608
9252 583
9292 572
9336 547
9376 527
9420 511
9460 496
9504 480
9544 448
9588 423
9632 399
9672 384
9716 368
9756 352
9800 319
9840 304
9884 284
9928 255
9968 252
10012 240
10052 224
10096 224
10136 195
10180 192
10228 192
10272 192
10312 176
10356 176
10396 176
10440 176
10480 192
10524 192
10568 192
10608 192
10652 206
10692 224
10736 225
10776 248
10820 255
10864 271
10912 287
10952 316
10996 327
11036 352
11080 384
11124 385
11164 408
11208 432
11248 448
11292 463
11332 496
11376 508
11416 519
11460 542
11504 560
11544 574
11588 583
11628 608
11672 608
11720 624
11764 636
11804 639
11848 639
11888 639
11932 647
11972 647
12016 639
12060 639
12100 639
12144 638
12184 636
12228 624
12268 609
12312 608
12352 590
12396 575
12440 568
12480 543
12524 531
12564 513
12608 504
12648 480
12692 460
12740 448
12784 419
12824 399
12868 384
12908 384
12952 352
12996 335
13036 319
13080 304
13120 287
13164 271
13204 255
13248 254
13288 248
13332 240
13376 224
13416 224
13460 224
13500 224
13544 207
13584 207
13628 224
13672 224
13712 224
13760 224
13804 240
13844 240
13888 252
13932 255
13972 263
14016 284
14056 291
14100 312
14140 319
14184 352
14224 352
14268 384
14312 385
14352 403
14396 419
14436 448
14480 451
14520 480
14564 496
14608 508
14648 515
14692 527
14732 543
14780 560
14824 572
14868 575
14908 583
14952 608
14992 608
15036 608
15076 624
15120 624
15160 624
15204 624
15248 624
15288 608
15332 608
15372 608
15416 591
15456 583
15500 575
15544 572
15584 560
15628 543
15668 527
15712 515
15752 508
15800 496
15844 480
15888 455
15928 448
15972 432
16012 412
16056 391
16096 384
16140 384
16184 352
16224 335
16268 319
16308 316
16352 304
16392 287
16436 280
16480 271
16520 255
16564 255
16604 254
16648 252
16688 248
16732 248
16772 248
16824 248
16864 248
16908 252
16948 254
16992 255
17032 255
17076 270
17120 280
17160 287
17204 304
17244 316
17288 319
17328 335
17372 352
17416 384
17456 384
17500 387
17540 399
17584 415
17624 448
17668 448
17708 455
17752 480
17796 496
17844 504
17884 512
17928 519
17968 536
18012 543
18056 551
18096 568
18140 572
18180 574
18224 575
18264 575
18308 575
18352 582
18392 583
18436 575
18476 575
18520 575
18560 574
18604 572
18644 568
18688 560
18732 543
18772 540
18816 526
18856 513
18904 508
18948 496
18992 480
19032 480
19076 451
19116 448
19160 432
19200 415
19244 399
19288 387
19328 384
19372 384
19412 352
19456 352
19496 327
19540 319
19580 316
19624 304
19668 291
19708 287
19752 284
19792 275
19836 271
19876 271
19928 268
19968 263
20012 255
20052 270
20096 271
20136 271
20180 280
20220 287
20264 287
20308 304
20348 312
20392 318
20432 319
20476 335
20516 352
20560 368
20604 384
20644 384
20688 391
20728 399
20772 415
20812 432
20856 448
20896 449
20944 480
20988 480
21032 496
21072 504
21116 508
21156 513
21200 524
21240 527
21284 542
21324 543
21368 543
21412 551
21452 560
21496 560
21536 560
21580 568
21620 568
21664 560
21708 560
21748 551
21792 543
21836 543
21880 536
21920 527
21964 519
22004 512
22048 508
22088 496
22132 481
22172 480
22216 463
22260 449
22300 448
22344 448
22384 415
22428 412
22468 396
22512 384
22556 384
22596 384
22640 353
22680 352
22724 352
22772 327
22816 319
22856 318
22900 312
22940 304
22984 304
23024 295
23068 291
23108 287
23152 287
23196 287
23236 287
23280 287
23320 295
23364 304
23404 312
23448 312
23492 318
23532 319
23576 327
23616 335
23660 352
23700 352
23744 384
23792 384
23836 384
23876 391
23920 399
23960 415
24004 422
24044 448
24088 448
24132 451
24172 463
24216 480
24256 480
24300 496
24340 504
24384 508
24428 511
24468 515
24512 519
24552 527
24596 527
24636 536
24680 536
24720 540
24764 540
24812 540
24856 536
24896 536
24940 527
24980 527
25024 519
25068 515
25108 512
25152 510
25192 504
25236 496
25276 481
25320 480
25364 480
25404 455
25448 448
25488 448
25532 448
25572 415
25616 414
25656 399
25700 391
25744 384
25784 384
25832 384
25876 368
25916 352
25960 352
26004 352
26044 332
26088 326
26128 319
26172 319
26212 318
26256 316
26300 316
26340 316
26384 316
26424 316
26468 316
26508 318
26552 319
26592 319
26636 319
26680 327
26720 335
26764 352
26804 352
26848 353
26896 384
26940 384
26980 384
27024 384
27064 391
27108 399
27148 414
27192 415
27236 448
27276 448
27320 448
27360 455
27404 463
27444 480
27488 480
27528 481
27572 496
27616 496
27656 504
27700 508
27740 510
27784 512
27824 513
27868 515
27912 519
27956 519
28000 515
28040 515
28084 515
28124 513
28168 511
28208 510
28252 508
28292 504
28336 504
28380 496
28420 480
28464 480
28504 480
28548 480
28588 454
28632 448
28676 448
28716 448
28760 423
28800 415
28844 408
28884 399
28932 391
28976 384
29020 384
29060 384
29104 384
29144 368
29188 352
29228 352
29272 352
29312 352
29356 335
29400 332
29440 327
29484 327
29524 327
29568 327
29608 327
29652 327
29696 327
29736 335
29780 335
29820 352
29864 352
29904 352
29952 352
29996 384
30040 384
30080 384
30124 384
30164 384
30208 387
30248 398
30292 399
30336 414
30376 415
30420 432
30460 448
30504 448
30544 448
30588 451
30628 460
30672 480
30716 480
30756 480
30800 480
30840 496
30884 496
30924 496
30976 504
31016 504
31060 508
31100 508
31144 508
31184 508
31228 508
31272 508
31312 504
31356 504
31396 504
31440 496
31480 496
31524 481
31564 480
31608 480
31652 480
31692 463
31736 455
31776 449
31820 448
31860 448
31904 448
31948 423
31996 415
32036 414
32080 408
32120 398
32164 390
32208 384
32248 384
32292 384
32332 384
32376 384
32416 368
32460 353
32500 352
32544 352
32588 352
32628 352
32672 352
32712 352
32756 352
32796 352
32840 352
32884 352
32924 352
32968 352
33008 352
33052 353
33092 368
33136 384
33180 384
33220 384
33264 384
33304 384
33348 384
33388 391
33432 399
33472 408
33524 414
33564 415
33608 423
33648 448
33692 448
33732 448
33776 448
33820 451
33860 455
33904 463
33944 480
33988 480
34028 480
34072 480
34116 480
34156 481
34200 496
34240 496
34284 496
34324 496
34368 496
34408 496
34452 496
34496 496
34544 496
34584 496
34628 480
34668 480
34712 480
34756 480
34796 480
34840 463
34880 455
34924 455
34964 448
35008 448
35052 448
35092 448
35136 432
35176 415
35220 414
35260 412
35304 399
35344 396
35388 391
35432 385
35472 384
35516 384
35564 384
35604 384
35648 384
35692 384
35732 384
35776 368
35816 368
35860 368
35900 352
35944 352
35988 352
36028 353
36072 353
36112 353
36156 368
36196 384
36240 384
36280 384
36324 384
36368 384
36408 384
36452 384
36492 384
36536 387
36584 391
36628 399
36668 408
36712 414
36752 415
36796 419
36836 432
36880 448
36924 448
36964 448
37008 448
37048 449
37092 454
37132 460
37176 463
37216 480
37260 480
37304 480
37344 480
37388 480
37428 480
37472 480
37512 480
37556 480
37600 480
37648 480
37688 480
37732 480
37772 480
37816 480
37860 480
37900 480
37944 463
37984 462
38028 455
38068 451
38112 448
38152 448
38196 448
38240 448
38280 448
38324 432
38364 415
38408 415
38448 414
38492 408
38536 399
38576 391
38620 391
38668 385
38708 384
38752 384
38796 384
38836 384
38880 384
38920 384
38964 384
39004 384
39048 384
39088 384
39132 384
39176 384
39216 384
39260 384
39300 384
39344 384
39384 384
39428 384
39472 384
39512 384
39556 384
39596 384
39640 384
39684 387
39728 391
39772 399
39812 399
39856 408
39896 414
39940 415
39980 419
40024 432
40064 448
40108 448
40152 448
40192 448
40236 448
40276 451
40320 451
40360 455
40404 455
40448 463
40488 480
40532 480
40572 480
40616 480
40656 480
40704 480
40748 480
40792 480
40832 480
40876 480
40916 480
40960 480
41000 480
41044 463
41088 460
41128 455
41172 451
41212 449
41256 448
41296 448
41340 448
41380 448
41424 448
41468 432
41508 423
41552 415
41592 415
41636 414
41676 412
41728 399
41768 399
41812 391
41852 391
41896 387
41936 384
41980 384
42024 384
42064 384
42108 384
42148 384
42192 384
42232 384
42276 384
42316 384
42360 384
42404 384
42444 384
42488 384
42528 384
42572 384
42612 384
42656 384
42700 384
42748 384
42788 387
42832 391
42872 391
42916 398
42960 399
43000 408
43044 412
43084 414
43128 415
43168 415
43212 423
43252 432
43296 448
43340 448
43380 448
43424 448
43464 448
43508 448
43552 448
43592 449
43636 451
43680 455
43728 455
43768 455
43812 455
43852 462
43896 462
43936 462
43980 462
44024 462
44064 463
44108 460
44148 455
44192 455
44232 455
44276 454
44316 451
44360 449
44404 448
44444 448
44488 448
44528 448
44572 448
44612 448
44656 432
44700 432
44748 415
44788 415
44832 415
44872 414
44916 408
44956 408
45000 399
45044 399
45084 391
45128 391
45168 391
45212 387
45252 385
45296 384
45340 384
45380 384
45424 384
45464 384
45508 384
45548 384
45592 384
45632 384
45676 384
45720 384
45768 384
45808 384
45852 385
45892 387
45936 387
45980 391
46020 391
46064 399
46104 399
46148 412
46188 408
46232 412
46276 412
46316 415
46360 415
46400 419
46444 423
46484 432
46528 448
46568 448
46612 448
46656 448
46696 448
46740 448
46780 448
46828 448
46872 448
46916 448
46956 451
47000 451
47040 455
47084 455
47124 455
47168 455
47212 480
47252 480
47296 504
47336 510
47380 513
47420 519
47464 526
47504 527
47548 527
47592 527
47632 527
47676 527
47716 527
47760 527
47800 524
47852 519
47892 515
47936 513
47976 512
48020 510
48060 508
48104 508
48148 504
48188 504
48232 504
48272 496
48316 496
48356 496
48400 496
48440 496
48484 481
48528 480
48568 480
48612 480
48652 480
48696 480
48736 480
48780 480
48824 480
48868 480
48912 480
48956 480
48996 480
49040 480
49080 480
49124 480
49164 480
49208 463
49248 463
49292 463
49336 460
49376 460
49420 462
49460 460
49504 455
49544 455
49588 455
49632 455
49672 455
49716 455
49756 455
49800 455
49840 455
49888 455
49932 454
49976 454
50016 451
50060 454
50100 451
50144 451
50184 451
50228 451
50272 451
50312 451
50356 451
50396 449
50440 449
50480 449
50524 449
50568 449
50608 448
50652 448
50692 448
50736 448
50776 448
50820 448
50860 448
50912 448
50952 448
50996 448
51036 448
51080 448
51120 448
51164 448
51208 448
51248 448
51292 448
51332 448
51376 448
51416 448
51460 448
51504 448
51544 448
51588 448
51628 448
51672 448
51712 448
51756 448
51796 448
51840 448
51884 448
51932 448
51972 448
52016 448
52056 448
52100 448
52144 448
52184 448
52228 448
52268 448
52312 448
52352 448
52396 448
52440 448
52480 448
52524 448
52564 448
52608 448
52648 448
52692 448
52732 448
52776 448
52820 448
52860 448
52904 448
52952 448
52992 448
53036 448
53080 448
53120 448
53164 448
53204 448
53248 448
53288 448
53332 448
53376 448
53416 448
53460 448
53500 448
53544 448
53584 448
53628 448
53668 448
53712 448
53756 448
53796 448
53840 448
53880 448
53924 448
53972 448
54016 448
54056 448
54100 448
54140 448
54184 448
54224 448
54268 448
54312 448
54352 448
54396 448
54440 448
54480 448
54524 448
54564 448
54608 448
54652 448
54692 448
54736 448
54776 448
54820 448
54860 448
54904 448
54944 448
54988 448
55032 448
55072 448
55120 448
55164 448
55204 448
55248 448
55292 448
55332 448
55376 448
55416 448
55460 448
55500 448
55544 448
55584 448
55628 448
55672 448
55712 448
55756 448
55796 448
55840 448
55880 448
55924 448
55968 448
56008 448
56052 448
56092 448
56140 448
56184 448
56228 448
56268 448
56312 448
56352 448
56396 448
56436 448
56480 448
56520 448
56564 448
56608 448
56648 448
56692 448
56732 448
56776 448
56816 448
56860 448
56904 448
56944 448
56988 448
57028 448
57072 448
57112 448
57160 448
57204 448
57248 448
57288 448
57332 448
57372 448
57416 448
57456 448
57500 448
57540 448
57584 448
57628 448
57668 448
57712 448
57752 448
57796 448
57836 448
57880 448
57924 448
57964 448
58008 448
58048 448
58092 448
58132 448
58180 448
58224 448
58268 448
58308 448
58352 448
58392 448
58436 448
58476 448
58520 448
58560 448
58604 448
58648 448
58688 448
58732 448
58772 448
58816 448
58856 448
58900 448
58944 448
58984 448
59028 448
59068 448
59112 448
59152 448
59200 448
59244 448
59288 448
59328 448
59372 448
59412 448
59456 448
59496 448
59540 448
59584 448
59624 448
59668 448
59708 448
59752 448
59792 448
59836 448
59876 448
59920 448
59964 448
60004 448
60048 448
60088 448
60132 448
60172 448
60224 448
60264 448
60308 448
60348 448
60392 448
60432 448
60476 448
60516 448
60560 448
60604 448
60644 448
60688 448
60728 448
60772 448
60812 448
60856 448
60900 448
60940 448
60984 448
61024 448
61068 448
61108 448
61152 448
61192 448
61244 448
61284 448
61328 448
61368 448
61412 448
61452 448
61496 448
61540 448
61580 448
61624 448
61664 448
61708 448
61748 448
61792 448
61836 448
61876 448
61920 448
61960 448
62004 448
62044 448
62088 448
62128 448
62172 448
62216 448
62264 448
62304 448
62348 448
62388 448
62432 448
62476 448
62516 448
62560 448
62600 448
62644 448
62684 448
62728 448
62772 448
62812 448
62856 448
62896 448
62940 448
62980 448
63024 448
63064 448
63108 448
63152 448
63192 448
63236 448
63284 448
63324 448
63368 448
63412 448
63452 448
63496 448
63536 448
63580 448
63620 448
63664 448
63708 448
63748 448
63792 448
63832 448
63876 448
63916 448
63960 448
64000 448
64044 448
64088 448
64128 448
64172 448
64212 448
64256 448
64304 448
64348 448
64388 448
64432 448
64472 448
64516 448
64556 448
64600 448
64644 448
64684 448
64728 448
64768 448
64812 448
64852 448
64896 448
64936 448
64980 448
65024 448
65064 448
65108 448
65148 448
65192 448
65232 448
65276 448
65324 448
65368 448
65408 448
65452 448
65492 448
65536 448
65580 448
65620 448
65664 448
65704 448
65752 448
65796 448
65836 448
65880 448
65924 448
65964 448
66008 448
66048 448
66092 448
66132 448
66176 448
66216 448
66260 448
66304 448
66344 448
66388 448
66428 448
66472 448
66512 448
66556 448
66600 448
66640 448
66684 448
66724 448
66772 448
66816 448
66856 448
66900 448
66944 448
66984 448
67028 448
67068 448
67112 448
67152 448
67196 448
67240 448
67280 448
67324 448
67364 448
67408 448
67448 448
67492 448
67532 448
67576 448
67620 448
67660 448
67704 448
67744 448
67792 448
67836 448
67880 448
67920 448
67964 448
68004 448
68048 448
68088 448
68132 448
68176 448
68216 448
68260 448
68300 448
68344 448
68384 448
68428 448
68468 448
68512 448
68556 448
68596 448
68640 448
68680 448
68724 448
68764 448
68816 448
68856 448
68900 448
68940 448
68984 448
69024 448
69068 448
69112 448
69152 448
69196 448
69236 448
69280 448
69320 448
69364 448
69404 448
69448 448
69492 448
69532 448
69576 448
69616 448
69660 448
69700 448
69744 448
69788 448
69836 448
69876 448
69920 448
69960 448
70004 448
70048 448
70088 448
70132 448
70172 448
70216 448
70256 448
70300 448
70340 448
70384 448
70428 448
70468 448
70512 448
70552 448
70596 448
70636 432
70680 448
70724 448
70764 448
70808 448
70856 448
70896 448
70940 448
70984 448
71024 448
71068 448
71108 448
71152 448
71192 448
71236 448
71276 448
71320 448
71364 448
71404 448
71448 448
71488 448
71532 448
71572 448
71616 448
71660 448
71700 448
71744 448
71784 448
71828 448
71876 448
71920 448
71960 448
72004 448
72044 448
72088 448
72128 448
72172 448
72212 448
72256 448
72300 448
72340 448
72384 448
72424 448
72468 448
72508 448
72552 448
72596 448
72636 448
72680 448
72720 448
72764 448
72804 448
72848 448
72896 448
72940 448
72980 448
73024 448
73064 448
73108 448
73148 448
73192 448
73236 448
73276 448
73320 448
73360 448
73404 448
73444 448
73488 448
73532 448
73572 448
73616 448
73656 448
73700 448
73740 448
73784 448
73824 448
73868 448
73912 448
73960 448
74000 448
74044 448
74084 448
74128 448
74172 448
74212 448
74256 448
74296 448
74340 448
74380 448
74424 448
74468 448
74508 448
74552 448
74592 448
74636 448
74676 448
74720 448
74760 448
74804 448
74848 448
74888 448
74932 448
74980 448
75020 448
75064 448
75108 448
75148 448
75192 448
75232 448
75276 448
75316 448
75360 448
75404 448
75444 448
75488 448
75528 448
75572 448
75612 448
75656 448
75696 448
75740 448
75784 448
75824 448
75868 448
75908 448
75952 448
75996 448
76040 448
76084 448
76124 448
76168 448
76208 448
76252 448
76292 448
76336 448
76384 448
76424 448
76468 448
76512 448
76552 448
76596 448
76636 448
76680 448
76720 448
76764 448
76804 448
76848 448
76892 448
76932 448
76976 448
77016 448
77060 448
77100 448
77144 448
77188 448
77228 448
77272 448
77312 448
77356 448
77404 448
77448 448
77488 448
77532 448
77572 448
77616 448
77656 448
77700 448
77740 448
77784 448
77828 448
77868 448
77912 448
77952 448
77996 448
78036 448
78080 448
78124 448
78164 448
78208 448
78248 448
78292 448
78332 448
78376 448
78424 448
78468 448
78508 448
78552 448
78592 448
78636 448
78676 448
78720 448
78764 448
78804 448
78848 448
78888 448
78932 448
78972 448
79016 448
79060 448
79100 448
79144 448
79184 448
79228 448
79268 448
79312 448
79352 448
79396 448
79444 448
79488 448
79528 448
79572 448
79612 448
79656 448
79700 448
79740 448
79784 448
79824 448
79868 448
79908 448
79952 448
79996 448
80036 448
80080 448
80120 448
80164 448
80204 448
80248 448
80288 448
80332 448
80376 448
80416 448
80464 448
80508 448
80548 448
80592 448
80636 448
80676 448
80720 448
80760 448
80804 448
80844 448
80888 448
80932 448
80972 448
81016 448
81056 448
81100 448
81140 448
81184 448
81224 448
81268 448
81312 448
81352 448
81396 448
81436 448
81480 448
81528 448
81572 448
81612 448
81656 448
81696 448
81740 448
81780 448
81824 448
81868 448
81908 448
81952 448
81992 448
82036 448
82076 448
82120 448
82160 448
82204 448
82248 448
82288 448
82332 448
82372 448
82416 448
82456 448
82500 448
82544 448
82588 448
82632 448
82672 448
82716 448
82756 448
82800 448
82840 448
82884 448
82924 448
82968 448
83012 448
83052 448
83096 448
83136 448
83180 448
83220 448
83264 448
83308 448
83348 448
83392 448
83432 448
83476 448
83516 448
83564 448
83608 448
83652 448
83692 448
83736 448
83776 448
83820 448
83860 448
83904 448
83944 448
83988 448
84032 448
84072 448
84116 448
84156 448
84200 448
84240 448
84284 448
84328 448
84368 448
84412 448
84452 448
84496 448
84536 448
84584 448
84628 448
84672 448
84712 448
84756 448
84796 448
84840 448
84880 448
84924 448
84968 448
85008 448
85052 448
85092 448
85136 448
85176 448
85220 448
85260 448
85304 448
85348 448
85388 448
85432 448
85472 448
85516 448
85556 448
85608 448
85648 448
85692 448
85732 448
85776 448
85816 448
85860 448
85904 448
85944 448
85988 448
86028 448
86072 448
86112 448
86156 448
86196 448
86240 448
86284 448
86324 448
86368 448
86408 448
86452 448
86492 448
86536 448
86580 448
86628 448
86668 448
86712 448
86752 448
86796 448
86840 448
86880 448
86924 448
86964 448
87008 448
87048 448
87088 448
87132 448
87172 448
87216 448
87256 448
87300 448
87344 448
87384 448
87428 448
87468 448
87512 448
87552 448
87596 448
87636 448
87680 448
87724 448
87764 448
87808 448
87848 448
87896 448
87940 448
87984 448
88024 448
88068 448
88108 448
88152 448
88192 448
88236 448
88276 448
88320 448
88364 448
88404 448
88448 448
88488 448
88532 448
88572 448
88616 448
88660 448
88700 448
88744 448
88784 448
88828 448
88868 448
88916 448
88960 448
89004 448
89044 448
89088 448
89128 448
89172 448
89212 448
89256 448
89300 448
89340 448
89384 448
89424 448
89468 448
89508 448
89552 448
89596 448
89636 448
89680 448
89720 448
89764 448
89804 448
89848 448
89888 448
89940 448
89980 448
90024 448
90064 448
90108 448
90148 448
90192 448
90236 448
90276 448
90320 448
90360 448
90404 448
90444 448
90488 448
90532 448
90572 448
90616 448
90656 448
90700 448
90740 448
90784 448
90824 448
90868 448
90912 448
90952 448
91000 448
91044 448
91084 448
91128 448
91172 448
91212 448
91256 448
91296 448
91340 448
91380 448
91424 448
91468 448
91508 448
91552 448
91592 448
91636 448
91676 448
91720 448
91760 448
91804 448
91848 448
91888 448
91932 448
91972 448
92020 448
92064 448
92108 448
92148 448
92192 448
92232 448
92276 448
92316 448
92360 448
92404 448
92444 448
92488 448
92528 448
92572 448
92612 448
92656 448
92696 448
92740 448
92784 448
92824 448
92868 448
92908 448
92952 448
92992 448
93040 448
93084 448
93128 448
93168 448
93212 448
93252 448
93296 448
93336 448
93380 448
93424 448
93464 448
93508 448
93548 448
93592 448
93632 448
93676 448
93716 448
93760 448
93804 448
93844 448
93888 448
93928 448
93972 448
94012 448
94060 448
94104 448
94148 448
94188 448
94232 448
94272 448
94316 448
94356 448
94400 448
94444 448
94484 448
94528 448
94568 448
94612 448
94652 448
94696 448
94736 448
94780 448
94824 448
94864 448
94908 448
94948 448
94992 448
95032 448
95084 448
95124 448
95168 448
95208 448
95252 448
95292 448
95336 448
95376 448
95420 448
95464 448
95504 448
95548 448
95588 448
95632 448
95672 448
95716 448
95760 448
95800 448
95844 448
95884 448
95928 448
95968 448
96012 448
96052 448
96104 448
96144 448
96188 412
96228 384
96272 335
96312 304
96356 270
96400 240
96440 206
96484 192
96524 152
96568 126
96608 97
96652 79
96696 62
96736 48
96780 31
96820 19
96864 7
96904 7
96948 3
96988 3
97032 7
97076 15
97124 30
97164 48
97208 60
97248 67
97292 96
97336 120
97376 135
97420 159
97460 192
97504 224
97544 252
97588 280
97632 312
97672 352
97716 384
97756 412
97800 448
97840 480
97884 510
97924 540
97968 636
98012 655
98052 688
98100 705
98144 736
98188 768
98228 768
98272 771
98312 783
98356 796
98396 799
98440 799
98480 799
98524 799
98568 798
98608 783
98652 775
98692 768
98736 768
98776 736
98820 711
98864 704
98904 671
98948 639
98988 624
99032 608
99072 568
99120 527
99164 504
99208 480
99248 448
99292 412
99332 384
99376 352
99416 319
99460 287
99504 255
99544 240
99588 224
99628 192
99672 176
99712 152
99756 127
99800 120
99840 112
99884 96
99924 79
99968 71
100008 67
100052 63
100092 67
100144 71
100184 71
100228 96
100268 96
100312 112
100352 127
100396 135
100440 159
100480 192
100524 199
100564 224
100608 252
100648 271
100692 304
100732 319
100776 352
100820 384
100860 412
100904 448
100944 480
100988 496
101028 515
101072 543
101116 574
101164 608
101204 624
101248 639
101288 655
101332 675
101376 704
101416 705
101460 716
101500 736
101544 736
101584 768
101628 768
101668 768
101712 768
101756 768
101796 736
101840 736
101880 711
101924 704
101964 704
102008 671
102052 655
102092 639
102136 624
102184 591
102224 572
102268 543
102312 518
102352 496
102396 480
102436 448
102480 415
102520 391
102564 384
102604 352
102648 318
102692 287
102732 271
102776 252
102816 240
102860 224
102900 192
102944 192
102988 159
103028 156
103072 142
103112 127
103156 127
103196 126
103248 124
103288 124
103332 126
103372 127
103416 127
103456 143
103500 156
103540 167
103584 192
103628 192
103668 224
103712 240
103752 252
103796 270
103836 304
103880 316
103924 335
103964 368
104008 384
104048 408
104092 448
104132 451
104176 480
104216 508
104268 526
104308 543
104352 572
104392 583
104436 608
104476 624
104520 638
104564 639
104604 664
104648 671
104688 679
104732 704
104772 704
104816 704
104860 704
104900 704
104944 704
104984 704
105028 679
105068 671
105112 664
105152 639
105196 639
105240 632
105284 608
105328 588
105372 572
105412 547
105456 527
105496 512
105540 496
105580 480
105624 448
105668 422
105708 399
105752 384
105792 368
105836 352
105876 318
105920 304
105960 284
106004 255
106048 252
106088 240
106132 224
106172 206
106216 193
106256 192
106308 192
106348 192
106392 176
106432 167
106476 167
106516 176
106560 192
106604 192
106644 192
106688 192
106728 199
106772 224
106812 224
106856 248
106896 255
106940 271
106984 287
107024 312
107068 319
107108 352
107152 384
107192 384
107236 412
107280 423
107328 448
107368 480
107412 496
107452 508
107496 519
107540 542
107580 560
107624 574
107664 583
107708 608
107748 608
107792 624
107832 636
107876 639
107920 639
107960 639
108004 639
108044 652
108088 647
108128 639
108172 639
108216 639
108256 636
108300 632
108348 624
108388 608
108432 591
108476 575
108516 568
108560 543
108600 536
108644 513
108684 504
108728 480
108768 460
108812 448
108860 448
108904 415
108948 399
108988 384
109032 384
109072 352
109116 327
109156 318
109200 304
109240 284
109292 271
109332 255
109376 252
109416 240
109460 240
109500 224
109544 224
109584 224
109628 224
109672 207
109712 206
109756 224
109796 224
109840 224
109880 224
109924 225
109968 240
110008 252
110052 255
110092 268
110136 284
110176 295
110220 316
110260 319
110312 352
110352 368
110396 384
110436 391
110480 412
110520 432
110564 448
110608 460
110648 480
110692 496
110732 510
110776 519
110816 540
110860 547
110900 568
110944 575
110988 575
111028 591
111072 608
111112 608
111156 608
111196 624
111240 624
111284 624
111324 624
111372 624
111416 608
111456 608
111500 608
111544 608
111584 583
111628 575
111668 572
111712 560
111752 543
111796 527
111836 513
111880 504
111924 496
111964 480
112008 454
112048 448
112092 423
112132 412
112176 391
112220 384
112260 384
112304 352
112344 332
112392 319
112436 312
112480 295
112520 286
112564 271
112604 263
112648 255
112688 254
112732 252
112772 248
112816 248
112860 248
112900 248
112944 248
112984 248
113028 252
113068 252
113112 255
113156 255
113196 271
113240 280
113280 287
113324 304
113364 316
113412 319
113456 352
113500 352
113540 384
113584 384
113624 391
113668 408
113708 419
113752 448
113792 449
113836 480
113880 480
113920 496
113964 508
114004 513
114048 527
114088 536
114132 543
114176 560
114216 568
114260 572
114300 575
114344 575
114384 583
114432 583
114476 583
114520 583
114560 583
114604 583
114644 575
114688 575
114728 572
114772 568
114812 551
114856 543
114900 536
114940 521
114984 512
115024 504
115068 496
115108 480
115152 455
115196 451
115236 448
115280 432
115320 414
115364 399
115404 384
115452 384
115496 368
115540 352
115580 352
115624 319
115664 318
115708 312
115748 304
115792 287
115836 287
115876 284
115920 271
115960 271
116004 271
116044 263
116088 263
116128 270
116172 271
116216 271
116256 280
116300 284
116340 287
116384 287
116424 304
116476 312
116516 319
116560 327
116600 352
116644 352
116684 384
116728 384
116772 384
116812 391
116856 408
116896 415
116940 448
116980 448
117024 455
117064 480
117108 480
117152 496
117192 504
117236 510
117276 515
117320 524
117360 529
117404 542
117448 543
117496 551
117536 560
117580 560
117620 560
117664 568
117708 568
117748 560
117792 560
117832 560
117876 547
117916 543
117960 542
118000 536
118044 526
118088 515
118128 511
118172 504
118212 496
118256 480
118296 480
118340 462
118384 448
118424 448
118468 432
118516 415
118556 399
118600 391
118644 384
118684 384
118728 384
118768 352
118812 352
118852 335
118896 319
118936 319
118980 316
119024 312
119064 304
119108 304
119148 294
119192 287
119232 287
119276 287
119320 287
119360 287
119404 291
119444 304
119488 304
119536 312
119580 316
119620 319
119664 319
119704 332
119756 352
119796 384
119840 384
119880 384
119924 391
119964 399
120008 415
120052 419
120092 448
120136 448
120176 451
120220 463
120260 480
120304 480
120352 496
120396 504
120436 508
120480 512
120520 515
120564 519
120604 527
120648 527
120692 536
120732 540
120776 542
120816 540
120860 540
120900 540
120944 540
120988 536
121028 527
121072 524
121112 519
121156 512
121196 510
121240 508
121280 496
121324 496
121372 480
121416 480
121456 455
121500 448
121540 448
121584 448
121628 419
121668 414
121712 399
121752 391
121796 384
121836 384
121880 384
121924 368
121964 352
122008 352
122048 352
122092 332
122132 327
122176 319
122216 319
122260 318
122304 316
122344 316
122392 316
122436 316
122476 316
122520 316
122564 318
122604 319
122648 319
122688 327
122732 327
122772 335
122816 352
122860 352
122900 353
122944 384
122984 384
123028 384
123068 385
123112 391
123152 399
123196 414
123240 415
123280 448
123324 448
123364 448
123412 455
123456 463
123500 480
123540 480
123584 496
123624 496
123668 504
123708 504
123752 508
123796 510
123836 512
123880 513
123920 515
123964 519
124004 519
124048 519
124088 518
124132 513
124176 512
124216 511
124260 510
124300 508
124344 504
124384 496
124436 496
124476 480
124520 480
124560 480
124604 455
124644 449
124688 448
124732 448
124772 432
124816 415
124856 414
124900 415
124940 396
124984 387
125024 384
125068 384
125112 384
125152 384
125196 352
125236 352
125280 352
125320 352
125364 352
125408 335
125456 332
125496 327
125540 319
125580 327
125624 327
125664 327
125708 327
125752 327
125792 335
125836 335
125876 335
125920 352
125960 352
126004 352
126048 368
126088 384
126132 384
126172 384
126216 384
126256 387
126300 399
126340 408
126384 414
126428 415
126476 432
126516 448
126560 448
126600 448
126644 455
126688 462
126728 480
126772 480
126812 480
126856 481
126896 496
126940 496
126984 504
127024 504
127068 504
127108 504
127152 508
127192 508
127236 508
127276 504
127320 508
127364 504
127404 504
127448 496
127496 496
127536 496
127580 481
127624 480
127664 480
127708 480
127748 460
127792 455
127832 448
127876 448
127920 448
127960 432
128004 419
128044 415
128088 412
128128 399
128172 396
128212 387
128256 385
128300 384
128340 384
128384 384
128424 384
128468 368
128516 353
128560 352
128600 352
128644 352
128684 352
128728 352
128768 352
128812 352
128856 352
128896 352
128940 352
128980 352
129024 352
129064 352
129108 353
129148 368
129192 384
129236 384
129276 384
129320 384
129360 384
129404 385
129444 391
129488 399
129532 408
129580 414
129620 415
129664 423
129704 448
129748 448
129792 448
129832 448
129876 451
129916 455
129960 463
130000 480
130044 480
130084 480
130128 480
130172 480
130212 496
130256 496
130296 496
130340 496
130380 496
130424 496
130468 496
130508 496
130552 496
130600 481
130648 496
130688 496
130732 496
130772 496
130816 483
130860 480
130900 480
130944 480
130984 480
131028 480
131068 462
131116 455
131160 449
131204 448
131244 448
131288 448
131328 432
131372 423
131412 415
131456 414
131500 408
131540 399
131584 391
131624 387
131668 384
131708 384
131752 384
131792 384
131836 384
131880 384
131920 384
131964 368
132004 368
132048 353
132088 353
132140 352
132180 352
132224 352
132264 368
132308 368
132348 368
132392 368
132436 384
132476 384
132520 384
132560 384
132604 384
132644 384
132688 384
132728 387
132772 391
132816 396
132856 399
132900 412
132940 415
132984 415
133024 423
133068 432
133112 448
133160 448
133200 448
133244 448
133284 451
133328 455
133372 460
133412 480
133456 480
133496 480
133540 480
133580 480
133624 480
133664 480
133708 480
133752 480
133792 480
133836 480
133876 480
133920 480
133960 480
134004 480
134048 480
134088 480
134132 480
134172 460
134220 455
134264 451
134308 449
134348 448
134392 448
134432 448
134476 448
134516 432
134560 423
134600 415
134644 415
134688 408
134728 401
134772 399
134812 391
134856 387
134896 384
134940 384
134984 384
135024 384
135068 384
135108 384
135152 384
135192 384
135244 384
135284 384
135328 384
135368 384
135412 384
135452 384
135496 384
135536 384
135580 384
135624 384
135664 384
135708 384
135748 384
135792 384
135832 384
135876 387
135920 391
135960 398
136004 399
136044 399
136088 412
136128 414
136172 415
136212 419
136260 432
136304 448
136348 448
136388 448
136432 448
136472 448
136516 449
136556 454
136600 455
136640 460
136684 463
136728 480
136768 480
136812 480
136852 480
136896 480
136936 480
136980 480
137024 480
137064 480
137108 480
137148 480
137192 480
137232 463
137280 462
137324 455
137368 455
137408 451
137452 448
137492 448
137536 448
137576 448
137620 448
137664 448
137704 432
137748 419
137788 415
137832 415
137872 414
137916 408
137956 399
138000 399
138044 391
138084 391
138128 385
138168 384
138212 384
138252 384
138304 384
138344 384
138388 384
138428 384
138472 384
138512 384
138556 384
138600 384
138640 384
138684 384
138724 384
138768 384
138808 384
138852 384
138892 384
138936 384
138980 384
139020 387
139064 391
139104 396
139148 399
139188 399
139232 408
139276 412
139324 415
139364 415
139408 419
139448 432
139492 432
139536 448
139576 448
139620 448
139660 448
139704 448
139744 448
139788 449
139828 451
139872 455
139916 455
139956 455
140000 455
140040 462
140084 462
140124 462
140168 463
140212 463
140252 463
140296 462
140344 455
140384 455
140428 455
140472 451
140512 449
140556 448
140596 448
140640 448
140680 448
140724 448
140764 448
140808 448
140852 448
140892 448
140936 419
140976 415
141020 415
141060 414
141104 412
141148 408
141188 399
141232 399
141272 391
141316 391
141364 387
141408 387
141448 385
141492 384
141540 384
141584 384
141624 384
141668 384
141716 384
141760 384
141800 385
141844 385
141884 391
141928 391
141968 391
142012 399
142056 399
142096 401
142140 408
142180 412
142224 415
142264 415
142308 415
142348 419
142392 432
142436 432
142476 448
142520 448
142560 448
142604 448
142644 448
142688 448
142732 448
142780 449
142820 449
142864 451
142904 451
142948 451
142992 455
143032 455
143076 455
143116 455
143160 460
143200 480
143244 504
143284 508
143328 512
143372 518
143412 524
143456 527
143496 527
143540 527
143580 527
143624 527
143668 527
143708 526
143752 527
143800 519
143840 519
143884 515
143924 512
143968 512
144012 510
144052 508
144096 504
144136 504
144180 504
144220 496
144264 496
144308 496
144348 496
144392 496
144432 481
144476 481
144516 480
144560 480
144600 480
144644 480
144688 480
144728 480
144772 480
144816 480
144860 480
144904 480
144944 480
144988 480
145028 480
145072 480
145112 480
145156 463
145200 480
145240 463
145284 463
145324 463
145368 463
145408 463
145452 462
145492 460
145536 460
145580 457
145620 459
145664 455
145704 455
145748 455
145788 455
145836 455
145880 455
145924 455
145964 455
146008 451
146048 451
146092 451
146132 451
146176 451
146220 451
146260 451
146304 451
146344 451
146388 451
146428 451
146472 449
146512 451
146556 451
146600 449
146640 448
146684 449
146724 448
146768 448
146808 448
146860 448
146900 448
146944 448
146984 449
147028 448
147068 448
147112 448
147152 448
147196 448
147240 448
147280 448
147324 448
147364 448
147408 448
147448 448
147492 448
147536 448
147576 448
147620 448
147660 448
147704 448
147744 448
147788 448
147828 448
147880 448
147920 448
147964 448
148004 448
148048 448
148088 448
148132 448
148176 448
148216 448
148260 448
148300 448
148344 448
148384 448
148428 448
148472 448
148512 448
148556 448
148596 448
148640 448
148680 448
148724 448
148764 448
148808 448
148852 448
148900 448
148940 448
148984 448
149024 448
149068 448
149112 448
149152 448
149196 448
149236 448
149280 448
149320 448
149364 448
149408 448
149448 448
149492 448
149532 448
149576 448
149616 448
149660 448
149700 448
149744 448
149788 448
149828 448
149872 448
149920 448
149960 448
150004 448
150048 448
150088 448
150132 448
150172 448
150216 448
150256 448
150300 448
150344 448
150384 448
150428 448
150468 448
150512 448
150552 448
150596 448
150636 448
150680 448
150724 448
150764 448
150808 448
150848 448
150892 448
150940 448
150984 448
151024 448
151068 448
151108 448
151152 448
151192 448
151236 448
151280 448
151320 448
151364 448
151404 448
151448 448
151488 448
151532 448
151572 448
151616 448
151660 448
151700 448
151744 448
151784 448
151828 448
151868 448
151912 448
151960 448
152004 448
152044 448
152088 448
152128 448
152172 448
152216 448
152256 448
152300 448
152340 448
152384 448
152432 448
152472 448
152516 448
152556 448
152600 448
152644 448
152684 448
152728 448
152768 448
152812 448
152852 448
152896 448
152940 448
152980 448
153024 448
153064 448
153108 448
153148 448
153192 448
153232 448
153276 448
153320 448
153360 448
153404 448
153444 448
153492 448
153536 448
153576 448
153620 448
153664 448
153704 448
153748 448
153788 448
153832 448
153872 448
153916 448
153960 448
154000 448
154044 448
154084 448
154128 448
154168 448
154212 448
154252 448
154296 448
154340 448
154380 448
154424 448
154464 448
154512 448
154556 448
154600 448
154640 448
154684 448
154724 448
154768 448
154808 448
154852 448
154892 448
154936 448
154980 448
155020 448
155064 448
155104 448
155148 448
155188 448
155232 448
155276 448
155316 448
155360 448
155400 448
155444 448
155484 448
155532 448
155576 448
155620 448
155660 448
155704 448
155744 448
155788 448
155828 448
155872 448
155912 448
155956 448
156000 448
156040 448
156084 448
156124 448
156168 448
156208 448
156252 448
156296 448
156336 448
156380 448
156420 448
156464 448
156504 448
156552 448
156596 448
156640 448
156680 448
156724 448
156764 448
156808 448
156848 448
156892 448
156932 448
156976 448
157020 448
157060 448
157104 448
157144 448
157188 448
157228 448
157272 448
157316 448
157356 448
157400 448
157440 448
157484 448
157524 448
157572 448
157616 448
157660 448
157700 448
157744 448
157784 448
157828 448
157868 448
157912 448
157956 448
157996 448
158040 448
158080 448
158124 448
158164 448
158208 448
158248 448
158292 448
158336 448
158376 448
158420 448
158460 448
158504 448
158544 448
158596 448
158636 448
158680 448
158720 448
158764 448
158804 448
158848 448
158892 448
158932 448
158976 448
159016 448
159060 448
159100 448
159144 448
159184 448
159228 448
159272 448
159312 448
159356 448
159396 448
159440 448
159480 448
159524 448
159568 448
159616 448
159656 448
159700 448
159740 448
159784 448
159828 448
159868 448
159912 448
159952 448
159996 448
160036 448
160080 448
160120 448
160164 448
160208 448
160248 448
160292 448
160332 448
160376 448
160416 448
160460 448
160504 448
160544 448
160588 448
160636 448
160676 448
160720 448
160764 448
160804 448
160848 448
160888 448
160932 448
160972 448
161016 448
161056 448
161100 448
161144 448
161184 448
161228 448
161268 448
161312 448
161352 448
161396 448
161440 448
161480 448
161524 448
161564 448
161608 448
161656 448
161700 448
161740 448
161784 448
161824 448
161868 448
161908 448
161952 448
161992 448
162036 448
162080 448
162120 448
162164 448
162204 448
162248 448
162288 448
162332 448
162376 448
162416 448
162460 448
162500 448
162544 448
162584 448
162628 448
162676 448
162720 448
162760 448
162804 448
162844 448
162888 448
162928 448
162972 448
163016 448
163056 448
163100 448
163140 448
163184 448
163224 448
163268 448
163308 448
163352 448
163392 448
163436 448
163480 448
163520 448
163564 448
163604 448
163652 448
163696 448
163736 448
163780 448
163824 448
163864 448
163908 448
163948 448
163992 448
164032 448
164076 448
164116 448
164160 448
164204 448
164244 448
164288 448
164328 448
164372 448
164412 448
164456 448
164500 448
164540 448
164584 448
164624 448
164672 448
164716 448
164756 448
164800 448
164844 448
164884 448
164928 448
164968 448
165012 448
165052 448
165096 448
165140 448
165180 448
165224 448
165264 448
165308 448
165348 448
165392 448
165432 448
165476 448
165520 448
165560 448
165604 448
165644 448
165692 448
165736 448
165780 448
165820 448
165864 448
165904 448
165948 448
165988 448
166032 448
166076 448
166116 448
166160 448
166200 448
166244 448
166284 448
166328 448
166368 448
166412 448
166456 448
166496 448
166540 448
166580 448
166624 448
166664 448
166716 448
166756 448
166800 448
166840 448
166884 448
166924 448
166968 448
167012 448
167052 448
167096 448
167136 448
167180 448
167220 448
167264 448
167304 448
167348 448
167392 448
167432 448
167476 448
167516 448
167560 448
167600 448
167644 448
167688 448
167736 448
167776 448
167820 448
167860 448
167904 448
167948 448
167988 448
168032 448
168072 448
168116 448
168156 448
168200 448
168240 448
168284 448
168328 448
168368 448
168412 448
168452 448
168496 448
168536 448
168580 448
168624 448
168664 448
168708 448
168748 448
168796 448
168840 448
168884 448
168924 448
168968 448
169008 448
169052 448
169092 448
169136 448
169176 448
169220 448
169264 448
169304 448
169348 448
169388 448
169432 448
169472 448
169516 448
169560 448
169600 448
169644 448
169684 448
169728 448
169768 448
169820 448
169860 448
169904 448
169944 448
169988 448
170028 448
170072 448
170112 448
170156 448
170200 448
170240 448
170284 448
170324 448
170368 448
170408 448
170452 448
170496 448
170536 448
170580 448
170620 448
170664 448
170704 448
170748 448
170788 448
170836 448
170880 448
170924 448
170964 448
171008 448
171048 448
171092 448
171132 448
171176 448
171216 448
171260 448
171304 448
171344 448
171388 448
171428 448
171472 448
171512 448
171556 448
171600 448
171640 448
171684 448
171724 448
171768 448
171808 448
171856 448
171900 448
171944 448
171984 448
172028 448
172068 448
172112 448
172152 448
172196 448
172240 448
172280 448
172324 448
172364 448
172408 448
172448 448
172492 448
172532 448
172576 448
172620 448
172660 448
172704 448
172744 448
172788 448
172828 448
172880 448
172920 448
172964 448
173004 448
173048 448
173088 448
173132 448
173176 448
173216 448
173260 448
173300 448
173344 448
173384 448
173428 448
173468 448
173512 448
173556 448
173596 448
173640 448
173680 448
173724 448
173764 448
173808 448
173852 448
173900 448
173940 448
173984 448
174024 448
174068 448
174108 448
174152 448
174192 448
174236 448
174276 448
174320 448
174364 448
174404 448
174448 448
174488 448
174536 448
174580 448
174624 448
174664 448
174708 448
174748 448
174792 448
174832 448
174876 448
174916 448
174960 448
175004 448
175044 448
175088 448
175128 448
175172 448
175212 448
175256 448
175300 448
175340 448
175384 448
175424 448
175468 448
175508 448
175556 448
175600 448
175644 448
175684 448
175728 448
175768 448
175812 448
175852 448
175896 448
175940 448
175980 448
176024 448
176064 448
176108 448
176148 448
176192 448
176236 448
176276 448
176320 448
176360 448
176404 448
176444 448
176488 448
176528 448
176580 448
176620 448
176664 448
176704 448
176748 448
176788 448
176832 448
176876 448
176916 448
176960 448
177000 448
177044 448
177084 448
177128 448
177172 448
177212 448
177256 448
177296 448
177340 448
177380 448
177424 448
177464 448
177508 448
177552 448
177600 448
177640 448
177684 448
177724 448
177768 448
177812 448
177852 448
177896 448
177936 448
177980 448
178020 448
178064 448
178108 448
178148 448
178192 448
178232 448
178276 448
178316 448
178360 448
178400 448
178444 448
178488 448
178528 448
178572 448
178620 448
178660 448
178704 448
178748 448
178788 448
178832 448
178872 448
178916 448
178956 448
179000 448
179044 448
179084 448
179128 448
179168 448
179212 448
179252 448
179296 448
179336 448
179380 448
179424 448
179464 448
179508 448
179548 448
179592 448
179632 448
179684 448
179724 448
179768 448
179808 448
179852 448
179892 448
179936 448
179980 448
180020 448
180064 448
180104 448
180148 448
180188 448
180232 448
180272 448
180316 448
180360 448
180400 448
180444 448
180484 448
180528 448
180568 448
180612 448
180656 448
180704 448
180744 448
180788 448
180828 448
180872 448
180916 448
180956 448
181000 448
181040 448
181084 448
181124 448
181168 448
181208 448
181252 448
181296 448
181336 448
181380 448
181420 448
181464 448
181504 448
181548 448
181592 448
181632 448
181676 448
181720 448
181764 448
181808 448
181848 448
181892 448
181932 448
181976 448
182016 448
182060 448
182100 448
182144 448
182188 448
182228 448
182272 448
182312 448
182356 448
182396 448
182440 448
182484 448
182524 448
182568 448
182608 448
182652 448
182692 448
182740 448
182784 448
182828 448
182868 448
182912 448
182952 448
182996 448
183036 448
183080 448
183120 448
183164 448
183208 448
183248 448
183292 448
183332 448
183376 448
183416 448
183460 448
183504 448
183544 448
183588 448
183628 448
183672 448
183712 448
183760 448
183804 448
183848 448
183888 448
183932 448
183972 448
184016 448
184056 448
184100 448
184144 448
184184 448
184228 448
184268 448
184312 448
184352 448
184396 448
184436 448
184480 448
184524 448
184564 448
184608 448
184648 448
184692 448
184732 448
184784 448
184824 448
184868 448
184908 448
184952 448
184992 448
185036 448
185080 448
185120 448
185164 448
185204 448
185248 448
185296 448
185340 448
185380 448
185424 448
185464 448
185508 448
185548 448
185592 448
185636 448
185676 448
185720 448
185760 448
185804 448
185844 448
185888 448
185928 448
185972 448
186016 448
186056 448
186100 448
186140 448
186184 448
186224 448
186268 448
186312 448
186356 448
186400 448
186440 448
186484 448
186524 448
186568 448
186608 448
186652 448
186692 448
186736 448
186780 448
186820 448
186864 448
186904 448
186948 448
186988 448
187032 448
187076 448
187116 448
187160 448
187200 448
187244 448
187284 448
187332 448
187376 448
187420 448
187460 448
187504 448
187544 448
187588 448
187628 448
187672 448
187712 448
187756 448
187800 448
187840 448
187884 448
187924 448
187968 448
188008 448
188052 448
188096 448
188136 448
188180 448
188220 448
188264 448
188304 448
188352 448
188396 448
188440 448
188480 448
188524 448
188564 448
188608 448
188648 448
188692 448
188736 448
188776 448
188820 448
188860 448
188904 448
188944 448
188988 448
189028 448
189072 448
189116 448
189156 448
189200 448
189240 448
189284 448
189324 448
189376 448
189416 448
189460 448
189500 448
189544 448
189584 448
189628 448
189672 448
189712 448
189756 448
189796 448
189840 448
189880 448
189924 448
189964 448
190008 448
190052 448
190092 448
190136 448
190176 448
190220 448
190260 448
190304 448
190348 448
190396 448
190436 448
190480 448
190520 448
190564 448
190608 448
190648 448
190692 448
190732 448
190776 448
190816 448
190860 448
190900 448
190944 448
190988 448
191028 448
191072 448
191112 448
191156 448
191196 448
191240 448
191284 448
191324 448
191368 448
191416 448
191456 448
191500 448
191544 448
191584 448
191628 448
191668 448
191712 448
191752 448
191796 448
191836 448
191880 448
191924 448
191964 448
192008 448
192048 448
192092 448
192132 448
192176 448
192220 448
192260 448
192304 448
192344 399
192388 384
192436 327
192480 287
192520 255
192564 225
192604 195
192648 176
192688 143
192732 124
192772 96
192816 71
192860 62
192900 48
192944 31
192984 17
193028 14
193068 7
193112 7
193156 7
193196 14
193240 24
193280 31
193324 48
193364 62
193408 76
193456 99
193500 124
193540 143
193584 176
193624 199
193668 225
193708 255
193752 287
193796 319
193836 352
193880 385
193920 415
193964 449
194004 496
194048 515
194092 543
194132 575
194176 608
194216 636
194260 655
194300 688
194344 705
194384 736
194428 768
194476 768
194520 771
194560 783
194604 796
194644 798
194688 799
194732 799
194772 798
194816 783
194856 780
194900 769
194940 768
194984 768
195028 736
195068 704
195112 704
195152 664
195196 639
195236 609
195280 583
195320 560
195364 527
195408 504
195448 480
195496 448
195540 403
195580 384
195624 352
195668 319
195708 287
195752 255
195792 240
195836 224
195876 192
195920 176
195972 78
196012 71
196056 67
196096 63
196140 70
196180 76
196232 96
196272 96
196316 112
196356 124
196400 127
196440 156
196484 176
196524 192
196568 224
196612 248
196652 255
196696 287
196736 318
196780 352
196820 384
196864 387
196908 432
196948 454
196992 480
197032 511
197076 536
197116 568
197160 583
197200 608
197252 636
197292 652
197336 671
197376 704
197420 704
197460 711
197504 736
197548 736
197588 768
197632 768
197672 768
197716 768
197756 768
197800 736
197840 736
197884 718
197928 705
197968 704
198012 679
198052 664
198096 639
198136 632
198180 608
198224 575
198272 560
198312 527
198356 508
198396 480
198440 451
198484 432
198524 399
198568 384
198608 352
198652 327
198692 304
198736 284
198776 255
198820 240
198864 224
198904 199
198948 192
198988 176
199032 159
199072 143
199116 135
199160 127
199200 127
199244 126
199292 126
199332 127
199376 127
199420 135
199460 143
199504 152
199544 159
199588 192
199628 192
199672 206
199712 224
199756 248
199800 255
199840 286
199884 312
199924 327
199968 352
200008 384
200052 396
200096 415
200136 448
200180 480
200220 496
200264 512
200312 540
200356 568
200396 575
200440 608
200480 624
200524 632
200564 639
200608 655
200648 670
200692 671
200736 688
200776 704
200820 704
200860 704
200904 704
200944 704
200988 704
201032 688
201072 671
201116 668
201156 654
201200 639
201240 632
201284 624
201332 608
201376 575
201416 560
201460 540
201500 513
201544 504
201584 480
201628 451
201672 448
201712 412
201756 385
201796 384
201840 352
201880 319
201924 312
201968 287
202008 270
202052 255
202092 240
202136 224
202176 224
202220 199
202260 192
202304 192
202348 192
202396 176
202436 176
202480 176
202520 176
202564 192
202608 192
202648 192
202692 192
202732 195
202776 224
202816 224
202860 240
202904 252
202944 255
202988 284
203028 304
203072 318
203112 335
203156 353
203196 384
203240 391
203284 415
203324 448
203368 455
203416 480
203456 504
203500 513
203544 527
203584 543
203628 568
203668 575
203712 591
203752 608
203796 624
203840 632
203880 638
203924 639
203964 639
204008 639
204048 652
204092 652
204132 647
204176 639
204220 639
204260 639
204304 636
204344 624
204388 608
204432 608
204476 583
204520 574
204560 560
204604 542
204644 521
204688 510
204728 496
204772 480
204812 449
204856 448
204900 415
204940 396
204984 384
205024 384
205068 352
205108 327
205152 316
205196 304
205236 284
205280 270
205320 255
205364 252
205404 240
205452 225
205496 224
205540 224
205580 224
205624 206
205664 207
205708 207
205748 224
205792 224
205836 224
205876 224
205920 240
205960 240
206004 252
206044 255
206088 271
206132 286
206172 287
206216 316
206256 327
206300 352
206340 384
206384 384
206424 391
206476 415
206516 448
206560 448
206600 463
206644 480
206684 504
206728 512
206772 526
206812 542
206860 504
206900 512
206944 527
206988 543
207028 560
207072 568
207112 575
207156 583
207196 591
207240 608
207280 608
207324 608
207368 609
207408 624
207456 624
207500 624
207540 609
207584 608
207628 608
207668 608
207712 588
207752 575
207796 572
207836 568
207880 543
207920 536
207964 519
208008 511
208048 496
208092 480
208132 480
208176 448
208216 448
208260 415
208304 399
208344 387
208388 384
208428 368
208472 352
208520 327
208564 318
208604 312
208648 291
208688 286
208732 271
208772 263
208816 255
208856 255
208900 252
208944 252
208984 248
209028 248
209068 248
209112 248
209152 248
209196 252
209240 255
209280 255
209324 263
209364 271
209408 286
209448 295
209492 312
209536 319
209580 327
209624 352
209664 368
209708 384
209748 384
209792 398
209832 414
209876 432
209920 448
209960 451
210004 463
210044 480
210088 496
210128 508
210172 515
210212 527
210256 540
210300 543
210340 551
210384 568
210424 572
210468 575
210508 575
210560 575
210600 582
210644 583
210684 583
210728 575
210768 575
210812 575
210856 572
210896 572
210940 560
210980 547
211024 542
211064 527
211108 519
211148 511
211192 504
211236 496
211276 480
211320 462
211360 448
211404 448
211444 419
211488 412
211532 396
211580 384
211620 384
211664 368
211704 352
211748 335
211792 319
211832 319
211876 312
211916 304
211960 291
212000 287
212044 284
212084 280
212128 271
212172 271
212212 271
212256 271
212296 271
212340 271
212380 271
212424 284
212468 286
212508 287
212552 295
212600 312
212640 316
212684 319
212728 332
212768 352
212812 352
212852 384
212896 384
212936 385
212980 399
213020 414
213064 423
213108 448
213148 448
213192 462
213232 480
213276 480
213316 496
213360 504
213404 511
213444 515
213488 526
213528 536
213572 542
213620 543
213664 547
213704 560
213748 560
213788 560
213832 560
213872 568
213916 560
213956 560
214000 551
214044 543
214084 543
214128 540
214168 527
214212 521
214252 513
214296 510
214340 504
214380 496
214424 480
214464 480
214508 455
214548 448
214592 448
214640 423
214684 414
214724 399
214768 387
214808 384
214852 384
214892 384
214936 352
214980 352
215020 334
215064 327
215104 319
215148 316
215188 312
215232 304
215276 304
215316 295
215360 291
215400 291
215444 291
215484 287
215528 291
215568 295
215612 304
215660 312
215704 312
215744 318
215788 319
215828 327
215872 335
215916 352
215956 352
216000 368
216040 384
216084 384
216124 385
216168 398
216212 412
216252 415
216296 432
216336 448
216380 448
216420 455
216464 480
216504 480
216548 481
216592 496
216632 504
216680 510
216724 512
216764 519
216808 524
216852 527
216892 527
216936 531
216976 536
217020 540
217060 540
217104 540
217148 536
217188 531
217232 527
217272 526
217316 519
217356 515
217400 511
217440 508
217484 504
217528 496
217568 480
217612 480
217652 463
217700 449
