20 399
64 368
104 316
148 271
188 240
232 199
272 176
316 140
356 120
400 96
444 79
484 63
528 62
568 60
612 62
652 63
696 78
740 96
780 120
824 135
864 163
908 195
948 240
996 271
1040 316
1084 352
1124 387
1168 432
1208 480
1252 511
1292 543
1336 575
1380 624
1420 639
1464 671
1504 704
1548 719
1588 736
1632 768
1676 768
1716 768
1760 768
1800 768
1844 768
1884 736
1928 707
1968 704
2020 655
2060 632
2104 608
2144 568
2188 527
2228 496
2272 451
2316 415
2356 384
2400 352
2440 312
2484 271
2524 248
2568 224
2612 192
2652 159
2696 143
2736 127
2780 120
2820 112
2864 97
2904 112
2948 112
2992 120
3040 127
3080 147
3124 176
3164 192
3208 224
3252 252
3292 280
3336 316
3376 352
3420 384
3460 414
3504 448
3548 480
3588 512
3632 543
3672 575
3716 608
3756 632
3800 647
3840 671
3884 704
3928 704
3968 704
4012 711
4052 711
4100 711
4144 704
4188 704
4228 671
4272 655
4312 639
4356 624
4396 583
4440 560
4484 527
4524 504
4568 480
4608 448
4652 399
4692 384
4736 352
4776 312
4820 284
4864 255
4904 240
4948 204
4988 192
5032 192
5072 159
5124 152
5164 143
5208 143
5248 147
5292 158
5332 159
5376 192
5420 192
5460 224
5504 240
5544 255
5588 284
5628 312
5672 335
5712 384
5756 396
5800 432
5840 455
5884 496
5924 513
5968 543
6008 572
6052 591
6096 624
6140 636
6184 639
6228 655
6268 670
6312 671
6352 671
6396 671
6436 671
6480 664
6520 639
6564 638
6608 624
6648 608
6692 575
6732 560
6776 527
6816 508
6860 480
6904 448
6944 415
6988 387
7028 384
7072 335
7112 316
7160 286
7204 255
7248 248
7288 224
7332 224
7372 195
7416 192
7456 192
7500 192
7544 192
7584 192
7628 192
7668 199
7712 224
7752 240
7796 255
7840 255
7880 287
7924 316
7964 335
8008 384
8048 384
8092 415
8132 448
8184 480
8224 496
8268 515
8308 543
8352 568
8392 575
8436 608
8480 609
8520 632
8564 636
8604 639
8648 639
8688 639
8732 639
8776 636
8816 632
8860 624
8900 608
8944 583
8984 572
9028 543
9068 527
9112 508
9156 480
9204 451
9244 448
9288 399
9328 384
9372 353
9416 335
9456 316
9500 287
9540 271
9584 255
9624 248
9668 240
9712 224
9752 224
9796 224
9836 224
9880 224
9920 224
9964 224
10004 240
10048 252
10092 255
10132 275
10176 291
10224 319
10264 352
10308 368
10352 384
10392 408
10436 432
10476 449
10520 480
10560 496
10604 513
10648 536
10688 547
10732 572
10772 575
10816 591
10856 608
10908 608
10948 608
10992 609
11036 608
11076 608
11120 608
11160 591
11204 575
11244 572
11288 551
11332 536
11372 515
11416 504
11456 480
11500 455
11540 448
11584 415
11624 391
11668 384
11712 368
11760 334
11800 318
11844 304
11884 287
11928 271
11972 255
12012 255
12056 252
12096 248
12140 248
12180 248
12224 248
12268 254
12308 255
12352 255
12392 280
12436 287
12476 312
12520 319
12560 352
12604 368
12648 384
12688 396
12732 415
12780 448
12820 455
12864 480
12908 504
12948 512
12992 527
13032 543
13076 560
13116 568
13160 574
13204 575
13244 583
13288 583
13328 583
13372 582
13412 575
13456 574
13496 568
13540 560
13584 542
13624 527
13668 512
13708 504
13752 480
13800 455
13844 448
13884 419
13928 408
13968 387
14012 384
14052 352
14096 335
14140 319
14180 312
14224 295
14264 287
14308 284
14348 271
14392 263
14432 255
14476 255
14520 263
14560 271
14604 271
14644 286
14688 291
14728 312
14772 318
14816 327
14864 352
14904 384
14948 384
14988 391
15032 414
15076 432
15116 448
15160 462
15200 480
15244 496
15284 510
15328 519
15368 527
15412 543
15456 547
15496 560
15540 568
15580 568
15624 572
15664 568
15708 568
15752 560
15792 543
15836 540
15884 527
15924 515
15968 508
16012 496
16052 480
16096 463
16136 448
16180 448
16220 415
16264 398
16304 384
16348 384
16392 352
16432 352
16476 327
16516 319
16560 312
16600 312
16644 291
16688 287
16728 287
16772 286
16812 287
16856 287
16900 287
16944 304
16988 312
17028 318
17072 319
17112 335
17156 352
17196 384
17240 384
17280 387
17324 408
17368 422
17408 448
17452 448
17492 463
17536 480
17576 496
17620 508
17664 512
17704 519
17748 527
17788 540
17832 543
17872 543
17920 543
17964 543
18008 543
18048 542
18092 536
18132 527
18176 519
18216 511
18260 504
18304 496
18344 480
18388 463
18428 448
18472 448
18512 419
18556 408
18596 391
18640 384
18684 384
18724 368
18768 352
18808 335
18852 319
18892 319
18944 316
18984 312
19028 312
19068 304
19112 304
19152 312
19196 312
19240 316
19280 319
19324 319
19364 332
19408 352
19448 352
19492 384
19532 384
19576 387
19620 399
19660 415
19704 432
19744 448
19788 451
19828 463
19872 480
19916 496
19964 504
20004 508
20048 512
20088 519
20132 524
20176 527
20216 527
20260 527
20300 527
20344 526
20384 519
20428 515
20468 511
20512 508
20556 496
20596 496
20640 480
20680 463
20724 451
20764 448
20808 432
20852 415
20892 408
20936 391
20984 384
21024 384
21068 368
21112 352
21152 352
21196 332
21236 327
21280 319
21320 319
21364 319
21404 318
21448 319
21492 319
21532 319
21576 327
21616 332
21660 352
21700 352
21744 353
21788 384
21828 384
21872 385
21916 396
21956 412
22000 415
22040 448
22084 448
22124 451
22168 463
22208 480
22252 480
22296 496
22344 504
22384 508
22428 511
22468 512
22512 513
22556 513
22596 513
22640 512
22680 512
22724 510
22764 504
22808 504
22852 496
22892 480
22936 480
22976 463
23020 451
23060 448
23104 448
23144 419
23188 412
23232 399
23272 387
23316 384
23356 384
23404 384
23448 368
23492 352
23532 352
23576 335
23616 332
23660 327
23700 327
23744 327
23788 327
23828 327
23872 335
23912 352
23956 352
23996 352
24040 368
24080 384
24124 384
24168 384
24208 391
24252 408
24292 415
24336 423
24376 448
24428 448
24468 455
24512 463
24552 480
24596 480
24636 496
24680 496
24724 504
24764 504
24808 508
24848 508
24892 508
24932 508
24976 504
25016 504
25060 496
25104 496
25144 481
25188 480
25228 480
25272 460
25312 451
25356 448
25400 448
25444 423
25488 415
25532 408
25572 396
25616 387
25656 384
25700 384
25740 384
25784 368
25824 352
25868 352
25912 352
25952 352
25996 352
26036 352
26080 352
26120 352
26164 352
26208 352
26248 352
26292 368
26332 384
26376 384
26416 384
26464 387
26508 391
26552 403
26592 414
26636 415
26676 448
26720 448
26760 448
26804 451
26848 460
26888 480
26932 480
26972 480
27016 481
27056 496
27100 496
27144 496
27184 496
27228 496
27268 496
27312 496
27352 496
27396 480
27436 480
27488 480
27528 463
27572 455
27612 449
27656 448
27696 448
27740 432
27784 419
27824 415
27868 403
27908 396
27952 387
27992 384
28036 384
28080 384
28120 384
28164 384
28204 368
28248 353
28288 352
28332 352
28372 352
28416 352
28460 368
28508 368
28548 384
28592 384
28632 384
28676 384
28720 384
28760 385
28804 391
28844 399
28888 412
28928 415
28972 432
29016 448
29056 448
29100 448
29140 451
29184 455
29224 463
29268 480
29308 480
29352 480
29396 480
29436 480
29480 480
29528 481
29568 481
29612 480
29656 480
29696 480
29740 480
29780 480
29824 463
29864 455
29908 460
29952 448
29992 448
30036 448
30076 423
30120 415
30160 412
30204 399
30244 396
30288 387
30332 384
30372 384
30416 384
30456 384
30500 384
30548 384
30592 384
30632 384
30676 384
30716 384
30760 384
30800 384
30844 384
30888 384
30928 384
30972 384
31012 384
31056 390
31096 391
31140 399
31180 408
31224 415
31268 419
31308 432
31352 448
31392 448
31436 448
31476 449
31520 455
31568 462
31612 480
31652 480
31696 480
31736 480
31780 480
31824 480
31864 480
31908 480
31948 480
31992 480
32032 480
32076 462
32116 455
32160 451
32204 448
32244 448
32288 448
32328 448
32372 432
32412 415
32456 415
32500 408
32540 399
32588 391
32632 387
32680 384
32724 384
32764 384
32808 384
32848 384
32892 384
32936 384
32976 384
33020 384
33060 384
33104 384
33144 384
33188 384
33232 384
33276 384
33320 385
33360 391
33404 398
33444 399
33488 408
33528 414
33572 415
33616 423
33656 432
33700 448
33740 448
33784 448
33824 448
33868 455
33908 455
33952 455
33996 462
34036 480
34080 480
34120 480
34164 480
34204 480
34256 480
34296 463
34340 462
34380 455
34424 451
34464 448
34508 448
34552 448
34592 448
34636 448
34676 432
34720 415
34760 415
34804 414
34844 408
34888 399
34932 391
34972 391
35016 385
35056 384
35100 384
35140 384
35184 384
35228 384
35276 384
35316 384
35360 384
35400 384
35444 384
35488 384
35528 384
35572 384
35612 387
35656 391
35696 398
35740 399
35780 408
35824 414
35868 415
35908 419
35952 432
35992 448
36036 448
36076 448
36120 448
36164 448
36204 451
36248 451
36296 455
36336 455
36380 460
36424 455
36464 460
36508 455
36548 455
36592 455
36632 455
36676 451
36716 449
36760 448
36804 448
36844 448
36888 448
36928 448
36972 432
37012 423
37056 415
37100 415
37140 412
37184 408
37224 399
37268 398
37316 391
37360 387
37400 385
37444 384
37484 384
37528 384
37568 384
37612 384
37652 384
37696 384
37740 384
37780 384
37824 385
37864 387
37908 391
37948 399
37992 398
38036 399
38076 408
38120 414
38160 415
38204 415
38244 423
38288 432
38336 448
38380 448
38420 448
38464 448
38504 448
38548 448
38588 449
38632 449
38676 451
38716 451
38760 455
38800 455
38844 451
38884 451
38928 449
38972 448
39012 448
39056 448
39096 448
39140 448
39180 448
39224 448
39264 432
39308 423
39356 415
39400 415
39440 414
39484 408
39524 399
39568 399
39612 398
39652 391
39696 387
39736 387
39780 387
39820 384
39864 384
39908 384
39948 384
39992 384
40032 387
40076 387
40116 387
40160 391
40200 391
40244 399
40288 399
40328 403
40376 408
40420 414
40460 415
40504 415
40548 422
40588 432
40632 448
40672 448
40716 448
40756 448
40800 448
40844 448
40884 448
40928 448
40968 448
41012 448
41052 449
41096 449
41136 448
41180 448
41224 448
41264 448
41308 448
41348 448
41396 448
41440 448
41484 448
41524 448
41568 432
41608 423
41652 415
41692 415
41736 415
41780 414
41820 408
41864 399
41904 399
41948 398
41988 391
42032 391
42072 391
42116 391
42160 387
42200 387
42244 391
42284 387
42328 387
42368 391
42420 391
42460 391
42504 391
42544 399
42588 399
42628 403
42672 412
42716 414
42756 415
42800 415
42840 415
42884 423
42924 432
42968 432
43008 448
43052 448
43096 448
43136 448
43180 448
43220 448
43264 448
43304 448
43348 448
43392 448
43432 448
43480 448
43524 448
43564 448
43608 448
43648 448
43692 448
43740 448
43784 448
43824 448
43868 432
43908 432
43952 419
43996 415
44036 415
44080 415
44120 414
44164 412
44204 408
44248 399
44288 399
44332 399
44376 398
44416 398
44460 396
44500 391
44544 391
44584 391
44628 391
44672 396
44712 398
44760 399
44804 399
44844 399
44888 408
44932 408
44972 412
45016 408
45056 415
45100 415
45140 415
45184 419
45224 432
45268 432
45312 448
45352 448
45396 448
45436 448
45480 448
45520 448
45564 448
45608 448
45648 448
45692 448
45732 448
45780 448
45824 448
45868 448
45908 448
45952 448
45992 448
46036 448
46076 448
46120 448
46160 432
46204 432
46248 423
46288 419
46332 419
46372 415
46416 415
46456 415
46500 412
46544 408
46584 408
46628 403
46668 399
46712 399
46752 399
46800 399
46844 399
46888 399
46928 399
46972 399
47012 399
47056 399
47096 403
47140 403
47184 408
47224 419
47268 455
47308 480
47352 496
47392 508
47436 512
47480 515
47520 519
47564 519
47604 519
47648 519
47688 515
47732 513
47772 512
47824 510
47864 508
47908 504
47948 496
47992 496
48032 496
48076 480
48120 480
48160 480
48204 480
48244 480
48288 480
48328 480
48372 480
48416 463
48456 463
48500 462
48540 460
48584 455
48624 460
48668 455
48708 455
48752 454
48796 451
48844 451
48884 451
48928 451
48968 449
49012 448
49056 448
49096 448
49140 448
49180 448
49224 448
49264 448
49308 448
49352 448
49392 448
49436 448
49476 448
49520 448
49560 448
49604 448
49644 448
49688 448
49732 448
49772 448
49816 448
49856 448
49904 448
49948 448
49992 448
50032 448
50076 448
50116 448
50160 448
50200 448
50244 448
50288 448
50328 448
50372 448
50412 448
50456 448
50496 448
50540 448
50580 448
50624 448
50668 448
50708 448
50752 448
50792 448
50836 448
50876 448
50928 448
50968 448
51012 448
51052 448
51096 448
51136 448
51180 448
51224 448
51264 448
51308 448
51348 448
51392 448
51432 448
51476 448
51516 448
51560 448
51604 448
51644 448
51688 448
51728 448
51772 448
51812 448
51856 448
51900 448
51944 448
51988 448
52032 448
52072 448
52116 448
52156 448
52200 448
52240 448
52284 448
52324 448
52368 448
52412 448
52452 448
52496 448
52536 448
52580 448
52620 448
52664 448
52708 448
52748 448
52792 448
52832 448
52876 448
52916 448
52964 448
53008 448
53052 448
53092 448
53136 448
53176 448
53220 448
53260 448
53304 448
53348 448
53388 448
53432 448
53472 448
53516 448
53556 448
53600 448
53644 448
53684 448
53728 448
53768 448
53812 448
53852 448
53896 448
53936 448
53988 448
54028 448
54072 448
54112 448
54156 448
54196 448
54240 448
54284 448
54324 448
54368 448
54408 448
54456 448
54496 448
54540 448
54580 448
54624 448
54668 448
54708 448
54752 448
54792 448
54836 448
54876 448
54920 448
54960 448
55004 448
55048 448
55088 448
55132 448
55172 448
55216 448
55256 448
55300 448
55344 448
55384 448
55428 448
55476 448
55516 448
55560 448
55604 448
55644 448
55688 448
55728 448
55772 448
55812 448
55856 448
55896 448
55940 448
55984 448
56024 448
56068 448
56108 448
56152 448
56192 448
56236 448
56280 448
56320 448
56364 448
56404 448
56448 448
56496 432
56540 448
56580 448
56624 448
56664 448
56708 448
56748 448
56792 448
56832 448
56876 448
56920 448
56960 448
57004 448
57044 448
57088 448
57128 448
57172 448
57216 448
57256 448
57300 448
57340 448
57384 448
57424 448
57468 448
57516 448
57560 448
57600 448
57644 448
57684 448
57728 448
57768 448
57812 448
57856 448
57896 448
57940 448
57980 448
58024 448
58064 448
58108 448
58152 448
58192 448
58236 448
58276 448
58320 448
58360 448
58404 448
58444 448
58488 448
58536 448
58580 448
58620 448
58664 448
58704 432
58748 448
58792 448
58832 448
58876 448
58916 448
58960 448
59000 448
59044 448
59088 448
59128 448
59172 448
59212 448
59256 448
59296 448
59340 448
59380 448
59424 448
59468 448
59508 448
59556 448
59600 448
59640 448
59684 448
59728 448
59768 448
59812 448
59852 448
59896 448
59936 448
59980 448
60024 448
60064 448
60108 448
60148 448
60192 448
60232 448
60276 448
60316 448
60360 448
60404 448
60444 432
60488 448
60528 448
60572 448
60620 448
60664 448
60704 448
60748 448
60788 448
60832 448
60872 448
60916 448
60960 448
61000 448
61044 448
61084 448
61128 448
61168 448
61212 448
61252 448
61296 448
61340 432
61380 448
61424 448
61464 448
61508 448
61548 432
61592 448
61636 448
61680 448
61724 448
61764 448
61808 448
61848 448
61892 448
61932 448
61976 448
62016 448
62060 448
62104 448
62144 448
62188 448
62228 448
62272 448
62312 432
62356 448
62400 448
62440 448
62484 448
62524 448
62568 448
62608 448
62656 448
62700 448
62744 448
62784 448
62828 448
62868 448
62912 448
62952 448
62996 448
63036 448
63080 448
63124 448
63164 448
63208 448
63248 448
63292 448
63332 448
63376 448
63420 448
63460 448
63504 448
63544 448
63588 448
63628 448
63676 448
63720 448
63764 448
63804 448
63848 432
63888 448
63932 448
63972 448
64016 448
64060 448
64100 448
64144 448
64184 448
64228 448
64268 448
64312 448
64352 448
64396 448
64440 448
64480 448
64524 448
64564 448
64608 448
64648 448
64700 448
64740 448
64784 448
64824 448
64868 448
64908 448
64952 448
64996 448
65036 448
65080 448
65120 448
65164 448
65204 448
65248 448
65288 448
65332 448
65372 448
65416 448
65456 448
65500 448
65540 448
65584 448
65628 448
65668 448
65712 448
65752 448
65796 448
65836 448
65880 448
65920 448
65964 448
66008 448
66048 448
66092 432
66132 448
66176 448
66216 448
66268 448
66308 448
66352 448
66392 432
66436 448
66476 448
66520 448
66564 448
66604 448
66648 448
66688 448
66732 448
66772 448
66816 448
66856 448
66900 448
66944 448
66984 448
67028 448
67068 448
67112 448
67152 448
67196 448
67240 448
67288 448
67328 448
67372 448
67412 448
67456 448
67500 448
67540 448
67584 448
67624 448
67668 448
67708 448
67752 448
67792 448
67836 448
67880 448
67920 448
67964 448
68004 448
68048 448
68088 432
68132 448
68176 448
68216 448
68260 448
68308 448
68348 448
68392 448
68432 448
68476 448
68520 448
68560 448
68604 448
68644 448
68688 448
68728 448
68772 432
68816 432
68856 432
68900 448
68940 448
68984 432
69024 432
69068 432
69108 448
69152 432
69196 448
69236 448
69280 448
69328 432
69368 432
69412 448
69456 448
69496 448
69540 432
69580 448
69624 432
69664 448
69708 448
69752 448
69792 448
69836 448
69876 448
69920 448
69960 448
70004 448
70044 448
70088 432
70132 448
70172 432
70216 448
70256 432
70300 432
70348 448
70392 448
70432 448
70476 448
70516 448
70560 448
70600 432
70644 448
70688 432
70728 448
70772 432
70812 432
70856 448
70896 448
70940 448
70980 448
71024 448
71068 448
71108 448
71152 432
71192 448
71236 448
71276 432
71320 448
71368 448
71412 448
71452 448
71496 432
71536 448
71580 448
71624 448
71664 448
71708 432
71748 448
71792 448
71832 448
71876 448
71916 448
71960 448
72004 448
72044 448
72088 448
72128 448
72172 448
72212 448
72256 448
72300 448
72340 448
72388 448
72432 448
72472 448
72516 448
72560 448
72600 432
72644 448
72684 448
72728 432
72768 448
72812 448
72852 448
72896 448
72940 448
72980 448
73024 448
73064 432
73108 448
73148 432
73192 448
73236 448
73276 448
73320 448
73360 448
73408 448
73452 448
73496 448
73536 448
73580 448
73620 448
73664 448
73704 448
73748 448
73788 448
73832 448
73876 448
73916 448
73960 448
74000 448
74044 448
74084 448
74128 448
74172 448
74212 448
74256 448
74296 448
74340 448
74380 448
74424 448
74472 448
74516 448
74556 448
74600 448
74640 448
74684 448
74724 448
74768 448
74812 448
74852 448
74896 448
74936 448
74980 448
75020 448
75064 448
75108 448
75148 448
75192 448
75232 448
75276 448
75316 448
75360 448
75400 448
75444 448
75488 448
75532 448
75576 448
75616 448
75660 448
75700 448
75744 448
75784 448
75828 448
75872 448
75912 448
75956 448
75996 448
76040 448
76080 448
76124 448
76164 448
76204 448
76248 448
76292 448
76332 448
76376 432
76416 448
76460 448
76500 448
76544 448
76588 448
76628 448
76672 448
76712 448
76756 448
76796 448
76840 448
76880 448
76924 448
76968 448
77008 448
77056 448
77100 448
77140 448
77184 448
77228 448
77268 448
77312 448
77352 384
77396 448
77436 448
77480 448
77520 432
77564 448
77608 448
77648 448
77692 448
77732 448
77776 448
77816 448
77860 448
77904 448
77944 432
77988 432
78028 448
78072 448
78120 448
78164 432
78204 448
78248 448
78288 432
78332 448
78372 448
78416 432
78456 448
78500 448
78544 448
78584 448
78628 448
78668 448
78712 448
78752 448
78796 448
78840 448
78880 448
78924 448
78964 448
79008 448
79048 448
79092 448
79136 448
79180 448
79224 448
79264 448
79308 448
79348 432
79392 432
79432 448
79476 448
79520 448
79560 448
79604 448
79644 448
79688 448
79728 432
79772 448
79812 448
79856 448
79900 448
79940 432
79984 448
80024 448
80068 448
80108 448
80160 448
80200 448
80244 448
80284 448
80328 448
80368 448
80412 432
80456 448
80496 448
80540 448
80580 448
80624 448
80664 448
80708 448
80748 448
80792 448
80836 448
80876 448
80920 448
80960 448
81004 448
81044 448
81088 448
81132 448
81180 448
81220 448
81264 448
81304 448
81348 448
81392 432
81432 448
81476 448
81516 448
81560 448
81600 448
81644 448
81684 448
81728 448
81772 448
81812 448
81856 448
81896 448
81940 448
81980 448
82024 448
82068 448
82108 448
82152 448
82200 448
82240 448
82284 448
82328 448
82368 448
82412 448
82452 448
82496 448
82536 448
82580 448
82620 448
82664 448
82708 448
82748 448
82792 448
82832 448
82876 448
82916 448
82960 448
83004 448
83044 448
83088 448
83128 448
83172 448
83220 448
83264 448
83304 448
83348 448
83388 448
83432 448
83472 448
83516 448
83556 448
83600 448
83644 448
83684 448
83728 448
83768 448
83812 448
83852 448
83896 448
83940 448
83980 448
84024 448
84064 448
84108 448
84148 448
84192 448
84240 448
84284 448
84324 448
84368 448
84408 448
84452 448
84492 448
84536 448
84580 448
84620 448
84664 448
84704 448
84748 448
84788 448
84832 448
84872 448
84916 448
84960 432
85000 448
85044 448
85084 448
85128 448
85168 448
85212 448
85260 432
85304 448
85344 432
85388 448
85428 448
85472 448
85516 448
85556 448
85600 448
85640 448
85684 448
85724 432
85768 448
85808 448
85852 448
85896 448
85936 448
85980 448
86020 448
86064 432
86104 448
86148 448
86192 384
86232 448
86280 448
86324 448
86364 448
86408 448
86452 448
86492 448
86536 448
86576 448
86620 448
86660 448
86704 448
86744 448
86788 448
86832 448
86872 448
86916 448
86956 448
87000 448
87040 448
87084 448
87124 448
87168 448
87208 448
87252 448
87292 448
87336 448
87380 448
87420 448
87464 448
87504 448
87548 448
87588 448
87632 448
87676 448
87716 448
87760 448
87800 448
87844 432
87884 448
87928 448
87968 448
88012 448
88056 448
88100 448
88144 448
88184 448
88228 448
88268 448
88312 448
88352 448
88396 448
88436 448
88480 448
88524 432
88564 448
88608 448
88648 448
88692 432
88732 448
88776 448
88820 448
88860 448
88904 448
88944 448
88988 448
89028 448
89076 448
89120 448
89164 448
89204 448
89248 448
89288 448
89332 448
89372 448
89416 448
89456 448
89500 448
89544 448
89584 448
89628 448
89668 448
89712 448
89752 448
89796 448
89840 448
89880 432
89924 432
89964 448
90008 448
90048 432
90096 448
90140 448
90184 448
90224 448
90268 432
90308 448
90352 448
90392 432
90436 448
90480 448
90520 448
90564 448
90604 448
90648 448
90688 448
90732 448
90772 448
90816 448
90860 448
90900 448
90944 432
90984 448
91028 448
91068 448
91120 448
91160 432
91204 448
91244 448
91288 432
91328 448
91372 448
91416 448
91456 448
91500 448
91540 448
91584 448
91624 448
91668 448
91708 448
91752 448
91796 448
91836 432
91880 448
91920 448
91964 448
92004 448
92048 448
92092 448
92140 448
92180 448
92224 448
92264 448
92308 448
92352 448
92392 448
92436 448
92476 432
92520 448
92560 448
92604 432
92644 448
92688 448
92732 448
92772 448
92816 448
92856 448
92900 448
92940 448
92984 448
93028 448
93068 448
93112 448
93160 448
93200 448
93244 448
93288 448
93328 448
93372 448
93412 448
93456 448
93496 448
93540 448
93580 448
93624 448
93668 448
93708 448
93752 448
93792 448
93836 448
93876 448
93920 448
93964 448
94004 448
94048 448
94088 448
94132 448
94180 448
94224 448
94264 448
94308 448
94348 448
94392 448
94432 448
94476 448
94516 448
94560 448
94604 448
94644 448
94688 448
94728 448
94772 448
94812 448
94856 448
94900 448
94940 448
94984 448
95024 448
95068 448
95108 448
95152 448
95200 448
95244 448
95284 448
95328 448
95368 448
95412 448
95452 448
95496 432
95540 448
95580 448
95624 384
95664 432
95708 448
95748 448
95792 448
95836 448
95876 448
95920 448
95960 448
96004 448
96044 448
96088 448
96128 448
96172 448
96220 448
96264 448
96304 432
96348 448
96388 448
96432 448
96476 448
96516 448
96560 415
96600 384
96644 335
96684 291
96728 255
96768 224
96812 192
96856 158
96896 127
96940 112
96980 96
97024 71
97064 63
97108 62
97152 60
97192 63
97240 71
97284 96
97324 112
97368 127
97412 159
97452 192
97496 224
97536 255
97580 287
97620 327
97664 384
97704 414
97748 449
97792 496
97832 527
97876 568
97916 608
97964 639
98004 671
98048 704
98092 711
98140 736
98180 768
98224 768
98264 768
98308 768
98352 768
98392 736
98436 736
98476 704
98520 688
98560 655
98604 632
98648 608
98688 572
98732 527
98772 504
98816 455
98856 419
98900 384
98940 352
98984 316
99028 280
99068 252
99112 224
99152 192
99200 176
99244 152
99288 127
99328 126
99372 120
99412 112
99456 112
99496 120
99540 126
99584 127
99624 152
99668 176
99708 192
99752 224
99792 248
99836 271
99876 312
99920 352
99964 384
100004 412
100048 448
100088 480
100132 511
100172 543
100224 575
100264 608
100308 636
100348 647
100392 671
100432 704
100476 704
100520 704
100560 707
100604 707
100644 704
100688 704
100728 704
100772 671
100812 655
100856 638
100900 624
100940 583
100984 568
101024 529
101068 508
101108 480
101152 448
101196 403
101240 384
101284 352
101328 312
101368 284
101412 255
101452 240
101496 224
101536 192
101580 192
101620 159
101664 158
101708 152
101748 152
101792 152
101832 158
101876 163
101916 192
101960 192
102004 224
102044 240
102088 255
102128 284
102172 312
102212 334
102260 384
102304 399
102348 432
102388 455
102432 496
102472 513
102516 543
102556 572
102600 591
102644 609
102684 632
102728 639
102768 655
102812 668
102852 671
102896 671
102940 671
102980 670
103024 655
103064 639
103108 638
103148 624
103192 608
103232 575
103284 551
103324 527
103368 508
103408 480
103452 448
103492 415
103536 387
103580 384
103620 335
103664 316
103704 287
103748 263
103788 252
103832 240
103876 224
103916 199
103960 192
104000 192
104044 192
104084 192
104128 192
104168 192
104212 199
104256 224
104304 240
104344 252
104388 263
104428 287
104472 316
104516 335
104556 384
104600 385
104640 414
104684 448
104724 463
104768 496
104812 512
104852 540
104896 560
104936 575
104980 591
105020 608
105064 624
105104 632
105148 638
105192 639
105232 639
105276 639
105324 636
105364 632
105408 608
105452 608
105492 583
105536 572
105576 543
105620 524
105660 508
105704 480
105744 455
105788 448
105832 408
105872 384
105916 368
105956 335
106000 318
106040 295
106084 280
106128 255
106168 254
106212 240
106252 225
106296 224
106344 224
106388 224
106428 224
106472 224
106512 225
106556 240
106596 252
106640 255
106680 280
106724 295
106768 318
106808 335
106852 368
106892 384
106936 399
106976 432
107020 448
107064 480
107104 496
107148 511
107188 527
107232 543
107272 568
107316 575
107364 590
107408 608
107448 608
107492 608
107532 608
107576 608
107616 608
107660 608
107704 591
107744 575
107788 572
107828 560
107872 540
107912 524
107956 508
108000 480
108040 463
108084 448
108124 415
108168 398
108208 384
108252 384
108292 352
108336 319
108384 304
108428 287
108468 271
108512 255
108552 255
108596 254
108640 248
108680 248
108724 248
108764 252
108808 254
108856 252
108900 255
108940 255
108984 271
109024 286
109068 304
109112 316
109152 327
109196 352
109236 384
109280 384
109320 403
109364 432
109404 448
109448 463
109492 480
109532 504
109576 515
109616 527
109664 543
109708 560
109752 572
109792 575
109836 575
109876 583
109920 583
109960 583
110004 583
110044 575
110088 574
110132 568
110172 547
110216 540
110256 524
110300 510
110340 496
110384 480
110428 455
110468 448
110512 415
110552 399
110596 384
110636 384
110684 352
110728 332
110772 319
110812 312
110856 294
110896 287
110940 280
110980 271
111024 263
111068 263
111108 271
111152 268
111192 271
111236 280
111276 287
111320 291
111364 312
111404 319
111448 335
111488 352
111532 384
111572 384
111616 396
111656 415
111708 448
111748 449
111792 480
111832 481
111876 504
111916 511
111960 519
112004 536
112044 543
112088 551
112128 560
112172 568
112212 568
112256 568
112300 568
112340 560
112384 560
112424 543
112468 542
112508 527
112552 515
112592 508
112636 496
112680 480
112720 455
112768 448
112812 432
112852 414
112896 391
112940 384
112980 384
113024 352
113064 335
113108 319
113148 318
113192 312
113236 304
113276 287
113320 287
113360 287
113404 287
113444 287
113488 287
113528 291
113572 304
113616 312
113656 318
113700 319
113740 352
113788 352
113832 384
113876 384
113916 391
113960 412
114000 423
114044 448
114084 451
114128 480
114172 480
114212 496
114256 508
114296 513
114340 519
114380 527
114424 540
114464 542
114508 543
114552 543
114592 543
114636 543
114676 542
114720 527
114760 527
114808 515
114852 510
114896 504
114936 496
114980 480
115020 460
115064 448
115104 448
115148 415
115192 408
115232 391
115276 384
115316 384
115360 353
115400 352
115444 335
115484 327
115528 319
115572 316
115612 312
115656 312
115696 312
115740 312
115780 312
115828 312
115872 318
115916 319
115956 327
116000 335
116040 352
116084 368
116124 384
116168 384
116212 391
116252 403
116296 415
116336 448
116380 448
116420 451
116464 480
116504 480
116548 496
116592 504
116632 508
116676 513
116716 515
116760 519
116800 527
116852 527
116892 527
116936 527
116976 524
117020 519
117060 512
117104 510
117144 504
117188 496
117232 480
117272 480
117316 460
117356 448
117400 448
117440 432
117484 415
117528 399
117568 390
117612 384
117652 384
117696 368
117736 352
117780 352
117820 335
117872 327
117912 319
117956 319
117996 319
118040 319
118080 319
118124 319
118168 319
118208 327
118252 335
118292 352
118336 352
118376 368
118420 384
118464 384
118504 391
118548 399
118588 414
118632 423
118672 448
118716 448
118756 455
118800 480
118844 480
118892 481
118932 496
118976 504
119016 508
119060 511
119104 512
119144 512
119188 512
119228 512
119272 512
119312 510
119356 508
119400 504
119440 496
119484 496
119524 480
119568 480
119608 455
119652 448
119692 448
119732 415
119780 408
119824 398
119868 385
119908 384
119952 384
119992 384
120036 352
120076 352
120120 352
120160 335
120204 332
120248 327
120288 327
120332 327
120372 332
120416 335
120456 352
120500 352
120544 352
120584 353
120628 368
120668 384
120712 384
120752 384
120800 398
120844 408
120888 415
120928 432
120972 448
121012 448
121056 451
121096 463
121140 480
121180 480
121224 496
121268 496
121308 504
121352 504
121392 504
121436 508
121476 504
121520 504
121564 504
121604 504
121648 496
121688 483
121732 480
121772 480
121820 480
121864 455
121908 448
121948 448
121992 448
122032 415
122076 415
122116 399
122160 391
122200 384
122244 384
122288 384
122328 384
122372 384
122412 353
122456 352
122496 352
122540 352
122584 352
122624 352
122668 352
122708 352
122752 352
122792 352
122840 384
122884 384
122928 384
122968 384
123012 384
123052 387
123096 396
123136 403
123180 415
123224 419
123264 448
123308 448
123348 448
123392 451
123432 460
123476 480
123516 480
123560 480
123604 480
123644 496
123688 496
123728 496
123772 496
123812 496
123864 496
123904 496
123948 481
123988 480
124032 480
124072 480
124116 463
124160 455
124200 448
124244 448
124284 448
124328 432
124368 415
124412 414
124452 399
124496 391
124540 385
124580 384
124624 384
124664 384
124708 384
124748 384
124792 368
124836 353
124884 352
124924 368
124968 352
125008 352
125052 368
125096 368
125136 384
125180 384
125220 384
125264 384
125304 384
125348 391
125388 396
125432 399
125476 414
125516 415
125560 432
125600 448
125644 448
125684 448
125728 451
125772 460
125812 463
125856 480
125904 480
125944 480
125988 480
126032 480
126072 480
126116 480
126156 480
126200 480
126240 480
126284 480
126324 480
126368 463
126412 455
126452 455
126496 448
126536 448
126580 448
126620 432
126664 419
126708 415
126748 408
126792 399
126832 391
126876 385
126924 384
126968 384
127008 384
127052 384
127092 384
127136 384
127176 384
127220 384
127260 384
127304 384
127348 384
127388 384
127432 384
127472 384
127516 384
127556 384
127600 384
127644 391
127684 396
127728 399
127768 412
127812 415
127852 419
127896 432
127944 448
127988 448
128028 448
128072 448
128112 454
128156 455
128196 463
128240 480
128284 480
128324 480
128368 480
128408 480
128452 480
128492 480
128536 480
128580 480
128620 463
128664 460
128704 455
128748 449
128788 448
128832 448
128872 448
128916 448
128964 419
129008 415
129048 414
129092 408
129132 399
129176 391
129220 387
129260 384
129304 384
129344 384
129388 384
129428 384
129472 384
129516 384
129556 384
129600 384
129640 384
129684 384
129724 384
129768 384
129808 384
129852 384
129896 385
129936 391
129984 399
130028 401
130068 412
130112 415
130156 415
130196 432
130240 448
130280 448
130324 448
130364 448
130408 449
130452 451
130492 455
130536 460
130576 463
130616 480
130660 480
130700 480
130744 463
130784 462
130828 455
130868 455
130912 449
130956 448
131004 448
131044 448
131088 448
131128 432
131172 423
131216 415
131256 414
131300 412
131340 399
131384 398
131424 391
131468 387
131512 385
131552 384
131596 384
131636 384
131680 384
131720 384
131764 384
131804 384
131848 384
131892 384
131932 384
131976 384
132016 385
132064 387
132108 391
132152 396
132192 399
132236 408
132276 412
132320 415
132360 415
132404 423
132448 432
132488 448
132532 448
132572 448
132616 448
132656 448
132700 449
132740 451
132784 455
132828 455
132868 455
132912 455
132952 455
132996 455
133036 455
133088 455
133128 451
133172 449
133212 448
133256 448
133296 448
133340 448
133384 448
133424 432
133468 423
133508 415
133552 415
133592 414
133636 408
133676 399
133720 399
133764 391
133804 391
133848 390
133888 385
133932 384
133972 384
134016 384
134060 384
134104 384
134148 384
134192 384
134232 384
134276 384
134316 385
134360 391
134400 391
134444 396
134484 399
134528 401
134572 412
134612 414
134656 415
134696 419
134740 423
134780 432
134824 448
134868 448
134908 448
134952 448
134992 448
135036 448
135076 449
135124 451
135168 451
135212 451
135252 451
135296 451
135336 451
135380 451
135420 449
135464 448
135508 448
135548 448
135592 448
135632 448
135676 448
135716 432
135760 432
135804 423
135844 415
135888 415
135928 412
135972 408
136012 399
136056 399
136096 398
136148 391
136188 391
136232 387
136272 387
136316 385
136356 385
136400 385
136444 385
136484 385
136528 385
136568 387
136612 391
136652 391
136696 398
136740 399
136780 399
136824 408
136864 412
136908 415
136948 415
136992 415
137032 432
137076 432
137120 448
137168 448
137208 448
137252 448
137292 448
137336 448
137380 448
137420 448
137464 449
137504 449
137548 449
137588 449
137632 448
137676 448
137716 448
137760 448
137800 448
137844 448
137884 448
137928 448
137968 448
138012 448
138056 432
138096 422
138140 415
138188 415
138228 415
138272 412
138316 408
138356 408
138400 399
138440 399
138484 398
138524 391
138568 391
138612 391
138652 391
138696 391
138736 391
138780 391
138820 391
138864 391
138904 391
138948 396
138992 396
139032 399
139076 399
139116 408
139160 412
139208 414
139252 415
139292 415
139336 419
139376 423
139420 432
139460 448
139504 448
139548 448
139588 448
139632 448
139672 448
139716 448
139756 448
139800 448
139840 448
139884 448
139928 448
139968 448
140012 448
140052 448
140096 448
140136 448
140180 448
140228 448
140272 448
140312 448
140356 432
140396 423
140440 419
140484 415
140524 415
140568 414
140608 412
140652 408
140692 408
140736 399
140776 399
140820 399
140864 398
140904 391
140948 391
140988 391
141032 391
141072 391
141116 391
141160 391
141200 396
141248 398
141292 399
141332 399
141376 399
141420 412
141460 412
141504 399
141544 408
141588 412
141628 412
141672 415
141716 415
141756 415
141800 419
141840 423
141888 432
141932 448
141976 448
142016 448
142060 448
142100 448
142144 448
142184 448
142228 448
142272 448
142312 448
142356 448
142396 448
142440 448
142480 448
142524 448
142564 448
142608 448
142652 448
142692 448
142736 448
142776 432
142820 432
142860 423
142912 415
142952 415
142996 415
143036 414
143080 412
143120 408
143164 408
143208 401
143248 399
143292 399
143332 399
143376 399
143416 399
143460 398
143500 399
143544 399
143588 399
143628 399
143672 399
143712 399
143756 399
143796 408
143840 412
143884 432
143932 463
143972 481
144016 504
144056 510
144100 512
144144 515
144184 519
144228 519
144268 519
144312 519
144352 515
144396 513
144436 512
144480 510
144524 508
144564 504
144608 504
144648 496
144692 496
144732 481
144776 480
144820 480
144860 480
144904 480
144952 480
144992 480
145036 480
145080 463
145120 462
145164 462
145204 460
145248 460
145288 455
145332 455
145372 455
145416 454
145460 451
145500 451
145544 451
145584 451
145628 451
145668 449
145712 448
145756 448
145796 448
145840 448
145880 448
145924 448
145972 448
146016 448
146056 448
146100 448
146140 448
146184 448
146224 448
146268 448
146308 448
146352 448
146396 448
146436 448
146480 448
146520 448
146564 448
146604 448
146648 448
146692 448
146732 448
146776 448
146816 448
146860 448
146900 448
146944 448
146992 448
147036 448
147076 448
147120 448
147160 448
147204 448
147244 448
147288 448
147332 448
147372 448
147416 448
147456 448
147500 448
147540 448
147584 448
147628 448
147668 448
147712 448
147752 448
147796 448
147836 448
147880 448
147920 448
147964 448
148012 448
148056 448
148096 448
148140 448
148180 448
148224 448
148268 448
148308 448
148352 448
148392 448
148436 448
148476 448
148520 448
148564 448
148604 448
148648 448
148688 448
148732 448
148772 448
148816 448
148856 448
148900 448
148944 448
148984 448
149032 448
149076 448
149116 448
149160 448
149204 448
149244 448
149288 448
149328 448
149372 448
149412 448
149456 448
149500 448
149540 448
149584 448
149624 448
149668 448
149708 448
149752 448
149792 448
149836 448
149880 448
149920 448
149964 448
150004 448
150052 448
150096 448
150140 448
150180 448
150224 448
150264 448
150308 448
150348 448
150392 448
150436 448
150476 448
150520 448
150560 448
150604 448
150644 448
150688 448
150728 448
150772 448
150816 448
150856 448
150900 448
150940 448
150984 448
151024 448
151068 448
151116 448
151160 448
151200 448
151244 448
151284 448
151328 448
151372 448
151412 448
151456 448
151496 448
151540 448
151580 448
151624 448
151664 448
151708 448
151752 448
151792 448
151836 448
151876 448
151920 448
151960 448
152004 448
152048 448
152088 448
152132 448
152176 448
152220 448
152260 448
152304 448
152344 448
152384 448
152428 448
152468 448
152512 448
152552 448
152600 448
152644 448
152688 448
152728 448
152772 448
152812 448
152856 448
152896 448
152940 448
152980 448
153024 448
153068 448
153108 448
153152 448
153192 448
153236 448
153276 448
153320 448
153364 448
153404 448
153448 448
153488 432
153532 448
153572 448
153620 448
153664 448
153708 448
153748 448
153792 448
153832 448
153876 448
153916 448
153960 432
154004 448
154044 448
154088 448
154128 448
154172 448
154212 432
154256 448
154300 448
154340 448
154384 448
154424 448
154468 448
154508 448
154552 448
154592 448
154644 448
154684 448
154728 448
154768 448
154812 448
154852 448
154896 448
154940 448
154980 432
155024 448
155064 448
155108 448
155148 448
155192 448
155236 448
155276 448
155320 448
155360 448
155404 448
155444 448
155488 448
155528 448
155572 448
155616 448
155664 448
155704 448
155748 448
155788 448
155832 448
155876 448
155916 448
155960 448
156000 448
156044 448
156084 448
156128 448
156172 448
156212 448
156256 448
156296 448
156340 448
156380 448
156424 448
156464 448
156508 448
156552 448
156592 448
156636 448
156684 448
156724 448
156768 448
156812 448
156852 448
156896 448
156936 448
156980 448
157020 448
157064 448
157108 432
157148 448
157192 448
157232 448
157276 448
157316 448
157360 448
157400 448
157444 432
157488 448
157528 448
157572 432
157612 448
157656 448
157704 448
157748 448
157788 448
157832 448
157872 448
157916 448
157956 448
158000 448
158044 448
158084 448
158128 448
158168 448
158212 448
158252 448
158296 448
158336 448
158380 448
158424 448
158464 448
158508 448
158548 448
158592 448
158632 448
158676 448
158724 448
158768 448
158808 448
158852 448
158892 448
158936 448
158980 448
159020 448
159064 448
159104 448
159148 448
159188 448
159232 448
159272 448
159316 448
159360 448
159400 448
159444 448
159484 448
159528 448
159568 448
159612 448
159656 448
159696 448
159744 448
159788 448
159828 448
159872 448
159916 448
159956 448
160000 448
160040 448
160084 448
160124 448
160168 448
160208 448
160252 448
160296 448
160336 448
160380 448
160420 448
160464 448
160504 448
160548 448
160592 448
160632 448
160676 448
160716 448
160764 448
160808 448
160852 448
160892 448
160936 448
160976 448
161020 448
161060 448
161104 448
161144 448
161188 448
161232 448
161272 448
161316 448
161356 448
161400 448
161440 448
161484 448
161528 448
161568 448
161612 448
161652 448
161696 448
161736 448
161784 448
161828 448
161872 448
161912 448
161956 448
161996 448
162040 448
162080 448
162124 448
162168 448
162208 448
162252 448
162292 448
162336 448
162376 448
162420 448
162464 448
162504 448
162548 448
162588 448
162632 448
162672 448
162716 448
162756 448
162800 448
162848 448
162892 448
162932 448
162976 448
163016 448
163060 448
163104 448
163144 448
163188 448
163228 448
163272 448
163312 448
163356 448
163396 448
163440 448
163484 448
163524 448
163568 448
163608 448
163652 448
163692 448
163736 448
163780 448
163820 448
163864 448
163904 448
163948 448
163988 448
164032 448
164072 448
164116 448
164160 448
164200 448
164248 448
164292 448
164332 448
164376 448
164416 448
164460 448
164504 448
164544 448
164588 448
164628 448
164672 448
164712 448
164756 448
164800 448
164840 448
164884 448
164924 448
164968 448
165008 432
165052 448
165092 448
165136 448
165180 448
165220 448
165268 448
165312 448
165352 448
165396 448
165440 448
165480 448
165524 448
165564 448
165608 448
165648 448
165692 432
165732 448
165776 448
165820 448
165860 448
165904 432
165944 448
165988 448
166028 448
166072 448
166116 448
166156 448
166200 448
166240 448
166288 448
166332 448
166376 448
166416 448
166460 448
166500 448
166544 448
166584 448
166628 448
166668 448
166712 448
166756 448
166796 432
166840 448
166880 448
166924 448
166964 448
167008 448
167052 448
167092 448
167136 448
167176 448
167220 448
167260 448
167304 448
167352 432
167396 448
167436 432
167480 448
167520 448
167564 448
167604 448
167648 448
167692 448
167732 448
167776 448
167816 448
167860 448
167900 448
167944 448
167988 448
168028 448
168072 448
168112 423
168156 448
168196 448
168240 448
168280 448
168324 448
168368 448
168412 448
168456 448
168496 448
168540 448
168580 448
168624 432
168664 448
168708 448
168752 448
168792 448
168836 448
168876 448
168920 448
168960 448
169004 448
169044 448
169088 448
169132 448
169172 448
169216 448
169256 448
169300 448
169340 448
169388 448
169432 448
169476 448
169516 448
169560 448
169600 448
169644 448
169684 448
169728 448
169772 448
169812 432
169856 448
169896 448
169940 448
169980 448
170024 448
170064 448
170108 448
170152 448
170192 448
170236 448
170276 448
170320 448
170360 448
170412 448
170452 448
170496 448
170536 448
170580 448
170620 448
170664 448
170704 448
170748 448
170792 448
170832 448
170876 448
170916 448
170960 448
171000 448
171044 448
171088 448
171128 448
171172 448
171212 448
171256 448
171296 448
171340 448
171380 448
171432 448
171472 448
171516 448
171556 448
171600 448
171640 448
171684 448
171728 448
171768 448
171812 432
171852 448
171896 448
171936 448
171980 448
172024 448
172064 448
172108 448
172148 448
172192 448
172232 448
172276 448
172316 448
172360 448
172404 448
172452 448
172492 448
172536 448
172576 448
172620 448
172664 448
172704 432
172748 448
172788 448
172832 448
172872 448
172916 448
172960 448
173000 448
173044 448
173084 448
173128 448
173168 448
173212 448
173252 448
173296 448
173340 448
173380 448
173424 448
173472 448
173512 448
173556 448
173600 448
173640 448
173684 448
173724 448
173768 448
173808 448
173852 448
173896 448
173936 448
173980 448
174020 448
174064 448
174104 448
174148 448
174188 448
174232 448
174272 448
174316 448
174356 432
174400 448
174444 448
174484 448
174528 448
174568 448
174612 448
174652 448
174696 448
174740 448
174780 448
174824 448
174872 448
174912 448
174956 448
175000 448
175040 448
175084 448
175124 448
175168 448
175208 448
175252 448
175292 448
175336 448
175380 448
175420 448
175464 448
175504 448
175548 448
175588 448
175632 448
175676 448
175716 448
175760 432
175800 448
175844 448
175892 448
175936 448
175976 448
176020 432
176060 448
176104 448
176144 448
176188 448
176228 432
176272 448
176316 448
176356 448
176400 448
176440 448
176484 448
176524 448
176568 448
176612 448
176652 448
176696 448
176736 448
176780 448
176820 448
176864 448
176912 448
176956 448
176996 432
177040 448
177080 448
177124 448
177164 448
177208 432
177252 448
177292 448
177336 448
177376 432
177420 448
177460 448
177504 448
177548 448
177588 448
177632 448
177672 448
177716 448
177756 448
177800 448
177840 448
177884 448
177932 448
177976 448
178016 448
178060 448
178100 448
178144 448
178188 448
178228 448
178272 448
178312 448
178356 448
178396 448
178440 448
178484 448
178524 448
178568 448
178608 448
178652 448
178692 448
178736 448
178776 448
178820 448
178864 448
178904 448
178952 448
178996 448
179036 448
179080 448
179124 448
179164 448
179208 448
179248 448
179292 448
179332 448
179376 448
179420 448
179460 448
179504 448
179544 448
179588 448
179628 448
179672 448
179712 448
179756 448
179800 448
179840 448
179884 448
179924 448
179972 448
180016 448
180060 448
180100 448
180144 448
180184 448
180228 448
180268 448
180312 448
180356 448
180396 448
180440 448
180480 448
180524 448
180564 448
180608 448
180648 448
180692 448
180736 448
180776 448
180820 448
180860 448
180904 432
180944 432
180988 448
181036 448
181080 448
181120 448
181164 448
181204 448
181248 448
181292 448
181332 448
181376 448
181416 448
181460 448
181500 448
181544 448
181584 448
181628 448
181672 448
181712 448
181756 448
181796 448
181840 448
181880 448
181924 448
181968 448
182008 448
182052 448
182096 448
182140 448
182180 448
182224 448
182264 448
182308 448
182348 448
182392 448
182432 448
182476 448
182520 448
182560 448
182604 448
182644 448
182688 448
182728 448
182772 448
182816 448
182856 448
182900 448
182940 448
182984 448
183024 448
183072 448
183116 448
183160 448
183200 448
183244 448
183284 448
183328 448
183368 448
183412 448
183456 448
183496 448
183540 448
183580 448
183624 448
183664 448
183708 448
183748 448
183792 448
183836 448
183876 448
183920 448
183960 448
184004 448
184044 448
184096 432
184136 448
184180 448
184220 448
184264 448
184304 448
184348 448
184392 448
184432 448
184476 448
184516 448
184560 448
184600 448
184644 448
184684 448
184728 448
184772 448
184812 448
184856 448
184896 448
184940 448
184980 448
185028 448
185068 448
185112 448
185156 448
185196 448
185240 432
185280 448
185324 448
185364 448
185408 448
185448 448
185492 448
185536 448
185576 448
185620 448
185660 448
185704 448
185744 448
185792 448
185836 448
185880 448
185920 423
185964 448
186004 448
186048 448
186088 448
186132 448
186176 448
186216 448
186260 448
186300 432
186344 448
186384 448
186428 448
186468 432
186512 432
186556 448
186596 448
186640 432
186680 432
186724 448
186764 432
186816 448
186856 448
186900 448
186940 432
186984 432
187024 448
187068 432
187108 448
187152 432
187196 448
187236 448
187280 448
187320 448
187364 448
187404 448
187448 448
187492 448
187532 448
187576 448
187616 448
187660 448
187700 448
187744 448
187784 448
187836 448
187876 448
187920 448
187960 448
188004 448
188044 448
188088 432
188132 448
188172 448
188216 448
188256 448
188300 448
188340 448
188384 448
188428 432
188468 448
188512 448
188552 448
188596 448
188636 448
188680 432
188720 448
188764 448
188808 448
188856 448
188896 448
188940 448
188980 448
189024 448
189068 448
189108 448
189152 448
189192 448
189236 448
189276 448
189320 448
189364 448
189404 448
189448 448
189488 448
189532 448
189572 448
189616 448
189656 448
189700 448
189744 448
189784 448
189828 448
189868 448
189916 448
189960 448
190004 448
190044 448
190088 448
190128 448
190172 432
190212 448
190256 448
190300 448
190340 448
190384 448
190424 448
190468 448
190508 448
190552 448
190592 448
190636 448
190680 448
190720 448
190764 448
190804 448
190848 448
190888 448
190940 448
190980 448
191024 448
191064 448
191108 448
191148 448
191192 448
191236 448
191276 448
191320 448
191360 448
191404 448
191444 448
191488 448
191528 448
191572 432
191616 448
191656 448
191700 448
191740 448
191784 448
191824 448
191868 448
191912 448
191956 448
192000 448
192044 448
192084 448
192128 448
192168 448
192212 448
192252 448
192296 448
192336 448
192380 448
192424 448
192464 448
192508 448
192548 448
192592 448
192632 448
192676 432
192720 448
192760 448
192804 448
192844 448
192888 448
192928 448
192976 448
193020 448
193064 399
193104 368
193148 319
193188 280
193232 240
193272 199
193316 176
193360 143
193400 124
193444 97
193484 96
193528 70
193568 63
193612 63
193656 63
193696 67
193740 96
193780 97
193824 120
193864 140
193908 167
193948 199
194000 240
194040 271
194084 316
194124 352
194168 387
194208 432
194252 480
194296 510
194336 543
194380 575
194420 624
194464 639
194504 671
194548 704
194592 711
194632 736
194676 768
194716 768
194760 768
194800 768
194844 768
194884 768
194928 736
194972 704
195020 688
195060 655
195104 636
195144 608
195188 568
195232 527
195272 504
195316 455
195356 419
195400 384
195440 352
195484 316
195528 280
195568 252
195612 224
195652 192
195696 167
195736 152
195780 127
195820 124
195864 112
195912 112
195956 120
196000 124
196040 127
196084 152
196124 176
196168 193
196208 224
196252 252
196292 284
196336 316
196380 352
196420 384
196464 415
196512 451
196552 496
196596 519
196640 551
196680 575
196724 608
196764 638
196808 655
196848 671
196892 704
196932 704
196976 707
197020 711
197060 711
197104 707
197144 704
197188 704
197228 671
197272 655
197316 638
197356 609
197400 583
197440 560
197484 527
197528 496
197572 462
197616 448
197656 398
197700 384
197740 335
197784 312
197824 280
197868 255
197908 225
197952 207
197996 192
198036 192
198080 159
198120 156
198164 152
198204 145
198248 152
198292 158
198332 163
198376 192
198416 192
198460 224
198500 240
198548 255
198592 287
198636 318
198676 352
198720 384
198760 399
198804 448
198844 462
198888 496
198932 519
198972 543
199016 575
199056 591
199100 624
199140 636
199184 639
199224 655
199268 668
199312 671
199352 671
199396 671
199436 671
199480 657
199520 639
199572 636
199612 624
199656 608
199696 575
199740 547
199780 526
199824 504
199868 480
199908 448
199952 415
199992 385
200036 384
200076 334
200120 312
200160 286
200204 255
200248 248
200288 225
200332 224
200372 199
200416 192
200456 192
200500 192
200544 192
200592 192
200632 195
200676 206
200716 224
200760 240
200804 254
200844 270
200888 287
200928 318
200972 352
201012 384
201056 391
201096 415
201140 448
201184 480
201224 496
201268 515
201308 543
201352 568
201392 575
201436 608
201480 609
201520 624
201564 636
201612 638
201652 639
201696 639
201740 639
201780 636
201824 624
201864 609
201908 608
201948 575
201992 568
202032 543
202076 519
202120 504
202160 480
202204 449
202244 432
202288 399
202328 384
202372 353
202416 334
202456 318
202500 287
202540 271
202584 255
202632 248
202676 240
202716 224
202760 224
202800 224
202844 224
202884 224
202928 224
202968 240
203012 248
203056 255
203096 255
203140 287
203180 304
203224 319
203264 352
203308 384
203352 384
203392 408
203436 448
203476 451
203520 480
203560 496
203604 513
203652 540
203696 551
203736 572
203780 575
203820 590
203864 608
203904 608
203948 608
203992 608
204032 608
204076 608
204116 608
204160 590
204200 575
204244 572
204288 551
204328 540
204372 515
204412 504
204456 480
204496 455
204540 448
204580 415
204624 396
204672 384
204716 352
204756 332
204800 318
204840 304
204884 287
204928 271
204968 255
205012 255
205052 252
205096 248
205136 248
205180 248
205224 252
205264 254
205308 255
205348 268
205392 284
205432 291
205476 312
205516 319
205560 352
205604 384
205644 384
205692 399
205736 419
205776 448
205820 460
205864 480
205904 504
205948 513
205988 529
206032 543
206072 560
206116 572
206160 575
206200 575
206244 583
206284 583
206328 583
206368 583
206412 575
206452 575
206496 568
206540 560
206580 543
206624 527
206664 512
206712 496
206756 480
206804 496
206848 480
206888 451
206932 448
206972 415
207016 399
207056 384
207100 384
207140 352
207184 327
207228 319
207268 312
207312 291
207352 286
207396 271
207436 271
207480 263
207524 255
207564 255
207608 263
207648 271
207692 280
207732 287
207776 295
207824 316
207868 319
207908 335
207952 352
207992 384
208036 384
208076 399
208120 415
208164 448
208204 449
208248 480
208288 481
208332 504
208372 512
208416 519
208460 536
208500 543
208544 551
208584 560
208628 568
208668 568
208712 568
208752 568
208796 568
208840 560
208888 543
208928 540
208972 526
209012 513
209056 508
209100 496
209140 480
209184 455
209224 448
209268 432
209308 412
209352 391
209396 384
209436 384
209480 352
209520 335
209564 319
209604 318
209648 312
209688 304
209732 287
209776 287
209816 287
209860 287
209908 287
209948 287
209992 291
210036 304
210076 312
210120 319
210160 327
210204 352
210244 352
210288 384
210332 384
210372 391
210416 412
210456 423
210500 448
210540 451
210584 480
210624 480
210668 496
210712 508
210752 512
210796 524
210836 527
210880 540
210924 543
210968 543
211012 543
211052 543
211096 543
211136 540
211180 529
211220 524
211264 515
211304 510
211348 504
211392 496
211432 480
211476 455
211516 448
211560 448
211600 415
211644 403
211688 391
211728 384
211772 384
211812 353
211856 352
211896 335
211944 319
211988 319
212032 316
212072 312
212116 312
212156 312
212200 312
212240 312
212284 316
212328 318
212368 319
212412 327
212452 352
212496 352
212536 368
212580 384
212624 384
212664 391
212708 403
212748 415
212792 448
212832 448
212876 455
212916 480
212968 480
213008 496
213052 504
213092 510
213136 512
213176 515
213220 519
213264 526
213304 527
213348 527
213388 526
213432 524
213472 519
213516 513
213560 511
213600 504
213644 496
213684 480
213728 480
213768 462
213812 448
213852 448
213896 432
213940 415
213988 399
214028 385
214072 384
214112 384
214156 368
214200 352
214240 352
214284 334
214324 327
214368 319
214408 319
214452 319
214496 319
214536 319
214580 319
214620 327
214664 327
214704 335
214748 352
214788 352
214832 384
214876 384
214916 384
214960 387
215008 399
215048 415
215092 432
215136 448
215176 448
215220 455
215260 480
215304 480
215344 496
215388 496
215432 504
215472 508
215516 510
215556 512
215600 512
215640 512
215684 513
215724 511
215768 511
215812 508
215852 504
215896 496
215936 496
215980 480
216028 480
216072 455
216112 448
216156 448
216196 432
216240 415
216280 408
216324 391
216368 384
216408 384
216452 384
216492 384
216536 352
216576 352
216620 352
216660 352
216704 334
216748 332
216788 327
216832 327
216872 327
216916 335
216956 352
217000 352
217048 352
217092 256
217132 384
217176 384
217216 384
217260 391
217304 399
217344 412
217388 415
217428 432
217472 448
217512 448
217556 455
217596 463
217640 480
