#Creator: wheelEventBuffer
#Creation time: Thu Apr 11 12:22:51 2019
#Time	Angular velocity
#[s]	[rad/s]
0.874302	3.515895
0.952340	5.469727
1.005214	6.903082
1.050078	7.366331
1.092744	7.373938
1.135364	7.370132
1.178006	7.363223
1.220680	7.360118
1.263374	7.356326
1.306084	7.355293
1.348800	7.353227
1.391528	7.352194
1.434264	7.350818
1.477008	7.347723
1.519770	7.346693
1.562542	7.342915
1.605340	7.338798
1.648160	7.334686
1.691006	7.329894
1.733874	7.326134
1.776772	7.321694
1.819692	7.317261
1.862638	7.312492
1.905614	7.309429
1.948612	7.302293
1.991646	7.298561
2.034710	7.292462
2.077796	7.289078
2.120904	7.285697
2.164028	7.284684
2.207156	7.283670
2.250296	7.281307
2.293442	7.281644
2.336596	7.277933
2.379764	7.277596
2.422944	7.273889
2.466148	7.269513
2.509376	7.265142
2.552632	7.260776
2.595908	7.257422
2.639214	7.252061
2.682544	7.248045
2.725902	7.243366
2.769284	7.241362
2.812690	7.232693
2.856136	7.230363
2.899606	7.223713
2.943104	7.220392
2.986620	7.217075
3.030156	7.216080
3.073692	7.215086
3.117240	7.213760
3.160794	7.213098
3.204356	7.209456
3.247936	7.209456
3.291524	7.204827
3.335140	7.201524
3.378778	7.196575
3.422446	7.192620
3.466132	7.188670
3.509852	7.184067
3.553592	7.179470
3.597366	7.175207
3.641160	7.171931
3.684986	7.164407
3.728848	7.161141
3.772736	7.155270
3.816650	7.151686
3.860586	7.148431
3.904536	7.148431
3.948488	7.146155
3.992456	7.144855
4.036428	7.144530
4.080410	7.140957
4.124408	7.140632
4.168416	7.136091
4.212452	7.132527
4.256512	7.128319
4.300598	7.123793
4.344710	7.119595
4.388852	7.114758
4.433018	7.110893
4.477214	7.106068
4.521434	7.103176
4.565686	7.095475
4.609970	7.092912
4.654284	7.086512
4.698622	7.082997
4.742986	7.079805
4.787362	7.079486
4.831740	7.077891
4.876132	7.076615
4.920528	7.076297
4.964934	7.072792
5.009356	7.072155
5.053790	7.068018
5.098252	7.064204
5.142736	7.060076
5.187252	7.055319
5.231786	7.051835
5.276356	7.046774
5.320946	7.042982
5.365570	7.037933
5.410218	7.035727
5.454892	7.027543
5.499610	7.024400
5.544350	7.018750
5.589120	7.015302
5.633910	7.011858
5.678718	7.011232
5.723526	7.010293
5.768346	7.009042
5.813172	7.008104
5.858010	7.004666
5.902864	7.004041
5.947730	7.000296
5.992622	6.996242
6.037540	6.991571
6.082490	6.987217
6.127462	6.983179
6.172466	6.979146
6.217494	6.973878
6.262558	6.969237
6.307646	6.966764
6.352764	6.958740
6.397922	6.955966
6.443104	6.949811
6.488316	6.946738
6.533550	6.943360
6.578798	6.943053
6.624048	6.941519
6.669310	6.940599
6.714580	6.939679
6.759860	6.936002
6.805158	6.935696
6.850466	6.931411
6.895804	6.927742
6.941164	6.923773
6.986556	6.918893
7.031972	6.914934
7.077424	6.910067
7.122898	6.905510
7.168408	6.901262
7.213942	6.898535
7.259504	6.890969
7.305106	6.887947
7.350738	6.881309
7.396398	6.878898
7.442078	6.874984
7.487776	6.874984
7.533474	6.873179
7.579186	6.872578
7.624904	6.871976
7.670628	6.868370
7.716374	6.867770
7.762130	6.863569
7.807916	6.860271
7.853726	6.854883
7.899572	6.850697
7.945440	6.846815
7.991344	6.842043
8.037270	6.837576
8.083234	6.832817
8.129224	6.830143
8.175246	6.821838
8.221308	6.819172
8.267398	6.813257
8.313516	6.810007
8.359658	6.806761
8.405812	6.806761
8.451970	6.804992
8.498142	6.803813
8.544318	6.803813
8.590504	6.799690
8.636710	6.799101
8.682928	6.795571
8.729172	6.791752
8.775446	6.786470
8.821752	6.782660
8.868082	6.778270
8.914452	6.773009
8.960846	6.768923
9.007276	6.763968
9.053734	6.761348
9.100222	6.753499
9.146752	6.750597
9.193312	6.744220
9.239902	6.741326
9.286512	6.738145
9.333138	6.738145
9.379766	6.736122
9.426408	6.735256
9.473056	6.734967
9.519712	6.731503
9.566386	6.730927
9.613074	6.726891
9.659792	6.722860
9.706538	6.717972
9.753318	6.713666
9.800124	6.709364
9.846966	6.705068
9.893834	6.700206
9.940740	6.695637
9.987672	6.692784
10.034638	6.684524
10.081648	6.681965
10.128686	6.675434
10.175754	6.672882
10.222844	6.669482
10.269952	6.669199
10.317058	6.668066
10.364178	6.666651
10.411306	6.666368
10.458442	6.662692
10.505598	6.662692
10.552766	6.657891
10.599966	6.654225
10.647196	6.649436
10.694458	6.644936
10.741748	6.641003
10.789074	6.635953
10.836432	6.630910
10.883826	6.626435
10.931250	6.623361
10.978708	6.615272
11.026210	6.612766
11.073740	6.606369
11.121302	6.603592
11.168886	6.599985
11.216488	6.599985
11.264090	6.598598
11.311708	6.596936
11.359332	6.596936
11.406966	6.593059
11.454620	6.592782
11.502286	6.588358
11.549988	6.584216
11.597716	6.580078
11.645480	6.575121
11.693274	6.570445
11.741106	6.566051
11.788968	6.560840
11.836870	6.556458
11.884800	6.553176
11.932766	6.545530
11.980776	6.542259
12.028816	6.536270
12.076890	6.533279
12.124986	6.529749
12.173102	6.529477
12.221216	6.528120
12.269346	6.527307
12.317480	6.526764
12.365624	6.523511
12.413788	6.522699
12.461968	6.518368
12.510178	6.514583
12.558422	6.509454
12.606700	6.505141
12.655008	6.500564
12.703360	6.495457
12.751738	6.490626
12.800162	6.485802
12.848614	6.482322
12.897106	6.474307
12.945644	6.471373
12.994212	6.464981
13.042814	6.462321
13.091436	6.459132
13.140080	6.458601
13.188724	6.457008
13.237384	6.455946
13.286050	6.455416
13.334726	6.452234
13.383422	6.451174
13.432134	6.447467
13.480878	6.443235
13.529654	6.438481
13.578466	6.433735
13.627312	6.429258
13.676198	6.423999
13.725116	6.419274
13.774078	6.414293
13.823068	6.411414
13.872096	6.403311
13.921172	6.400702
13.970278	6.393928
14.019420	6.391067
14.068588	6.387688
14.117774	6.386909
14.166962	6.386130
14.216162	6.385091
14.265368	6.384572
14.314584	6.381460
14.363822	6.380164
14.413078	6.375761
14.462370	6.371882
14.511690	6.367233
14.561052	6.362075
14.610444	6.357955
14.659882	6.352812
14.709348	6.347678
14.758862	6.342552
14.808410	6.339224
14.857996	6.331303
14.907632	6.327733
14.957302	6.322130
15.007002	6.319078
15.056728	6.316283
15.106470	6.315521
15.156216	6.314251
15.205976	6.312983
15.255746	6.312475
15.305524	6.308926
15.355326	6.308419
15.405142	6.304368
15.454992	6.300069
15.504876	6.295525
15.554798	6.290734
15.604754	6.285951
15.654756	6.280673
15.704792	6.275905
15.754872	6.270644
15.804988	6.267391
15.855142	6.259649
15.905346	6.256657
15.955580	6.250433
16.005854	6.246953
16.056154	6.243973
16.106470	6.243477
16.156792	6.242236
16.207124	6.241244
16.257464	6.240996
16.307816	6.237031
16.358192	6.236536
16.408582	6.232082
16.459010	6.228129
16.509472	6.222947
16.559978	6.218267
16.610514	6.213839
16.661096	6.208927
16.711714	6.203042
16.762382	6.198147
16.813086	6.194236
16.863830	6.186917
16.914628	6.183264
16.965458	6.177428
17.016322	6.174514
17.067214	6.171360
17.118124	6.170633
17.169036	6.169663
17.219964	6.168694
17.270898	6.167483
17.321846	6.164579
17.372814	6.163853
17.423798	6.159986
17.474818	6.155399
17.525876	6.150820
17.576972	6.145766
17.628108	6.141201
17.679290	6.135683
17.730510	6.130655
17.781776	6.125395
17.833080	6.122291
17.884426	6.113951
17.935826	6.111097
17.987260	6.104447
18.038734	6.101365
18.090234	6.098285
18.141754	6.098049
18.193274	6.096392
18.244812	6.095446
18.296358	6.094973
18.347914	6.091427
18.399494	6.090719
18.451092	6.086471
18.502728	6.082228
18.554400	6.077287
18.606118	6.072118
18.657872	6.067662
18.709674	6.062042
18.761518	6.056900
18.813410	6.051766
18.865340	6.047805
18.917316	6.040363
18.969344	6.036649
19.021410	6.030623
19.073514	6.027846
19.125646	6.024147
19.177796	6.024147
19.229952	6.022530
19.282120	6.021838
19.334296	6.020914
19.386486	6.017455
19.438702	6.016763
19.490934	6.012618
19.543204	6.008248
19.595514	6.002967
19.647870	5.998153
19.700266	5.993347
19.752710	5.987864
19.805196	5.982619
19.857732	5.977155
19.910312	5.973745
19.962932	5.965805
20.015610	5.962408
20.068326	5.956303
20.121080	5.953369
20.173862	5.950211
20.226662	5.949986
20.279464	5.948634
20.332284	5.947733
20.385108	5.946832
20.437950	5.943907
20.490810	5.942783
20.543692	5.938738
20.596614	5.934251
20.649574	5.929547
20.702582	5.924180
20.755630	5.919492
20.808730	5.913920
20.861874	5.908581
20.915068	5.903030
20.968310	5.899261
21.021594	5.891517
21.074940	5.887763
21.128322	5.881811
21.181746	5.878509
21.235200	5.875430
21.288672	5.874991
21.342150	5.873892
21.395640	5.872575
21.449142	5.872136
21.502656	5.868406
21.556196	5.868187
21.609752	5.863368
21.663350	5.859650
21.716990	5.854190
21.770680	5.848959
21.824408	5.844389
21.878194	5.838740
21.932020	5.833320
21.985902	5.828125
22.039826	5.824020
22.093800	5.816472
22.147832	5.813028
22.201904	5.806581
22.256020	5.803578
22.310164	5.800363
22.364328	5.800149
22.418496	5.798650
22.472682	5.797366
22.526876	5.797152
22.581080	5.793945
22.635312	5.792663
22.689566	5.788393
22.743862	5.783918
22.798202	5.778811
22.852590	5.773925
22.907022	5.768624
22.961514	5.763121
23.016046	5.757418
23.070640	5.752147
23.125278	5.747937
23.179968	5.740166
23.234718	5.736602
23.289510	5.730533
23.344344	5.727190
23.399210	5.724268
23.454098	5.723434
23.508990	5.722183
23.563898	5.721349
23.618814	5.720515
23.673748	5.716976
23.728706	5.716352
23.783686	5.711779
23.838710	5.707421
23.893780	5.702241
23.948898	5.697484
24.004060	5.691910
24.059288	5.686141
24.114560	5.680588
24.169894	5.675047
24.225272	5.671154
24.280704	5.663385
24.336198	5.659304
24.391738	5.653397
24.447320	5.650143
24.502936	5.646893
24.558572	5.646690
24.614214	5.645067
24.669870	5.644458
24.725534	5.643444
24.781216	5.640607
24.836922	5.639190
24.892654	5.634942
24.948430	5.630094
25.004256	5.625054
25.060134	5.619621
25.116060	5.614599
25.172048	5.608585
25.228086	5.602983
25.284184	5.597393
25.340336	5.593207
25.396540	5.585054
25.452810	5.581878
25.509122	5.575340
25.565484	5.572373
25.621872	5.569410
25.678286	5.568817
25.734702	5.567436
25.791138	5.566449
25.847584	5.565463
25.904046	5.562310
25.960534	5.561325
26.017046	5.556997
26.073604	5.552675
26.130208	5.547577
26.186868	5.541901
26.243580	5.536627
26.300354	5.531168
26.357180	5.524942
26.414070	5.519700
