#Creator: wheelEventBuffer
#Creation time: Thu Apr 11 12:22:51 2019
#Time	Angular velocity
#[s]	[rad/s]
1.393616	0.676703
1.807772	0.976123
2.105054	1.191496
2.353440	1.369733
2.571996	1.526483
2.769610	1.668610
2.951394	1.800092
3.120518	1.924925
3.279182	2.043525
3.428992	2.157806
3.571238	2.266302
3.706876	2.371694
3.836772	2.470816
3.961622	2.566409
4.081948	2.659167
4.198236	2.748213
4.310856	2.833838
4.420174	2.916931
4.526448	2.998103
4.629926	3.076675
4.730830	3.152627
4.829404	3.224263
4.925814	3.294663
5.020234	3.361862
5.112800	3.427890
5.203598	3.492909
5.292744	3.556976
5.380278	3.621933
5.466264	3.686190
5.550750	3.751872
5.633808	3.814742
5.715478	3.879372
5.795844	3.940685
5.874978	4.000806
5.952928	4.060164
6.029768	4.118501
6.105530	4.175429
6.180274	4.231785
6.254032	4.287810
6.326844	4.342575
6.398748	4.396541
6.469806	4.447202
6.540048	4.498400
6.609516	4.547233
6.678244	4.595928
6.746242	4.644303
6.813546	4.692166
6.880150	4.741454
6.946070	4.790328
7.011306	4.841413
7.075882	4.889791
7.139794	4.941165
7.203086	4.987605
7.265782	5.034604
7.327894	5.081510
7.389448	5.127122
7.450454	5.172368
7.510930	5.217379
7.570886	5.262828
7.630334	5.307282
7.689282	5.351582
7.747766	5.393107
7.805790	5.435469
7.863382	5.475256
7.920554	5.515630
7.977298	5.556407
8.033640	5.596196
8.089568	5.638380
8.145080	5.679767
8.200182	5.723434
8.254884	5.763967
8.309180	5.807869
8.363096	5.846782
8.416650	5.886439
8.469836	5.926639
8.522676	5.965578
8.575168	6.003655
8.627330	6.042454
8.679154	6.081757
8.730652	6.119668
8.781824	6.158778
8.832694	6.193992
8.883262	6.230846
8.933548	6.265142
8.983554	6.299817
9.033282	6.335133
9.082740	6.369556
9.131920	6.405923
9.180822	6.442178
9.229440	6.481520
9.277782	6.517016
9.325840	6.556458
9.373642	6.589464
9.421186	6.625596
9.468474	6.661562
9.515518	6.695637
9.562314	6.730061
9.608878	6.764259
9.655200	6.799690
9.701288	6.834304
9.747140	6.868671
9.792776	6.900050
9.838198	6.933246
9.883412	6.963367
9.928426	6.995619
9.973228	7.027857
10.017832	7.059441
10.062234	7.091631
10.106424	7.125409
10.150406	7.161141
10.194186	7.191632
10.237752	7.229365
10.281124	7.259099
10.324310	7.290431
10.367304	7.322718
10.410124	7.352883
10.452756	7.383644
10.495216	7.415013
10.537494	7.446297
10.579596	7.477490
10.621520	7.510023
10.663278	7.537410
10.704870	7.569008
10.746304	7.596094
10.787586	7.624485
10.828710	7.653461
10.869684	7.681531
10.910500	7.712079
10.951156	7.741727
10.991648	7.775450
11.031978	7.805199
11.072138	7.839479
11.112148	7.865780
11.152016	7.894639
11.191734	7.924110
11.231312	7.952594
11.270746	7.980067
11.310044	8.008547
11.349198	8.038876
11.388210	8.066949
11.427082	8.096471
11.465826	8.122428
11.504434	8.151089
11.542920	8.175695
11.581282	8.203020
11.619516	8.230528
11.657630	8.254750
11.695620	8.283917
11.733478	8.311971
11.771202	8.343317
11.808800	8.370438
11.846258	8.401778
11.883598	8.427019
11.920820	8.453777
11.957922	8.480248
11.994912	8.506885
12.031788	8.530909
12.068552	8.559731
12.105196	8.586871
12.141728	8.612766
12.178144	8.640719
12.214454	8.664550
12.250652	8.692841
12.286748	8.715026
12.322746	8.739270
12.358640	8.765115
12.394434	8.789147
12.430122	8.815784
12.465704	8.842085
12.501174	8.872049
12.536536	8.897175
12.571786	8.927008
12.606934	8.950406
12.641988	8.974953
12.676940	9.000151
12.711800	9.024972
12.746562	9.048887
12.781234	9.073454
12.815808	9.099208
12.850288	9.124579
12.884666	9.151158
12.918958	9.173069
12.953156	9.198854
12.987268	9.220994
13.021298	9.243785
13.055236	9.268329
13.089094	9.290255
13.122862	9.315599
13.156542	9.339971
13.190122	9.370057
13.223612	9.393030
13.257006	9.422328
13.290312	9.443287
13.323540	9.466620
13.356682	9.490070
13.389748	9.514212
13.422726	9.536160
13.455630	9.560538
13.488444	9.586795
13.521178	9.609080
13.553826	9.634423
13.586402	9.655150
13.618896	9.680737
13.651316	9.700465
13.683666	9.722681
13.715940	9.744394
13.748146	9.765597
13.780274	9.790553
13.812320	9.815637
13.844282	9.842699
13.876168	9.863713
13.907970	9.892287
13.939700	9.911638
13.971360	9.934204
14.002946	9.956873
14.034466	9.979012
14.065912	9.999977
14.097292	10.023587
14.128600	10.045382
14.159838	10.068562
14.191002	10.093146
14.222100	10.111989
14.253128	10.136786
14.284094	10.155792
14.314998	10.176188
14.345834	10.197990
14.376610	10.218555
14.407318	10.241875
14.437958	10.264630
14.468522	10.291531
14.499020	10.312476
14.529442	10.340309
14.559796	10.360087
14.590088	10.382684
14.620312	10.404692
14.650476	10.427485
14.680574	10.446903
14.710616	10.467788
14.740596	10.489458
14.770516	10.511921
14.800368	10.534480
14.830166	10.553590
14.859900	10.576329
14.889580	10.594162
14.919206	10.614923
14.948772	10.635046
14.978286	10.654523
15.007740	10.677699
15.037132	10.698790
15.066458	10.725088
15.095728	10.744161
15.124928	10.771421
15.154070	10.790660
15.183158	10.811455
15.212186	10.831584
15.241164	10.852538
15.270086	10.871315
15.298956	10.892423
15.327772	10.912097
15.356536	10.931842
15.385242	10.956241
15.413894	10.973079
15.442494	10.996124
15.471042	11.013857
15.499544	11.031648
15.527994	11.051828
15.556398	11.069742
15.584748	11.092411
15.613042	11.113601
15.641278	11.138820
15.669460	11.157809
15.697582	11.184025
15.725650	11.201571
15.753674	11.221577
15.781646	11.239241
15.809582	11.254541
15.837488	11.261803
15.865386	11.262611
15.893290	11.256154
15.921224	11.239241
15.949202	11.219974
15.977238	11.191196
16.005342	11.165740
16.033516	11.137240
16.061758	11.109671
16.090066	11.085366
16.118444	11.056496
16.146888	11.032423
16.175396	11.006911
16.203964	10.986895
16.232594	10.960064
16.261286	10.939455
16.290044	10.909065
16.318878	10.882613
16.347782	10.854788
16.376760	10.828597
16.405810	10.799562
16.434936	10.772898
16.464132	10.747101
16.493400	10.721427
16.522736	10.696604
16.552148	10.666823
16.581632	10.642973
16.611194	10.612055
16.640838	10.584168
16.670558	10.556427
16.700360	10.526714
16.730238	10.502784
16.760186	10.476166
16.790206	10.453855
16.820302	10.424717
16.850466	10.404692
16.880708	10.373085
16.911034	10.345757
16.941440	10.317895
16.971934	10.288160
17.002510	10.259937
17.033174	10.231201
17.063918	10.204615
17.094746	10.178166
17.125652	10.151198
17.156648	10.120458
17.187730	10.094443
17.218900	10.064046
17.250162	10.034473
17.281516	10.005072
17.312962	9.975210
17.344498	9.948675
17.376120	9.920401
17.407826	9.897274
17.439616	9.867431
17.471492	9.843933
17.503458	9.812571
17.535524	9.783236
17.567682	9.753470
17.599944	9.723885
17.632302	9.692684
17.664762	9.664060
17.697318	9.635605
17.729972	9.606729
17.762720	9.578610
17.795576	9.547173
17.828528	9.518824
17.861590	9.486631
17.894762	9.455224
17.928040	9.424589
17.961430	9.393591
17.994924	9.365029
18.028522	9.335530
18.062220	9.309526
18.096026	9.278731
18.129928	9.253587
18.163940	9.220453
18.198072	9.189705
18.232314	9.158094
18.266682	9.125639
18.301162	9.095520
18.335764	9.063507
18.370484	9.032756
18.405324	9.002214
18.440280	8.972390
18.475362	8.938692
18.510566	8.908276
18.545900	8.875057
18.581368	8.840592
18.616968	8.808368
18.652702	8.774908
18.688568	8.743161
18.724562	8.712609
18.760678	8.684670
18.796924	8.651189
18.833294	8.624115
18.869800	8.588280
18.906452	8.555536
18.943240	8.522578
18.980178	8.488956
19.017262	8.453777
19.054494	8.421597
19.091872	8.388317
19.129398	8.355300
19.167070	8.323423
19.204900	8.287413
19.242882	8.253882
19.281030	8.217611
19.319346	8.181657
19.357822	8.147284
19.396472	8.110266
19.435286	8.077320
19.474262	8.042992
19.513394	8.012632
19.552696	7.976015
19.592154	7.946961
19.631784	7.908949
19.671596	7.874060
19.711582	7.837914
19.751762	7.801710
19.792122	7.765072
19.832676	7.728775
19.873418	7.693194
19.914350	7.657192
19.955472	7.622265
19.996796	7.583625
20.038322	7.546463
20.080062	7.507869
20.122018	7.468247
20.164192	7.429743
20.206588	7.390592
20.249202	7.353571
20.292032	7.316238
20.335074	7.281982
20.378332	7.243366
20.421806	7.209125
20.465510	7.168985
20.509454	7.129613
20.553636	7.090991
20.598070	7.050886
20.642748	7.011232
20.687688	6.971402
20.732878	6.932023
20.778330	6.892178
20.824044	6.852490
20.870036	6.810303
20.916304	6.769215
20.962866	6.726027
21.009726	6.683102
21.056884	6.640160
21.104356	6.596105
21.152134	6.554817
21.200212	6.512963
21.248598	6.473240
21.297294	6.430574
21.346296	6.391327
21.395626	6.346908
21.445298	6.303103
21.495316	6.258901
21.545690	6.214822
21.596426	6.169421
21.647532	6.124917
21.699014	6.080345
21.750876	6.035257
21.803126	5.990376
21.855788	5.941884
21.908870	5.895055
21.962392	5.845476
22.016368	5.796083
22.070800	5.746676
22.125714	5.696244
22.181100	5.648112
22.236962	5.599388
22.293302	5.553068
22.350138	5.503263
22.407466	5.456807
22.465318	5.405356
22.523716	5.354683
22.582668	5.303340
22.642202	5.251919
22.702324	5.198902
22.763064	5.146271
22.824432	5.093043
22.886448	5.039126
22.949136	4.984914
23.012530	4.927370
23.076660	4.870988
23.141558	4.811899
23.207266	4.751638
23.273802	4.691885
23.341212	4.630339
23.409502	4.570786
23.478694	4.510672
23.548800	4.452118
23.619870	4.390520
23.691914	4.331439
23.764992	4.267888
23.839170	4.204262
23.914478	4.139666
23.990998	4.073536
24.068770	4.006214
24.147888	3.937228
24.228412	3.867337
24.310424	3.795478
24.394008	3.723413
24.479280	3.647416
24.566350	3.570884
24.655372	3.489961
24.746498	3.407663
24.839872	3.323593
24.935672	3.237754
25.034038	3.152121
25.135152	3.064610
25.239216	2.976233
25.346512	2.883730
25.457302	2.790840
25.571972	2.693086
25.690958	2.592501
25.814776	2.487366
25.944138	2.376646
26.079882	2.259391
26.223140	2.135395
26.375250	2.005101
26.538136	1.865421
26.714500	1.713459
26.908720	1.544342
27.128108	1.352014
27.387718	1.122318
27.731960	0.819805
28.305870	0.423440
28.996366	0.412210
29.584782	0.788616
29.942772	1.078844
30.213026	1.297568
30.441820	1.479455
30.644738	1.638089
30.829410	1.779475
31.000394	1.907556
31.160548	2.024770
31.311926	2.133654
31.455932	2.235659
31.593658	2.332012
31.725884	2.424031
31.853250	2.513153
31.976210	2.600527
32.095162	2.684342
32.210446	2.768996
32.322292	2.851276
32.430930	2.934477
32.536548	3.016759
32.639330	3.099257
32.739432	3.179557
32.837070	3.258373
32.932404	3.334953
33.025610	3.408181
33.116860	3.479987
33.206292	3.547577
33.294066	3.612687
33.380302	3.675065
33.465104	3.735722
33.548546	3.795111
33.630720	3.852729
33.711670	3.909593
33.791468	3.965456
33.870144	4.022114
33.947740	4.075333
34.024314	4.131500
34.099862	4.185665
34.174420	4.241842
34.247998	4.298135
34.320604	4.356546
34.392250	4.413589
34.462986	4.470491
34.532832	4.526399
34.601840	4.579314
34.670052	4.633344
34.737496	4.683492
34.804232	4.732740
34.870282	4.780414
34.935692	4.826685
35.000466	4.873255
35.064646	4.917960
35.128238	4.962394
35.191268	5.006841
35.253740	5.051929
35.315668	5.093538
35.377082	5.138527
35.437968	5.181068
35.498340	5.226232
35.558194	5.271306
35.617528	5.318783
35.676336	5.365291
35.734642	5.411874
35.792448	5.458513
35.849774	5.502106
35.906644	5.547381
35.963066	5.589028
36.019076	5.629691
36.074686	5.669312
36.129910	5.708873
36.184754	5.747517
36.239236	5.786048
36.293354	5.823804
36.347128	5.861180
36.400556	5.900148
36.453642	5.934700
36.506412	5.973291
36.558846	6.009397
36.610956	6.048038
36.662734	6.086471
36.714178	6.128024
36.765274	6.167968
36.816046	6.208436
36.866488	6.248444
36.916616	6.285951
36.966438	6.325949
37.015960	6.362075
37.065204	6.398095
37.114170	6.433471
37.162876	6.467376
37.211320	6.502448
37.259512	6.535998
37.307454	6.569346
37.355158	6.602759
37.402614	6.637916
37.449836	6.667217
37.496836	6.702207
37.543602	6.732946
37.590142	6.767174
37.636448	6.801162
37.682520	6.837874
37.728338	6.874081
37.773926	6.909459
37.819276	6.946123
37.864392	6.980076
37.909290	7.015616
37.953968	7.048038
37.998440	7.080124
38.042714	7.111859
38.086794	7.142905
38.130676	7.174879
38.174372	7.205488
38.217878	7.235692
38.261208	7.265814
38.304354	7.297544
38.347324	7.324084
38.390130	7.355293
38.432760	7.383296
38.475220	7.414313
38.517502	7.445238
38.559606	7.478558
38.601518	7.511459
38.643256	7.543926
38.684808	7.577406
38.726184	7.607867
38.767392	7.641175
38.808424	7.671028
38.849302	7.699982
38.890026	7.729536
38.930594	7.758168
38.971012	7.787013
39.011286	7.815296
39.051410	7.843001
39.091396	7.871298
39.131234	7.901390
39.170932	7.924910
39.210506	7.954205
39.249938	7.978851
39.289240	8.007730
39.328402	8.035997
39.367422	8.066949
39.406294	8.096471
39.445022	8.127471
39.483606	8.158286
39.522044	8.186774
39.560350	8.217181
39.598518	8.244784
39.636560	8.272138
39.674476	8.298797
39.712272	8.325628
39.749944	8.352634
39.787498	8.379368
39.824930	8.405374
39.862248	8.431995
39.899448	8.459240
39.936536	8.481164
39.973522	8.508267
40.010394	8.531836
40.047158	8.557866
40.083812	8.583586
40.120352	8.613239
40.156764	8.640719
40.193064	8.669332
40.229244	8.697654
40.265308	8.724707
40.301256	8.753881
40.337096	8.777850
40.372832	8.804419
40.408464	8.829163
40.443996	8.854545
40.479422	8.880576
40.514754	8.904236
40.549982	8.930053
40.585116	8.953978
40.620152	8.981111
40.655092	9.000667
40.689948	9.026009
40.724714	9.047324
40.759388	9.072406
40.793968	9.096574
40.828454	9.124579
40.862832	9.150625
40.897116	9.176820
40.931300	9.204784
40.965384	9.228578
40.999376	9.256859
41.033272	9.279827
41.067080	9.304563
41.100802	9.328323
41.134440	9.351648
41.167986	9.376769
41.201452	9.399212
41.234832	9.422893
41.268130	9.447262
41.301344	9.471758
41.334476	9.490643
41.367538	9.515364
41.400518	9.535003
41.433426	9.558211
41.466254	9.580947
41.499000	9.606729
41.531660	9.631469
41.564234	9.657524
41.596722	9.683124
41.629126	9.705860
41.661452	9.732922
41.693694	9.754681
41.725862	9.777755
41.757954	9.800326
41.789974	9.823002
41.821918	9.846401
41.853788	9.868671
41.885584	9.891042
41.917312	9.913514
41.948964	9.938604
41.980544	9.955611
42.012066	9.979012
42.043518	9.997431
42.074908	10.019112
42.106228	10.040887
42.137478	10.066626
42.168648	10.089256
42.199750	10.113291
42.230774	10.140058
42.261722	10.161705
42.292604	10.186747
42.323420	10.202626
42.354202	10.211912
42.384968	10.213240
42.415746	10.203289
42.446564	10.186747
42.477444	10.162362
42.508402	10.132862
42.539456	10.101584
42.570598	10.075020
42.601830	10.040887
42.633162	10.014640
42.664584	9.981549
42.696104	9.951827
42.727718	9.922281
42.759420	9.896650
42.791206	9.870531
42.823078	9.843933
42.855036	9.817477
42.887084	9.787503
42.919226	9.761956
42.951456	9.732319
42.983786	9.702862
43.016214	9.672391
43.048746	9.642111
43.081374	9.613785
43.114108	9.583286
43.146936	9.554141
43.179874	9.522863
43.212916	9.494659
43.246062	9.459779
43.279326	9.430248
43.312700	9.396401
43.346186	9.366146
43.379784	9.334975
43.413486	9.308423
43.447288	9.279279
43.481200	9.249772
43.515214	9.222618
43.549332	9.192394
43.583560	9.166110
43.617896	9.133068
43.652350	9.103427
43.686922	9.070834
43.721616	9.040034
43.756428	9.008409
43.791366	8.976492
43.826424	8.944291
43.861614	8.911814
43.896926	8.882083
43.932368	8.845570
43.967950	8.813805
44.003666	8.778341
44.039520	8.746082
44.075504	8.713576
44.111620	8.684190
44.147860	8.653095
44.184230	8.623168
44.220726	8.593448
44.257352	8.561131
44.294114	8.531373
44.331010	8.498141
44.368052	8.465167
44.405238	8.430637
44.442578	8.397286
44.480062	8.363752
44.517708	8.328719
44.555502	8.294415
44.593460	8.259524
44.631574	8.226649
44.669850	8.188054
44.708302	8.153627
44.746920	8.116133
44.785710	8.081475
44.824668	8.046288
44.863788	8.015085
44.903066	7.981283
44.942510	7.948972
44.982114	7.916522
45.021884	7.881963
45.061826	7.849664
45.101942	7.813352
45.142242	7.777374
45.182734	7.740201
45.223420	7.703758
45.264296	7.666909
45.305376	7.629299
45.346656	7.590955
45.388146	7.552995
45.429844	7.516851
45.471754	7.474643
45.513892	7.437483
45.556248	7.396508
45.598828	7.359083
45.641626	7.321353
45.684642	7.286373
45.727864	7.250052
45.771306	7.213760
45.814964	7.178814
45.858842	7.140632
45.902954	7.104140
45.947298	7.065157
45.991892	7.025342
46.036740	6.984732
46.081852	6.943974
46.127226	6.902779
46.172882	6.860871
46.218810	6.818876
46.265030	6.776223
46.311534	6.735256
46.358336	6.689933
46.405446	6.648029
46.452860	6.603869
46.500584	6.561662
46.548614	6.519450
46.596952	6.480183
46.645580	6.439801
46.694520	6.399398
46.743770	6.359499
46.793336	6.316537
46.843236	6.276407
46.893470	6.231588
46.944068	6.186917
46.995038	6.140721
47.046396	6.094500
47.098140	6.047805
47.150296	6.000444
47.202864	5.952015
47.255864	5.903474
47.309300	5.856155
47.363184	5.804221
47.417540	5.756363
47.472358	5.705348
47.527654	5.657469
47.583422	5.609386
47.639658	5.563886
47.696362	5.516599
47.753556	5.470108
47.811242	5.423084
47.869436	5.373918
47.928166	5.325636
47.987450	5.273606
48.047326	5.221021
48.107816	5.167093
48.168948	5.111772
48.230746	5.055994
48.293248	4.998397
48.356468	4.940233
48.420446	4.881888
48.485190	4.823869
48.550734	4.762587
48.617118	4.703828
48.684344	4.643068
48.752438	4.584527
48.821406	4.525878
48.891266	4.469219
48.962024	4.411234
49.033726	4.352683
49.106406	4.293788
49.180114	4.231785
49.254912	4.169997
49.330862	4.104189
49.408062	4.036792
49.486582	3.966657
49.566524	3.894955
49.647970	3.821331
49.731032	3.745342
49.815812	3.667514
49.902434	3.588423
49.990990	3.509062
50.081616	3.425797
50.174466	3.344112
50.269634	3.260063
50.367274	3.176984
50.467512	3.093398
50.570508	3.009938
50.676444	2.923881
50.785604	2.835628
50.898286	2.744612
51.014896	2.648005
51.135974	2.547141
51.262140	2.439125
51.394242	2.324592
51.533316	2.202030
51.680760	2.070215
51.838458	1.927239
52.009132	1.771109
52.196772	1.599182
52.407906	1.407183
52.654732	1.185507
52.968192	0.908863
53.764042	0.355290
54.271700	0.346064
55.086316	0.854348
55.420328	1.109994
55.684362	1.312102
55.911090	1.486483
56.113180	1.641942
56.297406	1.783516
56.467848	1.914415
56.627260	2.036742
56.777562	2.151599
56.920204	2.260236
57.056266	2.363450
57.186684	2.459981
57.312148	2.552273
57.433272	2.639328
57.550502	2.723767
57.664182	2.805996
57.774620	2.886008
57.882034	2.965949
57.986608	3.044415
58.088520	3.123042
58.187956	3.198526
58.285050	3.274539
58.379984	3.346392
58.472906	3.417375
58.563928	3.486862
58.653186	3.554723
58.740760	3.621099
58.826764	3.686190
58.911270	3.750439
58.994354	3.813353
59.076090	3.875065
59.156580	3.933087
59.235876	3.991250
59.314058	4.046880
59.391174	4.101831
59.467264	4.156316
59.542376	4.209783
59.616518	4.264991
59.689714	4.319647
59.761974	4.375843
59.833344	4.429645
59.903822	4.485683
59.973466	4.537382
60.042320	4.589214
60.110394	4.640736
60.177732	4.691605
60.244342	4.741025
60.310266	4.790912
60.375510	4.839921
60.440100	4.888421
60.504054	4.936817
60.567412	4.981594
60.630186	5.027514
60.692412	5.070847
60.754106	5.114268
60.815272	5.158100
60.875930	5.200968
60.936074	5.245605
60.995712	5.290123
61.054838	5.336673
61.113474	5.380361
61.171612	5.426831
61.229282	5.469156
61.286508	5.511373
61.343288	5.554050
61.399646	5.595997
61.455578	5.637166
61.511108	5.678330
61.566232	5.720099
61.620962	5.761008
61.675300	5.802077
61.729278	5.839609
61.782894	5.878949
61.836170	5.915702
61.889114	5.952241
61.941726	5.989919
61.994018	6.026227
62.045982	6.065085
62.097614	6.103735
62.148914	6.144324
62.199892	6.182047
62.250540	6.223194
62.300882	6.258901
62.350930	6.296029
62.400678	6.333345
62.450148	6.369040
62.499330	6.405400
62.548242	6.441386
62.596878	6.477511
62.645244	6.513773
62.693338	6.550170
62.741184	6.583388
62.788778	6.618059
62.836134	6.650562
62.883258	6.683102
62.930148	6.716249
62.976814	6.748856
63.023242	6.783539
63.069438	6.817396
63.115392	6.855182
63.161112	6.888853
63.206594	6.925604
63.251854	6.957507
63.296902	6.990949
63.341734	7.023144
63.386366	7.056270
63.430784	7.088111
63.475008	7.120241
63.519026	7.153640
63.562844	7.186039
63.606462	7.218733
63.649896	7.248714
63.693140	7.280632
63.736206	7.309429
63.779102	7.338798
63.821818	7.369441
63.864368	7.397901
63.906740	7.430446
63.948928	7.461506
63.990938	7.496045
64.032766	7.525854
64.074414	7.560629
64.115890	7.589121
64.157206	7.618937
64.198356	7.648989
64.239352	7.678903
64.280186	7.707538
64.320868	7.737151
64.361394	7.766991
64.401764	7.797063
64.441976	7.828149
64.482044	7.854374
64.521964	7.884336
64.561746	7.910940
64.601390	7.937725
64.640898	7.965903
64.680270	7.992248
64.719506	8.022043
64.758596	8.050824
64.797538	8.083555
64.836340	8.110685
64.874994	8.143905
64.913512	8.169317
64.951904	8.197027
64.990164	8.224495
65.028302	8.251714
65.066310	8.278242
65.104198	8.306257
65.141954	8.334463
65.179588	8.361526
65.217094	8.391006
65.254482	8.415281
65.291752	8.442872
65.328910	8.466992
65.365960	8.492627
65.402890	8.519342
65.439718	8.543437
65.476426	8.571876
65.513020	8.597681
65.549492	8.629327
65.585850	8.654048
65.622084	8.685631
65.658206	8.709711
65.694224	8.734896
65.730136	8.760716
65.765948	8.785706
65.801652	8.810839
65.837258	8.836116
65.872758	8.863039
65.908152	8.889120
65.943438	8.916367
65.978632	8.939201
66.013720	8.965732
66.048718	8.988820
66.083624	9.012027
66.118432	9.036914
66.153156	9.059847
66.187778	9.086576
66.222304	9.111876
66.256726	9.141040
66.291052	9.165041
66.325270	9.195623
66.359394	9.218829
66.393428	9.243241
66.427374	9.265595
66.461254	9.283666
66.495080	9.291904
66.528898	9.290805
66.562734	9.280375
66.596624	9.261771
66.630592	9.237262
66.664668	9.203705
66.698860	9.171462
66.733180	9.136786
66.767622	9.106066
66.802180	9.075026
66.836866	9.040554
66.871672	9.009959
66.906598	8.980084
66.941632	8.953978
66.976784	8.921938
67.012052	8.893146
67.047446	8.859539
67.082972	8.827674
67.118622	8.795545
67.154412	8.762182
67.190334	8.728101
67.226396	8.695247
67.262590	8.664072
67.298916	8.633121
67.335374	8.600976
67.371976	8.566267
67.408720	8.533226
67.445616	8.497221
67.482664	8.462430
67.519862	8.428375
67.557214	8.393248
67.594716	8.361081
67.632362	8.328719
67.670150	8.297920
67.708090	8.264739
67.746170	8.234411
67.784406	8.199595
67.822804	8.164222
67.861366	8.129153
67.900096	8.094385
67.938992	8.059085
67.978060	8.023683
68.017298	7.989402
68.056706	7.955010
68.096282	7.921313
68.136038	7.883545
68.175978	7.848096
68.216106	7.810244
68.256430	7.772756
68.296942	7.735627
68.337656	7.697718
68.378560	7.662421
68.419654	7.626706
68.460936	7.593524
68.502412	7.556992
68.544074	7.524052
68.585936	7.485686
68.628014	7.447709
68.670300	7.410116
68.712808	7.372554
68.755530	7.333316
68.798486	7.295171
68.841660	7.257422
68.885062	7.219728
68.928690	7.182097
68.972560	7.141282
69.016670	7.102534
69.061040	7.059759
69.105670	7.018750
69.150558	6.978526
69.195716	6.936002
69.241136	6.896717
69.286820	6.856977
69.332760	6.820060
69.378968	6.778855
69.425434	6.742194
69.472184	6.699635
69.519222	6.658174
69.566552	6.616944
69.614188	6.574570
69.662126	6.531378
69.710386	6.488749
69.758960	6.446938
69.807854	6.403834
69.857074	6.361817
69.906640	6.315775
69.956558	6.271896
70.006840	6.224180
70.057506	6.178157
70.108546	6.131612
70.159982	6.084584
70.211806	6.039666
70.264018	5.994033
70.316618	5.951339
70.369620	5.904583
70.423018	5.861836
70.476842	5.813243
70.531106	5.766083
70.585818	5.718017
70.641000	5.669721
70.696650	5.620425
70.752794	5.571385
70.809434	5.522611
70.866580	5.472777
70.924246	5.423271
70.982468	5.370244
71.041256	5.318063
71.100646	5.262476
71.160660	5.207865
71.221308	5.152686
71.282612	5.097009
71.344582	5.042685
71.407220	4.988239
71.470540	4.935266
71.534566	4.879613
71.599302	4.826537
71.664788	4.769383
71.731062	4.712436
71.798142	4.654625
71.866076	4.595928
71.934884	4.536072
72.004616	4.475458
72.075298	4.414829
72.146970	4.352924
72.219678	4.290035
72.293494	4.223820
72.368476	4.157196
72.444712	4.086359
72.522272	4.016149
72.601202	3.945337
72.681584	3.873249
72.763458	3.802092
72.846894	3.729602
72.931962	3.658034
73.018756	3.583511
73.107352	3.509924
73.197898	3.431934
73.290532	3.353321
73.385386	3.272697
73.482658	3.189952
73.582520	3.104525
73.685228	3.016354
73.791028	2.925732
73.900234	2.831896
74.013196	2.734578
74.130398	2.631811
74.252404	2.524260
74.379978	2.408163
74.513994	2.287723
74.655492	2.161369
74.805828	2.028300
74.966752	1.888317
75.140724	1.738337
75.331392	1.576408
75.544690	1.396400
75.791514	1.190421
76.098614	0.933464
76.985310	0.327262
77.468534	0.313675
78.387074	0.841826
78.726956	1.079007
78.998586	1.273209
79.232054	1.444503
79.439734	1.599703
79.628390	1.745562
79.802156	1.882749
79.963892	2.012732
80.115694	2.135221
80.259176	2.251392
80.395532	2.363593
80.525768	2.467206
80.650764	2.564984
80.771200	2.656423
80.887646	2.743366
81.000534	2.825986
81.110220	2.905385
81.216996	2.981487
81.321138	3.054657
81.422830	3.125590
81.522262	3.195468
81.619550	3.264942
81.714818	3.331558
81.808176	3.400213
81.899686	3.467235
81.989422	3.535679
82.077444	3.603653
82.163816	3.672573
82.248586	3.740437
82.331854	3.807068
82.413676	3.873632
82.494138	3.936636
82.573334	3.999074
82.651334	4.057542
82.728230	4.114725
82.804082	4.169776
82.878952	4.223706
82.952876	4.276137
83.025920	4.327382
83.098102	4.377428
83.169470	4.427397
83.240036	4.477499
83.309832	4.524965
83.378878	4.575846
83.447172	4.624614
83.514732	4.675685
83.581558	4.726616
83.647660	4.779832
83.713032	4.831584
83.777718	4.882950
83.841722	4.934645
83.905072	4.984123
83.967804	5.033313
84.029938	5.079374
84.091518	5.124780
84.152562	5.168623
84.213096	5.211840
84.273126	5.254730
84.332680	5.296724
84.391762	5.337942
84.450392	5.379255
84.508570	5.421587
84.566312	5.459462
84.623640	5.501721
84.680540	5.540923
84.737020	5.583267
84.793078	5.625054
84.848710	5.669517
84.903910	5.713025
84.958694	5.756574
85.013064	5.800791
85.067028	5.842432
85.120612	5.884675
85.173824	5.923510
85.226688	5.962408
85.279214	6.000215
85.331412	6.037577
85.383286	6.074467
85.434856	6.110384
85.486116	6.146487
85.537086	6.181560
85.587760	6.218513
85.638146	6.250931
85.688260	6.287712
85.738092	6.321366
85.787642	6.358212
85.836910	6.394709
85.885892	6.433471
85.934578	6.471639
85.982980	6.510263
86.031096	6.549078
86.078930	6.585596
86.126502	6.623640
86.173810	6.657891
86.220876	6.692213
86.267704	6.725739
86.314302	6.758730
86.360668	6.791752
86.406818	6.824209
86.452742	6.856379
86.498460	6.887947
86.543962	6.921637
86.589254	6.950119
86.634354	6.982869
86.679248	7.012171
86.723942	7.045509
86.768430	7.077572
86.812706	7.113792
86.856762	7.147781
86.900608	7.182425
86.944246	7.217406
86.987672	7.250722
87.030900	7.285021
87.073934	7.315897
87.116786	7.347036
87.159458	7.377401
87.201956	7.407670
87.244276	7.438539
87.286432	7.467182
87.328418	7.497119
87.370242	7.526215
87.411900	7.557355
87.453400	7.582161
87.494754	7.613029
87.535948	7.638945
87.576992	7.669155
87.617876	7.698472
87.658598	7.731438
87.699150	7.762769
87.739538	7.793968
87.779764	7.826979
87.819824	7.856731
87.859732	7.889088
87.899480	7.917320
87.939092	7.946157
87.978558	7.973585
88.017888	8.002427
88.057076	8.030246
88.096136	8.057432
88.135056	8.085219
88.173848	8.112360
88.212508	8.140950
88.251042	8.164222
88.289458	8.192325
88.327748	8.216751
88.365918	8.243919
88.403960	8.271703
88.441872	8.302306
88.479646	8.330485
88.517290	8.360636
88.554800	8.391454
88.592174	8.419340
88.629432	8.446958
88.666584	8.466535
88.703672	8.477502
88.740738	8.476587
88.777832	8.465623
88.814990	8.444688
88.852266	8.414379
88.889678	8.379368
88.927254	8.342874
88.964990	8.308894
89.002888	8.269090
89.040960	8.235275
89.079196	8.197455
89.117600	8.162525
89.156168	8.128312
89.194896	8.096471
89.233774	8.063222
89.272818	8.031067
89.312012	7.999981
89.351368	7.964691
89.390896	7.932113
89.430590	7.896623
89.470466	7.861057
89.510526	7.823470
89.550774	7.787785
89.591208	7.751660
89.631838	7.713594
89.672662	7.676276
89.713690	7.638945
89.754916	7.603080
89.796348	7.560993
89.838004	7.524412
89.879868	7.483546
89.921948	7.447356
89.964240	7.409067
90.006744	7.374284
90.049446	7.338798
90.092362	7.302972
90.135484	7.267831
90.178824	7.230030
90.222384	7.194926
90.266168	7.155270
90.310196	7.116692
90.354466	7.076297
90.398988	7.036672
90.443764	6.995619
90.488810	6.953811
90.534120	6.912803
90.579706	6.870774
90.625568	6.830737
90.671712	6.785004
90.718158	6.744510
90.764890	6.700206
90.811924	6.658456
90.859252	6.616944
90.906870	6.578701
90.954772	6.537902
91.002970	6.498413
91.051466	6.458866
91.100264	6.416652
91.149382	6.376797
91.198820	6.332835
91.248604	6.288468
91.298742	6.243725
91.349246	6.198147
91.400118	6.152265
91.451384	6.105159
91.503044	6.057367
91.555114	6.010087
91.607596	5.963313
91.660500	5.912362
91.713854	5.865558
91.767646	5.815395
91.821888	5.767777
91.876578	5.720724
91.931716	5.675457
91.987294	5.629691
92.043330	5.583664
92.099830	5.537993
92.156808	5.489608
92.214290	5.442249
92.272290	5.391626
92.330842	5.340120
92.389966	5.287630
92.449694	5.233371
92.510038	5.178848
92.571042	5.122607
92.632714	5.065451
92.695096	5.007799
92.758192	4.951289
92.822036	4.890552
92.886660	4.833666
92.952058	4.774167
93.018260	4.716964
93.085268	4.660149
93.153090	4.604955
93.221734	4.548814
93.291236	4.492482
93.361622	4.435649
93.432936	4.375721
93.505240	4.316086
93.578580	4.252291
93.653050	4.186781
93.728710	4.119149
93.805642	4.049801
93.883914	3.979016
93.963624	3.905705
94.044848	3.831117
94.127690	3.755550
94.212220	3.679714
94.298548	3.600102
94.386804	3.521728
94.477060	3.441408
94.569434	3.362150
94.664014	3.282751
94.760908	3.204137
94.860232	3.123973
94.962176	3.042174
95.066960	2.957740
95.174876	2.868144
95.286300	2.775406
95.401650	2.676429
95.521486	2.572419
95.646442	2.462256
95.777342	2.345417
95.915226	2.220332
96.061530	2.085525
96.218072	1.940860
96.387390	1.785868
96.573068	1.618427
96.780964	1.431837
97.021614	1.220406
97.318412	0.967656
97.790650	0.587108
98.493110	0.324174
99.196520	0.561568
99.690754	0.921764
100.002672	1.159405
100.256506	1.354287
100.476730	1.523640
100.674242	1.675480
100.854938	1.815887
101.022484	1.945572
101.179488	2.065967
101.327758	2.179029
101.468648	2.286990
101.603140	2.390607
101.732042	2.489179
101.856034	2.582824
101.975738	2.670469
102.091616	2.755155
102.204066	2.835680
102.313394	2.914117
102.419830	2.991195
102.523594	3.066464
102.624832	3.141718
102.723688	3.215945
102.820284	3.290453
102.914764	3.362150
103.007230	3.434561
103.097820	3.503192
103.186660	3.571290
103.273820	3.638545
103.359414	3.704184
103.443516	3.767801
103.526224	3.830463
103.607598	3.892156
103.687708	3.952285
103.766614	4.011739
103.844396	4.067840
103.921104	4.124016
103.996802	4.177539
104.071536	4.230987
104.145326	4.284185
104.218218	4.336341
104.290226	4.389906
104.361364	4.442926
104.431646	4.497499
104.501106	4.549736
104.569750	4.604011
104.637622	4.654349
104.704760	4.705237
104.771172	4.755666
104.836898	4.805422
104.901944	4.853980
104.966352	4.902457
105.030122	4.950977
105.093276	4.998556
105.155832	5.045763
105.217838	5.089248
105.279296	5.134328
105.340238	5.176458
105.400688	5.218419
105.460640	5.261418
105.520122	5.302803
105.579118	5.347210
105.637630	5.390701
105.695664	5.436410
105.753230	5.479458
105.810326	5.525331
105.866976	5.566647
105.923206	5.608184
105.979012	5.650550
106.034412	5.691910
106.089412	5.732206
106.144026	5.772864
106.198258	5.813028
106.252116	5.853536
106.305604	5.893728
106.358746	5.930890
106.411546	5.969205
106.464018	6.005262
106.516176	6.041989
106.568012	6.078933
106.619542	6.114665
106.670760	6.152988
106.721658	6.191306
106.772234	6.231835
106.822502	6.268642
106.872454	6.309686
106.922110	6.344857
106.971484	6.381201
107.020574	6.417700
107.069396	6.453294
107.117940	6.489017
107.166224	6.524324
107.214246	6.560018
107.262008	6.595828
107.309506	6.632030
107.356766	6.664106
107.403784	6.698777
107.450576	6.730350
107.497142	6.762803
107.543480	6.796159
107.589602	6.827471
107.635496	6.862669
107.681162	6.896112
107.726596	6.932940
107.771806	6.965837
107.816786	7.003417
107.861546	7.034151
107.906108	7.067064
107.950458	7.099003
107.994614	7.131879
108.038566	7.162774
108.082330	7.194926
108.125896	7.227369
108.169268	7.259434
108.212442	7.292801
108.255442	7.321694
108.298256	7.352883
108.340898	7.382256
108.383374	7.411165
108.425676	7.441006
108.467816	7.470022
108.509780	7.501773
108.551572	7.532711
108.593182	7.567185
108.634620	7.596829
108.675878	7.631894
108.716960	7.662047
108.757886	7.693194
108.798644	7.721177
108.839280	7.744780
108.879816	7.756636
108.920324	7.758551
108.960850	7.747454
109.001460	7.728015
109.042188	7.699982
109.083096	7.662047
109.124200	7.624115
109.165516	7.583625
109.207046	7.545738
109.248788	7.507151
109.290750	7.466472
109.332924	7.431149
109.375304	7.394419
109.417890	7.359773
109.460692	7.321012
109.503700	7.288064
109.546926	7.248380
109.590388	7.209456
109.634082	7.169640
109.678022	7.131231
109.722198	7.090991
109.766630	7.050886
109.811308	7.011858
109.856238	6.973569
109.901414	6.934471
109.946864	6.891271
109.992586	6.850398
110.038598	6.806466
110.084902	6.763386
110.131494	6.721422
110.178390	6.677704
110.225578	6.637355
110.273058	6.595274
110.320830	6.557280
110.368902	6.514583
110.417268	6.475908
110.465952	6.431627
110.514962	6.388727
110.564300	6.345883
110.613986	6.301586
110.664014	6.257156
110.714404	6.212610
110.765150	6.168694
110.816268	6.124201
110.867752	6.079639
110.919634	6.032244
110.971914	5.986266
111.024618	5.936494
111.077758	5.887763
111.131334	5.839826
111.185368	5.789247
111.239850	5.742894
111.294788	5.694592
111.350174	5.649330
111.406032	5.600786
111.462354	5.555032
111.519170	5.504613
111.576508	5.454912
111.634364	5.404798
111.692776	5.353406
111.751744	5.301729
111.811296	5.249637
111.871438	5.198214
111.932188	5.145428
111.993560	5.092713
112.055600	5.036702
112.118326	4.980805
112.181784	4.921812
112.245998	4.863749
112.310988	4.804834
112.376784	4.745178
112.443404	4.687265
112.510850	4.628429
112.579154	4.571451
112.648342	4.511319
112.718430	4.453885
112.789470	4.392116
112.861514	4.330603
112.934590	4.268120
113.008766	4.204599
113.084070	4.139557
113.160586	4.073748
113.238350	4.007236
113.317436	3.939202
113.397914	3.869814
113.479894	3.796578
113.563482	3.722531
113.648802	3.643863
113.735986	3.565292
113.825124	3.485314
113.916362	3.403528
114.009810	3.322327
114.105596	3.239423
114.203868	3.156618
114.304826	3.070300
114.408656	2.983866
114.515648	2.892545
114.626124	2.798996
114.740416	2.702213
114.858992	2.601905
114.982342	2.497133
115.111146	2.387265
115.246196	2.272301
115.388528	2.150833
115.539484	2.021513
115.701046	1.880900
115.876080	1.726510
116.069172	1.551297
116.287676	1.356239
116.546080	1.127814
116.885404	0.833040
117.530538	0.401446
118.159018	0.389329
118.821570	0.795118
119.176952	1.077275
119.447360	1.297032
119.675866	1.483731
119.877886	1.649320
120.061184	1.794786
120.230558	1.927594
120.388978	2.048348
120.538578	2.159912
120.680828	2.263591
120.816842	2.361461
120.947440	2.454254
121.073294	2.542606
121.194890	2.627760
121.312670	2.710326
121.426930	2.791633
121.537954	2.869821
121.645976	2.949409
121.751148	3.026757
121.853640	3.105507
121.953584	3.183165
122.051110	3.261620
122.146338	3.338284
122.239434	3.413142
122.330518	3.487404
122.419730	3.557540
122.507224	3.625947
122.593120	3.690607
122.677544	3.753486
122.760590	3.813908
122.842348	3.872677
122.922882	3.929938
123.002278	3.985377
123.080576	4.039802
123.157842	4.093387
123.234092	4.147865
123.309366	4.199204
123.383706	4.254018
123.457106	4.306737
123.529588	4.361869
123.601166	4.416567
123.671852	4.473419
123.741650	4.528879
123.810608	4.583991
123.878738	4.639365
123.946080	4.691465
124.012682	4.744032
124.078570	4.792666
124.143800	4.840965
124.208390	4.887204
124.272378	4.932941
124.335776	4.977963
124.398612	5.022370
124.460894	5.065778
124.522652	5.108945
124.583884	5.153362
124.644606	5.193745
124.704842	5.238083
124.764584	5.279278
124.823840	5.323831
124.882606	5.368042
124.940878	5.415045
124.998652	5.460411
125.055950	5.505963
125.112774	5.552675
125.169134	5.595399
125.225066	5.639797
125.280570	5.680178
125.335682	5.721557
125.390408	5.760163
125.444766	5.799078
125.498758	5.838089
125.552404	5.875430
125.605704	5.912362
125.658678	5.949085
125.711320	5.987636
125.763636	6.021376
125.815652	6.059470
125.867346	6.094736
125.918730	6.133048
125.969796	6.170633
126.020544	6.211136
126.070964	6.250184
126.121070	6.290230
126.170856	6.330793
126.220334	6.368007
126.269518	6.408013
126.318412	6.443235
126.367036	6.478846
126.415398	6.513233
126.463508	6.547713
126.511362	6.581457
126.558978	6.615272
126.606346	6.648873
126.653482	6.681397
126.700384	6.715675
126.747060	6.745379
126.793522	6.779148
126.839754	6.810598
126.885770	6.843832
126.931558	6.877693
126.977116	6.914629
127.022432	6.949811
127.067522	6.985974
127.112374	7.023144
127.157000	7.056587
127.201420	7.090351
127.245662	7.113792
127.289794	7.126702
127.333880	7.128319
127.378002	7.115725
127.422230	7.092912
127.466642	7.057856
127.511282	7.017496
127.556196	6.973569
127.601384	6.930799
127.646862	6.884928
127.692630	6.844428
127.738676	6.800867
127.785008	6.759893
127.831620	6.719409
127.878512	6.680828
127.925672	6.641564
127.973116	6.602481
128.020840	6.564130
128.068850	6.522699
128.117166	6.483125
128.165786	6.440065
128.214738	6.396271
128.264026	6.351785
128.313664	6.306646
128.363658	6.261396
128.414028	6.214331
128.464768	6.167725
128.515900	6.121337
128.567420	6.075406
128.619342	6.025302
128.671688	5.979203
128.724448	5.929995
128.777630	5.884234
128.831230	5.837872
128.885250	5.793945
128.939682	5.749200
128.994544	5.704105
129.049840	5.659711
129.105580	5.612593
129.161794	5.566252
129.218490	5.516405
129.275710	5.465540
129.333466	5.413552
129.391788	5.360714
129.450686	5.307641
129.510194	5.252270
129.570324	5.197010
129.631104	5.141386
129.692544	5.086611
129.754662	5.028318
129.817496	4.972763
129.881042	4.915190
129.945318	4.859987
130.010332	4.804834
130.076088	4.751350
130.142590	4.697077
130.209874	4.642107
130.277966	4.586936
130.346894	4.529140
130.416716	4.471382
130.487474	4.409748
130.559238	4.347022
130.632066	4.281849
130.706024	4.215319
130.781168	4.147208
130.857590	4.076920
130.935334	4.005499
131.014500	3.933284
131.095130	3.861348
131.177312	3.785234
131.261150	3.711448
131.346692	3.635093
131.434026	3.560443
131.523218	3.485546
131.614340	3.411882
131.707468	3.336441
131.802756	3.259928
131.900344	3.181360
132.000440	3.098584
132.103306	3.013403
132.209224	2.922466
132.318590	2.827156
132.431810	2.727077
132.549402	2.621795
132.671962	2.510984
132.800284	2.393120
132.935288	2.268822
133.078170	2.138272
133.230378	2.001014
133.393914	1.854213
133.571586	1.698856
133.767484	1.529842
133.988296	1.344411
134.246428	1.133404
134.573242	0.873014
135.407316	0.339876
135.930044	0.332540
136.779708	0.831778
137.122640	1.080893
137.393380	1.281864
137.625166	1.456302
137.831170	1.613506
138.018440	1.756984
138.191248	1.891068
138.352530	2.014849
138.504360	2.131830
138.648210	2.242841
138.785262	2.348257
138.916392	2.448287
139.042350	2.544789
139.163682	2.637866
139.280884	2.727219
139.394368	2.812930
139.504546	2.893397
139.611724	2.971560
139.716184	3.046068
139.818138	3.118949
139.917740	3.190924
140.015152	3.261146
140.110468	3.332194
140.203786	3.402349
140.295192	3.472985
140.384808	3.540541
140.472704	3.609201
140.558998	3.673690
140.643786	3.738300
140.727122	3.802092
140.809094	3.864768
140.889754	3.925911
140.969178	3.986186
141.047416	4.045733
141.124526	4.103975
141.200554	4.161160
141.275580	4.215205
141.349642	4.269280
141.422798	4.320478
141.495090	4.371824
141.566538	4.422660
141.637176	4.473037
141.707006	4.524835
141.776044	4.576646
141.844292	4.630066
141.911784	4.680840
141.978526	4.733738
142.044558	4.782598
142.109920	4.831584
142.174614	4.880220
142.238680	4.928452
142.302122	4.975598
142.364968	5.022691
142.427228	5.069538
142.488920	5.116100
142.550054	5.161999
142.610668	5.204932
142.670774	5.248935
142.730396	5.290123
142.789554	5.331601
142.848246	5.373551
142.906494	5.414299
142.964288	5.456996
143.021634	5.499602
143.078526	5.544444
143.134984	5.586047
143.190996	5.631104
143.246594	5.670950
143.301796	5.712194
143.356596	5.752990
143.411016	5.793731
143.465054	5.833320
143.518730	5.873234
143.572038	5.913252
143.624988	5.953369
143.677582	5.993347
143.729850	6.029465
143.781786	6.067896
143.833412	6.103498
143.884736	6.139281
143.935756	6.175485
143.986484	6.210891
144.036912	6.248941
144.087036	6.285700
144.136858	6.325694
144.186384	6.362333
144.235598	6.403572
144.284524	6.440065
144.333168	6.477244
144.381552	6.509993
144.429732	6.534910
144.477770	6.547167
144.525772	6.545803
144.573834	6.530835
144.622040	6.505410
144.670474	6.469774
144.719210	6.425050
144.768276	6.380164
144.817706	6.332069
144.867506	6.285448
144.917668	6.239509
144.968212	6.192771
145.019124	6.148171
145.070408	6.103498
145.122058	6.061340
145.174090	6.015611
145.226496	5.973518
145.279302	5.926192
145.332528	5.879609
145.386170	5.833320
145.440252	5.785622
145.494780	5.737440
145.549770	5.689024
145.605226	5.641215
145.661160	5.592809
145.717582	5.543857
145.774524	5.491911
145.832004	5.439611
145.890056	5.384603
145.948696	5.331058
146.007924	5.277504
146.067768	5.222583
146.128226	5.170325
146.189306	5.116767
146.251010	5.066104
146.313364	5.011953
146.376370	4.960671
146.440066	4.905060
146.504486	4.849334
146.569650	4.793251
146.635596	4.735879
146.702346	4.677634
146.769938	4.619038
146.838394	4.560170
146.907754	4.500075
146.978044	4.439661
147.049334	4.375599
147.121668	4.311821
147.195122	4.244134
147.269746	4.176761
147.345592	4.108591
147.422722	4.038971
147.501178	3.970568
147.581010	3.901049
147.662268	3.832706
147.745026	3.761485
147.829346	3.691475
147.915334	3.617679
148.003104	3.543256
148.092756	3.466853
148.184444	3.388623
148.278298	3.308193
148.374494	3.225984
148.473208	3.141907
148.574662	3.054598
148.679108	2.964550
148.786886	2.869506
148.898366	2.771293
149.014042	2.666072
149.134438	2.557884
149.260172	2.445619
149.391988	2.327968
149.530778	2.206795
149.677642	2.080139
149.834034	1.947936
150.001998	1.806260
150.184476	1.653888
150.386218	1.483829
150.615396	1.291391
150.888788	1.062505
151.262196	0.752312
152.165280	0.220205
153.073014	0.685946
153.482622	0.968241
153.782598	1.176900
154.034006	1.352933
154.255138	1.509655
154.454826	1.652218
154.638182	1.787210
154.808370	1.914905
154.967682	2.037904
155.117786	2.155674
155.259994	2.269707
155.395328	2.379201
155.524680	2.483904
155.648748	2.585630
155.768172	2.680540
155.883522	2.771048
155.995256	2.855838
156.103792	2.936562
156.209446	3.013171
156.312494	3.086893
156.413134	3.158078
156.511572	3.227177
156.607938	3.294455
156.702376	3.360495
156.794978	3.426469
156.885834	3.489805
156.975044	3.555044
157.062644	3.618513
157.148702	3.683511
157.233252	3.748559
157.316340	3.815020
157.397998	3.880330
157.478306	3.945039
157.557310	4.009588
157.635080	4.070792
157.711702	4.131283
157.787238	4.188120
157.861770	4.243217
157.935356	4.296371
158.008052	4.347864
158.079888	4.399004
158.150918	4.448336
158.221156	4.497241
158.290646	4.545523
158.359392	4.594987
158.427422	4.641010
158.494762	4.690484
158.561406	4.737879
158.627368	4.787554
158.692648	4.837238
158.757256	4.889030
158.821180	4.939922
158.884460	4.990299
158.947100	5.041390
159.009124	5.089248
159.070570	5.137687
159.131456	5.182436
159.191818	5.227276
159.251680	5.269891
159.311054	5.312488
159.369958	5.354683
159.428412	5.395330
159.486418	5.436410
159.543996	5.476402
159.601150	5.518343
159.657884	5.555621
159.714228	5.597193
159.770162	5.635750
159.825702	5.677303
159.880834	5.718641
159.935564	5.762698
159.989876	5.805508
160.043792	5.848741
160.097306	5.893064
160.150432	5.934476
160.203210	5.973064
160.255704	5.999528
160.308018	6.014229
160.360270	6.013999
160.412592	5.999069
160.465094	5.971020
160.517908	5.929547
160.571112	5.881150
160.624774	5.828990
160.678916	5.776686
160.733554	5.722391
160.788692	5.674022
160.844316	5.622235
160.900436	5.573362
160.957048	5.524942
161.014158	5.478121
161.071752	5.430959
161.129856	5.383680
161.188472	5.336492
161.247622	5.286029
161.307340	5.237210
161.367636	5.183975
161.428560	5.129968
161.490140	5.074451
161.552404	5.017717
161.615378	4.960201
161.679106	4.900928
161.743600	4.841263
161.808902	4.781578
161.875022	4.722495
161.941992	4.660010
162.009850	4.600505
162.078604	4.538824
162.148280	4.479159
162.218894	4.419425
162.290456	4.361385
162.362988	4.302019
162.436538	4.242185
162.511134	4.181988
162.586842	4.118393
162.663736	4.054819
162.741880	3.987096
162.821390	3.917393
162.902346	3.845561
162.984854	3.771873
163.069006	3.696252
163.154948	3.617513
163.242794	3.536794
163.332696	3.454653
163.424774	3.371821
163.519196	3.284810
163.616146	3.199048
163.715754	3.111227
163.818196	3.024368
163.923640	2.937056
164.032276	2.849724
164.144356	2.759608
164.260246	2.666434
164.380374	2.569095
164.505298	2.465851
164.635750	2.357456
164.772616	2.241049
164.917134	2.116292
165.070934	1.980828
165.236358	1.832666
165.416870	1.668061
165.618076	1.482485
165.849640	1.270850
166.133622	1.013940
166.574342	0.629472
167.277596	0.318098
167.982192	0.584265
168.457730	0.937638
168.764960	1.172367
169.016044	1.366932
169.234360	1.536396
169.430366	1.687105
169.609968	1.824916
169.776752	1.953168
169.933164	2.073193
170.080978	2.185395
170.221620	2.288956
170.356142	2.387156
170.485370	2.479630
170.609922	2.569095
170.730240	2.656199
170.846730	2.740781
170.959680	2.824868
171.069340	2.907267
171.175942	2.989374
171.279718	3.068201
171.380848	3.146942
171.479544	3.221750
171.575990	3.295216
171.670308	3.367917
171.762648	3.438847
171.853114	3.507964
171.941836	3.575680
172.028908	3.641920
172.114430	3.706632
172.198488	3.769610
172.281198	3.829063
172.362622	3.888302
172.442848	3.944940
172.521932	4.001213
172.599906	4.057228
172.676826	4.112355
172.752700	4.169223
172.827554	4.225183
172.901408	4.282900
172.974310	4.337419
173.046272	4.394328
173.117348	4.447076
173.187586	4.499689
173.256996	4.552373
173.325628	4.604146
173.393486	4.655177
173.460616	4.705519
173.527026	4.756098
173.592742	4.806010
173.657780	4.855180
173.722190	4.901234
173.785984	4.948169
173.849196	4.992519
173.911852	5.036541
173.973954	5.080852
174.035524	5.124446
174.096562	5.169644
174.157068	5.214781
174.217044	5.261770
174.276504	5.306207
174.335438	5.354683
174.393864	5.400338
174.451808	5.444890
174.509306	5.484241
174.566456	5.513888
174.623364	5.530194
174.680200	5.529221
174.737118	5.513501
174.794266	5.484433
174.851770	5.444513
174.909762	5.393107
174.968312	5.339213
175.027476	5.281585
175.087272	5.226406
175.147702	5.171516
175.208788	5.114934
175.270530	5.061860
175.332932	5.007320
175.396004	4.954881
175.459772	4.899858
175.524240	4.846641
175.589452	4.789597
175.655450	4.732027
175.722250	4.674293
175.789900	4.615103
175.858424	4.554617
175.927866	4.494410
175.998248	4.433896
176.069604	4.372432
176.141982	4.310046
176.215456	4.243790
176.290090	4.176095
176.365968	4.106120
176.443148	4.036377
176.521682	3.965356
176.601652	3.893217
176.683102	3.822168
176.766096	3.749812
176.850698	3.678249
176.937004	3.604232
177.025078	3.531228
177.115056	3.454198
177.207072	3.376532
177.301250	3.296945
177.397788	3.214958
177.496844	3.130448
177.598672	3.043294
177.703500	2.953846
177.811632	2.860779
177.923414	2.764318
178.039314	2.662276
178.159868	2.555553
178.285770	2.441551
178.417838	2.323526
178.557042	2.198578
178.704696	2.066620
178.862400	1.928872
179.032320	1.782545
179.217602	1.626167
179.423348	1.452504
179.658594	1.254730
179.942974	1.016631
180.354010	0.678952
181.168104	0.258080
181.985830	0.608947
182.443100	0.917913
182.757606	1.138151
183.016486	1.322520
183.241902	1.488399
183.443882	1.640073
183.628256	1.781756
183.798746	1.914975
183.957904	2.042515
184.107562	2.164228
184.249182	2.279986
184.383916	2.390571
184.512748	2.492338
